Board size [mm] 175x75

Stats side 1
  #Components with background 27
  #Components with points 99
  #Components nofly 2
  #Components notouch 5
  #Pins 13055
  #GNDs 498
  #VDDs 400
  #Clock 8
  #NoFly points 424
  #NoTouch points 816
  #Points [total] 15201

Stats side 2
  #Components with background 12
  #Components with points 80
  #Components nofly 2
  #Components notouch 0
  #Pins 18036
  #GNDs 658
  #VDDs 502
  #Clock 7
  #NoFly points 240
  #NoTouch points 0
  #Points [total] 19443

Stats board (side 1 + side 2)
  #Components with background 39
  #Components with points 179
  #Components nofly 4
  #Components notouch 5
  #Pins 31091
  #GNDs 1156
  #VDDs 902
  #Clock 15
  #NoFly points 664
  #NoTouch points 816
  #Points [total] 34644
  #Nets 1900
    Net Size: 1156 902 15 1 2 1 1 1 1 1 2 3 1 1 1 2 1 2 1 2 3 1 1 1 1 3 2 3 1 1 2 3 2 2 2 3 1 1 1 1 2 1 1 2 1 2 2 3 1 2 2 3 1 4 1 1 3 2 2 1 1 2 1 3 2 1 3 1 2 2 1 1 1 1 1 1 2 1 1 1 1 1 2 2 1 4 2 1 4 1 2 4 1 1 1 1 1 2 1 3 1 1 1 1 2 2 1 3 1 1 2 3 2 2 3 2 2 2 2 4 2 4 1 1 3 4 1 1 1 3 1 1 1 2 1 1 4 2 1 2 2 2 2 1 2 1 1 1 3 1 2 1 1 2 1 1 2 1 1 2 2 1 3 1 1 4 2 1 2 2 2 2 2 1 3 2 2 2 2 1 3 4 3 1 2 2 5 1 2 1 1 4 2 1 2 2 4 1 2 3 1 1 1 2 3 1 3 1 3 2 3 1 1 1 2 2 3 3 3 1 1 2 2 2 1 1 2 2 1 1 1 1 1 1 2 1 2 1 1 1 3 1 1 2 1 4 2 1 1 2 3 2 1 1 1 2 5 1 1 5 1 2 2 2 4 3 2 2 1 1 3 2 1 1 1 2 2 1 1 3 2 3 1 1 2 1 3 1 1 3 2 1 1 1 1 3 3 1 1 1 2 1 2 2 1 2 2 3 1 1 1 1 3 1 1 2 1 1 1 1 1 1 2 1 2 1 3 3 1 1 1 1 2 1 1 1 2 1 2 2 1 1 3 1 1 1 1 1 1 1 1 2 1 1 2 1 2 1 1 1 1 1 1 2 2 2 1 2 3 2 2 1 1 3 1 1 1 1 1 4 2 3 3 3 1 1 1 2 1 4 1 1 3 3 1 2 1 2 1 1 2 1 1 2 1 2 1 2 1 4 2 1 1 1 1 1 1 1 1 3 3 2 2 1 1 4 1 2 5 2 1 1 4 1 2 1 2 1 1 3 2 3 1 2 1 2 1 3 1 1 1 1 2 1 1 2 2 2 1 2 2 4 1 1 1 4 1 1 1 4 2 1 1 1 4 3 2 1 1 3 2 2 1 1 2 1 1 3 1 1 3 1 2 1 2 1 1 1 1 1 2 2 5 1 2 2 1 1 2 2 1 1 4 2 2 3 3 2 1 2 1 2 1 2 2 3 2 1 1 1 4 1 1 1 1 3 1 1 2 1 1 1 2 2 1 3 1 2 1 1 3 1 1 1 2 1 2 2 1 2 1 1 4 1 5 2 3 4 2 3 1 2 1 2 1 1 1 2 2 1 2 1 4 1 1 1 2 3 1 3 1 1 1 1 1 1 2 1 1 1 2 2 1 1 1 1 1 1 1 1 1 1 1 2 1 1 2 3 1 1 2 1 3 2 1 2 1 3 2 2 1 1 1 1 2 2 1 2 1 1 2 1 1 1 1 1 1 2 1 1 1 2 2 1 2 1 2 1 1 1 1 2 1 1 2 2 1 1 1 4 1 3 2 2 2 1 2 1 2 2 1 2 3 1 2 3 3 3 1 1 1 1 2 1 2 1 1 1 1 2 1 2 1 3 1 1 1 1 2 3 1 1 1 1 1 2 1 3 1 2 2 3 2 2 2 1 4 1 1 2 1 2 2 1 1 1 1 3 3 2 2 1 3 1 2 2 3 1 5 3 1 2 1 2 2 2 1 2 2 3 2 2 1 1 2 1 1 3 2 3 3 1 1 1 1 2 1 1 1 1 1 4 1 3 2 1 2 1 1 2 2 1 2 2 2 1 3 2 2 3 1 4 1 2 2 1 1 4 2 3 1 1 4 2 1 2 2 1 2 2 3 2 2 3 1 1 1 2 1 1 1 2 1 1 2 2 1 3 2 3 2 1 2 3 1 1 1 1 2 1 1 1 2 1 1 1 1 2 3 1 2 1 1 3 2 2 1 1 2 1 1 1 2 1 1 1 1 1 4 1 1 1 1 3 1 1 3 2 1 3 1 1 1 1 2 3 2 1 1 3 1 1 2 1 1 2 1 2 1 1 2 1 2 1 1 1 1 1 3 1 4 1 1 1 2 2 1 1 2 3 3 1 1 1 1 1 1 2 4 1 1 2 2 1 1 1 1 2 1 2 1 1 1 1 2 1 2 3 1 2 1 2 1 2 1 3 1 1 3 1 1 4 2 4 2 3 1 3 1 1 2 1 1 2 1 1 1 2 3 1 1 1 2 1 1 4 2 1 1 1 1 1 1 1 3 2 2 2 2 2 1 2 3 2 1 1 1 1 1 3 2 2 1 1 2 2 1 4 1 1 1 2 3 1 2 1 1 1 3 1 1 1 1 1 1 3 2 1 1 1 1 1 1 1 2 1 2 4 2 2 1 2 1 1 3 2 2 1 2 1 2 3 1 2 1 1 1 1 1 3 2 2 1 2 1 1 1 1 2 2 1 3 1 4 1 2 2 2 3 1 2 2 1 2 2 3 1 3 1 1 1 1 1 1 1 1 2 1 2 2 2 1 2 1 2 2 1 3 1 3 1 2 1 3 2 3 1 1 1 1 1 1 1 1 2 1 1 2 1 1 1 2 1 1 1 3 1 1 1 1 3 1 1 1 2 1 2 2 1 1 3 2 1 1 1 2 2 1 1 3 3 1 1 1 3 1 1 1 5 2 1 1 1 3 2 1 4 2 3 1 2 1 1 2 1 2 1 1 1 1 1 1 2 1 1 2 1 1 1 1 3 1 2 1 2 2 1 1 1 3 1 1 1 2 1 1 2 2 1 2 2 1 1 1 1 2 2 2 1 3 1 1 1 3 3 2 3 1 1 1 1 3 2 1 1 3 1 1 1 1 1 1 1 1 1 2 1 1 3 2 2 1 1 1 1 1 1 1 2 2 1 2 1 3 3 2 2 1 2 1 1 2 1 2 1 3 2 1 1 1 4 1 2 1 3 1 1 1 1 1 2 2 1 1 2 1 2 2 2 1 2 2 3 5 1 1 1 1 1 2 2 1 1 1 1 1 2 3 2 2 3 1 2 2 1 2 2 1 3 4 1 2 1 2 2 1 1 1 1 1 1 1 1 2 2 2 1 1 3 3 3 2 2 1 2 1 1 2 3 4 1 1 1 3 1 1 1 2 1 1 1 1 1 1 1 2 1 1 3 2 2 3 2 1 2 1 4 1 2 1 2 1 1 1 1 1 1 1 2 2 3 2 3 2 3 2 1 1 1 4 1 1 2 3 3 1 2 3 3 1 3 2 2 1 2 1 1 2 3 1 2 2 2 2 1 1 1 3 3 1 2 3 1 1 1 2 1 2 3 3 2 2 3 2 1 1 1 1 1 3 1 1 2 2 4 3 1 1 1 4 1 3 3 1 2 3 1 1 2 2 1 2 2 1 3 3 2 1 2 1 2 1 1 1 3 1 1 1 3 1 2 3 1 2 1 1 2 2 1 2 2 2 2 1 1 1 1 1 2 2 1 2 1 1 3 2 3 2 2 2 2 1 1 1 2 3 1 4 1 1 3 2 2 3 2 1 3 2 1 4 2 2 1 1 1 3 1 2 1 1 1 3 1 1 1 1 3 2 1 1 1 1 1 1 1 1 4 2 1 2 1 2 1 1 1 3 1 2 1 1 2 1 1 1 1 2 2 1 1 1 2 1 1 2 1 3 2 1 1 1 1 2 1 2 1 2 1 2 3 1 1 3 2 1 1 2 3 2 3 4 2 1 1 2 2 2 1 1 2 1 3 3 2 1 2 1 2 3 3 2 4 1 1 2 1 1 3 1 1 1 3 2 1 2 1 1 1 3 1 1 1 2 1 2 2 1 3 2 1 2 1 2 1 1 1 1 1 2 2 1 1 1 2 1 1 1 1 1 1 1 1 1 3 2 1 2 3 1 1 3 2 2 1 1 3 2 2 1 2 3 1 2 3 1 1 1 2 2 2 3 3 2 2 1 2 1 1 2 1 2 2 1 2 2 1 1 1 1 2 3 1 1 1 2 2 1 2 3 2 1 1 1 1 3 1 1 2 3 2 1 3 1 2 1 3 1 2 1 2 2 1 1 1 2 4 1 2 2 3 1 1 1 1 1 6 1 2 1 1 2 2 1 1 1 1 2 1 1 1 1 1 2 1 1 1 2 1 2 1 3 1 1 1 3 1 2 1 1 1 4 1 3 1 3 3 2 2 1 2 1 1 1 2 2 3 2 2 1 2 2 1 1 1 1 2 3 2 4 1 2 1 2 3 1 1 1 1 1 2 2 
  #Test Small 2913
  #Test Medium 4717
  #Test Large 8451
