Board size [mm] 150x300

Stats side 1
  #Components with background 33
  #Components with points 238
  #Components nofly 6
  #Components notouch 6
  #Pins 55073
  #GNDs 1505
  #VDDs 1141
  #Clock 33
  #NoFly points 940
  #NoTouch points 1048
  #Points [total] 59740

Stats side 2
  #Components with background 37
  #Components with points 202
  #Components nofly 0
  #Components notouch 0
  #Pins 47737
  #GNDs 1135
  #VDDs 937
  #Clock 10
  #NoFly points 0
  #NoTouch points 0
  #Points [total] 49819

Stats board (side 1 + side 2)
  #Components with background 70
  #Components with points 440
  #Components nofly 6
  #Components notouch 6
  #Pins 102810
  #GNDs 2640
  #VDDs 2078
  #Clock 43
  #NoFly points 940
  #NoTouch points 1048
  #Points [total] 109559
  #Nets 100722
    Net Size: 2640 2078 43 1 2 2 2 1 3 2 1 1 1 2 2 1 1 2 3 1 1 2 2 3 1 2 3 1 1 1 1 1 1 2 3 2 2 4 2 1 1 2 1 1 3 1 1 2 1 1 3 1 1 1 1 1 1 2 1 2 3 1 1 1 2 2 1 1 1 1 1 1 4 2 1 1 1 2 3 2 2 3 1 1 1 3 1 1 1 2 1 1 1 2 2 1 1 3 1 1 2 1 1 2 5 1 1 2 2 3 2 1 3 4 1 2 1 3 2 5 2 2 2 3 1 1 1 1 1 2 2 2 1 2 1 1 2 1 1 3 2 2 2 2 1 1 2 1 3 1 1 1 1 2 3 1 1 1 1 1 1 1 1 1 2 1 2 1 1 2 2 2 2 1 1 2 2 1 1 2 3 1 2 1 2 2 1 1 1 2 1 1 2 2 1 1 1 1 1 2 3 3 3 1 1 1 1 2 4 1 2 1 3 1 2 1 1 4 2 1 2 1 2 2 2 3 1 1 2 1 1 2 3 2 1 1 3 1 2 1 1 1 1 1 2 1 1 1 1 1 2 1 2 2 2 1 1 2 2 1 1 2 1 1 2 1 1 1 1 2 2 2 1 3 1 3 2 1 1 1 3 1 2 1 2 1 2 1 1 1 2 2 1 2 1 4 1 1 1 3 1 1 1 1 1 1 1 1 2 3 1 1 3 2 1 2 1 2 2 1 1 1 2 1 1 1 2 1 1 3 3 3 1 1 1 1 1 1 4 1 1 1 1 1 1 2 1 2 3 1 1 2 2 1 2 3 3 1 4 2 1 1 2 3 2 3 1 5 1 2 1 1 1 1 1 1 1 2 1 1 1 1 1 2 1 1 2 1 1 4 1 1 3 1 2 1 1 1 2 2 2 3 2 1 2 2 2 2 2 2 1 1 2 2 1 1 2 2 2 3 2 2 1 2 1 2 1 1 3 1 1 1 2 1 2 2 3 1 1 1 2 1 1 2 2 2 2 2 1 1 1 2 3 3 2 2 1 1 3 1 1 1 2 2 1 2 2 1 2 3 2 1 2 1 2 2 1 1 2 1 2 2 2 1 1 2 1 1 2 2 2 3 2 1 3 3 2 1 2 3 3 1 2 1 1 1 1 2 1 2 5 1 3 1 2 1 2 1 2 3 2 1 2 1 1 1 3 1 1 1 1 2 1 2 2 1 1 1 1 2 1 1 1 1 1 3 2 1 1 1 1 2 3 1 3 2 2 1 1 6 3 1 2 2 1 2 2 4 2 1 3 1 1 1 1 1 2 1 1 1 2 1 1 2 1 1 2 2 2 2 2 3 2 2 2 2 1 3 1 2 3 2 1 1 1 1 1 3 2 2 2 1 1 2 3 2 2 2 2 3 2 3 3 1 2 2 2 2 1 3 3 2 1 1 1 1 1 2 3 1 2 2 2 1 4 2 2 1 2 1 2 2 2 1 1 1 1 2 2 2 2 1 1 3 2 3 2 1 1 2 2 2 1 6 1 1 2 1 3 2 1 1 1 3 3 1 1 2 1 1 2 1 2 1 1 3 1 1 1 2 1 4 1 1 1 1 1 2 1 3 3 3 4 1 2 1 1 1 3 3 1 1 3 1 2 3 2 2 1 1 2 1 4 3 1 1 2 3 1 1 3 1 1 4 2 2 1 1 1 1 2 2 1 1 2 3 1 1 1 2 3 1 2 2 4 2 1 1 1 2 1 1 2 2 1 1 1 2 1 1 2 2 1 2 2 4 3 2 2 1 2 4 1 1 1 3 2 1 3 3 1 1 1 2 1 2 4 1 3 1 2 3 1 1 1 1 1 1 3 4 2 3 2 1 2 1 1 2 2 1 1 1 4 1 1 2 1 1 2 4 2 3 2 1 1 3 2 2 1 2 1 3 1 1 1 1 3 3 1 1 1 2 2 3 2 1 1 5 5 1 2 1 3 1 1 1 1 1 1 1 2 3 1 2 1 1 2 1 1 1 1 5 2 2 1 1 2 1 5 2 4 1 2 1 1 1 2 1 2 1 1 3 1 1 1 2 2 1 2 1 4 4 1 1 1 1 2 1 2 2 2 2 1 2 2 1 2 2 2 2 2 1 1 1 2 1 2 1 2 1 1 2 1 3 1 3 2 1 1 1 1 1 1 1 2 1 2 2 2 2 1 2 3 2 2 2 1 2 1 1 1 2 1 2 1 1 3 1 2 3 2 1 1 1 2 1 2 1 1 2 1 2 2 2 1 2 2 1 1 4 1 1 3 1 1 1 1 1 3 2 1 2 3 2 1 3 3 3 2 3 3 1 2 2 3 1 2 1 1 1 2 1 2 1 1 1 1 3 3 2 3 2 1 3 1 1 1 1 1 1 2 1 3 2 3 1 1 1 1 1 2 2 2 1 2 1 1 2 1 3 1 3 1 1 1 2 1 2 1 1 1 3 3 1 1 1 3 1 1 1 1 2 1 1 1 1 1 2 3 1 3 1 3 7 1 3 2 1 1 3 1 1 4 1 2 2 1 2 1 1 2 1 4 1 1 1 1 2 3 1 1 1 1 1 1 4 1 1 1 1 1 1 1 3 1 2 1 2 1 1 1 2 1 1 2 1 1 2 2 2 1 1 1 2 1 1 1 2 2 1 2 1 1 2 3 1 2 2 1 2 1 2 1 1 1 1 3 1 2 1 3 2 1 1 1 2 1 2 1 1 1 1 1 2 1 3 2 2 2 1 1 1 2 3 2 1 1 3 1 3 3 1 1 1 1 1 1 1 3 1 1 1 1 3 1 3 2 1 2 2 1 2 1 1 2 2 2 1 2 1 1 2 2 1 1 2 1 1 3 1 2 1 1 1 5 1 2 2 2 1 1 1 1 1 2 1 1 1 2 3 2 1 1 2 3 1 1 1 1 1 4 2 2 1 2 2 1 1 1 1 2 1 2 1 4 2 1 1 1 1 1 1 2 1 2 2 1 1 2 1 1 2 2 1 2 1 1 1 2 1 4 1 1 1 2 1 3 1 2 2 1 1 2 1 2 1 1 2 1 1 1 1 1 1 2 1 4 1 1 4 1 4 1 2 2 1 1 2 3 1 1 1 1 3 1 1 2 2 1 1 1 1 2 2 1 2 1 2 1 3 1 1 1 1 1 2 2 3 3 2 1 2 1 2 1 1 3 2 1 2 2 2 1 1 3 1 1 3 2 1 2 1 1 1 3 1 1 2 2 1 1 3 2 3 2 1 3 1 2 1 1 1 1 1 2 4 2 1 2 1 1 2 1 2 1 2 1 1 1 1 3 2 2 3 3 1 2 2 1 2 1 2 4 1 1 1 1 1 1 2 4 3 4 1 1 1 1 1 3 1 2 2 2 1 2 2 1 3 1 2 2 2 1 2 1 4 2 1 2 1 1 1 1 1 2 1 1 4 1 2 1 2 1 3 1 1 2 2 1 1 1 1 1 3 1 1 3 2 1 1 1 1 1 2 1 3 1 2 2 1 2 1 1 1 1 2 3 1 1 2 4 1 4 1 1 1 1 1 1 3 2 1 2 1 2 2 2 2 1 3 2 1 3 4 1 1 1 1 1 2 1 2 1 5 1 3 2 1 1 1 1 2 1 2 4 2 2 1 1 1 1 2 3 2 1 3 1 1 4 1 2 1 1 1 1 1 1 1 1 1 1 3 2 1 1 1 2 2 1 1 2 2 1 4 2 2 2 3 1 1 2 1 1 3 1 1 2 1 2 2 1 2 1 1 2 1 2 1 3 2 4 5 1 2 2 2 1 2 2 2 1 1 1 1 1 2 1 1 1 1 1 1 2 2 1 3 2 1 2 1 1 1 1 1 3 2 1 1 1 3 3 4 2 3 2 1 1 1 1 1 2 1 1 2 1 4 1 1 2 1 1 2 1 1 1 2 1 3 1 2 1 1 1 1 1 1 2 2 1 1 1 3 2 2 1 1 2 2 1 1 1 1 2 1 2 1 1 1 2 1 1 1 2 1 6 1 3 2 1 1 2 1 2 1 1 2 2 1 3 1 1 1 2 2 1 1 1 2 3 1 1 2 1 2 3 1 1 2 1 2 1 1 2 1 1 2 1 1 2 2 1 2 1 1 1 3 2 1 1 2 1 2 2 3 4 1 1 1 1 2 1 2 2 1 1 3 2 1 1 2 2 1 2 1 3 2 1 3 1 1 2 1 3 1 1 3 2 1 2 2 2 2 1 1 3 2 1 1 2 2 1 1 1 1 1 1 1 3 3 1 2 3 4 2 2 4 1 1 3 3 2 1 2 1 1 3 1 2 2 1 2 1 1 2 2 2 1 1 2 4 3 3 4 2 1 1 1 1 2 1 2 1 2 2 2 3 2 1 2 1 1 2 2 1 1 1 1 4 2 1 1 1 2 1 2 2 2 1 3 2 3 1 1 1 1 1 1 1 1 3 2 1 1 1 1 1 2 3 1 1 2 1 3 3 2 4 1 1 1 1 1 2 1 3 1 2 1 1 1 2 1 1 4 1 1 2 1 1 1 1 1 2 1 1 1 2 3 1 1 1 1 2 1 2 1 2 3 3 1 1 2 2 1 2 1 1 2 2 2 2 1 1 1 1 3 3 2 1 2 2 2 1 1 2 1 2 1 1 2 2 1 2 2 3 1 1 1 3 2 1 1 2 1 3 2 1 1 3 2 2 1 1 2 1 1 3 2 1 2 2 1 2 1 1 1 1 3 1 2 1 1 1 1 1 1 2 2 2 1 2 1 1 4 2 1 1 2 2 1 1 1 2 1 1 1 1 1 2 2 1 1 2 3 1 2 1 1 2 1 1 1 2 1 3 2 2 1 4 2 2 2 1 2 4 1 2 2 2 1 1 2 1 1 1 3 2 1 1 2 1 2 2 1 2 2 3 1 1 2 2 1 2 2 2 2 1 3 1 3 1 1 1 2 1 1 2 3 1 2 4 1 1 2 4 2 2 2 2 1 1 1 4 1 2 2 1 1 1 1 1 2 1 3 3 2 2 3 1 2 2 1 5 1 2 1 2 1 1 3 1 2 1 3 1 1 1 2 1 2 1 1 2 1 1 1 1 2 2 1 3 1 1 1 1 3 2 2 1 5 2 1 3 4 2 3 1 1 1 3 2 1 1 1 1 1 1 4 1 1 2 1 2 1 1 1 1 1 2 1 1 1 1 1 3 3 1 2 2 2 1 1 2 1 2 1 2 3 1 1 3 1 1 2 4 1 3 3 1 2 2 1 3 2 1 2 1 1 1 1 1 1 2 2 2 2 3 2 1 2 1 2 2 1 1 1 3 3 1 1 1 1 3 2 2 1 1 2 2 1 1 2 2 1 1 2 2 1 1 1 1 2 2 1 1 2 2 3 2 2 2 1 1 1 1 1 1 1 1 1 1 1 1 1 1 2 1 1 1 1 3 2 1 1 2 1 2 2 4 3 4 2 2 2 2 3 1 2 1 3 2 1 1 3 1 1 1 2 3 2 2 2 1 2 3 4 2 1 2 1 1 1 2 1 2 2 1 2 2 1 2 1 3 1 2 1 1 2 1 1 1 3 1 1 3 2 1 1 3 1 1 2 3 1 2 1 2 2 1 1 4 1 3 1 1 1 1 3 3 3 2 3 2 1 2 1 4 1 3 2 1 2 1 3 1 3 2 1 2 3 1 1 2 3 3 2 1 1 1 2 2 3 1 1 2 2 2 3 1 1 1 1 1 1 1 2 1 1 1 1 3 1 3 3 1 4 1 4 1 2 2 1 3 3 1 2 2 2 2 1 2 3 2 1 2 3 1 1 3 1 2 2 3 2 1 2 3 3 1 1 1 1 2 2 1 3 1 2 1 1 1 1 1 1 1 1 1 1 1 1 1 1 2 1 1 2 3 1 1 1 1 3 1 1 3 1 1 2 1 2 1 1 2 1 3 1 1 1 1 2 4 1 3 2 2 1 5 4 1 1 1 2 2 2 2 2 2 1 1 2 1 2 1 2 1 1 1 2 1 1 1 3 2 2 3 1 1 1 1 1 1 2 1 1 3 3 1 1 1 2 2 1 2 1 1 1 1 3 2 2 2 2 3 1 1 1 2 1 1 3 2 2 1 4 1 2 3 1 1 1 1 2 2 1 3 5 1 1 2 2 1 1 2 3 2 2 2 2 1 2 1 2 1 1 1 1 1 1 1 2 1 1 1 2 3 1 2 4 1 1 1 2 1 1 1 1 2 3 1 2 1 2 2 1 1 2 4 1 2 2 2 2 2 1 1 2 2 2 4 2 2 2 1 1 1 3 2 1 3 1 1 1 1 1 1 1 2 2 1 4 2 3 1 1 2 1 1 2 4 1 1 1 2 1 2 1 2 1 1 1 3 1 1 2 1 2 1 2 2 1 1 1 2 2 2 2 1 2 1 1 2 5 1 1 2 1 3 1 2 3 1 1 2 1 2 1 1 1 1 1 1 2 1 1 1 2 1 2 1 1 2 2 1 3 3 3 1 1 1 1 1 1 1 1 1 1 1 1 2 2 2 1 1 1 3 1 1 1 2 1 2 1 1 2 1 1 1 3 2 1 1 1 3 3 2 2 1 2 1 1 2 1 2 3 1 2 1 1 1 1 2 4 2 1 2 1 3 4 3 1 1 1 1 1 2 1 1 1 3 1 1 3 1 2 2 2 2 2 1 1 2 1 1 1 1 2 2 4 1 2 2 1 1 1 3 3 1 2 2 2 1 1 1 3 2 2 1 3 2 1 1 2 1 1 3 1 2 1 1 2 1 2 1 1 1 2 2 2 2 1 2 2 1 1 1 2 1 1 2 4 2 2 1 3 2 1 2 1 1 1 2 1 2 1 2 1 1 1 1 2 4 2 1 1 2 2 2 1 4 2 1 1 1 1 1 1 1 2 1 1 1 1 1 2 1 4 1 2 1 1 3 1 3 1 3 2 2 2 1 2 1 2 4 3 4 1 1 1 1 1 4 2 1 2 2 1 1 2 1 1 2 2 1 1 1 1 1 2 3 2 1 1 3 3 1 4 1 2 4 2 1 3 1 1 2 1 1 2 2 4 1 2 3 3 1 2 2 1 1 1 2 1 2 1 1 1 3 3 1 2 1 1 1 1 1 1 3 1 2 1 1 1 1 2 1 1 2 1 2 2 2 1 2 3 1 1 1 1 3 1 1 2 1 1 1 2 1 2 2 3 1 1 1 1 3 2 1 1 1 1 2 1 1 1 1 1 1 1 2 2 1 3 2 2 1 2 1 3 1 1 4 2 2 2 2 1 1 1 1 1 2 1 1 1 1 1 1 2 2 2 1 2 2 1 3 2 1 1 1 3 3 1 1 2 1 2 3 1 2 1 1 1 4 1 3 1 2 1 1 1 1 2 2 1 1 3 2 1 1 1 2 1 1 1 2 1 1 2 1 1 2 1 1 2 2 1 3 2 1 1 1 2 1 1 2 2 1 2 3 3 2 2 1 1 3 2 2 1 1 1 1 1 2 2 1 1 2 1 1 4 2 1 2 2 1 3 3 1 1 1 3 3 1 1 1 1 1 3 1 1 1 3 2 1 1 1 2 1 2 3 3 3 5 2 1 1 2 2 1 1 3 1 1 1 1 2 1 3 1 2 1 1 1 2 4 1 3 1 2 2 3 2 1 2 1 3 3 3 2 3 2 1 1 3 3 2 1 2 2 1 1 1 1 1 1 1 2 2 2 4 1 2 1 2 1 1 1 1 1 1 2 1 2 2 2 1 1 2 2 2 2 1 2 2 1 1 2 1 2 2 4 1 1 2 2 2 3 3 2 1 2 1 2 1 1 3 1 1 1 2 1 4 1 1 1 1 1 3 2 1 2 1 1 2 5 2 2 2 1 3 2 2 1 1 2 2 1 2 1 2 3 1 1 1 1 3 2 2 1 2 1 1 2 1 2 1 2 2 1 2 2 1 2 2 2 2 2 3 2 1 1 1 2 2 1 1 1 2 1 2 1 1 1 2 1 2 1 3 1 2 1 1 1 1 1 1 1 2 1 1 2 2 1 1 1 2 1 2 1 2 2 1 1 2 2 2 1 2 2 4 1 2 2 1 3 1 1 1 2 1 2 2 2 2 2 3 1 1 2 3 2 2 1 1 4 1 4 1 1 1 2 3 1 1 3 1 2 1 5 2 1 2 3 1 1 1 4 1 1 1 1 1 3 1 2 1 1 2 2 2 1 3 1 1 1 3 1 3 1 1 1 1 2 2 1 1 1 1 1 3 1 1 1 2 1 1 1 1 1 1 1 3 3 2 2 1 2 1 2 1 1 1 3 2 1 3 1 2 1 1 3 1 5 1 2 1 3 2 1 3 1 1 2 1 1 2 1 2 2 6 3 1 1 2 2 2 3 1 2 1 1 1 2 1 1 1 1 1 2 2 1 2 1 4 1 1 1 1 1 1 2 2 1 1 1 1 1 1 1 3 1 1 1 1 3 2 1 1 2 1 1 1 1 3 2 1 3 2 1 1 4 2 2 2 1 2 1 1 1 1 1 3 5 1 3 2 1 1 2 1 1 2 1 1 1 1 2 2 1 1 1 2 1 3 2 2 1 3 1 1 1 1 1 2 1 2 1 1 1 1 1 1 1 2 2 2 2 1 1 4 1 1 3 1 3 2 1 1 2 2 2 1 1 2 1 1 2 1 1 1 2 2 1 1 1 1 3 1 2 3 1 1 2 2 2 1 3 2 2 1 1 1 1 1 1 1 2 2 1 1 3 2 1 2 3 1 1 2 1 2 2 2 2 2 3 2 1 1 1 1 1 2 2 2 2 3 1 1 1 1 1 1 2 5 1 1 2 1 2 2 1 1 1 3 2 2 1 1 1 4 2 3 1 4 1 2 2 1 2 1 3 1 2 1 1 3 2 1 2 1 1 2 1 1 2 1 3 2 2 3 3 1 2 1 2 3 1 1 1 2 3 3 1 2 2 1 1 2 3 3 1 1 2 1 1 1 1 2 1 2 1 1 2 2 2 3 4 2 1 2 2 1 2 1 2 2 2 4 1 1 2 2 3 1 1 3 3 2 3 1 2 2 3 1 2 2 1 2 3 1 3 5 2 1 1 1 1 1 1 2 1 1 3 2 3 2 2 3 1 1 3 1 1 2 1 1 1 1 2 1 1 3 1 1 1 3 2 2 1 1 1 2 1 1 1 1 1 1 1 1 2 1 1 1 3 1 3 1 1 3 2 1 3 1 1 2 1 3 2 1 4 2 1 1 1 2 2 1 2 1 1 2 1 1 1 2 1 3 2 1 2 5 1 2 1 2 2 2 1 3 1 3 2 3 1 2 1 2 2 3 3 1 1 3 1 1 2 2 1 1 1 2 1 4 3 2 1 3 1 2 1 1 1 2 1 1 1 1 1 1 1 1 2 1 1 1 1 2 1 2 3 2 1 1 1 4 2 2 3 1 2 1 2 3 1 1 2 1 3 2 2 1 2 3 1 1 1 2 3 1 2 2 5 1 2 1 1 1 2 1 1 2 2 1 1 2 1 3 1 1 2 2 1 1 1 1 1 1 1 1 1 1 2 2 2 1 2 1 1 2 2 2 1 2 2 1 4 1 2 1 1 1 1 2 1 1 2 1 2 1 1 1 2 2 2 1 1 1 2 1 2 1 1 3 4 1 1 2 2 1 2 1 3 1 1 1 2 1 1 1 1 1 3 2 1 1 3 2 1 2 2 1 1 3 1 1 3 2 1 1 1 2 3 3 1 2 1 1 1 2 1 4 2 2 1 3 1 1 2 3 2 2 1 1 1 2 3 1 1 1 1 2 2 4 1 2 1 3 2 1 1 2 1 4 1 1 2 1 3 1 1 2 2 1 2 1 3 1 1 1 2 2 1 1 1 1 1 1 1 2 4 1 1 2 1 5 2 1 3 3 1 1 1 1 1 1 2 2 3 1 5 1 3 1 2 1 1 1 1 1 4 1 1 3 3 2 4 1 2 2 1 1 1 1 1 1 2 2 1 1 2 4 1 1 2 1 2 1 1 2 2 1 2 1 2 2 2 1 1 2 3 1 2 2 3 1 2 1 2 5 2 3 1 2 1 1 1 1 3 2 1 1 2 1 2 1 1 1 1 1 1 2 1 1 1 1 1 1 1 1 3 3 1 1 2 1 2 1 2 2 1 1 5 2 1 1 2 1 1 5 1 1 2 2 2 1 4 1 4 1 1 1 4 3 2 1 1 1 1 1 3 1 1 1 2 1 1 1 2 1 1 2 2 2 1 1 2 3 3 1 1 1 1 1 2 1 2 1 2 1 1 1 3 1 2 2 2 1 2 1 2 2 3 2 2 1 2 1 1 2 2 2 2 2 2 1 3 1 1 3 1 1 2 1 1 1 1 1 1 1 1 2 3 3 2 1 3 1 1 2 2 1 1 1 3 1 1 1 1 3 3 1 3 1 1 1 2 2 1 3 3 2 2 1 1 1 1 1 1 1 2 3 1 1 3 1 3 3 1 3 4 1 2 1 2 2 2 1 1 1 3 1 1 1 2 2 1 1 1 1 3 2 4 2 2 1 1 2 1 4 2 2 3 1 1 1 2 2 2 2 1 1 2 1 1 3 2 2 1 2 1 1 1 3 3 1 1 1 1 2 1 1 2 1 1 3 2 3 2 1 2 1 2 2 3 1 1 2 2 2 2 5 1 4 1 2 2 2 1 2 2 1 1 2 1 1 1 1 1 2 2 1 2 3 1 1 2 1 1 1 1 1 3 1 2 2 1 1 2 2 1 1 1 2 1 1 1 2 2 1 2 1 1 3 1 1 4 2 2 2 1 1 1 1 1 2 3 1 2 2 1 1 1 2 1 2 2 1 2 1 1 1 1 4 1 2 2 4 1 2 2 2 3 2 1 2 1 2 1 1 1 4 1 1 1 1 2 1 2 5 1 2 1 2 2 2 1 2 2 1 2 1 2 2 2 3 1 2 1 1 2 2 1 2 1 2 1 1 2 1 1 1 1 1 4 2 1 2 2 1 3 2 1 2 1 2 1 2 1 4 2 2 1 1 2 3 1 3 3 2 4 3 2 2 1 2 1 2 4 2 1 1 1 1 1 1 2 1 1 1 2 1 2 2 1 1 1 1 1 3 3 1 1 1 1 2 2 2 1 1 1 3 1 1 2 2 2 2 2 3 2 1 1 1 1 1 2 3 2 2 1 1 1 1 2 1 1 1 1 1 1 2 2 1 1 1 2 1 1 2 1 3 1 1 2 1 1 1 1 1 2 1 1 2 1 1 1 1 1 1 1 1 2 3 2 2 2 1 3 1 3 1 1 1 2 1 2 1 1 2 2 1 1 1 2 1 2 1 1 2 2 2 2 2 1 1 1 1 2 5 1 1 2 2 5 1 3 2 1 2 2 1 1 2 2 2 2 1 2 2 2 2 2 1 1 1 1 2 4 4 1 2 1 1 2 1 3 4 1 4 3 3 1 1 1 1 1 1 1 2 3 1 2 2 1 2 1 2 4 1 1 3 2 1 2 1 5 1 2 2 1 3 2 1 2 1 2 2 1 1 4 1 1 3 1 1 1 2 2 1 1 2 1 3 3 1 1 2 2 2 2 2 1 1 1 3 1 4 2 1 1 2 2 2 1 1 2 1 3 1 3 3 1 2 2 3 1 1 2 2 1 2 4 1 2 1 2 1 1 2 2 1 2 3 3 1 1 2 1 1 1 1 2 1 1 1 1 2 3 2 1 1 1 2 2 1 2 2 2 1 1 1 1 1 1 1 2 2 2 1 2 5 1 1 2 1 3 1 2 2 2 1 2 2 2 1 3 1 2 1 1 1 1 2 3 3 1 1 2 1 2 5 1 2 1 1 1 3 1 1 3 1 3 2 2 4 1 1 1 1 1 4 1 1 1 2 2 1 1 1 1 1 2 3 2 1 1 1 1 1 1 1 1 1 5 1 1 1 1 2 2 3 1 3 4 2 1 2 1 1 2 1 1 2 1 3 2 3 3 2 1 2 1 1 2 5 1 1 5 2 1 2 1 1 1 1 1 2 2 1 2 1 1 1 1 3 2 1 1 1 1 3 1 1 1 1 2 1 1 2 1 1 3 1 2 1 1 2 1 1 1 1 1 2 1 1 3 1 2 2 1 1 2 1 2 3 1 1 1 1 1 1 1 1 1 2 4 2 2 1 1 2 3 2 1 1 3 2 2 1 2 1 1 1 1 1 1 2 1 1 1 2 1 2 3 3 2 2 1 2 1 1 1 2 1 4 1 3 2 1 1 1 2 1 1 2 3 1 1 2 2 2 1 1 3 1 1 3 1 1 2 3 2 2 1 1 1 1 2 2 1 3 2 1 2 1 1 3 3 1 1 2 3 2 1 2 1 1 2 1 1 1 1 1 2 2 1 3 1 1 1 1 1 1 3 2 1 2 1 3 1 1 2 3 1 5 1 1 1 3 3 1 2 1 3 1 1 2 1 2 1 1 2 1 2 2 1 1 1 1 3 4 1 1 2 4 1 1 1 1 3 3 3 1 1 1 2 2 4 2 2 2 3 2 1 2 1 1 1 2 1 2 2 2 1 1 2 1 2 2 3 1 1 1 4 2 2 1 1 2 2 1 1 1 1 1 1 1 1 1 1 1 1 2 1 1 1 3 4 2 1 1 2 1 4 3 2 1 3 2 1 2 1 3 1 2 2 2 3 2 1 4 3 1 1 1 2 1 2 2 3 3 1 1 3 1 2 1 1 2 1 3 3 1 2 1 4 2 1 1 1 2 1 2 3 3 1 1 1 2 1 1 2 2 2 2 1 1 3 3 2 2 3 1 1 2 1 1 1 1 1 1 2 1 2 1 1 1 1 1 2 1 2 1 3 1 1 1 2 3 3 1 1 2 2 2 2 5 3 1 1 1 1 4 1 1 1 2 1 1 1 2 2 1 2 1 1 2 1 1 1 2 1 1 2 1 2 2 1 2 1 1 1 2 1 4 2 1 1 3 1 1 5 4 1 3 1 1 1 2 2 1 1 1 3 1 1 1 1 3 1 1 1 1 2 1 2 2 2 1 1 2 1 4 2 2 2 4 2 1 1 1 2 1 1 2 4 1 2 2 2 1 2 1 1 1 3 1 2 1 2 1 4 3 1 1 1 1 2 1 3 2 2 1 1 1 2 1 2 2 2 2 2 1 1 2 2 2 2 2 3 1 1 1 1 1 2 5 1 3 3 1 1 2 2 2 1 2 1 1 1 1 3 1 1 3 2 1 1 2 1 3 1 1 4 3 2 2 1 1 1 1 1 2 2 1 1 1 1 1 1 1 2 1 1 1 1 1 2 1 1 2 2 2 2 1 1 1 3 1 2 3 1 3 1 1 1 2 3 1 1 1 2 4 2 1 2 2 1 1 2 2 2 1 2 1 2 1 2 1 2 2 2 1 2 1 1 2 1 2 1 1 1 1 1 1 2 3 2 2 1 3 2 3 1 5 1 1 3 1 1 2 1 4 1 1 2 1 3 1 1 1 1 1 1 1 3 2 2 1 1 2 1 1 2 2 1 1 1 4 2 3 1 1 1 1 2 2 1 2 1 1 1 3 1 1 1 1 1 1 2 1 1 6 3 1 3 1 1 1 2 1 2 1 1 3 1 2 3 4 3 3 1 2 1 1 3 1 1 3 1 2 1 1 2 1 2 1 1 2 1 1 1 3 2 3 2 1 1 1 3 2 1 1 2 1 1 1 1 2 2 1 1 1 1 1 2 2 1 2 1 4 2 1 2 1 2 1 1 3 1 2 2 2 2 2 3 1 1 1 1 2 4 1 3 1 2 3 1 1 1 3 1 2 1 1 3 1 2 3 4 2 1 1 1 1 1 1 1 1 1 1 4 1 1 2 1 1 2 1 2 3 1 1 2 1 1 3 1 1 1 1 1 1 1 1 1 1 1 2 1 2 2 3 2 2 2 4 3 1 2 
  #Test Small 9004
  #Test Medium 17175
  #Test Large 24677
