Board size [mm] 175x125

Stats side 1
  #Components with background 30
  #Components with points 155
  #Components nofly 3
  #Components notouch 6
  #Pins 24059
  #GNDs 819
  #VDDs 683
  #Clock 10
  #NoFly points 562
  #NoTouch points 1048
  #Points [total] 27181

Stats side 2
  #Components with background 34
  #Components with points 126
  #Components nofly 2
  #Components notouch 0
  #Pins 26961
  #GNDs 1728
  #VDDs 1298
  #Clock 20
  #NoFly points 258
  #NoTouch points 0
  #Points [total] 30265

Stats board (side 1 + side 2)
  #Components with background 64
  #Components with points 281
  #Components nofly 5
  #Components notouch 6
  #Pins 51020
  #GNDs 2547
  #VDDs 1981
  #Clock 30
  #NoFly points 820
  #NoTouch points 1048
  #Points [total] 57446
  #Nets 3001
    Net Size: 2547 1981 30 1 2 1 1 3 2 3 3 1 1 2 1 1 2 3 1 1 1 1 3 2 1 2 1 1 3 4 1 2 3 1 3 1 2 2 3 2 1 2 1 1 1 2 2 4 2 2 2 1 4 1 1 1 2 1 1 2 1 1 2 3 2 1 1 2 1 1 1 1 3 1 1 3 1 3 3 1 2 2 2 1 3 1 2 1 2 1 2 3 1 2 1 3 3 1 2 1 1 3 2 2 1 2 1 1 2 1 2 2 1 3 1 3 2 1 2 1 1 1 3 1 2 1 1 2 2 1 4 2 2 1 2 1 3 3 1 2 2 2 1 2 1 1 1 1 2 1 1 2 1 1 2 2 2 1 2 1 1 2 2 1 2 3 1 3 2 2 1 2 1 3 1 1 1 4 2 1 1 1 1 2 3 2 1 1 3 3 2 4 2 2 3 1 1 1 2 3 1 1 1 1 2 1 2 5 1 1 1 1 2 1 2 1 3 3 3 2 2 1 2 2 1 1 3 2 1 2 2 1 2 3 1 1 1 1 1 1 3 2 3 1 1 3 1 2 1 1 2 1 3 2 2 1 4 1 1 2 1 3 1 1 3 1 1 1 1 1 1 1 3 3 2 3 2 1 4 1 3 1 2 3 1 2 3 4 1 1 1 1 1 1 2 2 1 1 1 3 1 1 1 1 1 2 1 1 2 2 1 1 1 1 1 4 2 1 2 1 1 1 3 1 2 1 3 1 3 3 3 1 1 3 2 1 1 2 1 1 1 1 1 1 2 1 2 2 1 1 2 1 1 2 2 1 1 1 2 2 2 3 1 2 1 2 2 1 1 1 1 1 1 3 1 1 2 1 2 1 3 1 2 1 2 2 3 1 2 2 2 2 4 1 1 1 1 1 1 1 2 1 2 3 2 2 1 5 2 2 2 3 1 1 6 4 1 2 1 1 1 4 1 1 3 2 2 1 3 1 5 5 2 1 1 1 2 1 1 2 2 2 1 1 1 1 1 3 1 1 1 1 2 1 3 2 1 2 1 1 1 1 1 1 1 2 1 2 2 1 2 1 1 1 1 1 1 1 1 4 2 1 1 1 1 1 2 3 2 3 2 2 1 1 2 1 1 1 1 2 3 1 1 3 4 1 2 2 5 1 2 3 1 1 1 1 2 1 1 3 2 1 1 1 2 1 3 1 1 2 1 3 2 2 2 1 1 2 1 3 2 2 1 1 3 1 1 2 2 1 2 1 1 2 3 1 2 2 1 3 1 2 1 1 2 2 3 1 1 2 1 2 1 1 2 2 1 1 1 1 2 2 2 4 1 1 2 1 2 1 4 1 1 1 3 2 1 3 1 2 3 2 2 1 2 1 1 1 1 3 4 1 1 1 1 2 2 1 3 1 1 1 1 2 2 3 1 2 4 1 1 1 1 2 2 1 1 1 2 2 1 1 2 3 4 1 1 2 1 2 1 1 2 1 1 1 1 1 2 3 1 2 1 3 4 1 1 1 2 1 1 2 1 1 1 1 2 2 2 2 2 1 1 1 2 1 2 2 3 1 1 1 4 1 1 1 1 2 1 1 1 1 1 2 1 2 2 4 2 2 1 1 2 1 2 3 2 2 2 2 2 2 2 4 1 1 1 1 1 2 3 2 1 3 3 2 1 1 1 1 1 1 1 2 3 3 2 3 2 2 1 2 1 1 2 3 1 1 1 2 2 1 1 2 3 3 3 1 1 2 1 3 2 4 3 1 2 2 1 3 1 3 1 2 1 2 1 1 2 2 1 1 1 1 2 4 1 2 2 1 1 2 1 2 2 1 1 1 3 3 2 2 2 1 1 1 2 2 1 1 1 2 4 1 2 2 1 1 1 3 3 1 1 1 1 4 2 1 1 2 1 1 2 1 1 3 1 2 2 1 1 1 2 1 1 1 2 2 1 6 1 3 1 3 3 2 1 1 2 1 1 1 2 1 1 2 3 1 1 2 1 3 2 2 1 1 4 2 1 1 2 3 3 1 1 2 2 2 1 2 1 1 1 3 2 2 2 2 1 2 1 2 1 1 2 2 1 2 1 1 2 3 1 1 3 1 2 2 1 1 4 2 1 1 1 3 3 2 1 1 2 1 2 3 1 1 2 2 1 1 1 1 1 2 1 1 1 1 3 1 1 1 1 3 1 2 1 2 1 2 3 2 2 1 1 1 3 1 2 4 2 1 2 2 1 2 2 1 4 1 3 1 3 1 2 1 1 3 2 2 2 1 1 1 2 1 1 2 2 2 3 2 1 1 2 1 1 4 1 1 1 1 1 1 1 2 4 1 3 2 1 1 2 2 1 5 2 1 1 1 3 1 3 1 1 1 2 1 1 1 1 1 1 1 1 1 1 2 1 3 1 1 1 1 2 1 1 2 1 1 2 1 2 2 2 1 1 1 1 2 1 2 1 1 2 1 1 3 2 3 2 4 1 3 2 3 7 1 1 2 3 3 1 2 1 1 1 2 1 1 1 1 1 1 2 2 1 1 1 2 1 2 1 1 2 1 2 1 1 1 3 1 1 1 1 1 4 1 1 1 1 2 1 2 2 2 1 1 1 2 5 1 2 1 2 2 2 1 1 1 2 2 3 1 2 1 1 2 1 1 3 1 3 2 2 2 4 1 1 4 4 3 4 1 1 1 2 1 2 3 3 1 1 1 2 2 2 3 1 1 2 3 5 3 1 4 1 3 3 1 2 1 1 1 2 1 2 1 2 2 1 1 1 2 1 4 2 2 1 1 2 3 1 2 2 1 1 1 1 2 1 2 1 1 2 1 1 1 1 1 2 1 2 2 1 5 1 2 1 1 1 2 1 1 3 1 1 2 3 1 2 1 1 1 3 2 1 1 3 3 3 1 3 1 2 1 2 1 3 3 2 1 1 2 1 1 1 4 1 1 1 1 3 2 3 4 1 1 1 2 4 2 2 1 2 2 3 1 2 3 2 2 1 2 1 1 1 1 1 1 3 2 3 3 5 1 1 2 2 4 1 1 1 1 3 1 1 2 2 3 3 2 1 1 1 2 1 1 1 2 1 1 1 3 1 1 1 2 2 1 1 2 2 2 2 2 3 1 3 3 1 1 1 2 2 1 2 1 2 1 2 5 1 2 2 1 2 3 2 1 1 1 1 2 2 2 1 1 2 1 4 1 2 4 1 1 2 1 1 2 1 1 2 1 2 1 2 1 2 2 2 2 2 3 2 1 2 2 1 1 1 1 2 1 1 1 1 1 2 1 1 1 2 1 2 2 2 2 2 4 1 1 1 1 4 2 2 1 1 1 1 1 1 1 3 4 2 1 1 3 1 1 1 2 1 1 1 1 2 1 1 1 1 3 3 1 2 2 1 2 1 2 2 2 1 4 1 1 1 1 3 2 2 2 2 1 1 1 2 1 1 3 1 1 5 2 4 1 2 2 1 1 1 1 1 2 2 1 1 1 1 1 1 1 1 1 2 2 2 1 1 1 1 1 1 1 1 1 5 1 1 1 1 3 1 2 1 2 2 1 2 2 2 1 1 1 1 3 3 2 2 2 1 2 1 1 1 3 1 2 1 1 1 2 1 1 2 3 2 2 2 1 1 1 1 1 1 2 3 5 1 2 2 1 1 3 2 1 1 1 1 1 2 2 1 1 1 2 1 1 1 1 2 1 1 4 1 2 2 1 1 1 1 2 1 2 2 2 1 5 1 3 3 5 1 3 1 1 1 2 4 2 1 1 1 1 2 1 3 1 1 3 1 3 1 3 2 1 2 1 2 1 1 1 1 1 1 1 1 1 1 2 2 2 3 2 1 1 1 1 1 3 3 2 3 1 2 2 2 1 1 3 1 1 2 1 1 2 3 1 1 2 4 2 1 1 1 1 1 2 2 1 1 3 2 1 1 1 1 2 1 2 2 1 2 1 2 1 2 3 1 1 1 2 1 1 3 1 1 2 1 1 5 1 3 1 1 1 2 3 1 1 1 1 2 2 3 2 1 2 3 3 1 1 3 1 1 2 1 1 2 2 1 1 1 1 2 2 3 1 1 1 1 4 2 2 1 1 2 3 2 3 1 1 1 2 4 1 1 1 1 1 1 1 1 2 1 3 1 1 1 1 2 1 1 2 1 2 2 2 2 6 1 2 1 1 1 1 1 1 1 4 4 3 1 1 1 4 2 1 1 1 1 2 2 2 1 4 1 1 2 1 2 1 4 3 3 1 1 2 2 2 2 1 1 1 3 1 2 1 1 1 4 2 3 1 1 3 2 2 1 3 1 1 3 1 2 1 1 5 3 2 1 2 1 1 1 1 2 1 2 1 1 1 2 2 3 3 1 2 1 2 2 2 2 1 3 3 2 2 2 1 1 3 1 1 2 1 1 3 3 2 2 2 3 1 1 1 2 1 5 2 1 1 2 3 2 1 4 1 1 3 1 1 3 1 1 1 2 3 2 2 4 3 2 1 1 1 1 2 1 4 2 1 1 1 1 1 3 2 1 4 3 1 1 1 1 3 3 1 1 2 1 1 3 2 1 2 2 2 1 3 1 2 1 3 1 1 3 1 1 1 1 1 1 2 1 1 2 2 3 2 2 2 2 1 1 2 1 1 3 1 1 1 2 3 1 5 1 1 2 1 1 1 1 1 1 2 1 3 4 3 1 2 2 2 1 1 1 3 3 2 1 1 3 1 4 3 3 1 1 1 3 2 1 1 1 1 4 4 1 2 2 1 2 1 1 3 1 2 1 1 3 2 2 1 1 2 1 1 2 1 1 2 2 2 1 1 2 1 3 1 2 1 1 2 2 1 2 2 1 1 1 2 3 1 2 3 2 3 2 1 2 2 2 2 1 1 5 2 1 1 1 1 1 1 3 1 2 1 1 2 2 1 1 1 1 1 2 1 1 2 2 2 3 1 3 1 2 1 1 1 3 2 2 1 1 2 1 3 4 2 2 1 2 3 2 3 1 1 1 4 2 4 1 4 1 1 4 2 5 2 2 2 2 2 1 2 2 1 1 2 3 2 2 3 3 2 1 1 1 1 1 1 1 2 1 1 1 3 1 3 2 1 3 1 1 2 3 2 2 3 3 1 2 2 1 1 2 2 3 1 1 1 2 2 1 1 1 2 2 1 2 1 1 3 2 1 1 1 2 1 1 1 2 2 2 1 1 2 2 5 1 1 2 1 4 2 3 1 1 2 2 4 3 2 2 3 2 1 1 1 1 1 1 2 2 1 1 2 2 2 1 3 2 1 1 1 2 2 2 1 1 1 1 1 2 1 2 3 1 1 1 1 1 1 2 3 1 1 3 3 4 2 1 1 1 2 1 1 1 1 2 3 1 2 1 2 4 1 2 2 1 1 1 1 3 1 1 1 1 1 1 1 1 2 1 1 2 1 1 2 2 1 1 3 1 1 2 1 1 2 2 3 1 1 1 4 1 3 1 1 3 1 2 1 1 3 2 2 1 3 1 1 1 2 4 1 1 2 1 2 1 2 4 1 2 2 1 1 2 3 1 1 1 2 1 1 1 1 1 1 1 2 2 1 1 1 1 1 2 1 3 2 2 2 1 1 1 1 2 2 1 1 4 3 1 2 1 3 1 1 1 1 3 1 3 1 1 1 1 2 2 4 2 1 1 1 2 1 2 3 1 3 1 2 1 1 3 4 2 2 2 3 2 2 2 2 2 1 1 1 1 2 1 1 4 1 3 3 1 1 1 2 1 1 1 3 1 1 1 2 2 2 2 2 2 1 1 3 2 1 2 3 2 2 3 1 1 1 1 2 2 3 1 2 2 1 1 1 1 1 1 3 3 2 1 2 1 2 2 2 3 2 1 2 1 1 3 1 1 2 2 1 1 2 1 2 1 1 1 2 1 1 2 1 1 1 1 3 1 1 2 2 3 1 3 2 2 1 2 3 3 1 1 1 1 1 2 3 1 1 1 3 2 4 3 2 2 3 1 1 1 2 1 2 2 1 3 1 2 1 2 2 1 1 2 2 1 3 2 1 1 1 1 2 1 2 1 1 3 2 2 1 3 2 3 2 3 1 1 3 2 2 1 1 1 1 1 2 1 2 2 4 1 1 3 1 2 2 1 1 2 2 2 1 2 2 1 1 3 4 1 1 1 1 1 2 2 1 1 2 2 2 1 1 4 1 3 1 2 3 1 1 2 2 1 3 1 1 3 1 1 1 2 1 4 4 3 1 2 2 2 3 2 3 1 1 1 1 1 1 2 1 2 1 1 2 2 2 3 1 1 1 2 2 2 3 2 1 1 1 1 1 4 1 4 2 2 1 2 1 1 1 2 3 2 3 1 2 5 1 1 1 4 1 2 2 1 2 2 2 1 1 1 2 1 2 1 1 3 1 1 2 1 1 2 1 1 3 2 1 1 1 1 1 1 2 3 1 2 3 2 1 5 1 2 1 2 2 1 2 3 1 2 1 1 2 1 1 1 1 1 1 2 1 2 4 1 1 1 2 3 3 2 2 1 1 2 1 1 1 1 1 2 1 1 1 2 3 2 1 2 1 2 2 1 2 1 2 3 4 2 2 1 2 1 1 2 1 2 1 3 3 2 1 2 1 1 4 1 3 1 1 1 3 2 3 1 1 1 1 1 2 4 2 3 3 2 5 2 2 3 2 2 1 2 1 2 2 1 1 1 1 1 1 1 3 1 1 1 1 3 3 1 2 2 1 1 2 1 3 2 2 1 2 1 1 3 1 2 3 2 3 2 1 1 1 2 1 4 
  #Test Small 3685
  #Test Medium 8126
  #Test Large 13766
