Board size [mm] 400x150

Stats side 1
  #Components with background 28
  #Components with points 297
  #Components nofly 5
  #Components notouch 3
  #Pins 75077
  #GNDs 2884
  #VDDs 2379
  #Clock 19
  #NoFly points 728
  #NoTouch points 586
  #Points [total] 81673

Stats side 2
  #Components with background 44
  #Components with points 327
  #Components nofly 1
  #Components notouch 3
  #Pins 79163
  #GNDs 2742
  #VDDs 2339
  #Clock 44
  #NoFly points 212
  #NoTouch points 462
  #Points [total] 84962

Stats board (side 1 + side 2)
  #Components with background 72
  #Components with points 624
  #Components nofly 6
  #Components notouch 6
  #Pins 154240
  #GNDs 5626
  #VDDs 4718
  #Clock 63
  #NoFly points 940
  #NoTouch points 1048
  #Points [total] 166635
  #Nets 149680
    Net Size: 5626 4718 63 1 2 1 2 2 3 1 2 2 1 3 4 2 3 2 1 3 2 1 3 2 1 1 3 1 1 1 1 1 2 2 1 2 2 1 1 1 1 5 1 2 1 3 1 1 1 2 4 3 3 1 1 1 1 3 1 2 2 1 1 1 1 1 2 2 1 1 1 1 3 3 2 3 4 2 1 2 1 2 1 2 2 1 1 1 1 1 2 1 2 2 2 2 1 5 3 2 3 1 2 2 2 1 1 1 1 3 2 3 4 1 1 5 1 3 2 1 1 2 1 1 1 1 1 1 2 2 4 1 1 1 1 1 2 1 2 2 1 1 3 1 1 1 3 1 3 3 2 1 1 2 1 3 2 1 2 1 1 1 1 2 2 2 2 1 3 1 1 2 1 2 1 2 3 1 1 2 1 3 1 1 2 4 1 3 4 1 2 2 1 1 1 1 3 1 5 2 2 2 2 2 2 3 2 3 1 4 1 2 1 1 2 1 4 1 1 1 5 1 2 4 2 1 1 2 1 3 1 1 1 1 2 3 1 1 1 1 2 1 3 2 2 1 4 1 3 1 1 1 1 2 2 4 1 1 2 2 1 1 1 1 1 1 1 2 3 1 2 3 3 2 2 1 2 4 1 2 1 1 1 1 3 1 1 3 1 2 1 1 2 3 2 2 1 1 3 3 1 1 1 3 2 1 1 3 2 3 1 1 2 4 1 1 1 2 1 2 1 2 1 2 1 2 1 1 2 1 1 3 2 1 3 2 2 3 1 1 4 2 4 2 3 2 1 1 1 1 1 2 2 1 1 1 2 1 1 2 1 1 2 3 1 2 1 2 3 2 1 2 2 2 1 1 2 1 3 3 1 2 2 2 2 1 1 1 1 2 1 1 1 1 3 1 2 1 3 1 2 2 1 4 1 1 1 1 2 3 3 4 3 1 2 2 2 1 1 2 2 1 2 4 1 1 4 1 1 1 4 1 2 1 1 1 1 3 2 1 1 1 1 1 2 2 3 1 1 1 2 1 2 1 2 1 2 2 2 1 2 1 3 2 1 1 1 2 2 2 1 1 1 3 1 1 2 1 3 2 6 2 1 1 1 1 1 1 2 1 1 1 2 1 1 3 1 1 2 1 1 1 2 5 1 1 2 2 2 1 1 2 3 3 1 2 1 2 3 1 4 1 1 2 1 2 2 1 1 2 1 1 2 2 3 1 1 1 1 1 1 1 2 3 1 1 2 2 3 2 2 2 1 2 1 2 1 2 3 2 1 2 1 2 1 2 2 1 3 2 3 1 1 2 1 2 3 2 3 1 2 1 2 1 3 1 2 2 2 1 2 1 1 1 2 4 4 2 2 1 3 1 2 1 2 2 2 1 1 1 1 1 1 1 1 1 1 1 3 1 2 2 3 4 1 1 1 1 4 1 1 2 3 3 3 2 1 1 4 1 2 3 1 1 1 1 1 1 2 1 2 1 2 1 2 3 3 3 1 1 1 2 2 1 3 1 1 1 3 1 3 2 1 1 4 2 1 3 1 1 1 2 3 1 1 3 2 1 2 1 2 2 1 4 4 2 1 1 2 1 1 1 2 2 2 1 1 2 2 1 1 1 3 2 1 2 2 2 2 2 3 2 3 2 2 3 1 1 1 1 1 2 1 1 2 2 1 1 2 2 2 3 1 1 2 3 3 1 1 1 2 3 1 1 3 3 1 3 2 2 1 2 1 1 1 1 1 2 1 1 3 2 1 4 1 2 1 2 1 1 1 2 1 1 1 1 1 1 1 1 2 1 1 4 2 1 2 1 1 2 1 3 4 1 1 2 2 3 1 2 2 1 1 1 2 2 2 2 1 1 1 2 1 2 1 1 1 1 1 1 1 1 2 1 2 1 1 1 1 2 3 4 1 2 2 3 1 1 1 3 2 1 1 2 1 2 1 2 2 2 1 1 2 1 3 2 3 1 2 1 1 3 2 2 4 1 2 5 2 1 2 2 1 2 1 1 3 2 2 1 4 1 2 1 2 3 1 3 1 1 4 1 1 1 1 2 1 2 1 2 1 1 4 2 3 2 1 3 2 1 1 1 2 1 2 1 1 1 2 3 1 2 3 1 2 1 1 1 1 1 2 2 2 1 2 1 1 3 2 3 3 3 4 2 1 1 1 1 2 2 1 1 1 1 2 3 1 3 2 2 1 2 2 2 2 4 1 1 3 2 1 1 2 1 2 3 3 2 1 1 2 1 1 3 2 1 3 3 2 6 2 3 3 1 3 1 1 1 2 1 2 2 2 3 1 1 1 1 1 1 3 1 2 1 2 1 2 1 2 1 1 1 1 2 1 1 3 1 1 1 2 2 1 1 2 4 1 1 4 2 2 1 1 1 1 2 4 1 3 2 1 2 2 1 1 2 3 1 1 2 2 2 1 1 2 1 1 1 1 2 1 1 1 3 3 1 1 2 1 1 1 2 2 2 2 2 1 4 1 2 2 1 2 1 2 2 2 1 1 1 1 1 3 1 2 2 2 2 2 3 1 2 2 1 3 1 1 3 5 2 1 3 2 3 1 1 1 1 2 1 1 1 1 1 1 2 1 1 2 1 1 1 1 3 2 3 2 1 2 1 1 3 1 2 2 3 3 2 3 1 1 1 1 1 2 1 1 4 2 3 1 1 2 1 1 2 3 1 1 1 1 1 2 1 1 1 1 2 3 1 3 1 1 2 1 4 2 1 1 2 1 1 2 3 3 2 1 1 1 4 1 3 1 1 2 2 2 1 1 2 2 1 2 1 2 1 2 3 1 2 1 1 5 1 1 4 2 3 4 1 1 1 2 1 2 4 1 2 2 1 2 1 1 2 1 2 2 2 1 1 2 1 1 2 1 1 2 2 1 2 2 1 2 2 1 2 4 2 1 1 1 1 2 2 3 2 1 1 1 1 2 1 3 3 1 2 2 1 1 2 1 1 1 1 1 1 1 1 1 1 1 1 3 2 1 1 1 1 1 2 2 1 1 2 1 1 3 2 1 2 1 1 1 1 2 1 2 1 3 2 1 3 3 1 1 2 1 1 1 1 1 1 1 2 2 1 1 1 2 1 4 1 2 1 1 1 1 3 3 2 1 1 1 2 1 1 1 2 1 2 1 1 1 1 3 2 3 2 2 2 2 1 1 1 1 2 1 4 1 1 4 1 1 1 2 2 1 1 2 1 1 3 2 1 2 1 2 2 1 2 1 1 2 3 4 1 2 3 1 1 2 2 1 2 2 4 1 1 2 1 1 1 3 1 3 1 1 1 1 1 2 1 2 1 3 2 1 1 2 2 2 2 3 1 3 1 1 2 1 1 1 2 1 2 5 2 1 1 1 1 2 4 2 1 2 2 2 2 1 3 1 1 1 2 1 1 2 1 1 1 1 1 3 1 5 3 4 2 4 1 3 4 1 3 3 2 1 1 3 1 1 1 1 4 1 1 1 2 3 1 2 1 1 1 1 3 3 1 2 1 3 1 2 2 2 3 1 3 2 1 2 1 1 1 2 3 2 1 1 1 1 2 1 2 1 1 4 2 2 2 1 1 3 2 1 1 2 3 1 2 1 1 3 1 2 1 2 2 3 1 1 2 2 1 1 1 1 1 4 1 1 2 1 1 1 1 2 1 1 3 2 1 4 1 2 2 1 1 3 2 1 2 2 2 1 2 1 1 2 2 2 1 2 2 1 1 2 1 3 1 1 3 2 3 2 1 3 3 1 2 3 2 2 2 1 1 1 1 1 1 1 1 1 2 1 1 1 1 1 3 2 3 1 3 1 2 1 1 1 2 1 1 1 1 1 1 2 1 2 4 2 2 2 2 2 1 1 2 1 1 1 2 1 1 4 1 1 3 1 2 1 2 2 1 1 4 1 2 3 2 3 2 1 2 3 2 1 4 1 1 1 1 1 2 1 1 1 2 1 2 3 3 3 1 1 2 2 1 2 1 1 2 3 1 1 1 1 2 3 2 1 1 2 3 2 3 2 1 3 1 2 1 4 3 2 1 2 3 1 1 2 1 3 4 1 3 2 1 2 2 2 2 3 1 1 1 3 4 3 1 1 2 1 5 1 1 4 1 1 2 2 1 1 2 2 1 1 1 1 1 2 1 1 3 1 2 1 1 1 1 3 2 3 1 3 2 2 2 3 1 2 2 1 3 2 2 1 1 1 3 1 2 3 1 1 1 1 1 3 2 2 1 3 2 2 1 1 3 2 2 2 2 2 3 3 2 1 2 1 1 3 1 1 2 1 1 2 1 3 1 2 1 1 1 1 1 1 3 3 3 2 3 1 1 3 1 1 1 3 1 2 4 1 1 1 2 3 2 1 2 1 2 1 1 2 2 2 1 1 1 1 2 1 1 3 1 1 2 2 3 1 1 3 1 2 1 2 3 2 3 2 2 2 1 1 1 2 1 2 1 2 2 2 2 2 2 3 1 1 1 3 1 4 3 1 1 1 4 1 1 1 1 2 2 1 1 3 2 2 2 2 2 1 2 2 1 1 3 1 1 5 1 4 1 3 1 2 2 1 1 1 1 1 1 2 1 2 1 2 1 2 1 1 1 1 2 1 2 1 2 2 2 1 1 1 3 1 2 1 4 1 1 3 2 1 5 1 1 1 2 3 1 4 1 1 1 1 1 2 1 1 1 2 2 2 2 3 1 2 2 3 1 1 1 1 3 1 2 2 2 1 1 3 2 1 5 3 4 3 3 2 1 2 1 1 1 3 1 1 1 3 5 1 1 1 1 2 1 1 1 1 2 1 4 1 3 3 1 2 1 2 1 1 3 2 1 2 1 4 1 2 1 2 2 2 1 1 1 1 1 3 1 1 2 3 2 3 3 2 1 1 1 2 2 3 3 3 1 3 1 1 1 1 2 2 2 3 2 2 3 5 2 1 3 2 1 2 1 2 1 1 2 1 2 2 2 2 1 1 2 1 5 1 1 1 1 2 2 1 1 2 1 3 4 2 1 3 1 3 1 1 2 1 4 1 2 1 1 1 2 1 1 1 1 2 2 3 1 3 2 2 3 2 2 3 2 1 1 1 2 1 1 1 1 3 3 1 1 2 3 1 1 1 1 2 2 2 3 3 2 1 1 2 3 2 1 2 1 3 2 1 1 2 2 2 1 1 2 1 3 5 3 1 1 3 1 3 1 5 1 2 1 4 1 1 1 2 2 2 1 1 1 1 3 2 2 2 1 2 2 1 1 1 2 1 1 2 1 2 4 1 5 1 1 2 1 1 1 2 3 1 1 3 1 1 3 2 4 1 2 1 1 2 1 1 2 2 1 2 1 1 1 1 1 1 1 2 2 3 4 1 2 1 1 1 1 4 1 3 3 3 3 3 1 4 1 1 1 1 2 3 2 1 3 1 1 1 3 5 2 2 1 1 1 1 1 1 1 2 4 3 3 1 2 4 1 1 2 1 2 1 1 1 2 1 3 2 4 1 1 2 3 3 1 2 2 1 1 1 1 1 2 2 1 2 4 3 2 2 2 1 1 1 2 2 1 2 3 1 1 3 1 2 2 2 2 1 2 1 3 1 1 1 2 2 1 2 3 1 2 2 2 1 2 2 3 1 2 1 3 1 3 1 2 1 1 2 2 2 1 1 1 2 3 2 3 1 3 1 2 4 2 1 3 1 1 1 1 2 1 3 2 2 3 1 2 4 1 1 1 1 1 1 3 1 3 1 3 2 2 1 2 1 4 2 2 2 1 2 1 3 1 1 2 3 2 1 1 1 2 4 3 1 1 1 2 1 2 1 1 1 1 2 3 3 1 1 1 3 1 1 1 1 2 3 2 1 3 1 2 1 2 1 2 1 1 4 2 3 2 1 1 2 1 2 2 1 2 1 1 1 3 2 2 1 1 4 2 1 1 1 2 2 1 3 1 2 1 1 1 1 2 2 2 2 1 3 1 2 2 1 1 1 2 3 3 4 1 1 2 1 1 1 2 1 1 3 2 3 2 1 2 2 2 1 3 2 2 2 1 1 2 4 1 1 1 2 2 1 2 1 2 2 1 1 2 1 1 1 1 1 1 2 2 2 1 1 4 1 1 3 2 4 2 1 2 2 2 1 2 1 1 2 1 2 1 3 1 2 3 1 1 1 4 1 2 1 1 2 2 1 2 1 2 3 2 3 3 3 2 1 1 4 1 2 1 2 2 2 2 3 1 3 4 1 3 1 1 1 4 1 2 1 2 1 2 1 3 2 2 3 2 1 1 1 2 2 1 4 1 3 1 3 1 1 2 1 1 1 3 3 1 2 2 2 2 1 1 1 1 3 1 2 1 3 1 1 4 1 1 1 2 1 1 4 1 1 2 2 1 1 1 4 1 1 2 2 1 1 2 5 3 1 1 1 2 1 2 1 1 3 1 2 1 2 3 2 2 1 3 3 2 1 3 1 1 4 1 2 1 2 1 1 2 1 3 1 2 1 5 2 1 4 2 1 1 2 1 2 2 2 1 1 1 1 1 2 2 1 2 1 1 2 1 2 3 1 1 2 1 3 1 1 1 1 3 2 1 3 1 1 3 2 1 1 2 2 2 1 1 1 3 3 1 1 2 1 2 1 2 1 1 1 1 2 3 2 1 1 2 1 2 1 1 2 1 2 2 1 2 3 1 1 1 1 2 1 4 4 2 1 1 1 1 1 1 2 1 1 3 1 1 1 2 1 1 1 2 1 1 4 4 2 1 2 2 3 2 2 1 1 2 3 1 3 3 1 2 2 1 1 2 2 4 2 2 1 2 3 3 1 3 1 1 1 2 1 1 1 3 3 1 1 2 2 1 1 1 2 1 1 2 1 1 1 3 3 3 1 1 1 1 1 1 1 2 2 2 2 2 2 2 1 1 2 1 2 2 2 1 2 3 1 1 1 2 1 1 2 2 1 2 1 1 4 2 1 2 2 1 1 2 1 2 1 2 2 1 2 1 2 3 4 3 2 3 1 1 1 3 1 1 2 4 2 2 1 3 1 1 1 1 2 1 1 2 2 2 2 2 2 2 3 1 3 2 2 1 1 2 2 1 1 2 4 1 2 2 2 2 3 3 2 2 4 2 2 1 1 2 1 1 2 1 2 3 1 1 1 2 2 1 3 2 2 1 1 1 1 3 1 4 1 1 1 1 1 1 1 1 2 3 3 4 1 1 1 2 1 2 1 1 2 1 1 1 1 3 2 4 2 1 2 2 1 1 1 2 1 1 1 1 1 5 2 1 1 2 2 2 1 3 1 1 4 2 1 1 2 1 3 1 1 1 2 1 1 2 1 1 1 1 1 2 1 1 1 2 2 1 1 1 2 1 2 1 1 1 1 1 2 1 1 2 3 2 1 1 1 4 1 1 1 2 1 1 2 1 2 1 1 1 2 1 1 1 1 1 2 1 2 3 4 2 1 1 2 5 2 1 4 2 2 2 1 1 1 1 1 1 4 1 1 4 3 1 1 2 2 2 2 3 1 2 1 1 1 1 2 2 1 3 2 2 2 1 1 1 1 1 1 2 1 2 1 2 2 1 5 1 1 2 1 1 3 1 2 1 2 1 1 1 2 3 2 1 1 3 1 2 3 3 3 1 1 1 2 2 1 1 1 1 1 1 4 2 1 2 1 2 2 2 2 1 1 1 1 2 2 4 2 2 3 2 2 2 1 3 1 1 1 1 1 2 2 1 1 1 3 2 1 1 1 3 2 2 1 1 1 5 1 3 1 2 1 1 2 2 2 2 2 2 1 1 2 2 2 1 1 1 1 2 1 3 1 2 1 1 2 1 2 2 2 2 3 2 1 1 2 1 1 1 4 1 1 1 1 2 1 2 1 1 2 2 1 2 3 3 1 2 3 3 1 3 3 2 1 1 1 1 1 3 1 1 4 1 1 1 1 1 1 1 1 1 1 2 2 1 2 3 2 1 2 1 2 1 1 1 1 3 1 1 3 1 2 2 3 1 2 4 3 2 1 2 1 1 1 1 5 2 1 2 2 2 1 2 4 2 1 1 4 3 4 1 1 2 1 1 3 1 2 1 1 1 2 3 1 3 1 4 1 5 2 1 2 2 3 1 1 1 2 2 1 1 1 2 3 2 2 2 1 1 2 1 1 3 1 1 2 1 1 1 2 1 1 1 1 1 1 2 1 2 3 2 2 1 1 3 1 2 1 2 2 5 1 1 2 2 2 2 1 1 1 2 2 2 1 2 1 1 3 1 3 1 1 1 3 1 2 1 3 2 1 3 1 1 2 4 1 4 1 2 1 1 1 2 1 1 1 1 2 1 1 1 1 2 1 1 3 2 2 1 2 2 1 1 1 1 1 3 1 1 3 3 2 3 2 3 3 1 3 1 1 1 3 3 1 2 1 2 2 3 1 1 2 1 2 2 3 2 1 2 1 1 3 1 2 1 1 1 4 1 2 5 2 2 1 3 3 1 2 1 4 1 3 2 2 2 1 2 3 1 3 1 3 2 2 1 2 2 2 2 2 1 1 2 1 3 2 1 1 1 1 1 2 2 1 2 1 3 1 2 1 1 3 1 2 1 3 2 1 2 1 2 2 1 3 1 1 1 3 1 1 2 4 2 3 3 1 2 1 3 4 1 1 2 1 1 1 2 6 1 1 2 2 3 1 2 2 2 2 2 2 2 2 1 1 1 1 1 1 1 1 1 1 2 2 3 2 1 1 3 3 1 2 2 4 2 3 3 3 1 3 3 2 3 3 2 1 1 3 1 1 1 2 1 2 3 1 1 1 3 2 1 1 3 2 1 2 3 1 2 1 1 1 2 2 1 3 3 2 1 1 1 1 1 1 2 2 1 2 2 3 1 3 2 2 2 2 1 2 3 5 2 2 1 2 1 3 3 2 3 1 1 2 1 1 1 2 1 1 2 1 2 1 2 4 1 1 5 1 2 1 1 2 1 1 1 1 1 2 1 1 1 1 2 3 1 3 1 2 3 1 1 1 2 1 2 1 3 1 1 1 1 1 1 2 3 3 2 1 1 1 1 2 2 4 2 2 4 1 1 1 1 1 2 2 1 3 1 2 1 2 2 1 1 1 1 3 2 1 4 2 1 2 1 2 1 2 2 1 2 2 1 1 2 1 3 2 1 2 1 2 1 2 1 2 2 1 1 2 2 3 1 3 1 1 3 1 1 1 1 1 2 1 1 2 2 2 2 3 3 1 1 2 2 1 3 2 2 1 1 1 1 1 2 1 1 1 3 3 2 2 2 1 5 1 1 1 1 2 1 2 2 1 1 1 1 2 2 3 1 4 2 1 1 2 4 1 1 2 1 1 3 1 3 2 1 3 2 1 2 2 2 1 1 3 2 3 3 2 2 2 1 1 1 1 3 1 1 3 2 3 3 1 4 1 2 3 1 1 2 1 1 2 1 2 1 3 1 2 1 1 1 1 2 2 2 1 1 3 2 2 3 2 1 1 2 2 1 1 1 2 1 2 3 4 5 3 3 3 2 2 1 1 2 2 1 5 2 2 2 1 2 2 6 3 4 4 2 4 2 1 1 1 4 1 2 1 2 2 1 1 1 3 3 2 1 1 1 2 2 1 1 1 1 2 1 3 3 1 2 1 1 2 1 2 1 1 1 3 1 1 2 3 1 1 1 1 2 3 1 1 1 3 1 6 2 2 2 4 1 1 2 1 2 3 2 1 1 2 1 3 2 1 1 2 1 1 2 2 1 1 3 1 3 1 1 1 3 3 2 1 1 2 1 2 1 2 1 1 1 1 1 2 2 2 1 1 2 2 1 1 1 2 1 1 1 2 1 4 1 4 2 1 1 1 1 2 1 1 1 2 1 3 2 1 1 3 1 1 1 2 3 1 1 1 1 2 1 2 2 2 1 2 2 3 1 1 1 1 1 1 1 1 1 3 1 1 1 2 1 2 2 1 1 2 2 1 3 2 2 1 1 1 1 2 2 3 1 2 2 3 2 3 2 1 1 3 2 1 3 2 5 1 1 1 1 1 1 1 1 1 1 3 2 2 2 1 1 3 3 2 2 1 1 2 1 1 1 1 2 3 2 1 1 1 3 2 1 1 1 1 3 1 1 3 1 1 1 2 2 2 2 1 1 3 2 1 1 1 1 2 1 2 2 1 1 4 1 1 1 1 2 2 1 1 1 2 1 1 1 1 1 2 2 4 2 1 1 2 1 1 1 2 3 1 1 1 2 1 1 4 2 6 2 1 1 1 1 1 1 1 2 1 3 1 2 2 1 1 1 1 2 5 2 3 2 1 1 3 1 2 1 1 1 1 1 2 2 2 1 1 3 2 1 1 1 1 1 2 1 1 1 1 2 1 1 1 2 1 4 4 2 1 2 1 2 2 2 1 2 1 2 2 1 1 1 1 1 2 1 1 2 1 2 4 4 1 1 1 3 1 6 1 1 3 2 2 1 2 3 2 1 3 1 1 3 5 1 1 1 2 1 1 1 1 1 2 2 2 1 1 1 1 4 1 3 1 1 2 2 1 1 1 1 1 1 1 2 3 2 2 2 2 4 1 1 1 1 4 1 1 3 1 2 2 1 2 2 2 1 1 1 2 1 2 2 1 1 1 1 2 2 3 1 1 1 2 3 3 1 1 1 5 3 1 2 1 1 1 3 2 1 1 3 1 1 2 1 2 2 1 1 1 1 2 2 1 2 1 2 3 3 2 3 2 1 3 1 3 2 1 5 1 1 2 1 2 2 1 2 3 4 3 1 1 5 1 2 2 3 1 2 2 1 1 4 1 4 3 1 1 2 2 1 1 1 2 1 1 1 2 1 1 1 2 1 3 4 4 1 1 1 3 1 1 2 1 1 1 1 3 1 5 3 1 1 1 2 3 2 2 1 4 2 1 1 3 1 2 3 2 2 1 1 2 1 3 2 2 1 1 1 1 4 1 1 3 4 1 2 3 1 2 3 2 2 1 1 1 1 2 3 2 2 1 2 1 2 2 1 5 3 2 2 1 2 5 3 2 2 2 2 2 1 1 1 2 1 3 1 1 2 1 4 2 1 2 1 1 1 1 1 1 2 1 1 3 1 1 1 3 2 1 2 1 2 1 1 1 4 2 1 1 5 1 2 2 3 4 1 1 1 2 2 2 1 1 1 2 1 1 2 3 5 3 1 4 3 1 1 2 2 1 1 4 2 1 1 2 2 1 1 2 2 1 1 1 2 1 1 1 1 2 1 1 1 1 1 1 1 2 2 1 1 2 1 1 3 2 1 1 4 1 1 3 1 1 1 1 2 2 2 1 1 1 1 1 2 1 1 1 2 1 1 1 2 2 1 2 1 2 1 2 1 1 2 1 2 1 2 4 2 2 1 2 2 3 4 2 2 2 3 2 1 1 1 1 2 1 2 1 4 3 3 3 1 1 1 1 1 3 2 1 1 1 2 3 4 1 1 1 2 3 2 2 1 1 1 1 1 1 2 1 2 2 1 1 3 1 2 2 1 1 1 2 3 2 2 1 1 3 1 1 2 4 1 2 1 2 1 1 1 2 3 2 1 3 2 1 3 2 3 2 1 2 1 1 2 1 1 2 3 2 1 1 3 1 1 6 3 1 1 1 2 2 3 1 1 1 2 1 2 1 2 1 2 1 2 1 4 1 2 4 2 2 1 2 1 3 1 1 3 1 2 1 1 1 1 3 1 1 2 2 1 1 1 2 2 3 1 1 1 2 2 1 1 2 1 2 1 3 2 2 3 1 1 2 1 3 2 2 1 1 2 1 2 1 2 2 2 2 2 2 1 3 2 2 1 1 3 1 2 3 3 2 5 1 1 3 1 2 1 2 1 3 1 1 2 2 3 2 2 2 1 2 2 2 1 1 1 1 1 1 1 3 1 4 1 3 1 1 2 1 2 1 1 1 1 3 1 1 2 5 2 3 2 1 3 1 3 1 1 2 4 1 2 1 2 2 1 3 1 2 1 3 2 1 2 1 1 1 3 1 4 2 1 3 1 2 3 1 2 1 2 2 1 1 1 2 1 1 2 1 3 3 2 1 2 2 1 1 1 1 3 3 3 4 2 2 1 1 1 1 3 1 1 3 1 1 3 1 1 1 2 1 2 4 1 2 1 2 1 2 1 2 1 3 1 1 2 1 3 2 3 1 2 2 5 1 1 2 4 1 2 2 1 1 1 2 1 1 1 1 1 2 4 2 1 1 1 3 1 2 1 1 3 1 2 1 1 1 1 2 2 3 1 1 1 1 4 2 2 4 5 1 1 4 1 3 2 3 1 3 4 1 3 1 1 1 1 1 1 3 2 1 3 1 2 1 1 6 1 2 2 1 2 5 3 1 1 1 1 1 2 2 1 1 1 2 4 1 1 2 1 1 1 1 1 1 3 1 1 2 1 3 1 1 1 2 3 1 1 3 2 1 2 1 1 1 2 2 2 3 3 3 1 1 2 3 2 2 1 1 1 1 2 1 1 1 1 2 3 2 1 1 1 1 4 1 2 3 2 1 2 2 1 2 1 2 2 1 3 4 2 2 1 1 2 1 1 2 2 1 1 1 2 1 2 1 3 1 1 2 1 1 1 1 2 3 1 1 2 1 1 2 1 4 2 1 2 2 1 1 2 3 2 1 3 1 1 1 1 2 1 2 1 1 2 1 1 2 5 1 2 2 3 1 1 2 1 4 4 2 1 1 1 1 1 5 2 1 1 1 1 1 1 1 2 1 1 3 1 2 2 2 1 1 1 2 1 5 2 1 1 1 3 2 1 1 2 2 1 2 2 1 1 1 3 3 1 2 2 1 1 2 4 2 1 2 2 1 2 1 1 2 1 1 1 1 1 2 1 1 1 1 1 2 1 1 2 1 5 3 3 2 1 2 1 3 3 4 1 1 3 1 1 1 1 2 1 1 3 1 1 1 2 2 2 3 2 2 3 1 1 1 5 4 2 2 1 1 4 1 4 3 3 1 2 1 1 1 2 1 1 2 1 1 2 1 1 2 2 3 1 1 3 3 1 4 1 1 2 1 3 1 1 1 2 1 4 2 1 1 4 4 1 1 2 1 5 1 2 1 3 1 3 5 1 1 1 2 2 1 3 1 2 2 1 1 1 2 3 4 2 3 2 3 1 1 2 5 2 1 3 1 2 1 2 1 2 1 1 2 2 1 2 1 3 1 1 3 1 2 1 1 3 1 2 2 2 3 2 3 3 1 2 3 1 1 1 2 2 2 1 3 2 2 3 1 1 1 1 2 2 2 1 2 1 1 3 1 2 1 3 2 2 2 1 4 1 3 1 2 1 1 1 1 1 1 1 1 2 1 3 1 1 1 3 1 2 1 2 4 1 1 1 1 1 2 2 1 1 2 1 3 1 1 2 1 3 1 3 1 1 1 1 1 1 2 4 1 1 2 3 4 3 3 3 2 2 1 1 3 1 2 2 1 1 1 4 3 3 1 1 1 3 3 3 1 2 1 1 1 1 1 1 2 2 1 1 1 2 2 2 2 3 1 1 1 1 4 2 1 1 2 4 2 3 1 1 1 1 1 1 3 2 2 2 2 2 1 1 1 2 1 2 1 1 4 1 1 1 2 1 1 2 2 1 1 2 1 1 2 2 2 2 1 5 1 2 1 2 2 1 1 2 1 1 2 5 1 2 2 1 1 2 3 1 2 3 1 1 4 2 1 1 1 2 3 1 1 1 1 1 1 1 1 2 2 2 2 3 1 1 3 1 2 1 2 1 5 2 2 3 1 2 2 1 1 1 3 4 3 1 1 1 1 2 1 1 1 1 2 1 1 4 3 3 1 1 1 2 3 2 1 1 1 3 1 4 3 1 2 1 1 2 2 2 3 4 1 2 1 2 2 1 1 1 1 1 3 1 1 2 1 1 1 1 2 2 1 2 1 2 2 2 3 1 2 1 4 2 2 1 3 1 2 1 2 1 4 3 3 1 1 1 3 3 1 1 1 2 2 1 2 1 1 2 2 3 2 1 3 1 1 3 2 2 1 1 1 1 3 5 1 2 2 1 4 1 2 3 1 2 4 2 1 2 1 1 1 3 1 2 1 1 1 1 1 1 1 2 2 1 1 1 1 1 2 2 1 3 2 2 1 1 1 1 1 3 2 2 1 2 1 1 4 1 1 3 1 1 3 4 1 1 1 1 2 1 2 2 1 2 4 1 1 1 1 3 3 3 2 3 1 2 1 1 1 2 2 2 1 2 1 2 1 2 2 3 4 3 1 2 1 1 2 1 1 1 2 1 2 1 3 1 2 2 1 3 1 1 1 1 2 1 1 1 1 4 3 4 3 1 2 2 1 1 1 2 2 2 1 1 3 4 1 2 2 3 1 2 4 2 1 1 2 1 1 1 3 2 1 1 1 4 1 2 2 1 2 1 2 2 1 1 1 2 2 2 2 2 2 1 2 1 1 1 1 3 2 4 1 4 4 2 1 1 1 3 1 1 3 2 1 1 3 1 5 2 1 1 3 2 1 1 1 2 1 2 2 3 1 2 1 1 1 1 2 2 1 1 1 1 1 1 2 1 2 2 1 1 2 1 2 1 3 2 1 3 2 1 2 1 1 3 2 2 3 2 2 5 1 3 1 1 2 4 2 1 2 2 1 1 1 2 1 1 1 2 2 1 1 4 1 1 1 2 1 1 1 1 1 2 1 2 1 1 2 1 1 1 2 1 5 1 2 3 1 2 1 1 3 1 2 2 2 2 1 3 1 2 1 3 1 1 2 1 1 1 5 1 1 2 1 2 3 4 2 2 1 1 1 1 1 1 2 3 1 2 1 3 4 1 2 1 1 1 1 1 1 1 1 1 2 3 1 1 1 2 2 4 1 1 4 1 1 1 2 1 1 1 1 1 1 2 2 1 1 1 1 2 2 1 1 1 1 2 5 1 3 1 1 3 4 2 3 3 1 1 2 2 1 1 1 1 1 6 1 2 1 1 1 1 1 2 2 1 1 1 1 1 2 2 1 3 1 3 1 1 1 1 2 1 1 1 1 2 3 1 2 1 1 2 2 1 2 1 2 1 3 1 4 2 2 3 1 1 1 6 2 2 2 2 2 1 2 1 1 1 1 4 1 1 3 2 2 2 1 3 1 2 1 3 3 2 3 1 1 1 1 1 2 1 1 1 1 2 4 3 3 3 2 2 1 1 1 1 1 2 2 2 1 1 1 1 1 1 2 1 1 1 3 2 1 1 1 1 2 1 1 1 4 3 1 2 1 4 2 3 1 1 1 3 1 1 1 2 3 1 1 1 1 1 1 2 3 2 1 3 2 1 1 1 1 2 2 4 2 1 2 1 1 2 1 3 3 2 1 1 2 1 2 1 2 1 1 4 1 2 1 2 1 1 5 4 1 3 1 1 1 1 2 3 1 1 2 3 2 1 1 1 3 1 2 1 2 2 1 1 1 1 1 3 1 4 2 1 1 2 2 1 2 1 2 2 2 1 1 2 5 2 2 1 1 2 1 3 2 1 3 1 1 1 5 1 2 1 1 2 1 2 1 2 4 2 2 2 1 1 1 2 1 1 1 1 2 1 2 1 1 5 3 5 3 1 1 1 3 1 1 2 2 1 1 1 3 1 2 2 1 1 1 1 1 2 1 1 2 1 3 1 2 1 1 1 1 2 1 1 1 1 1 2 2 2 3 1 1 4 1 1 2 2 1 2 2 4 1 2 1 1 2 1 3 1 1 2 1 2 4 1 2 1 1 1 1 3 1 2 2 2 2 2 5 1 3 1 1 2 2 3 4 1 2 1 1 1 2 1 2 1 1 2 1 2 2 4 1 1 1 1 1 3 2 1 2 2 1 1 3 1 1 3 1 4 3 1 2 1 1 3 2 1 2 2 4 1 2 1 2 1 1 1 2 2 1 1 5 2 1 2 2 1 3 1 1 1 2 2 2 3 3 2 3 1 1 1 2 1 2 3 3 3 1 2 2 1 2 3 1 1 1 2 1 1 1 1 1 1 1 2 2 5 2 3 1 2 1 2 2 1 1 1 2 2 1 1 1 1 2 2 1 1 1 1 1 1 1 4 3 1 3 2 1 1 3 1 2 1 1 1 1 2 1 1 1 2 2 2 4 1 1 1 1 1 2 1 2 3 1 1 1 1 1 1 2 1 2 1 3 1 1 1 1 2 1 2 1 1 3 1 3 1 1 1 1 1 2 2 1 1 1 1 2 2 1 1 1 1 1 1 1 2 1 2 2 2 1 1 1 2 1 2 2 1 1 1 1 2 1 1 1 1 1 1 2 1 1 4 1 2 1 2 2 2 1 1 2 1 1 1 1 4 2 2 1 1 2 4 2 3 1 1 1 3 1 2 1 1 1 4 1 1 2 1 3 3 2 1 1 1 1 2 1 1 1 1 3 2 1 1 2 1 1 1 1 1 2 1 3 3 1 1 2 1 2 1 1 1 3 1 1 1 2 2 2 1 1 1 1 3 1 3 1 1 2 1 1 1 2 1 3 1 3 2 2 2 1 3 2 1 5 1 1 1 1 2 4 1 2 1 2 1 3 3 3 1 1 2 2 3 2 1 3 2 1 1 1 2 2 2 2 1 2 1 3 1 1 2 1 1 4 4 1 1 2 1 3 3 1 2 3 2 1 2 1 2 1 1 1 1 1 1 2 1 1 1 1 2 1 4 1 1 2 1 5 1 1 2 3 1 4 2 4 1 3 1 3 1 1 1 2 2 1 2 1 3 4 4 2 2 1 2 1 2 2 1 1 3 1 1 2 1 2 4 1 2 1 1 1 1 3 3 1 3 4 1 1 1 2 2 3 2 4 2 1 1 1 3 3 1 1 2 1 1 2 2 2 1 1 2 2 2 2 5 4 2 4 1 2 2 1 1 2 1 2 1 1 1 1 1 2 1 1 3 1 2 3 1 3 3 1 3 2 1 1 2 1 2 1 4 4 2 1 1 2 1 2 1 2 1 2 1 2 1 2 3 1 2 3 1 2 2 3 4 2 1 1 1 1 2 1 1 1 1 3 1 2 1 2 1 1 3 1 2 2 1 2 2 1 2 1 3 2 1 3 1 1 1 1 1 1 1 2 2 1 2 2 1 1 1 2 1 2 1 2 1 3 1 2 3 1 2 1 1 1 2 1 1 1 2 3 1 1 3 2 3 2 1 2 3 2 1 1 2 2 1 4 1 1 2 2 3 3 4 1 1 2 1 2 3 3 1 1 1 1 1 1 5 1 1 2 4 1 1 1 1 1 1 2 2 1 1 1 4 1 1 2 2 4 2 3 1 3 1 1 3 1 3 2 3 1 1 1 1 3 2 1 1 2 2 3 1 1 1 1 1 1 1 1 1 1 2 1 1 6 3 3 1 1 2 1 1 3 1 1 2 1 2 1 1 1 1 2 1 2 3 4 1 3 1 1 1 2 2 2 1 1 1 2 2 2 2 1 4 3 1 1 1 2 4 1 1 3 1 2 2 1 1 1 4 2 3 2 2 1 3 1 3 2 3 2 2 1 3 1 2 2 1 4 2 1 2 2 3 2 2 1 1 2 1 1 1 1 1 2 1 2 2 3 1 1 1 1 3 1 2 1 1 1 2 1 1 1 1 1 1 2 2 1 4 1 4 1 2 1 1 1 1 2 1 1 1 2 1 5 1 3 2 1 2 1 2 1 1 2 3 3 2 1 1 2 4 2 2 2 2 2 3 2 1 1 1 1 2 1 2 1 1 2 1 3 3 1 2 2 1 1 1 1 2 2 1 3 2 2 1 1 1 1 1 1 2 1 2 2 1 3 1 1 4 1 3 1 1 2 1 2 1 3 2 1 1 1 2 1 1 1 4 2 2 2 2 1 1 1 1 1 2 2 2 1 2 1 1 1 3 2 6 2 3 3 2 1 1 1 2 1 4 3 3 2 5 1 4 1 3 1 1 4 1 2 1 6 2 1 4 2 1 2 2 5 3 2 1 1 1 2 1 1 3 2 2 4 1 2 1 1 3 2 1 1 1 3 2 4 2 1 2 1 1 1 2 1 1 1 1 2 2 1 3 1 1 1 1 3 2 1 1 3 4 1 1 1 2 1 2 1 1 3 3 1 1 2 2 2 1 1 1 1 1 1 1 1 1 2 1 1 1 4 2 2 2 2 1 1 1 1 1 1 4 1 1 2 2 2 3 3 3 1 4 1 2 1 1 2 1 1 2 1 1 1 2 1 3 2 1 1 4 3 1 3 1 2 1 1 2 1 2 2 2 1 1 1 1 1 1 2 2 1 3 2 4 3 1 1 2 1 2 2 3 2 1 3 2 1 3 3 2 1 1 1 1 1 1 2 1 1 1 3 1 1 1 2 2 2 2 3 4 4 1 1 2 1 3 2 1 3 2 3 2 1 2 3 1 1 1 4 1 2 1 1 1 1 2 1 2 2 2 1 4 3 1 1 1 3 1 4 2 2 1 1 3 2 1 1 1 1 1 2 1 1 1 3 1 2 2 2 3 2 1 2 1 4 2 2 1 1 2 3 2 1 2 1 2 1 1 2 2 1 3 3 2 3 2 2 1 2 3 1 1 1 1 1 3 4 1 1 1 1 3 1 4 1 1 2 2 1 3 3 2 4 1 1 2 1 1 3 1 2 1 2 1 2 3 3 5 1 2 3 1 2 1 1 1 1 1 6 2 2 2 3 2 1 1 1 3 1 1 1 1 1 1 5 2 1 2 4 2 3 1 3 1 1 2 1 3 2 2 3 2 1 5 1 1 1 1 2 1 1 2 1 1 2 4 1 1 1 2 2 1 3 1 1 2 3 2 2 2 1 1 2 1 2 1 1 1 2 2 1 2 2 4 1 3 1 1 2 1 1 1 1 2 2 5 1 1 1 2 1 2 1 3 2 1 1 2 2 2 2 2 1 1 1 2 1 4 2 4 1 1 1 1 3 4 2 1 1 1 1 1 1 2 2 2 2 2 1 3 1 2 1 3 2 2 3 4 2 1 1 1 2 2 2 1 1 1 2 1 3 4 1 1 1 1 2 2 2 1 1 3 2 1 1 4 3 4 1 3 2 1 1 1 1 2 2 1 1 2 4 1 1 1 1 2 2 1 2 2 1 1 2 1 2 2 6 3 2 1 1 1 2 1 1 1 3 1 1 1 2 2 2 1 1 1 1 1 4 2 2 1 2 1 1 2 3 1 1 1 1 1 1 2 2 1 1 3 3 1 1 1 3 2 5 2 1 1 2 3 1 2 1 1 1 1 1 1 5 1 1 1 1 1 2 1 6 1 3 2 1 1 1 1 1 1 2 1 1 2 1 2 3 2 2 1 4 4 3 1 2 2 4 1 4 3 1 2 2 1 3 1 1 2 2 2 3 2 1 3 1 2 2 1 1 2 2 1 1 1 3 2 3 1 3 1 1 1 1 1 1 1 3 2 2 1 1 2 1 2 1 1 1 4 1 3 1 2 1 1 2 1 2 2 1 1 1 2 2 1 3 1 2 1 1 2 2 1 1 2 3 2 1 1 2 2 3 2 1 2 2 1 1 2 1 3 2 3 2 3 2 1 3 2 3 2 3 1 2 1 2 1 1 3 3 2 1 2 2 1 1 1 1 2 1 1 2 1 2 1 4 2 1 1 3 2 2 2 3 1 3 2 1 2 2 1 1 1 2 1 3 1 2 1 2 2 1 2 1 1 2 2 1 1 2 1 4 5 2 1 1 1 2 1 1 1 1 1 2 3 3 2 2 1 2 2 1 3 3 4 1 2 1 1 2 4 2 2 1 4 2 1 3 2 3 4 2 1 1 2 2 1 3 1 3 1 1 1 2 1 2 2 3 1 1 2 1 3 2 2 1 3 1 1 1 1 2 1 3 1 2 2 1 2 1 1 1 1 6 2 2 2 2 2 1 1 1 1 3 2 2 2 1 2 2 1 1 3 3 2 1 1 4 2 1 4 2 4 1 1 3 1 2 2 2 1 1 2 1 3 2 3 1 1 4 2 1 3 1 1 2 2 1 3 1 1 5 1 2 1 1 2 1 1 4 1 1 2 1 2 2 1 1 1 1 1 3 4 4 2 1 2 1 2 2 1 1 1 1 1 3 1 2 1 2 2 1 2 2 2 2 1 3 1 1 2 1 2 1 2 1 3 1 1 1 2 1 2 1 2 3 1 2 1 2 2 1 1 1 1 2 2 2 3 1 1 1 5 1 
  #Test Small 12606
  #Test Medium 21961
  #Test Large 38516
