Board size [mm] 50x300

Stats side 1
  #Components with background 8
  #Components with points 46
  #Components nofly 2
  #Components notouch 2
  #Pins 14988
  #GNDs 456
  #VDDs 350
  #Clock 2
  #NoFly points 424
  #NoTouch points 292
  #Points [total] 16512

Stats side 2
  #Components with background 12
  #Components with points 47
  #Components nofly 2
  #Components notouch 1
  #Pins 15156
  #GNDs 879
  #VDDs 659
  #Clock 3
  #NoFly points 240
  #NoTouch points 122
  #Points [total] 17059

Stats board (side 1 + side 2)
  #Components with background 20
  #Components with points 93
  #Components nofly 4
  #Components notouch 3
  #Pins 30144
  #GNDs 1335
  #VDDs 1009
  #Clock 5
  #NoFly points 664
  #NoTouch points 414
  #Points [total] 33571
  #Nets 29959
    Net Size: 1335 1009 5 1 2 3 1 4 1 1 1 1 4 3 5 2 1 1 4 1 1 1 1 1 2 1 1 1 1 1 2 1 1 1 2 1 4 1 1 1 2 2 2 2 1 1 2 1 1 1 3 1 4 2 3 1 2 2 1 1 1 3 1 1 2 1 1 3 2 1 2 1 2 1 3 2 2 2 1 1 1 2 1 1 1 1 1 1 4 1 2 2 1 2 1 2 2 1 1 2 2 1 1 1 3 1 2 3 4 1 1 1 3 1 1 1 2 2 1 3 2 3 1 1 2 1 2 1 1 1 1 1 1 2 2 1 2 3 5 4 1 2 1 2 1 2 1 2 4 1 2 2 1 3 2 1 1 1 1 1 1 1 1 2 3 1 2 2 3 1 1 2 1 2 2 2 2 1 1 2 2 2 1 1 1 2 1 1 2 1 2 2 1 2 1 1 3 2 1 2 1 2 1 2 2 2 1 5 2 1 2 1 3 2 2 2 3 1 2 1 1 1 1 2 2 1 1 1 2 1 1 1 1 3 2 1 1 1 1 3 2 1 2 1 1 3 1 1 1 1 1 2 2 1 2 2 2 2 1 1 1 1 1 1 1 2 2 3 1 1 2 2 1 2 1 1 2 1 1 1 1 1 1 3 1 3 1 2 1 2 1 3 1 2 1 1 1 3 2 3 1 1 3 1 1 2 1 1 2 3 1 1 2 2 1 3 2 1 2 1 3 1 2 2 2 1 2 1 2 1 3 2 1 3 1 2 1 2 2 2 1 1 1 2 3 5 1 3 1 2 2 5 1 2 4 1 3 2 1 1 4 2 1 1 3 3 1 2 2 2 1 1 3 4 1 1 1 3 1 2 2 1 1 2 2 2 1 3 1 3 2 1 3 2 3 1 1 2 1 1 1 2 1 1 1 1 1 1 2 1 1 3 4 1 1 1 2 1 1 1 3 1 1 3 1 1 1 1 1 4 1 3 2 1 1 1 3 1 3 1 2 2 3 2 1 2 1 2 1 1 1 1 2 1 1 3 1 1 2 3 2 1 1 1 2 1 2 1 1 1 2 2 1 2 2 1 1 1 1 2 1 1 1 1 1 1 1 1 2 1 1 1 3 4 2 2 1 1 2 8 3 3 2 2 1 1 2 2 2 1 1 1 3 2 1 1 3 1 2 2 2 4 1 2 1 1 5 1 1 2 3 1 1 2 2 2 1 1 1 1 1 1 1 2 2 1 2 2 4 2 2 2 3 2 2 2 3 1 2 1 1 2 1 1 2 1 3 1 2 4 1 1 2 1 1 3 1 1 1 4 2 1 1 1 2 3 1 3 3 1 1 2 2 2 1 3 2 2 1 2 1 3 2 1 1 1 1 2 2 3 1 1 1 1 1 2 1 3 1 1 1 1 5 1 1 1 2 1 1 1 1 2 5 1 1 1 1 2 4 1 1 1 2 1 1 1 1 2 1 2 1 1 2 4 1 2 1 2 1 2 1 1 4 1 2 1 3 2 2 1 1 2 1 3 1 2 1 3 1 1 2 1 3 4 1 3 1 3 1 2 1 1 1 1 1 1 1 2 1 4 1 3 1 2 1 3 2 1 1 2 2 1 4 2 2 2 1 1 1 1 1 4 1 1 2 3 1 1 1 1 1 1 3 5 1 3 1 1 2 2 2 1 1 3 5 1 1 1 2 1 1 1 1 1 1 2 3 3 1 2 3 4 3 1 1 1 1 1 2 3 2 2 1 4 3 2 2 1 1 1 2 3 2 1 2 2 2 2 1 1 1 2 2 1 2 1 1 1 2 1 1 1 2 1 1 2 3 2 3 1 1 2 1 3 1 3 1 2 1 2 3 2 1 2 1 1 1 1 2 3 2 4 1 1 3 3 3 2 1 3 4 1 3 1 1 3 1 2 2 1 1 4 2 1 1 2 2 1 3 2 2 1 4 1 1 1 2 1 1 1 2 1 1 2 1 1 2 2 1 2 2 2 2 1 1 1 1 1 1 2 2 1 1 2 2 2 3 1 3 1 1 1 2 1 3 3 2 1 2 2 1 3 2 1 2 1 1 2 3 2 1 1 1 2 1 4 1 2 1 2 1 1 4 1 2 1 1 1 1 2 2 1 1 1 1 2 2 2 3 3 1 1 3 2 1 1 3 2 1 2 2 1 1 1 2 1 4 1 2 2 1 1 2 3 2 1 3 2 2 2 4 1 1 1 1 2 2 1 1 1 1 1 4 4 1 2 1 1 1 2 4 2 1 2 2 3 1 1 1 1 2 1 2 2 2 1 1 1 3 1 1 1 2 1 1 1 2 1 2 1 1 1 1 3 1 1 1 1 1 2 1 2 1 2 2 2 1 3 1 1 1 2 1 4 1 2 1 1 2 1 2 1 1 1 1 2 2 2 1 3 4 3 1 1 1 2 3 1 1 1 2 1 2 1 2 1 1 1 1 1 2 1 2 3 1 1 3 1 5 2 6 1 3 2 1 1 1 2 1 3 1 1 2 2 2 2 1 2 1 2 4 3 3 1 2 1 4 2 1 1 1 1 2 3 1 1 3 2 1 2 3 2 1 1 4 1 1 2 1 1 2 1 2 1 2 1 2 1 2 1 2 2 1 1 2 1 2 1 2 1 2 1 2 1 2 1 2 1 1 3 1 2 1 1 1 1 3 2 1 3 3 1 1 1 1 2 2 2 2 1 2 4 1 1 1 1 1 2 2 1 2 1 4 1 3 1 2 1 3 1 3 2 2 3 1 1 1 3 1 2 2 1 1 3 1 1 2 2 1 1 1 5 1 2 1 2 2 1 2 2 1 1 1 2 2 4 1 1 2 1 3 1 2 1 4 1 1 1 1 2 2 1 3 1 2 1 3 1 1 2 1 1 1 4 1 2 1 3 1 1 1 1 1 2 3 1 3 2 1 2 1 1 1 2 3 2 3 3 1 1 1 1 2 1 2 1 2 2 3 1 1 1 1 3 1 1 2 3 1 1 3 2 2 2 2 3 3 2 1 2 2 2 1 3 2 1 4 1 2 1 1 1 2 3 2 1 1 2 3 2 2 1 1 3 1 2 3 2 2 2 1 3 1 2 1 1 2 1 2 1 2 1 1 1 2 1 2 1 2 2 1 1 1 1 1 1 2 1 1 2 5 1 3 5 1 1 1 1 1 1 2 2 1 1 2 2 1 3 2 2 1 1 2 3 1 2 1 2 2 2 3 1 2 1 2 1 1 1 2 1 1 2 1 1 1 1 1 1 1 1 1 2 1 1 1 2 2 3 3 1 1 1 1 1 2 2 4 1 1 3 3 1 1 2 1 2 1 1 1 1 1 1 1 4 1 1 2 3 1 1 2 2 2 2 1 1 1 2 1 1 1 3 2 1 1 2 2 2 2 1 1 2 4 1 1 3 2 4 1 1 1 3 1 2 1 1 1 1 2 1 2 1 2 2 1 3 2 1 1 1 1 1 1 1 2 1 2 4 1 3 1 2 2 1 1 1 2 3 1 2 2 2 4 1 5 1 2 1 1 1 3 2 1 4 3 1 1 2 2 1 1 1 2 2 1 1 2 2 1 1 1 1 1 1 1 1 1 3 1 1 3 2 2 2 1 1 3 1 2 2 3 1 1 1 2 2 2 1 2 1 2 1 2 2 1 1 2 2 1 1 2 1 2 2 5 2 4 2 1 2 1 1 4 1 1 1 3 1 2 2 1 2 1 1 1 1 1 3 2 1 1 1 3 1 1 2 1 1 2 1 3 2 4 1 1 2 1 1 1 1 2 2 1 3 2 3 2 2 2 3 2 1 2 3 2 4 2 2 4 2 1 1 1 2 1 3 2 2 3 1 1 2 1 4 1 1 2 4 2 3 2 4 1 1 1 2 2 2 1 1 1 1 1 1 2 2 1 2 2 2 2 2 1 1 3 1 3 2 1 3 1 1 2 1 1 1 3 1 1 2 2 2 2 3 1 2 1 2 2 3 1 1 2 2 3 2 1 3 1 1 1 2 1 1 4 2 2 1 1 1 2 1 2 1 1 2 1 1 2 3 1 1 1 1 1 4 1 1 2 1 4 2 2 1 1 3 4 1 1 2 2 2 3 3 2 
  #Test Small 2854
  #Test Medium 5793
  #Test Large 8074
