Board size [mm] 325x275

Stats side 1
  #Components with background 138
  #Components with points 682
  #Components nofly 6
  #Components notouch 6
  #Pins 121724
  #GNDs 3878
  #VDDs 3163
  #Clock 77
  #NoFly points 940
  #NoTouch points 1048
  #Points [total] 130830

Stats side 2
  #Components with background 143
  #Components with points 640
  #Components nofly 0
  #Components notouch 0
  #Pins 117414
  #GNDs 3803
  #VDDs 3034
  #Clock 51
  #NoFly points 0
  #NoTouch points 0
  #Points [total] 124302

Stats board (side 1 + side 2)
  #Components with background 281
  #Components with points 1322
  #Components nofly 6
  #Components notouch 6
  #Pins 239138
  #GNDs 7681
  #VDDs 6197
  #Clock 128
  #NoFly points 940
  #NoTouch points 1048
  #Points [total] 255132
  #Nets 14453
    Net Size: 7681 6197 128 1 4 2 1 1 2 1 1 1 2 3 1 3 1 1 4 2 2 1 3 1 2 3 1 1 1 1 1 4 3 1 3 1 1 2 1 2 1 1 2 2 2 1 2 1 1 1 2 2 1 1 2 1 1 1 3 6 4 1 3 1 2 2 2 1 1 3 1 1 2 1 2 1 2 1 2 2 1 2 1 3 2 2 2 2 1 4 1 1 1 1 1 1 2 1 2 1 2 1 1 3 1 2 1 2 2 1 5 3 1 1 1 2 2 1 1 1 3 1 2 1 1 3 2 1 2 2 1 3 1 1 1 1 1 3 1 1 1 2 1 2 1 1 1 2 1 1 1 1 1 1 2 1 2 1 1 1 1 2 2 2 1 2 1 1 1 3 1 1 2 1 1 3 1 4 2 2 2 2 1 2 2 3 1 1 1 1 2 1 2 2 1 1 1 1 2 3 1 1 1 4 1 2 1 1 1 1 5 1 3 1 1 4 1 2 3 2 2 3 1 1 2 1 2 1 1 3 1 1 2 1 2 2 1 1 2 1 1 2 3 1 1 2 2 1 1 1 1 1 1 1 2 1 1 1 2 2 4 1 1 1 1 3 2 1 2 2 2 2 2 2 4 1 2 1 3 1 1 1 2 1 2 3 2 1 1 2 1 4 1 1 1 1 2 1 1 2 2 1 1 1 2 1 1 1 1 2 2 1 3 2 4 2 3 3 1 2 1 1 3 3 1 3 4 2 1 1 1 2 2 2 3 3 3 1 1 2 1 2 3 2 1 4 2 1 1 3 2 2 1 1 1 1 4 2 1 1 2 3 2 1 2 2 3 2 1 2 1 2 1 3 3 1 1 1 1 1 1 1 2 1 1 1 4 2 1 1 1 3 1 4 2 2 2 1 1 1 1 1 1 2 1 1 4 3 2 1 2 1 2 1 1 1 1 2 1 1 1 1 3 1 4 1 1 1 2 2 3 1 3 2 1 2 1 2 2 1 1 3 1 5 1 1 1 1 1 3 2 1 1 1 1 1 1 2 1 3 2 1 1 2 1 1 1 1 2 2 1 2 1 2 1 1 3 4 3 1 1 1 3 1 1 1 1 3 1 1 1 2 1 2 1 1 1 3 1 2 2 2 1 1 2 1 1 2 3 3 3 1 2 2 1 1 2 2 2 2 1 1 1 2 1 1 1 1 1 2 1 1 1 2 2 1 2 4 2 1 1 3 1 1 2 1 1 4 3 1 1 2 1 1 1 1 1 1 2 5 2 1 1 1 1 2 2 1 2 4 1 1 1 1 3 1 1 1 1 2 1 2 2 1 1 1 1 2 2 1 1 1 1 4 1 2 1 3 2 3 1 2 1 1 1 2 1 1 1 2 1 1 1 2 1 1 1 2 1 1 1 1 1 2 1 1 1 2 1 1 1 1 1 1 2 2 1 1 1 1 2 2 1 1 1 2 2 1 1 1 2 2 3 2 1 1 3 1 1 1 1 1 1 1 1 3 1 1 2 1 2 2 1 1 1 1 1 3 2 2 1 2 2 1 1 1 1 1 1 1 1 1 1 1 1 1 2 1 1 1 1 3 2 1 1 1 3 1 1 1 2 1 1 1 1 1 1 1 2 1 1 2 1 4 1 3 2 2 1 1 2 1 1 1 1 2 2 2 1 1 1 2 1 1 2 1 4 1 2 1 2 2 1 1 3 2 4 1 1 1 2 1 2 1 1 1 1 1 1 2 1 1 1 1 2 1 2 2 1 3 2 2 1 2 1 1 3 1 1 4 2 4 2 2 2 1 1 1 2 2 3 1 1 1 1 1 1 1 1 3 2 4 1 3 3 2 3 1 1 3 1 1 2 2 1 1 2 2 2 1 1 1 3 1 2 1 1 4 1 2 3 3 2 2 2 3 1 1 2 2 1 1 1 1 1 2 2 1 1 1 1 1 1 1 2 3 1 1 2 2 1 1 2 2 1 2 1 1 1 1 2 2 1 1 2 2 1 1 1 1 3 2 2 3 2 3 1 1 2 1 2 1 2 1 1 2 1 1 2 2 1 1 3 1 2 2 2 1 2 2 1 1 1 2 2 1 2 3 1 1 2 1 1 1 1 2 3 1 1 1 1 3 1 3 2 2 1 2 2 2 2 1 1 1 2 2 4 2 1 2 1 1 1 1 1 1 3 1 3 1 4 1 1 1 1 2 1 1 1 1 2 1 2 2 1 1 1 2 1 2 3 1 1 1 2 2 2 1 3 1 2 1 2 2 1 2 2 5 1 2 2 1 1 1 1 4 5 1 2 1 2 2 2 1 1 1 1 2 1 4 1 2 1 4 1 2 1 1 2 1 1 1 3 1 2 1 2 1 2 1 2 2 1 1 3 3 2 2 2 3 1 1 3 1 3 1 1 1 1 2 1 2 1 1 1 1 1 1 1 2 2 1 1 1 1 2 4 1 2 2 2 1 1 3 2 1 2 1 1 1 1 2 2 1 2 2 1 1 2 1 2 2 1 1 1 3 1 1 2 3 2 2 2 1 1 1 1 4 1 1 5 1 1 2 3 1 1 1 1 3 3 1 1 1 1 1 1 4 1 1 2 1 1 2 1 1 3 3 1 2 1 8 3 1 1 3 3 1 3 1 2 1 2 2 1 2 1 3 1 2 1 1 1 1 1 2 1 3 1 1 3 2 4 2 3 2 1 1 1 2 4 1 1 3 3 3 4 4 1 2 1 1 3 2 2 2 1 1 1 1 6 2 1 2 3 1 1 1 5 3 1 1 1 2 1 2 2 2 2 1 2 2 2 3 2 3 1 1 6 1 1 2 1 1 1 2 2 2 2 1 1 2 1 3 4 3 1 1 1 1 3 1 2 1 1 3 1 2 2 2 1 1 1 2 1 1 3 1 4 3 1 1 3 2 1 2 2 1 1 1 1 1 1 1 1 1 1 1 1 2 2 3 1 3 1 1 1 3 2 1 1 1 1 4 1 2 3 3 1 4 1 1 2 1 3 1 3 1 1 1 1 1 1 1 2 1 2 1 1 1 2 2 1 1 2 3 1 2 1 2 1 2 1 1 2 1 1 1 2 1 1 1 1 3 2 1 1 1 1 1 2 2 1 1 4 1 3 3 2 4 2 3 2 2 4 1 2 2 3 2 2 1 2 1 2 1 1 1 1 1 1 2 1 2 1 2 1 1 1 2 1 1 1 1 2 2 1 2 3 1 2 1 2 3 1 2 1 1 1 1 2 1 1 1 1 1 1 2 1 1 2 2 2 2 1 1 2 2 2 1 1 2 1 1 1 3 1 2 2 3 2 1 3 1 2 2 1 1 3 2 1 1 4 3 1 2 3 2 1 1 1 1 3 3 2 1 2 1 1 2 5 2 2 1 2 1 2 1 1 1 1 1 1 1 2 3 3 1 2 3 2 4 1 1 1 1 3 1 3 2 2 1 3 2 1 2 1 1 1 2 3 1 1 2 1 1 1 3 1 1 2 2 2 1 1 2 3 2 1 1 4 1 1 1 3 1 1 2 1 2 1 1 1 1 1 3 5 1 1 3 2 2 1 1 2 6 3 3 1 2 1 1 2 2 1 1 1 1 2 2 3 1 1 4 1 1 2 2 1 1 3 2 1 2 1 3 1 1 2 2 1 1 1 3 1 1 1 1 2 2 1 1 1 1 1 1 1 3 2 1 2 1 1 3 1 1 1 1 2 2 1 1 3 2 2 1 2 1 2 1 1 5 1 1 2 2 1 3 2 3 2 4 2 1 1 3 3 2 1 1 2 2 1 1 1 1 1 1 3 2 2 1 1 1 1 3 1 2 1 1 1 3 2 1 1 1 1 1 1 2 1 1 1 3 1 1 2 1 2 1 1 1 2 1 2 2 1 2 4 2 2 1 1 1 4 1 1 1 2 1 1 1 2 2 1 2 1 2 1 1 1 2 1 1 1 2 1 2 1 1 1 1 1 2 1 2 1 2 1 1 1 3 1 2 1 1 1 1 1 3 3 2 1 1 1 1 1 1 2 3 1 2 2 1 2 1 4 1 3 1 2 1 1 1 1 1 2 1 2 2 1 1 5 1 2 1 1 1 4 1 1 3 1 2 2 2 3 1 2 1 1 1 1 1 1 1 1 1 2 2 4 3 1 1 2 1 1 2 1 1 1 1 2 1 1 1 3 4 2 1 1 1 2 1 2 2 1 2 2 5 1 2 2 2 1 3 1 1 1 1 1 2 2 1 1 1 2 1 1 1 3 1 1 2 2 2 1 1 3 3 2 2 1 1 1 1 4 5 2 3 2 1 1 1 2 2 2 3 1 4 1 4 1 2 3 1 1 1 2 1 1 2 2 1 1 1 2 1 1 1 1 2 1 3 1 3 2 2 1 1 1 3 1 1 1 3 2 1 2 2 1 1 2 1 2 2 4 1 1 1 1 1 1 3 2 3 2 1 1 1 1 3 1 2 1 2 1 1 1 1 2 1 2 3 3 2 1 1 2 4 1 3 1 2 1 2 2 1 2 1 1 1 2 2 1 2 3 2 1 1 2 1 1 2 1 4 1 1 2 1 1 1 3 2 1 4 2 1 2 1 2 1 2 2 1 2 2 2 1 3 1 2 2 1 6 1 1 4 1 2 1 3 1 2 2 1 1 1 2 3 1 2 2 1 1 2 2 2 2 1 4 1 2 1 1 1 1 1 3 4 1 1 1 1 1 1 1 1 1 1 1 2 1 1 1 1 2 2 1 1 1 4 2 1 1 1 2 1 2 2 2 1 1 1 2 1 1 3 2 3 1 1 2 1 2 3 1 2 2 1 1 2 1 1 3 1 2 1 1 1 3 3 1 2 1 1 3 2 2 2 1 1 3 2 1 1 2 2 1 1 1 1 1 4 1 1 2 3 1 1 1 1 2 2 1 3 2 1 2 3 1 1 3 3 1 3 2 1 2 1 3 1 1 2 2 2 2 2 2 1 3 2 3 2 1 1 2 1 4 3 1 1 1 1 1 1 4 4 2 1 1 2 1 2 2 1 1 1 1 1 2 1 1 1 2 3 1 1 1 1 1 1 1 1 1 1 1 1 2 2 1 1 1 1 2 1 1 1 2 3 1 1 1 2 2 1 3 1 2 1 1 1 1 4 3 2 1 1 1 1 1 1 2 1 1 3 2 1 1 3 1 1 1 1 1 2 1 1 2 3 2 4 4 1 1 2 1 1 1 1 2 1 1 2 1 2 1 3 2 2 3 2 1 1 1 3 1 1 1 2 1 1 2 1 1 1 5 1 2 1 1 2 1 1 1 1 2 1 1 2 1 1 1 1 1 3 1 2 2 2 2 1 3 1 2 1 1 2 1 2 1 1 1 1 1 1 2 1 1 1 2 2 2 2 2 1 1 2 1 1 1 1 1 2 2 2 1 1 1 2 1 2 1 1 2 2 4 3 1 1 1 2 1 2 1 1 2 2 1 3 2 1 3 2 2 3 2 1 1 2 2 3 3 1 2 1 1 1 1 3 3 1 1 1 1 3 1 1 1 1 2 1 1 3 2 2 3 2 1 2 2 2 1 1 1 1 1 1 2 1 1 1 2 1 1 1 1 2 1 3 2 2 3 1 1 3 1 2 2 3 1 1 4 1 1 2 1 1 1 1 1 1 1 1 1 2 2 1 1 1 5 1 1 1 3 1 2 2 2 2 2 1 2 1 2 1 1 1 4 3 1 1 1 1 1 1 1 3 1 1 2 1 1 1 1 2 1 1 1 1 1 1 1 1 1 2 1 2 2 1 1 3 1 1 2 1 3 2 3 3 2 1 2 2 1 2 2 3 1 2 1 1 3 1 3 1 1 1 1 1 2 3 2 2 2 2 1 1 1 1 2 1 1 3 1 1 1 1 1 2 1 1 1 3 1 1 3 1 2 3 2 2 1 1 2 2 1 3 2 1 1 1 1 1 2 1 3 1 3 1 1 2 3 1 3 1 1 2 2 3 2 1 1 2 1 2 1 1 1 1 2 1 1 1 1 1 1 1 1 1 2 2 1 1 2 1 1 1 2 1 1 1 1 1 1 1 2 2 2 1 2 2 2 1 2 2 3 2 1 1 1 1 2 1 1 1 1 4 1 1 1 3 2 1 2 2 2 2 3 2 1 1 1 3 1 2 1 1 4 1 1 2 2 4 1 1 1 1 2 2 1 1 1 1 4 2 1 1 2 1 3 1 1 1 2 5 1 1 3 1 1 2 1 2 1 1 2 2 2 1 1 2 2 3 2 3 1 1 2 2 4 1 1 2 2 2 3 1 1 3 2 2 3 1 2 3 2 1 1 2 2 1 2 2 2 1 2 2 2 2 1 4 3 2 2 2 2 1 1 1 1 3 1 1 2 2 1 1 1 1 3 3 2 3 2 1 1 3 1 1 1 1 1 1 1 1 2 2 1 2 1 2 1 1 1 2 1 4 2 2 1 1 2 1 1 1 2 1 1 1 1 2 1 2 1 1 2 2 5 1 2 4 2 2 1 1 1 2 1 1 1 2 2 4 2 2 3 1 1 1 1 1 3 1 3 2 1 4 2 1 1 2 1 1 1 1 1 1 1 1 1 1 1 2 2 1 1 2 3 2 3 1 1 2 1 3 1 1 2 1 3 1 2 1 1 1 2 3 2 1 1 2 2 1 2 2 1 1 1 1 2 2 1 1 2 1 1 2 2 1 1 1 2 1 1 1 4 1 1 1 2 2 1 1 5 1 1 2 2 1 4 2 1 3 1 1 1 2 1 3 2 1 2 2 3 2 1 1 1 3 1 1 2 2 2 1 1 1 2 1 1 1 3 2 2 1 1 2 1 1 2 2 3 1 1 1 2 2 1 1 1 1 1 1 4 3 1 2 1 3 1 2 2 1 1 1 1 1 1 1 1 1 1 3 1 3 2 2 1 2 1 1 2 4 1 1 1 3 2 3 2 1 1 2 1 1 1 1 1 1 1 3 1 2 2 3 1 2 1 1 1 2 2 1 1 1 1 1 3 1 1 1 2 1 1 1 1 1 2 3 1 3 3 1 1 1 3 1 2 1 1 3 1 2 1 1 1 1 1 2 3 1 1 1 2 2 1 1 1 1 1 4 1 1 1 2 2 3 1 5 3 3 1 1 2 3 1 3 1 2 3 1 1 1 1 1 1 3 1 2 2 2 2 4 1 2 4 1 1 2 3 3 1 1 1 1 1 3 2 1 1 1 1 1 2 2 3 1 2 2 2 1 3 1 1 3 1 1 1 1 1 1 1 1 1 1 1 1 1 3 3 2 2 1 2 1 1 1 1 3 1 3 1 1 1 1 1 1 1 1 2 1 2 1 2 1 1 1 1 1 1 2 2 1 1 1 3 2 2 2 1 2 1 1 1 1 1 1 1 2 1 3 1 1 2 2 1 3 1 2 3 1 2 1 3 2 1 1 2 1 1 3 2 3 1 2 1 2 3 2 3 2 2 1 1 1 1 1 2 1 1 1 1 1 1 1 2 3 3 1 1 1 1 1 2 3 4 3 4 1 1 3 1 1 1 1 4 1 2 1 5 3 1 4 1 1 3 1 1 1 2 2 4 1 5 1 2 2 2 1 2 1 5 1 1 1 1 1 2 1 1 2 2 3 3 3 2 3 2 2 1 2 2 1 1 2 2 1 1 2 1 2 3 2 1 1 1 2 2 2 2 1 4 2 2 1 1 2 2 2 2 1 1 1 1 3 2 1 5 1 1 2 1 3 2 1 1 1 1 2 1 1 1 2 1 1 3 2 2 1 1 3 2 2 1 1 2 2 1 2 1 1 4 3 3 3 1 4 1 1 1 1 1 1 1 1 3 1 6 4 1 2 5 1 2 2 1 2 3 1 2 2 2 1 1 1 1 1 1 1 1 1 3 5 1 2 3 1 3 1 1 1 2 1 3 1 2 1 2 2 1 2 1 3 1 1 1 2 2 2 2 3 1 1 4 1 2 1 2 1 1 3 1 1 1 1 3 1 3 1 1 2 1 2 1 1 1 1 3 1 1 2 2 1 1 1 4 1 1 2 1 2 3 2 2 1 1 1 2 3 2 1 1 1 1 1 1 1 1 2 1 2 1 1 1 1 2 1 3 1 2 2 2 2 2 1 3 2 1 1 1 1 1 3 1 1 1 1 1 2 2 2 1 2 1 1 2 1 1 2 1 1 3 1 1 2 3 1 3 1 2 2 1 1 2 1 2 1 1 2 1 2 1 2 3 1 2 1 3 3 1 3 1 1 1 1 2 1 1 2 2 3 2 1 1 2 2 1 1 3 1 1 1 1 3 1 1 3 4 1 3 1 1 1 1 3 1 1 1 1 1 2 3 3 2 2 1 1 2 1 1 2 2 1 1 1 2 1 1 4 2 1 1 1 1 1 2 1 2 2 1 4 1 2 1 1 2 2 2 1 1 2 2 1 2 2 3 1 1 2 1 2 5 2 2 1 1 2 2 2 3 1 1 2 2 2 2 3 2 1 1 1 1 2 2 1 1 2 1 1 1 1 1 2 1 1 1 1 1 1 1 1 2 2 2 1 1 1 4 2 2 1 1 1 1 3 2 1 2 1 3 1 3 4 1 1 1 2 1 2 1 1 2 1 1 2 1 2 2 2 2 2 3 2 1 2 3 1 1 1 1 2 2 1 3 1 2 2 1 1 2 1 1 1 1 1 1 1 2 2 3 2 1 1 2 4 2 1 1 1 3 2 1 1 1 2 2 1 1 1 2 1 1 2 1 1 2 1 1 2 1 1 1 2 2 2 1 1 1 3 1 1 3 1 2 3 2 1 1 1 2 2 1 2 4 2 1 1 1 1 1 1 2 2 3 1 1 2 1 6 1 1 1 2 1 1 1 1 3 1 1 1 2 2 1 2 2 1 1 1 2 1 1 1 1 1 1 1 1 2 3 1 3 3 2 1 3 1 1 1 2 1 2 1 3 1 4 1 2 1 1 1 1 1 1 1 1 1 1 1 1 3 1 3 1 1 1 1 2 1 1 2 2 1 1 2 4 1 3 1 1 2 1 1 1 2 2 1 1 1 1 1 1 2 1 1 1 1 3 1 1 1 1 2 3 1 1 3 1 1 2 1 2 2 1 1 1 3 2 4 1 4 3 1 1 3 1 3 2 1 1 1 1 1 1 2 4 2 1 1 1 1 1 2 1 2 1 1 1 1 2 2 1 4 1 1 1 1 2 2 1 1 1 1 1 2 3 2 1 2 1 1 1 1 1 1 1 1 2 1 2 2 3 1 1 3 1 2 2 1 2 1 3 4 1 1 3 1 1 2 1 2 3 1 2 1 2 1 4 1 1 2 1 1 1 2 1 1 3 1 2 3 1 1 1 3 1 2 1 2 2 1 1 2 1 1 1 2 1 1 1 1 1 1 2 1 1 2 1 3 1 3 4 1 1 2 1 3 1 2 1 1 2 2 1 1 1 1 1 2 1 1 1 1 1 3 1 1 1 2 1 2 2 2 1 1 1 4 3 3 3 2 1 1 3 1 1 2 1 3 2 1 2 1 1 3 4 4 3 2 3 1 1 2 1 1 2 3 1 3 1 1 1 2 1 2 1 1 1 1 1 1 3 2 1 1 1 3 2 2 1 3 1 2 1 1 1 1 1 2 3 1 4 6 1 1 3 1 1 1 3 1 1 1 3 2 2 1 3 2 1 1 1 1 1 1 2 1 3 1 1 2 1 1 2 1 2 1 1 1 1 2 1 3 2 2 1 2 1 2 1 1 1 1 1 2 2 2 1 3 1 1 1 2 1 1 2 3 2 1 1 1 1 1 3 3 2 3 1 2 1 1 1 2 4 1 2 2 1 1 1 1 1 1 1 1 1 1 1 1 1 1 1 1 1 1 2 1 1 1 3 1 1 1 2 3 1 1 1 1 1 1 1 1 1 1 1 3 1 1 1 1 1 1 1 1 3 2 2 1 1 1 3 1 2 1 2 3 3 2 5 2 1 1 2 3 1 2 2 2 2 1 1 2 2 3 2 2 1 3 3 3 1 1 1 2 1 2 4 1 2 2 2 2 1 1 3 1 1 2 1 1 1 4 1 1 1 1 1 3 1 1 1 1 2 1 1 2 1 1 1 1 1 1 1 3 1 3 1 1 2 1 1 2 2 3 1 2 1 2 2 1 1 1 1 2 1 2 1 1 2 2 2 2 2 2 2 2 2 1 1 1 2 2 3 3 1 3 1 4 1 1 2 2 3 2 2 1 1 1 1 2 1 3 3 2 1 3 1 2 2 2 1 1 1 1 2 1 3 1 1 2 1 1 3 1 1 1 1 1 2 1 2 1 4 1 3 2 1 1 1 3 1 1 1 1 2 1 3 1 1 1 1 1 1 1 1 1 1 1 2 3 2 3 2 2 1 4 1 1 1 2 2 1 2 3 1 1 1 1 1 2 1 1 1 2 1 3 1 2 3 1 2 2 2 2 1 1 1 1 1 1 1 2 2 1 1 4 2 2 2 1 2 2 3 1 1 1 3 1 1 1 2 2 1 1 2 2 2 1 1 1 4 1 1 3 1 1 3 1 1 1 2 3 2 1 2 2 2 3 1 2 1 1 2 1 2 2 4 1 2 2 1 3 1 1 1 1 1 1 1 1 3 1 2 1 2 1 2 3 2 1 1 2 2 1 2 1 1 2 2 1 3 2 1 2 2 1 1 2 2 1 4 1 3 2 2 2 1 2 1 2 2 3 1 1 1 1 1 1 3 1 2 2 1 1 1 4 2 2 1 2 2 3 1 2 2 2 1 1 3 1 2 1 1 3 1 1 1 2 2 1 1 1 1 1 1 1 2 1 2 1 2 1 2 1 1 2 2 1 1 2 1 2 1 1 1 1 3 1 1 2 1 2 1 1 1 3 1 2 1 1 3 2 2 1 2 1 1 1 2 1 1 1 1 2 2 2 1 3 1 1 2 2 1 1 2 1 2 1 4 1 3 1 1 2 1 1 1 3 2 1 2 2 1 2 1 1 1 1 1 1 2 1 2 3 2 1 1 2 1 2 2 2 1 2 1 2 2 1 2 1 3 1 1 2 5 3 1 1 1 1 2 1 1 1 1 2 1 1 2 2 4 2 1 2 1 2 1 3 2 2 2 1 3 3 2 1 1 1 2 2 1 1 2 1 1 2 1 1 2 3 3 2 1 1 1 1 2 2 2 2 1 2 2 2 3 1 2 1 1 1 2 2 1 2 1 1 1 2 3 1 2 1 1 1 1 1 1 2 1 1 1 1 1 3 2 2 1 1 1 1 1 1 1 1 1 3 3 5 1 3 2 1 2 3 3 2 1 1 2 1 2 2 3 1 1 1 2 3 1 1 1 1 3 1 1 3 1 3 1 1 1 1 1 3 2 1 1 2 1 2 3 1 3 2 1 1 2 1 1 1 1 1 1 2 1 3 1 1 3 1 2 1 1 1 1 2 2 1 2 2 1 1 1 2 1 1 1 3 1 1 1 1 1 1 3 1 2 2 3 1 1 1 1 1 1 1 2 1 2 2 1 4 1 1 3 1 1 2 2 2 4 1 2 1 2 1 2 1 1 2 2 2 3 1 1 2 1 1 1 1 1 1 1 3 1 1 3 1 1 2 2 2 1 1 2 2 1 2 1 1 1 1 1 1 1 2 2 2 1 3 2 3 1 1 1 2 2 1 1 3 1 1 1 2 4 2 2 1 2 3 1 1 1 2 2 1 1 2 2 1 2 1 1 1 2 4 2 2 1 4 1 1 1 4 1 2 1 2 2 1 1 1 1 1 1 2 1 1 2 1 2 1 3 2 1 1 2 1 2 3 1 1 2 1 1 1 1 3 2 1 1 1 2 1 3 2 2 1 1 1 1 1 1 1 2 2 2 1 1 2 3 2 2 2 1 2 2 1 3 2 2 1 1 2 2 3 1 2 1 1 1 2 2 1 3 2 2 1 2 1 2 1 1 1 1 2 1 1 1 2 4 1 2 2 1 3 1 2 1 2 1 1 2 2 2 1 2 1 1 1 3 2 1 3 1 2 2 1 3 1 1 1 1 1 2 4 2 1 3 1 2 1 1 1 1 2 1 2 4 1 2 1 1 2 2 2 1 2 1 1 1 2 1 2 1 2 2 1 2 1 1 1 4 2 2 2 1 3 1 3 1 1 1 1 2 1 2 1 3 1 1 1 2 2 1 2 1 1 1 1 1 1 1 1 2 4 1 2 1 2 2 1 1 1 2 1 1 2 1 2 2 2 2 2 1 1 2 1 1 2 1 1 2 1 1 1 1 4 1 1 1 1 1 2 2 2 2 1 2 2 1 2 2 2 1 1 1 1 2 4 1 2 2 1 1 2 1 1 2 2 1 1 2 1 1 3 1 1 1 1 2 2 1 1 2 2 1 3 1 1 2 5 2 1 2 1 3 1 1 1 2 2 1 1 2 1 1 1 2 1 3 2 1 2 1 1 1 1 1 1 2 1 1 2 2 1 1 1 2 1 1 1 1 2 1 1 1 3 1 1 1 2 1 1 2 1 3 1 2 3 4 1 1 2 2 1 1 1 2 1 1 2 1 2 1 2 1 1 1 2 2 1 2 2 1 1 3 1 2 1 1 1 2 1 1 2 1 3 1 1 1 1 1 1 1 3 2 2 1 3 1 1 1 2 2 4 1 1 1 1 1 2 3 1 3 1 3 1 1 1 1 1 2 2 1 1 1 1 2 2 1 2 1 2 2 1 3 3 1 4 1 4 2 2 1 2 1 3 3 3 3 1 1 1 1 1 1 2 2 1 2 1 1 1 2 2 1 3 1 1 5 2 1 3 1 4 2 3 4 1 1 2 1 3 2 2 1 1 3 3 2 2 4 1 1 2 1 1 4 1 1 1 1 1 2 1 2 2 2 1 1 2 1 3 3 1 3 1 1 1 1 1 1 1 1 1 1 2 1 3 1 2 2 2 2 1 1 1 1 2 1 2 1 1 1 4 1 1 2 1 2 1 2 1 1 2 1 2 1 1 1 2 1 1 1 1 1 1 1 2 1 3 2 1 2 2 2 2 2 2 3 3 1 1 1 1 3 2 1 1 1 1 1 1 1 1 2 1 3 2 2 1 1 1 1 2 1 2 3 2 3 1 1 1 1 1 2 2 1 3 1 3 4 3 1 1 1 1 3 1 3 2 2 4 2 2 1 2 2 3 1 2 1 2 3 3 1 2 3 2 4 2 2 2 1 3 4 1 3 2 2 1 1 2 1 1 1 2 2 1 1 2 4 1 2 1 2 1 3 1 1 2 1 1 1 2 1 1 1 2 3 1 2 1 1 1 2 3 3 1 3 1 1 1 1 2 1 1 1 2 1 1 1 1 1 1 2 1 1 1 2 4 2 1 1 1 1 1 1 1 1 2 2 2 1 1 2 1 2 1 1 4 2 2 1 1 3 1 1 2 1 2 1 1 1 2 1 1 2 1 2 2 4 1 1 3 2 1 2 2 1 1 1 2 2 2 2 1 4 1 1 1 1 1 3 1 1 1 1 2 1 1 2 1 1 2 1 1 1 2 4 2 3 2 1 3 2 5 1 1 1 4 1 1 2 1 2 1 1 3 1 1 1 2 1 1 3 2 1 2 1 2 2 1 1 1 2 1 1 2 3 3 1 2 2 1 2 1 3 2 3 1 1 1 1 2 2 2 1 1 1 1 1 1 2 2 1 1 1 1 1 1 1 1 3 2 1 1 1 1 1 2 1 1 2 1 1 2 1 2 2 1 2 1 1 3 1 1 2 1 4 3 1 1 2 1 1 2 3 1 1 1 1 4 3 1 2 3 2 6 2 1 1 2 1 3 2 1 1 1 3 1 1 2 1 2 2 1 1 1 2 1 3 1 2 5 1 1 1 3 2 1 2 3 2 2 1 2 2 1 2 1 1 2 1 1 2 1 2 2 1 2 3 2 2 3 1 3 1 4 2 1 1 1 1 2 1 1 1 1 1 2 1 1 2 1 3 1 1 2 2 2 2 1 2 1 3 1 3 2 1 1 5 2 1 2 1 1 2 3 3 1 2 4 1 2 1 2 1 1 1 1 1 1 1 2 1 1 1 1 1 4 2 1 2 1 4 2 1 1 6 1 1 3 1 2 1 2 1 1 2 1 1 2 1 2 1 2 2 1 1 1 2 2 2 1 2 1 2 2 3 3 1 2 1 2 3 1 1 1 1 3 1 1 2 2 2 2 1 3 1 1 2 1 3 3 1 2 1 1 1 1 2 1 2 4 1 1 1 2 2 1 1 1 2 1 1 2 1 2 1 1 1 2 1 1 2 1 3 2 1 1 2 1 1 2 1 2 1 5 1 3 4 2 1 2 2 1 1 1 2 3 1 1 1 2 2 1 2 1 1 1 2 2 1 2 1 2 2 2 1 1 2 2 1 2 2 1 2 1 2 2 1 1 1 1 1 1 1 1 3 1 2 1 1 1 1 1 2 1 4 1 1 3 1 3 3 3 3 2 1 1 1 1 1 1 1 1 1 1 1 2 2 3 2 1 1 2 2 1 2 1 2 3 2 4 2 2 1 1 3 2 1 3 1 1 1 1 3 1 2 2 1 1 1 1 2 2 2 2 1 2 1 1 1 2 2 1 1 1 2 1 1 1 3 1 3 1 2 1 1 1 3 2 1 1 1 1 2 2 1 3 1 1 2 4 4 4 2 1 3 1 1 1 1 1 3 1 2 2 2 2 4 1 2 2 2 1 1 2 2 1 1 1 3 2 3 2 1 1 2 3 1 1 1 1 1 1 1 2 1 2 2 1 1 1 1 1 1 1 2 2 1 2 2 1 1 2 2 1 2 1 1 2 1 2 1 3 1 1 2 2 1 3 1 2 1 1 3 1 2 1 1 1 1 1 1 1 3 1 1 2 2 1 3 1 4 1 1 2 1 2 3 1 1 1 4 4 1 2 2 3 2 4 1 2 1 2 2 1 1 2 1 3 1 3 1 1 3 1 1 3 2 1 2 1 1 3 1 2 1 2 1 2 2 1 1 1 2 1 3 4 1 1 3 1 1 3 1 1 2 1 1 3 1 1 1 1 2 4 2 3 1 1 4 2 1 3 1 1 1 1 3 1 1 1 1 1 1 3 2 1 3 2 2 1 1 2 3 1 1 2 1 3 3 1 2 1 1 1 2 1 4 1 2 1 1 2 1 1 5 1 2 1 2 1 1 1 2 2 1 2 1 2 1 2 2 2 1 1 1 1 1 1 1 2 1 2 1 1 3 1 1 1 1 1 1 1 3 2 1 1 1 1 3 1 1 1 1 2 2 1 1 1 2 1 2 2 1 1 2 5 1 3 1 1 1 2 3 2 1 2 1 1 1 1 4 2 2 3 1 1 1 2 1 1 1 1 2 3 1 3 3 1 2 2 3 2 2 1 2 3 3 1 3 1 1 2 1 1 2 1 1 1 1 1 2 1 1 1 4 1 1 1 2 2 3 1 1 2 2 3 1 2 2 1 1 4 1 2 2 2 2 1 2 3 1 3 1 1 1 2 1 1 1 1 1 2 1 1 2 1 3 1 1 2 1 1 1 1 3 1 1 1 2 2 2 1 2 1 1 2 3 1 2 1 1 1 2 1 2 1 2 1 1 3 4 1 2 1 4 3 1 1 1 2 3 1 1 1 1 2 1 2 2 1 2 1 2 3 1 1 1 1 1 1 3 2 1 1 2 1 1 3 1 1 2 1 2 1 1 2 2 1 1 2 1 1 1 2 1 1 2 1 1 2 1 3 1 1 1 1 1 1 1 1 3 2 2 2 1 2 2 1 1 2 2 2 1 3 1 3 1 3 1 1 1 2 2 5 1 2 2 1 2 1 4 1 2 3 3 1 2 1 1 1 1 3 1 1 2 1 4 5 1 3 1 1 1 1 1 1 2 1 3 2 2 2 1 2 2 1 3 1 1 2 1 1 1 2 4 2 1 1 1 1 2 1 3 3 3 1 1 1 3 2 1 2 2 3 1 1 1 2 1 1 1 2 1 1 2 1 1 1 2 2 1 1 1 2 1 1 1 1 1 1 2 2 1 1 1 4 4 1 3 1 3 2 1 1 3 1 1 1 1 1 1 1 4 2 3 1 1 2 2 1 2 1 2 2 3 1 1 1 1 1 1 2 1 1 3 1 3 2 2 1 3 1 1 1 2 3 2 1 1 2 2 1 3 1 2 5 4 1 1 1 1 1 1 3 2 3 2 1 1 1 1 2 1 2 2 1 2 1 2 3 1 3 2 3 1 2 1 1 2 3 1 3 1 2 1 2 2 1 1 1 1 3 2 1 1 2 2 2 1 1 1 2 2 1 1 2 1 1 3 1 2 2 3 1 1 2 2 1 1 1 3 1 2 2 3 1 3 2 1 3 1 3 2 1 3 2 2 1 1 2 2 1 1 1 2 2 2 2 1 1 3 1 2 2 2 1 1 2 1 2 1 1 2 3 1 2 2 1 3 2 3 2 1 2 1 1 2 2 2 2 1 1 1 1 1 1 1 2 1 1 1 1 2 1 1 1 2 2 3 2 3 2 1 1 1 2 1 1 1 2 2 2 1 1 5 1 1 2 2 1 1 2 1 1 2 1 1 3 1 3 2 1 1 2 1 3 1 1 2 1 1 1 1 1 1 2 1 1 1 1 1 1 3 1 1 2 1 5 1 4 4 1 1 3 1 2 1 2 7 2 2 1 2 3 4 1 1 2 1 1 3 1 1 4 1 1 1 1 1 1 3 1 1 2 1 4 3 2 1 3 2 3 2 1 1 2 1 1 2 3 1 2 1 1 1 1 1 4 2 2 1 1 3 1 1 3 1 3 1 3 1 2 1 1 1 1 1 1 2 1 1 3 3 2 1 1 4 4 1 1 2 1 1 1 1 1 1 1 4 1 1 2 1 2 2 3 2 5 2 1 2 1 2 1 2 3 2 1 1 1 1 1 2 2 1 1 2 2 2 2 1 2 1 1 1 2 2 1 2 2 1 2 1 1 3 1 1 2 2 3 1 1 1 2 2 1 2 2 2 3 1 1 2 1 3 1 2 1 1 1 1 1 1 1 1 1 1 1 2 2 3 1 1 1 3 1 2 1 1 1 1 3 1 1 1 2 3 1 1 1 1 1 2 2 1 1 1 4 1 4 1 2 2 2 1 1 1 2 3 2 1 2 3 1 4 2 2 1 2 1 3 2 2 1 1 1 3 2 1 1 2 2 2 2 2 1 1 1 2 2 2 1 3 1 1 1 2 1 2 1 2 1 1 1 1 3 2 2 3 2 3 5 2 1 2 5 1 2 1 1 1 1 1 1 2 2 1 1 1 3 1 2 2 1 2 2 1 3 1 3 2 1 2 1 3 1 2 1 2 1 4 1 1 2 1 1 1 1 1 1 1 3 1 1 2 1 2 2 1 1 1 1 1 1 1 1 1 1 1 2 1 3 1 1 2 2 2 1 2 2 1 1 2 1 1 2 1 2 2 1 1 1 3 2 2 1 2 3 1 1 3 1 1 2 2 1 1 1 2 1 1 1 2 3 1 1 1 2 3 3 3 1 1 2 2 1 2 3 1 3 2 1 1 3 2 1 1 1 3 2 2 1 3 1 1 2 1 3 2 4 1 1 3 1 4 1 2 3 1 2 1 1 2 1 1 1 2 2 1 2 1 1 1 1 3 2 1 1 1 3 3 1 2 1 2 1 1 1 2 1 2 2 1 1 3 1 3 1 2 2 1 3 3 1 2 1 1 1 2 1 1 1 1 1 2 1 1 2 3 1 1 2 1 1 2 2 1 1 1 1 2 2 1 1 2 4 1 3 1 3 1 2 3 1 1 1 2 1 2 1 1 3 2 1 1 1 2 1 2 1 1 1 1 2 1 2 1 1 3 1 1 1 1 1 1 1 1 2 1 2 2 2 1 1 1 2 3 2 4 1 1 2 1 1 1 2 1 1 3 1 1 2 1 2 2 2 1 1 1 2 4 2 1 1 2 1 1 1 2 3 3 1 1 2 1 2 1 1 1 2 1 1 5 2 3 1 1 3 3 1 1 1 2 1 1 1 1 2 2 1 3 2 1 2 1 1 2 1 2 2 1 3 3 1 4 2 3 1 2 1 1 1 1 2 3 1 2 2 2 4 1 1 1 3 1 3 2 2 2 1 1 2 1 2 1 1 1 1 1 1 1 2 2 2 1 1 1 2 2 2 4 1 1 2 1 2 2 3 1 1 1 1 1 1 1 2 2 2 1 1 2 1 2 1 2 1 1 3 1 1 1 1 2 2 1 1 2 2 1 2 4 2 2 1 2 2 1 2 2 1 3 1 1 1 1 1 3 2 2 5 3 2 1 2 4 3 1 3 1 3 1 1 3 2 2 2 3 3 1 1 3 4 1 2 1 2 2 1 2 4 2 2 1 2 5 3 2 1 1 1 2 2 1 2 2 3 2 4 1 1 1 3 1 1 2 1 1 1 1 1 1 1 1 2 1 2 1 1 1 2 1 2 2 3 2 1 1 1 3 2 2 1 1 2 1 2 4 1 1 1 2 1 1 2 1 1 1 2 1 2 1 2 2 3 2 1 3 1 1 2 3 1 1 1 1 1 1 1 1 4 2 1 1 1 2 4 4 2 2 1 1 2 1 3 1 1 3 1 2 1 1 3 3 1 1 1 3 3 1 1 1 3 1 2 2 1 1 3 1 1 2 1 2 1 1 1 4 1 1 3 3 1 3 1 2 2 1 1 1 1 2 2 1 1 1 3 1 1 2 2 2 1 3 1 2 2 1 1 2 1 2 2 3 1 1 1 2 1 1 2 1 1 2 2 2 1 3 2 4 2 1 2 1 3 2 6 1 1 2 2 2 2 2 2 1 3 1 3 4 1 1 1 3 1 2 1 2 1 3 1 1 1 1 1 2 3 2 1 1 2 1 2 2 2 2 1 1 1 1 1 2 3 2 2 1 3 1 3 1 1 3 1 1 1 1 1 2 1 2 2 1 1 1 1 3 1 1 1 1 2 1 2 1 1 1 1 3 1 1 1 1 1 4 1 2 1 3 1 3 1 2 1 1 2 1 1 1 1 2 1 2 2 2 2 1 1 2 1 1 2 1 2 1 2 2 3 1 2 3 1 1 2 1 1 2 2 3 1 1 2 2 2 1 2 1 1 2 1 1 1 1 1 1 1 3 1 1 2 1 2 2 1 1 2 1 2 3 1 1 1 2 1 1 2 1 1 1 4 1 1 1 1 1 1 2 3 1 2 1 1 1 2 4 2 1 5 2 1 1 2 2 1 2 2 2 1 1 1 1 1 1 1 1 2 2 1 2 2 1 2 1 5 3 2 3 1 3 1 1 1 2 1 1 2 2 1 2 1 2 3 3 2 4 1 3 1 1 1 1 2 2 3 3 2 2 1 1 1 2 1 1 1 2 2 1 2 2 2 1 1 2 1 2 1 1 1 2 1 2 5 2 1 2 3 1 2 2 1 1 3 1 2 1 1 2 2 1 6 2 1 1 3 1 1 2 2 1 1 5 3 2 2 3 2 1 1 1 2 2 2 1 1 2 2 2 3 2 1 1 1 2 2 1 2 1 1 1 2 3 1 1 1 3 1 3 1 1 2 2 2 3 1 1 1 3 2 3 2 1 2 1 1 3 1 1 2 1 1 3 1 3 2 1 2 2 1 2 2 2 1 2 2 2 2 2 1 4 2 1 1 4 1 3 3 1 1 1 1 1 1 1 2 2 3 1 1 3 1 1 1 2 1 1 2 3 1 1 1 1 2 5 1 1 1 1 2 1 3 3 2 2 2 2 4 1 1 3 1 1 1 1 2 1 1 2 2 1 1 2 1 1 2 1 1 2 3 1 2 1 1 2 1 1 3 1 2 2 2 1 2 1 3 2 1 1 1 2 1 3 5 2 1 1 5 1 2 1 1 2 2 1 2 2 2 2 1 2 4 1 2 1 3 1 2 2 3 1 1 2 1 1 1 1 2 1 1 1 3 2 3 2 1 1 1 1 1 1 3 1 3 1 1 3 1 3 1 1 1 1 1 2 2 4 1 2 1 1 1 1 1 2 1 2 1 2 1 3 3 1 2 3 1 2 1 2 1 3 1 3 1 2 2 1 2 2 3 2 2 1 2 2 1 1 3 2 2 3 3 1 1 1 1 1 1 2 1 1 2 1 1 2 1 1 2 1 2 1 1 1 3 1 2 1 2 1 3 1 1 2 1 4 1 2 2 2 1 2 1 1 1 4 2 2 1 4 2 2 1 1 1 1 1 1 1 2 1 1 4 2 3 1 2 2 3 1 2 3 1 1 1 1 1 2 1 2 4 1 2 4 1 1 1 3 1 2 1 1 1 3 2 2 2 2 2 1 3 1 2 1 4 1 3 3 4 1 2 2 1 1 1 1 1 1 3 1 1 2 2 1 3 1 3 2 1 1 2 2 4 1 1 1 1 2 1 1 2 2 5 1 3 1 2 1 3 1 2 1 1 3 1 1 2 1 3 3 1 2 2 4 1 2 2 2 2 1 1 3 1 1 3 4 1 2 2 1 1 2 2 2 1 3 3 2 1 1 1 1 2 2 2 4 2 3 2 1 1 3 2 1 2 1 2 1 4 1 1 5 2 1 2 1 1 2 2 1 1 2 1 1 2 1 2 1 2 1 2 1 1 1 2 1 2 2 1 2 3 1 1 2 1 1 2 3 2 2 1 1 2 1 1 2 1 2 3 1 2 2 2 3 2 1 1 2 1 1 1 1 1 1 2 1 2 1 1 3 1 1 4 1 1 3 2 2 4 3 2 2 1 1 2 3 3 1 1 2 2 2 1 3 1 1 2 1 2 1 1 1 2 1 1 1 2 3 3 2 1 1 1 1 2 3 2 1 1 1 1 1 4 2 2 1 3 1 1 2 2 2 2 1 5 1 2 1 3 1 1 2 1 1 1 1 1 2 3 2 1 1 1 1 1 2 1 2 1 1 3 1 1 4 2 2 1 3 2 2 1 2 1 3 1 1 2 2 2 2 5 1 3 1 1 1 3 1 1 1 1 1 1 2 1 1 2 5 1 1 2 1 1 1 1 3 1 2 2 1 2 1 1 1 1 3 1 2 1 2 3 1 1 2 2 1 1 1 1 1 1 1 1 2 1 1 3 1 1 1 1 4 1 2 2 1 2 1 1 3 1 1 1 2 1 1 1 1 1 2 1 1 1 1 1 1 2 1 1 2 2 1 3 2 1 1 1 2 1 1 1 2 1 1 2 1 3 1 2 3 1 1 2 3 1 1 1 1 2 2 1 2 1 3 2 1 2 1 1 1 1 3 1 1 1 1 1 1 1 3 2 1 1 1 5 1 2 2 2 1 2 1 2 1 1 5 1 2 3 1 1 2 1 1 1 3 1 1 2 3 3 1 1 1 3 1 1 2 1 2 1 1 1 2 1 2 3 1 1 2 2 1 1 1 2 1 1 1 2 1 2 1 1 1 2 1 1 1 1 1 2 4 1 2 1 1 2 1 1 3 1 1 2 2 2 1 1 1 3 2 3 3 2 2 1 1 3 1 1 1 1 3 2 2 2 1 1 1 1 1 2 1 2 2 1 2 2 1 4 1 1 1 2 1 3 1 3 1 3 1 3 3 2 2 1 2 2 2 1 2 3 2 2 1 1 1 3 4 1 3 2 1 1 3 1 1 1 1 1 3 2 2 1 3 1 1 1 1 1 2 3 1 1 3 1 1 1 1 3 2 1 2 2 1 2 3 2 1 1 1 1 1 1 1 1 2 1 3 1 3 1 2 1 1 1 1 3 1 2 1 6 1 2 2 4 1 2 2 1 1 2 1 2 1 4 1 2 1 3 3 4 1 2 1 1 2 1 1 5 1 3 3 1 1 3 1 2 1 2 2 2 1 2 3 1 2 2 1 2 1 1 1 1 2 2 2 1 1 1 2 1 2 1 2 2 1 1 2 3 2 2 1 1 1 2 1 1 1 1 2 2 1 2 1 2 2 3 2 2 1 1 1 1 2 2 5 3 2 1 1 3 2 1 1 3 2 1 2 1 1 2 1 1 1 2 2 1 1 1 1 1 1 2 1 1 1 1 1 1 2 2 1 1 1 3 2 1 1 1 2 2 2 3 1 2 1 1 3 1 3 1 2 2 2 1 2 3 1 2 3 3 2 1 2 1 2 2 2 1 2 3 1 2 1 1 1 1 2 1 1 2 1 2 4 2 1 1 1 2 1 2 1 3 1 1 1 3 1 1 1 1 2 3 2 3 2 2 3 1 1 2 2 1 2 2 2 1 1 1 3 2 1 1 2 1 1 1 1 2 1 1 1 3 2 1 2 1 2 1 1 2 1 1 1 1 1 2 2 1 1 1 3 1 1 1 1 3 1 1 2 3 1 3 2 2 1 1 1 1 2 1 1 4 1 1 1 1 2 2 2 1 1 1 1 4 1 4 1 1 1 2 3 1 1 1 2 1 1 1 3 1 1 2 2 2 1 2 2 2 1 1 2 1 2 1 1 3 1 1 2 1 2 1 2 1 3 1 1 2 1 3 1 2 1 2 1 2 2 1 1 1 1 1 2 1 1 1 1 1 1 1 4 2 1 1 1 1 1 1 1 2 4 1 1 2 2 1 1 2 2 1 2 1 2 1 2 1 3 1 1 2 1 1 1 2 4 3 1 1 3 1 2 1 1 1 1 1 1 3 2 1 1 3 1 5 1 2 1 1 2 1 1 1 4 1 1 2 1 1 3 1 2 3 1 1 1 3 1 2 2 5 2 1 1 3 2 1 1 2 1 2 1 1 5 2 1 4 2 1 1 1 2 1 4 2 1 1 1 2 2 3 2 1 1 1 3 1 2 1 1 1 4 2 2 2 1 3 1 1 1 3 3 4 2 3 1 2 3 1 1 1 2 4 1 4 1 2 1 2 1 1 2 2 2 2 1 2 3 1 1 1 1 2 3 4 4 2 1 1 1 3 2 2 1 3 1 1 2 1 2 2 1 1 1 2 2 3 2 2 2 1 1 1 1 1 2 1 2 1 1 1 1 2 2 3 3 1 3 1 1 2 2 2 1 2 1 1 2 1 3 1 1 1 1 1 1 3 2 2 2 1 1 2 1 2 1 1 2 1 1 4 2 1 1 2 1 2 2 1 2 1 1 1 4 1 2 2 1 1 2 2 2 2 3 1 4 2 1 2 2 2 1 2 2 1 1 1 2 2 1 1 2 1 1 2 2 2 2 4 1 3 1 1 1 1 2 1 1 2 1 1 2 1 1 1 2 3 2 1 2 3 1 2 1 1 1 1 2 2 1 3 1 4 1 1 1 3 1 1 1 2 4 1 2 2 3 2 1 1 2 1 1 1 3 1 2 1 1 1 1 2 1 2 1 1 2 2 1 1 3 2 1 1 1 1 2 1 2 1 1 2 1 1 1 2 1 2 1 1 1 1 3 2 1 2 1 2 1 5 3 1 1 3 3 2 4 4 2 1 1 2 1 1 1 1 2 2 1 1 3 1 1 1 1 1 1 1 1 1 1 2 1 2 4 2 1 2 1 2 3 4 1 1 1 1 1 1 1 1 2 1 1 1 1 2 1 3 1 1 3 1 1 1 1 1 2 3 1 2 2 1 1 1 1 1 1 1 1 1 2 2 1 3 1 3 1 2 2 1 2 2 1 1 3 3 1 1 1 2 1 1 1 1 1 1 4 2 1 1 1 1 3 2 1 1 1 1 2 1 1 3 3 2 1 3 1 2 1 2 1 1 2 1 2 1 2 1 1 1 1 1 1 2 1 1 1 2 1 2 1 1 1 1 1 1 2 2 2 1 2 1 1 1 1 2 2 2 1 1 2 1 2 1 1 1 2 1 2 1 1 2 2 2 3 1 2 2 1 2 3 2 3 1 1 1 1 2 1 1 1 1 1 1 2 3 2 5 3 3 1 1 2 1 1 1 2 1 2 1 1 1 1 3 1 2 2 1 1 2 2 1 4 2 1 1 1 1 3 2 1 1 2 2 1 1 1 1 2 1 4 4 1 1 2 2 1 1 3 1 1 2 2 1 1 2 2 1 1 4 3 1 1 1 3 2 3 2 3 1 1 2 1 2 2 1 1 3 2 1 3 1 3 1 1 1 2 1 2 1 1 2 2 1 1 2 1 2 1 1 1 1 3 1 1 1 1 1 1 1 1 1 1 2 3 4 2 2 1 1 2 3 1 1 2 1 1 2 1 4 1 2 1 2 1 3 1 1 1 1 1 1 2 3 2 1 1 1 3 1 1 2 1 2 1 2 2 2 4 1 1 4 2 2 1 4 1 3 2 1 1 1 1 1 2 1 1 1 1 1 1 3 1 2 1 1 2 2 4 1 4 1 1 2 1 1 1 1 1 3 1 1 2 1 1 1 1 1 3 1 2 1 3 2 2 4 3 1 2 1 1 3 2 3 3 2 2 4 2 1 3 1 4 1 2 1 1 1 2 1 2 1 1 1 3 1 3 1 1 2 2 2 1 3 1 1 2 1 3 2 2 1 1 2 1 2 2 1 1 3 1 3 2 1 2 1 1 3 1 2 1 1 1 3 1 2 1 2 4 3 1 2 1 1 1 2 2 3 1 1 2 2 4 2 1 3 1 2 2 3 1 1 1 2 1 1 1 1 1 1 2 2 1 2 3 2 1 1 1 1 5 3 2 2 1 3 1 1 1 1 3 1 3 2 1 1 1 1 2 2 1 1 2 1 1 1 1 3 1 2 2 2 2 6 2 2 1 1 1 3 1 1 1 2 1 1 1 1 2 2 3 2 2 4 1 2 2 4 1 2 2 1 3 2 4 1 1 1 2 1 1 2 1 2 1 1 1 2 1 3 1 1 4 1 1 1 1 2 1 2 2 1 1 1 1 1 2 1 1 1 1 1 3 2 2 1 1 1 2 2 1 1 1 2 1 1 1 4 1 1 2 1 2 2 2 4 3 1 1 1 3 1 3 1 1 1 1 2 1 1 3 1 1 1 2 2 1 1 1 2 1 1 1 2 2 2 1 1 3 2 1 4 4 4 1 2 1 1 1 2 2 1 2 1 2 3 2 2 1 3 1 1 2 2 1 1 3 2 2 2 2 1 1 1 1 1 3 1 2 2 1 2 2 1 1 1 1 2 1 2 3 2 3 1 3 1 1 1 1 1 2 1 2 1 4 2 1 1 1 1 2 2 1 2 1 3 2 1 1 1 1 2 2 1 1 1 2 2 2 1 1 1 1 1 1 2 1 1 2 2 1 4 3 3 1 1 1 1 2 1 2 4 2 1 2 3 2 2 1 1 2 3 1 1 3 1 2 2 1 2 1 2 1 2 1 1 1 1 3 1 5 3 2 1 2 1 1 1 3 1 2 4 2 1 2 3 2 1 2 1 2 2 1 2 2 1 4 1 1 1 1 4 1 2 2 4 1 1 2 2 1 1 2 1 3 2 2 2 1 1 5 2 2 1 2 1 1 2 1 1 1 3 2 1 2 1 1 1 3 3 2 1 1 1 1 1 5 2 1 1 2 1 2 2 2 2 2 1 3 1 4 2 2 1 2 2 4 1 2 2 1 1 2 1 2 1 2 1 1 1 1 2 1 4 2 1 1 1 3 1 3 2 1 1 2 1 1 2 1 1 1 1 1 2 3 2 2 1 4 1 4 1 2 2 3 1 1 1 1 4 3 3 1 2 1 1 3 1 1 2 4 3 1 3 3 1 1 1 3 2 3 1 1 2 3 2 1 1 1 2 1 1 1 2 2 2 1 2 1 1 2 1 1 1 1 3 1 1 3 1 2 1 2 3 1 1 1 1 2 1 3 1 3 2 1 3 2 1 1 2 1 1 1 1 2 2 1 2 1 1 1 1 1 1 3 1 4 1 1 1 2 1 2 1 1 1 1 2 2 1 2 2 1 2 2 1 1 2 2 1 1 1 1 1 1 1 2 3 1 1 2 1 1 2 1 3 1 1 2 2 2 2 1 2 1 2 2 1 3 4 3 3 1 2 1 1 1 1 1 3 1 1 1 1 1 4 2 3 1 1 1 1 2 1 1 3 1 1 1 1 1 2 1 1 2 1 2 1 2 1 2 1 2 1 3 1 3 1 3 1 2 3 1 1 2 1 2 1 1 1 3 2 1 1 1 3 1 3 1 1 3 2 1 2 1 1 2 1 1 1 1 2 1 2 1 3 1 1 1 1 1 1 1 1 2 3 1 2 2 1 4 2 1 2 1 1 2 1 1 2 1 2 1 1 2 2 1 3 2 1 1 1 2 3 1 2 1 2 1 1 1 1 2 2 1 2 2 2 2 3 1 1 2 3 4 5 2 2 2 1 2 1 2 2 2 1 2 1 1 2 2 1 1 3 1 1 1 1 1 2 1 4 1 1 2 2 2 1 3 1 3 1 1 2 1 1 2 1 1 3 1 2 2 5 3 1 1 3 3 1 2 2 3 1 2 2 2 2 2 1 1 1 2 1 1 2 1 3 1 1 2 2 2 3 1 4 1 3 1 1 1 2 3 3 4 1 1 1 1 1 2 1 2 3 1 1 1 3 1 2 2 2 1 1 1 2 2 1 1 1 1 3 2 1 1 2 1 3 1 1 1 1 2 2 1 1 1 1 2 2 2 1 4 1 2 1 2 4 1 3 2 2 3 3 1 1 2 2 1 1 2 3 3 1 3 2 1 2 1 2 2 1 1 4 2 2 1 1 2 3 1 2 2 1 1 2 1 1 1 1 1 2 1 2 2 1 1 4 1 1 1 2 1 1 1 2 2 2 2 2 1 1 1 2 1 1 2 3 1 2 2 1 1 2 1 1 1 2 3 3 1 1 1 1 1 1 2 1 1 1 1 3 1 2 2 2 1 2 2 1 2 4 1 1 1 1 1 2 1 2 3 4 1 2 1 2 3 1 3 1 3 2 1 1 1 1 2 2 1 2 4 1 4 2 2 1 2 1 2 1 1 2 2 2 1 4 1 2 2 1 1 1 1 2 1 2 3 1 1 2 4 1 1 2 2 2 2 3 1 2 1 1 1 1 1 1 1 1 1 1 2 2 1 2 1 2 1 3 1 2 1 2 2 1 1 1 2 1 3 1 3 2 2 3 1 1 2 3 1 2 3 1 1 1 2 1 1 1 2 1 1 1 1 1 1 2 1 1 3 2 1 1 2 1 3 2 1 1 1 1 1 2 1 1 1 1 2 1 2 2 2 1 2 2 1 1 2 1 1 1 2 2 2 2 3 1 5 2 2 1 2 1 3 1 2 1 1 2 1 3 1 2 3 1 4 3 2 1 2 1 1 1 1 1 3 1 1 2 1 1 2 3 2 1 1 1 1 1 2 3 1 2 2 1 3 2 2 1 2 1 1 2 3 1 1 2 4 5 1 1 2 1 2 4 3 2 1 1 3 2 1 3 1 2 2 2 1 1 1 2 2 3 2 1 2 2 2 1 2 1 1 1 1 2 3 2 1 2 2 1 2 2 3 1 2 2 1 3 1 2 2 1 1 1 1 1 1 1 4 1 1 1 2 1 2 1 1 3 3 2 1 2 2 2 3 1 1 2 1 2 1 4 1 1 2 2 3 2 1 2 3 1 1 1 1 1 2 1 1 1 2 2 1 1 2 4 2 1 1 1 1 2 3 1 3 1 1 2 1 3 2 5 3 2 1 1 1 1 2 1 3 2 3 2 1 2 2 2 3 2 2 2 1 1 1 2 2 2 1 3 2 3 1 2 3 1 3 1 3 1 2 4 3 1 2 1 2 1 2 2 1 1 3 2 2 1 1 1 2 1 4 2 1 1 1 1 2 1 1 3 1 1 1 1 3 1 3 1 2 2 3 1 2 2 1 1 1 2 1 3 1 3 2 2 1 3 3 1 4 2 1 1 1 1 1 3 5 2 2 2 4 2 1 3 5 2 1 2 2 1 1 1 2 1 1 1 1 3 1 1 3 1 1 1 1 3 1 2 1 2 1 2 4 3 1 3 2 1 1 3 2 2 2 1 1 1 1 1 3 1 1 1 3 4 2 2 3 1 2 1 2 1 2 1 2 1 1 2 2 1 1 1 2 1 1 1 1 2 2 2 1 2 1 1 1 1 3 2 2 3 1 2 2 2 1 1 1 1 2 2 1 2 2 1 2 3 3 2 3 4 1 5 2 1 3 1 2 1 1 2 2 2 2 2 2 1 2 1 1 1 1 2 1 1 2 1 1 2 2 3 1 2 3 2 2 3 1 1 2 2 2 2 2 1 1 2 1 3 1 1 1 1 1 1 2 2 3 1 3 1 1 1 1 3 1 1 3 1 1 2 2 1 2 1 2 1 1 1 2 1 1 2 1 1 3 2 1 2 1 1 2 1 1 2 1 3 2 1 4 1 1 1 2 1 2 2 2 3 1 2 1 1 2 3 1 2 1 3 2 1 1 3 1 1 2 1 1 1 2 1 2 1 1 1 1 3 1 4 1 1 1 1 2 1 1 1 2 1 1 1 2 2 4 3 1 2 1 4 1 1 1 1 1 1 1 3 1 2 1 4 3 3 2 2 2 1 1 1 1 1 3 2 4 3 1 3 1 2 2 3 2 2 1 1 1 3 2 2 2 1 1 1 3 2 1 2 1 1 1 2 1 2 1 2 1 2 1 1 1 2 3 1 2 3 2 1 1 2 2 2 2 1 4 1 3 1 1 1 2 3 2 3 2 2 2 1 2 2 1 2 1 3 1 1 1 1 2 1 3 2 1 1 1 1 2 1 1 3 1 1 2 1 1 1 1 2 2 1 2 1 1 1 1 1 1 1 1 2 2 1 1 1 4 2 1 1 1 2 1 2 3 1 1 2 2 1 1 1 2 1 1 1 4 2 3 1 2 1 1 1 1 2 4 2 1 1 3 2 4 1 2 1 3 2 1 1 2 2 1 2 2 2 3 1 2 3 1 2 1 1 1 3 1 3 2 3 1 1 2 1 1 4 1 1 1 3 1 1 2 1 1 1 3 3 2 2 3 3 1 2 1 1 2 2 2 1 1 1 1 1 1 1 1 2 3 2 1 2 2 1 1 3 1 1 2 2 1 3 1 1 2 1 2 1 1 1 3 3 2 1 1 1 1 1 1 3 1 2 2 1 2 1 1 1 1 1 2 3 1 2 2 3 1 3 1 1 2 2 1 1 3 1 1 2 1 1 2 1 1 1 1 2 4 1 1 2 1 2 1 1 1 2 2 3 3 1 2 2 2 2 1 2 1 1 1 2 1 1 1 1 1 3 1 1 2 1 3 2 1 4 1 1 1 1 2 1 2 1 2 1 3 1 1 1 1 2 1 3 1 2 1 2 1 1 2 2 2 2 1 1 1 2 1 1 2 2 3 2 1 3 1 2 2 3 1 2 2 3 1 1 2 2 3 1 2 3 1 1 4 2 1 3 2 2 1 1 1 1 1 1 1 1 1 1 1 1 3 1 2 1 1 1 1 1 2 3 1 2 1 1 2 3 2 2 1 1 1 3 1 1 3 2 1 1 1 2 1 1 1 1 2 1 2 2 1 1 2 2 2 2 3 1 3 1 1 1 1 1 2 1 2 1 2 2 1 6 1 2 1 1 2 2 1 1 1 1 2 2 1 1 3 2 1 1 1 3 2 2 1 2 1 2 2 2 1 1 2 1 2 3 2 3 3 1 1 1 1 1 1 2 2 1 1 1 3 1 2 1 1 1 3 2 1 1 4 1 1 2 1 1 3 2 1 1 1 1 1 5 1 1 1 2 3 1 1 1 2 1 2 1 1 3 1 1 1 1 2 1 1 1 1 1 1 1 2 1 2 1 3 2 1 1 2 2 2 3 1 2 1 3 2 3 1 2 1 1 1 3 1 1 1 2 1 1 1 2 1 1 1 3 1 1 1 1 2 3 1 2 3 1 1 1 3 1 3 2 2 1 1 1 1 1 3 1 1 1 2 1 1 2 1 1 1 1 3 1 1 1 2 1 1 2 1 3 1 2 2 2 1 1 1 1 1 1 1 1 1 2 1 2 1 1 2 2 2 2 4 3 2 2 1 1 2 2 1 2 3 1 2 1 1 1 2 1 1 2 1 3 3 2 2 2 1 3 2 1 2 1 2 1 1 1 2 2 1 1 1 3 2 3 1 2 1 2 1 2 2 1 1 1 1 3 4 3 1 1 1 2 1 1 1 1 1 1 1 1 2 1 1 3 2 1 2 1 1 1 1 2 1 1 2 1 2 1 1 2 1 2 1 1 2 1 1 3 1 1 1 2 2 1 1 1 2 1 1 1 2 2 1 3 3 2 2 1 1 2 1 2 2 2 4 3 1 1 1 1 3 1 1 1 1 1 2 2 1 1 1 3 1 1 1 1 2 4 1 1 1 1 1 1 1 4 1 1 1 3 4 1 3 1 1 4 3 1 1 1 1 1 1 1 1 2 1 1 1 3 1 4 2 1 2 1 2 5 1 2 2 1 1 2 1 1 1 2 2 4 1 1 2 1 1 1 1 2 2 2 1 1 2 1 1 2 3 1 2 3 2 1 1 2 1 1 1 1 1 1 1 1 1 1 2 1 4 1 3 2 1 2 2 2 1 1 1 1 2 2 2 1 1 1 1 2 1 1 2 1 1 1 2 1 1 3 2 1 1 1 1 1 1 2 2 1 1 1 1 1 1 2 1 2 1 2 1 2 2 1 4 1 1 1 3 3 1 1 3 1 1 2 2 1 3 1 1 1 4 2 2 2 1 1 1 2 2 2 1 2 1 2 1 1 1 1 1 1 1 1 1 2 1 1 1 2 1 1 1 1 1 1 1 2 1 2 1 1 3 1 1 1 2 1 1 3 1 3 1 2 2 3 1 2 2 2 2 1 1 2 2 1 2 2 1 4 1 2 3 5 1 1 1 1 1 1 1 1 1 2 2 3 1 1 1 1 1 2 2 1 1 1 2 3 1 1 2 2 1 2 1 1 1 1 1 1 2 1 2 1 2 2 2 5 2 2 2 2 3 1 1 1 2 3 2 2 2 1 2 2 1 2 1 3 1 2 1 2 2 2 1 1 2 1 2 3 2 1 1 1 1 1 1 1 1 2 1 1 3 4 2 3 2 2 1 1 1 3 3 2 1 2 2 1 1 3 2 2 3 1 1 1 2 3 1 2 1 2 2 2 1 1 2 3 2 1 2 1 2 1 1 2 1 2 2 1 3 2 1 1 3 2 1 1 1 1 1 1 2 2 1 2 1 1 1 2 1 1 1 1 1 3 2 2 5 2 1 1 3 5 1 1 2 1 1 1 1 1 1 1 1 2 1 1 1 2 2 3 2 1 1 2 1 2 1 3 2 1 1 2 2 3 2 1 1 2 1 1 1 2 1 1 2 1 2 1 2 2 1 1 2 3 1 2 1 2 6 1 1 1 2 2 2 1 1 1 1 1 2 1 2 1 1 1 2 2 1 2 1 1 1 1 1 1 1 1 1 1 1 2 1 3 2 1 1 1 1 4 1 1 1 1 3 1 1 2 1 3 2 2 2 1 1 2 1 1 1 2 2 1 2 1 1 1 3 1 2 1 3 2 2 1 1 2 1 1 1 1 2 1 4 2 4 1 1 2 2 1 2 1 3 2 3 2 4 1 1 2 3 2 4 1 1 2 1 1 1 2 2 1 2 1 2 1 1 1 1 4 1 1 1 4 1 3 1 1 1 3 2 3 1 1 2 1 1 1 4 2 3 2 2 2 1 1 1 2 1 1 1 2 1 3 1 2 1 1 2 2 2 2 1 1 3 3 1 1 1 3 2 1 4 2 2 1 1 2 1 1 1 2 1 1 2 1 2 1 1 2 1 1 1 1 2 2 1 1 2 1 2 3 3 3 2 1 1 2 3 1 1 2 1 1 1 3 3 4 2 1 1 3 4 2 3 2 1 2 2 2 2 4 1 1 3 2 2 1 1 1 1 1 3 1 1 2 2 2 2 1 1 2 2 1 2 1 2 2 2 1 1 1 1 5 2 1 1 1 1 1 1 3 1 3 1 1 4 1 1 2 2 2 4 2 1 1 1 2 1 2 2 1 1 2 1 1 1 1 1 2 1 1 1 2 2 1 1 2 2 1 1 3 2 4 4 2 2 1 1 1 1 1 1 2 1 3 1 2 1 2 2 2 1 2 1 1 2 1 2 2 1 1 2 2 1 3 2 2 1 1 2 2 2 1 1 3 1 2 2 1 3 1 3 1 2 2 4 1 1 1 2 2 3 2 1 1 1 2 1 1 3 2 1 2 1 1 1 2 2 2 1 1 1 2 1 2 1 1 1 1 1 3 1 2 2 1 1 2 1 1 1 1 1 1 3 3 1 1 1 1 1 1 1 1 2 1 2 2 2 1 1 3 1 4 2 1 1 1 1 2 4 2 3 1 4 1 2 2 1 2 1 1 1 2 3 1 3 1 2 1 2 1 2 2 1 1 3 
  #Test Small 14736
  #Test Medium 36348
  #Test Large 52559
