Board size [mm] 175x325

Stats side 1
  #Components with background 76
  #Components with points 396
  #Components nofly 6
  #Components notouch 6
  #Pins 74162
  #GNDs 2847
  #VDDs 2313
  #Clock 48
  #NoFly points 940
  #NoTouch points 1048
  #Points [total] 81358

Stats side 2
  #Components with background 92
  #Components with points 422
  #Components nofly 0
  #Components notouch 0
  #Pins 76937
  #GNDs 2788
  #VDDs 2260
  #Clock 33
  #NoFly points 0
  #NoTouch points 0
  #Points [total] 82018

Stats board (side 1 + side 2)
  #Components with background 168
  #Components with points 818
  #Components nofly 6
  #Components notouch 6
  #Pins 151099
  #GNDs 5635
  #VDDs 4573
  #Clock 81
  #NoFly points 940
  #NoTouch points 1048
  #Points [total] 163376
  #Nets 6871
    Net Size: 5635 4573 81 1 5 1 2 1 2 2 1 1 3 3 1 2 3 3 4 1 2 1 4 2 3 1 2 6 1 3 2 2 2 3 2 1 1 4 1 2 1 2 2 4 3 2 1 1 3 2 2 1 2 2 2 3 2 4 3 2 1 2 2 5 3 2 6 3 1 3 2 2 1 1 4 2 1 6 2 1 1 2 2 1 2 1 3 2 1 2 2 2 1 1 1 1 4 1 2 1 1 3 2 3 1 1 5 3 3 4 3 1 1 3 2 4 3 2 3 1 3 2 2 2 3 2 2 3 1 3 1 2 1 5 1 1 3 1 1 1 1 4 1 2 1 1 1 1 4 2 3 3 1 3 3 3 2 3 4 1 1 2 2 2 1 1 1 2 2 4 2 2 3 2 5 3 2 1 1 3 2 2 1 2 2 3 4 2 4 3 4 3 2 4 1 1 2 2 3 2 3 2 1 1 3 1 1 1 3 1 2 1 1 3 4 2 3 2 2 1 1 1 4 1 2 4 2 6 1 1 3 3 1 1 3 1 2 2 1 1 3 2 3 2 3 2 1 1 3 2 1 2 1 2 1 1 4 2 2 1 2 3 3 2 2 2 2 7 3 4 1 1 3 2 5 1 3 2 1 2 1 2 3 1 3 2 2 2 1 4 2 3 4 3 3 4 3 2 3 3 3 1 4 2 5 2 6 2 4 1 1 4 1 4 4 2 2 3 2 3 2 1 1 3 2 2 1 3 4 2 2 2 3 4 6 6 4 2 2 1 2 1 1 1 1 2 2 1 2 1 3 5 1 2 1 3 2 1 2 3 1 2 2 3 1 1 1 1 2 1 2 3 1 3 1 6 2 2 1 2 1 3 1 3 2 2 2 1 1 2 3 1 2 1 1 1 2 2 1 1 1 2 5 4 1 2 1 3 3 2 2 2 2 1 2 1 2 1 2 2 1 2 1 2 4 1 4 6 1 3 1 3 2 3 2 3 2 5 3 1 1 1 1 6 1 2 1 2 3 1 2 2 2 2 3 1 1 1 1 4 2 2 1 2 1 6 1 4 3 1 1 2 3 2 2 2 4 2 3 4 1 2 2 2 3 1 3 1 3 2 3 4 2 2 3 2 2 1 1 2 2 3 1 2 2 1 3 2 3 3 1 1 1 3 1 2 1 4 3 3 1 2 1 3 2 2 2 3 2 2 1 2 1 2 1 1 3 2 2 2 3 2 2 6 1 2 2 1 1 1 3 2 1 3 3 3 2 3 2 2 1 1 2 3 3 2 3 1 3 2 4 1 3 1 2 1 1 3 2 1 2 1 1 3 2 1 1 3 3 3 1 2 2 2 3 2 3 3 1 1 3 4 2 2 1 1 3 1 1 2 4 3 2 1 3 5 2 2 3 2 2 1 5 1 1 2 1 1 1 1 2 2 1 2 3 2 4 3 3 3 3 1 1 2 2 3 2 2 2 1 2 1 2 1 3 1 1 4 4 1 1 2 2 1 2 1 1 1 1 4 2 2 2 3 1 2 1 2 2 2 2 1 1 2 1 1 1 4 1 2 1 1 2 4 1 2 3 3 1 1 2 3 1 2 3 2 1 1 2 4 2 3 3 1 2 1 1 2 2 5 2 3 2 1 4 1 1 2 3 1 1 3 2 1 2 1 2 1 3 1 1 2 1 2 1 4 1 1 2 2 1 1 1 2 1 2 3 4 2 4 2 3 1 2 2 3 2 4 2 4 1 3 1 1 3 2 3 2 1 4 5 2 4 3 2 3 3 2 1 4 1 1 2 2 2 1 1 3 1 2 1 2 3 1 4 4 5 3 1 2 3 3 6 3 3 2 1 1 1 2 2 4 1 3 2 3 1 1 3 3 2 2 1 1 3 1 4 2 3 3 1 1 1 1 2 4 1 2 2 3 1 1 4 1 2 2 4 1 3 4 1 3 1 1 3 2 1 2 3 3 3 3 4 2 2 1 2 3 2 2 4 2 1 2 3 2 1 3 1 2 2 1 4 3 3 1 2 4 2 2 4 2 3 1 1 1 3 2 3 2 3 1 1 1 3 3 1 2 1 1 3 2 4 2 2 1 3 2 5 1 1 1 2 2 1 4 1 5 2 3 2 3 4 2 2 2 3 5 3 2 1 1 3 3 1 4 2 1 4 1 2 4 1 3 2 1 2 1 1 3 3 4 2 3 1 6 1 3 2 1 2 3 1 2 2 5 1 2 1 4 2 1 1 4 2 1 4 1 2 2 1 1 2 1 2 2 3 2 4 2 1 1 4 3 3 3 2 1 1 1 5 2 2 6 4 2 3 5 2 3 2 2 1 2 2 1 1 3 1 2 2 1 1 3 2 3 2 3 5 2 2 2 3 3 1 2 6 2 2 3 1 4 3 3 2 2 3 1 1 3 1 4 1 1 1 1 1 1 1 2 3 1 3 3 3 1 2 1 2 4 2 5 3 4 2 1 1 3 2 1 1 2 4 2 3 2 3 1 1 2 2 3 3 3 1 1 1 1 4 2 2 4 5 2 1 4 1 3 4 4 3 2 1 4 5 3 1 1 3 1 2 2 2 4 3 4 2 1 1 4 1 1 2 3 3 5 1 3 3 2 2 1 1 2 1 1 3 2 5 2 2 3 2 2 4 3 3 1 2 1 1 1 1 2 1 2 4 2 2 2 4 3 3 1 1 2 4 1 1 1 2 1 2 3 3 2 3 2 3 3 2 1 2 1 4 2 1 2 4 1 3 4 1 1 4 3 2 2 1 3 3 1 1 2 1 4 2 6 1 7 2 1 3 2 2 3 3 2 1 5 1 1 2 4 1 5 2 2 1 3 3 4 1 2 2 4 3 1 1 2 1 2 2 3 3 3 3 3 1 1 1 1 3 3 4 1 6 1 1 1 2 3 2 4 1 3 2 1 1 2 1 1 1 1 5 2 1 2 2 1 1 2 2 2 1 2 3 2 1 2 1 3 1 5 2 3 1 1 1 1 1 1 3 2 4 1 1 2 2 3 2 1 2 3 2 3 1 3 3 1 1 1 4 3 1 2 1 3 4 2 1 2 1 1 3 4 2 1 3 1 1 1 3 1 3 1 1 2 2 3 2 6 2 2 2 1 1 1 3 2 1 2 2 2 1 4 7 5 1 2 3 1 2 2 2 3 2 1 5 3 1 2 3 1 2 1 2 1 2 1 3 2 3 1 2 3 1 3 2 3 4 4 3 1 1 1 1 3 1 1 2 3 1 2 4 1 2 3 2 1 1 1 1 1 1 2 1 1 1 1 1 3 2 2 4 1 2 2 1 1 1 2 1 2 3 4 1 1 3 2 1 1 2 1 2 3 4 2 1 3 2 2 4 1 1 1 1 1 3 2 2 1 2 2 1 1 1 1 5 1 5 1 5 1 2 2 1 1 2 3 1 5 2 2 2 2 3 3 1 2 1 3 1 1 2 2 3 2 3 1 1 1 1 2 3 1 1 2 2 2 2 2 1 4 3 3 3 4 1 4 2 1 1 4 1 5 3 1 2 1 3 2 2 1 3 2 2 1 2 2 3 2 1 2 7 2 1 1 2 1 1 4 1 1 1 3 3 2 4 1 1 2 1 3 1 2 4 2 5 2 3 1 1 1 2 1 1 3 1 5 2 3 2 3 3 4 1 5 2 3 1 2 4 3 5 3 2 2 1 2 1 1 2 1 1 1 2 3 3 2 1 2 2 2 2 2 3 2 1 2 2 1 3 2 2 1 4 4 2 2 3 1 1 1 2 2 2 1 1 2 3 2 5 1 4 1 3 4 1 2 1 2 2 1 1 1 1 2 1 1 2 3 4 1 1 5 1 2 2 1 2 2 1 2 1 1 2 4 1 1 1 3 3 4 2 2 1 2 1 1 2 3 5 1 3 1 2 2 1 1 4 1 3 1 3 2 1 1 1 3 2 1 1 3 2 1 4 4 3 2 2 4 3 1 2 4 4 3 1 5 1 4 2 3 1 1 1 2 1 1 4 2 2 2 2 2 1 1 1 1 5 5 1 2 4 4 4 4 2 1 2 1 3 3 2 4 2 2 3 1 1 1 3 1 1 3 2 3 1 2 3 2 1 3 1 3 2 1 1 1 1 3 3 2 1 1 2 1 1 3 3 2 1 2 4 1 3 1 2 7 1 2 4 1 3 1 2 1 1 2 1 3 3 2 3 2 2 2 2 2 2 2 4 1 2 2 2 3 3 1 2 2 4 2 4 1 2 2 2 2 3 1 1 2 4 1 4 1 2 2 1 2 2 4 1 1 1 2 3 3 4 2 1 3 3 1 2 3 3 2 2 4 3 1 3 2 1 2 2 1 2 1 2 2 2 1 1 2 1 2 2 3 5 3 4 1 1 1 1 1 1 2 3 1 2 1 1 2 2 2 2 3 2 2 1 3 1 1 2 2 3 1 4 3 2 1 1 2 3 3 1 1 1 1 1 4 3 2 3 3 2 2 1 3 3 1 2 4 6 3 3 2 1 2 2 3 3 3 1 1 1 3 3 4 2 3 3 1 2 1 2 4 3 3 2 2 4 2 1 2 1 1 2 2 3 4 4 2 2 3 2 1 3 4 3 4 1 5 1 2 1 2 3 2 3 2 1 3 1 2 2 1 2 1 1 1 2 2 2 3 7 1 3 2 3 3 3 1 5 3 3 1 2 2 3 2 3 1 1 1 2 3 3 2 1 1 5 3 1 1 1 2 1 1 3 1 2 1 3 5 1 4 1 2 5 2 3 3 1 1 1 2 2 2 3 1 4 2 1 2 1 3 3 1 1 1 1 5 4 1 1 5 4 1 3 4 1 2 4 1 2 1 3 1 2 4 1 2 1 2 1 3 2 1 2 3 1 2 3 2 3 2 2 1 1 1 4 2 4 1 2 3 1 2 1 2 4 1 2 3 1 2 2 1 1 3 3 2 1 1 1 2 4 1 1 1 1 2 3 1 2 4 1 2 1 3 2 1 2 1 1 4 1 2 3 1 3 1 1 2 2 5 1 2 4 1 2 1 1 3 2 2 2 2 3 9 1 1 1 1 1 2 2 3 4 4 4 1 2 5 2 2 2 4 2 2 2 1 1 5 1 1 1 1 3 5 4 1 1 2 1 2 4 2 1 2 3 3 1 2 1 3 2 1 8 3 1 1 4 3 3 4 3 2 2 4 1 3 4 2 2 2 2 2 2 1 1 1 1 3 7 2 2 2 2 4 3 4 3 5 2 2 3 1 1 3 2 3 5 3 1 6 3 1 3 3 1 1 3 3 3 3 4 1 2 1 1 1 2 2 1 2 1 3 3 2 3 4 3 1 1 2 1 4 2 3 3 2 4 2 4 1 2 2 1 6 2 1 1 3 1 1 3 2 1 1 5 1 1 2 2 1 3 4 2 1 2 1 1 1 2 3 1 4 1 1 2 3 2 1 1 1 2 2 1 1 3 1 2 2 3 3 1 2 2 1 1 6 2 2 1 1 2 1 1 2 1 1 2 2 2 2 2 3 1 2 1 4 1 1 4 4 2 1 3 2 1 1 2 2 3 1 4 3 2 2 2 3 3 1 2 3 3 2 1 2 4 3 4 2 1 2 3 2 1 3 1 3 2 1 2 1 1 1 2 1 1 1 5 1 1 2 2 2 2 6 4 3 1 1 1 4 2 3 3 1 1 1 4 2 1 2 3 4 4 1 2 3 4 3 4 5 2 1 1 2 3 3 2 2 3 1 2 2 1 4 4 2 1 2 4 1 3 2 3 2 3 1 1 2 2 1 2 2 2 3 2 2 1 1 1 1 4 1 2 1 1 2 2 4 2 1 2 1 3 2 1 1 1 2 2 5 3 1 2 4 1 3 1 5 1 4 2 2 2 2 1 3 2 1 1 5 2 7 1 4 1 5 1 2 2 6 2 2 2 1 3 2 5 3 1 1 2 2 3 2 4 2 3 1 4 2 2 2 3 1 1 1 1 1 3 1 1 1 2 1 2 1 1 1 1 1 4 3 3 1 1 1 1 3 2 1 2 2 2 2 3 1 2 5 2 2 4 1 2 1 1 2 2 4 1 3 3 1 2 1 2 4 1 3 1 4 1 1 2 2 3 2 2 2 1 1 1 1 4 3 4 1 2 2 3 1 4 2 5 1 1 1 2 2 2 4 1 4 3 2 2 3 2 5 1 4 3 1 2 1 2 2 2 3 2 1 1 3 1 2 1 2 3 1 3 2 2 2 1 2 1 2 3 1 3 2 2 2 1 4 3 4 3 2 1 3 2 2 4 2 2 1 3 2 2 2 1 2 1 3 1 3 3 1 4 2 1 3 3 3 4 1 2 4 4 4 1 3 2 2 2 5 1 2 2 2 1 1 2 2 2 2 1 2 2 1 4 1 1 1 3 2 3 2 2 2 3 1 1 1 2 1 2 2 2 1 3 2 3 1 2 6 1 5 3 1 2 2 1 3 2 7 1 2 1 2 3 2 6 4 1 1 1 1 2 3 2 2 2 2 1 1 4 3 1 1 3 5 2 2 1 3 2 3 2 4 3 2 2 4 2 3 2 1 2 4 2 3 2 2 1 2 4 1 1 3 3 1 4 3 2 2 4 1 3 1 4 3 1 1 3 1 3 1 1 5 4 1 2 1 1 5 3 1 1 2 3 1 2 2 3 2 1 3 1 3 2 2 1 2 1 1 1 1 1 6 1 1 1 3 1 1 1 1 5 1 3 2 1 4 1 1 2 3 3 1 4 1 4 2 2 1 2 1 4 2 2 2 3 2 2 3 3 3 3 3 1 2 1 1 1 7 1 1 4 2 3 1 1 2 1 1 2 1 3 3 2 2 2 3 2 2 2 3 2 4 5 1 1 4 1 1 3 1 2 2 2 3 3 3 2 2 2 1 1 1 1 2 4 1 2 2 1 2 1 1 1 5 2 3 2 3 2 1 1 3 1 1 3 1 1 3 3 1 2 3 3 3 2 2 1 2 3 3 1 1 2 1 4 3 2 2 2 3 2 3 2 2 3 1 1 2 5 2 1 1 3 2 1 2 2 2 3 3 1 2 1 1 1 5 3 1 2 1 1 5 2 1 3 3 2 1 1 2 2 2 2 3 1 3 1 1 1 1 2 4 1 5 4 2 1 3 1 4 1 4 2 1 2 1 1 3 4 2 2 1 1 1 3 2 2 4 3 1 2 1 3 4 1 1 3 1 1 2 1 2 3 2 1 3 3 2 3 1 1 1 1 1 4 1 1 2 1 1 1 4 1 2 3 1 1 1 4 4 3 3 1 4 3 1 1 2 3 3 4 1 2 3 2 1 4 2 2 2 3 1 2 1 1 2 1 1 1 3 3 3 1 1 1 1 1 3 3 1 3 1 1 1 1 2 3 2 5 2 1 2 2 1 4 1 5 2 3 3 6 2 2 1 1 1 1 2 1 2 1 2 1 2 2 1 1 3 1 1 2 2 3 2 3 4 1 1 4 1 2 3 1 2 1 1 6 2 3 1 1 3 2 1 1 1 2 2 1 1 3 1 1 3 2 1 5 1 2 2 1 1 2 2 3 3 3 2 2 1 1 1 1 2 2 1 2 1 2 2 1 1 2 3 2 3 3 3 3 4 2 5 2 2 2 3 1 2 2 1 1 1 2 3 3 1 2 1 1 1 2 3 2 3 2 1 1 3 2 1 2 2 1 1 3 1 2 1 1 2 3 1 1 2 3 2 2 1 1 1 1 5 4 3 1 1 2 2 1 2 1 4 2 1 2 3 3 1 1 1 4 3 3 4 1 2 2 1 1 1 3 1 2 1 2 1 1 1 4 3 6 1 1 1 1 2 1 5 1 1 2 2 1 1 1 4 3 4 2 2 1 1 2 1 1 3 1 3 1 1 1 2 3 2 3 3 2 2 1 1 1 3 1 4 1 2 1 3 2 2 4 1 1 2 3 2 1 2 2 2 2 1 4 1 1 3 1 1 2 2 2 1 1 1 2 5 2 2 1 2 2 1 3 1 2 2 1 2 1 2 3 1 1 3 2 3 1 2 4 3 2 4 1 1 2 4 3 2 3 2 3 1 3 1 4 2 3 1 3 1 3 1 6 2 3 2 3 2 3 4 2 2 1 2 1 3 2 2 1 3 3 2 1 1 3 2 1 3 3 2 3 1 1 2 3 1 1 2 2 1 3 3 3 3 2 2 1 2 2 3 2 2 1 2 1 2 2 2 3 2 3 1 1 4 1 1 2 1 2 5 3 3 2 1 1 1 1 2 1 1 2 1 1 3 2 4 3 1 3 3 3 2 1 2 2 1 2 1 4 2 2 2 1 4 1 3 1 1 2 3 4 4 3 2 1 2 4 3 4 2 1 1 4 4 1 1 1 2 2 2 2 2 1 2 3 1 1 2 1 1 4 5 3 2 4 2 3 2 2 1 1 1 1 2 1 3 1 2 1 1 3 3 1 3 2 2 2 4 2 1 3 4 1 1 2 1 1 1 1 2 2 2 3 2 1 1 2 1 3 1 1 1 1 5 2 5 2 1 2 1 1 1 2 1 2 2 4 1 2 1 2 2 2 1 5 2 1 3 2 2 3 3 2 6 1 1 3 1 2 1 1 1 2 1 2 2 2 3 2 1 2 2 2 3 2 2 1 1 3 2 1 3 1 4 1 1 2 2 4 3 2 3 1 5 3 1 2 1 1 1 2 2 3 1 3 1 2 2 1 1 4 3 1 3 1 2 2 1 1 2 2 2 1 1 2 2 1 4 3 2 4 3 1 1 3 2 1 3 3 1 1 3 1 2 1 1 1 2 1 1 2 3 2 5 1 1 1 2 2 2 1 3 1 1 2 5 1 1 2 1 3 1 3 5 1 2 1 2 1 1 6 1 3 1 3 2 1 1 1 1 1 2 1 3 3 1 2 1 2 2 2 4 3 1 5 1 1 3 2 3 1 4 1 1 2 1 1 2 2 3 1 1 2 3 2 2 1 2 1 1 7 2 4 2 1 3 1 2 4 2 1 3 1 2 2 4 3 1 1 2 2 4 2 1 1 2 1 4 3 5 7 3 3 2 3 1 3 1 2 2 1 3 2 2 1 2 1 1 3 1 2 1 3 4 2 3 2 2 1 2 5 2 2 3 1 3 2 2 2 1 1 2 5 1 1 2 2 3 3 4 1 2 1 3 1 5 3 4 3 1 5 1 1 4 2 1 1 6 3 2 2 4 1 3 2 3 2 2 2 2 5 3 3 4 6 2 2 3 1 2 2 2 3 2 3 4 1 1 1 1 3 2 3 4 1 2 2 3 1 4 1 1 2 1 2 2 1 3 4 1 4 1 5 3 4 5 2 2 5 2 3 4 3 3 4 2 1 2 1 2 2 2 4 2 2 1 1 2 3 1 3 3 1 2 3 2 3 2 4 1 1 5 4 2 1 1 2 5 1 2 2 4 1 2 3 3 2 1 5 3 1 2 1 3 2 3 3 2 3 1 2 3 1 4 1 3 3 1 1 3 7 3 4 1 4 1 3 3 2 1 1 6 1 2 4 2 4 3 1 2 4 1 3 3 1 2 1 1 3 4 2 3 3 2 1 2 5 1 1 3 2 4 3 1 4 6 1 2 1 1 4 4 2 1 2 1 3 1 4 1 4 3 2 1 4 2 2 1 2 2 1 2 3 2 3 1 2 2 3 3 3 3 1 3 2 2 2 2 4 2 3 2 2 1 3 5 1 1 1 1 1 2 2 1 1 3 3 2 3 1 2 1 3 3 4 1 3 3 3 2 1 1 1 1 1 1 5 2 1 1 5 2 3 2 1 2 1 4 1 2 1 2 2 1 1 1 1 2 3 2 2 1 1 1 4 2 2 2 2 5 3 1 2 1 4 1 3 1 1 1 2 1 1 1 1 1 2 3 8 1 5 3 4 2 1 3 2 1 1 3 3 3 4 3 2 6 4 2 4 1 1 2 1 3 1 3 2 3 2 1 2 1 2 2 2 1 1 1 2 2 2 2 2 1 1 1 1 2 1 2 1 3 2 2 1 1 1 2 3 3 3 2 2 2 2 3 2 3 2 1 2 3 1 2 2 4 2 2 1 2 1 2 3 3 1 1 1 1 3 3 1 1 3 1 2 1 1 1 2 1 1 1 3 1 3 5 1 3 2 2 3 3 4 2 1 2 2 4 1 3 2 2 5 1 3 1 2 3 2 1 2 1 1 3 3 2 2 2 6 1 1 3 1 2 1 2 3 1 1 1 3 2 1 4 2 1 1 3 2 3 3 5 1 3 1 4 1 3 4 1 5 1 3 2 1 1 3 1 1 3 3 1 1 3 1 1 1 4 4 3 4 4 6 1 2 1 1 4 1 2 2 3 1 2 1 4 2 1 1 3 2 2 2 3 3 5 1 3 2 2 3 6 3 2 5 1 4 2 1 2 2 4 3 1 1 2 5 2 1 4 1 3 3 2 1 4 1 2 2 5 4 4 1 2 6 3 3 3 1 3 6 1 2 3 4 2 1 1 4 1 5 3 3 1 2 1 3 4 1 1 1 2 2 1 4 4 3 1 3 4 4 5 1 1 2 1 2 4 1 4 2 1 1 1 1 2 4 1 2 3 2 1 1 4 1 1 3 1 6 1 1 1 2 2 2 1 1 3 2 1 2 1 1 2 3 1 1 1 3 1 2 3 2 1 3 1 2 1 1 3 3 3 2 2 3 3 1 2 3 3 2 2 5 2 1 2 1 1 3 3 3 3 1 3 2 2 1 1 4 2 1 2 1 7 3 2 2 1 3 2 3 3 3 4 2 2 3 2 1 5 1 2 5 1 4 4 3 5 2 2 2 3 2 3 3 2 4 4 2 2 4 2 3 2 1 4 4 3 1 2 2 2 1 1 2 4 4 4 1 2 1 1 2 3 2 2 2 1 3 1 4 3 4 4 2 2 3 3 3 3 4 3 2 3 4 4 2 2 2 2 2 5 4 1 1 1 2 4 2 2 3 3 1 1 3 4 6 1 3 2 1 4 1 2 3 3 3 2 1 2 1 3 1 3 3 4 2 1 2 1 1 1 1 4 4 3 4 5 3 5 3 2 2 2 2 2 2 3 1 2 2 2 1 1 2 3 3 2 2 5 1 3 3 2 3 2 3 1 1 2 2 2 1 2 2 3 4 2 1 1 2 1 3 4 4 1 2 1 3 3 2 1 1 3 1 3 3 1 2 1 3 2 1 1 5 2 1 1 2 1 1 2 3 1 1 1 3 2 1 2 2 3 2 2 1 1 2 2 2 2 1 2 2 1 1 1 3 2 3 2 2 1 1 1 4 4 2 2 2 2 1 3 2 3 1 1 2 2 3 2 3 3 1 2 2 3 3 1 1 1 3 1 4 1 2 5 2 2 1 1 2 1 3 1 1 1 2 2 1 1 1 3 4 1 2 5 1 3 2 2 2 2 2 1 1 3 3 1 2 3 1 1 2 3 2 1 4 3 1 3 3 3 6 2 2 2 2 1 3 3 1 4 1 2 1 3 3 4 3 3 3 3 1 4 4 1 8 1 3 3 1 3 1 5 1 3 1 2 3 1 4 2 1 1 4 1 1 3 2 1 2 2 1 3 2 2 3 2 1 2 2 4 6 1 2 1 2 1 3 2 4 2 1 1 4 1 2 5 4 2 3 2 1 2 2 3 1 2 3 4 1 3 3 2 1 1 3 3 1 1 1 2 2 1 3 1 1 1 1 2 2 3 1 1 2 1 3 5 3 3 1 1 1 2 1 5 1 5 2 2 2 1 1 3 1 1 1 5 4 4 1 4 4 1 1 2 3 3 1 1 3 3 3 2 3 1 2 1 2 4 2 1 1 2 1 1 4 1 1 1 3 3 2 2 5 1 2 3 2 2 3 2 2 3 2 1 5 2 2 1 3 2 1 3 2 1 2 2 1 2 6 5 1 1 1 2 3 1 2 1 3 2 3 2 1 5 1 2 2 2 1 2 6 3 1 1 3 2 2 2 2 2 2 2 1 2 1 2 1 1 5 2 3 1 2 2 2 1 1 2 5 2 3 1 2 1 4 3 2 2 1 1 3 1 2 1 5 2 2 3 1 1 3 2 1 3 2 2 2 2 1 2 1 1 1 3 2 3 2 3 2 1 1 4 1 1 3 1 3 1 2 1 1 2 3 3 3 3 2 1 2 3 4 3 3 3 3 2 2 1 3 3 3 2 2 3 4 1 2 2 2 2 3 2 2 2 1 2 4 3 2 1 3 1 3 2 5 1 2 2 1 2 2 1 1 1 2 3 2 4 2 1 1 1 1 1 5 2 2 2 1 3 2 3 1 1 3 4 2 1 3 3 1 2 7 1 3 1 3 2 4 1 4 3 3 2 2 3 3 1 3 2 2 2 1 2 1 1 1 2 2 3 2 1 1 3 3 1 1 4 1 3 3 1 4 2 7 2 1 2 2 2 2 3 1 1 2 3 1 2 1 2 3 2 6 3 6 1 1 1 3 2 1 1 3 5 1 2 2 1 2 2 1 2 2 1 2 1 2 4 2 1 2 2 2 3 2 4 3 3 2 3 1 3 3 2 1 1 1 3 2 2 2 3 4 3 1 2 2 2 1 3 1 1 3 2 3 2 1 1 1 2 3 3 1 1 1 4 1 2 1 1 1 5 1 4 2 1 2 1 2 3 4 2 6 1 4 1 1 3 2 3 1 1 1 1 4 2 1 2 2 1 1 2 1 2 4 3 1 2 2 1 2 3 2 1 2 1 1 2 3 4 2 2 2 3 2 5 1 1 1 2 2 2 4 4 2 3 1 1 1 2 1 2 1 1 3 8 4 2 2 4 3 3 1 1 5 1 2 1 2 1 1 3 1 1 1 3 4 3 1 4 1 3 2 1 1 1 3 1 1 3 1 6 7 3 2 2 2 1 2 2 5 1 3 1 1 4 1 3 1 2 3 1 1 2 3 3 2 2 2 2 2 2 1 3 2 1 1 3 1 4 2 3 2 2 2 1 3 2 3 2 3 4 3 2 3 1 1 3 1 3 2 1 3 5 1 2 2 3 1 2 3 4 1 1 4 4 2 2 2 2 3 4 3 2 1 1 4 3 1 2 2 2 1 3 1 4 1 2 2 3 1 4 1 2 3 1 1 2 2 2 2 4 2 3 2 2 5 1 1 1 2 1 1 3 1 3 3 2 2 1 3 1 2 2 1 2 1 2 1 2 1 2 1 1 2 1 2 1 4 2 5 2 6 2 1 2 4 2 3 1 1 2 4 3 2 3 1 2 5 2 1 1 1 3 2 1 2 3 3 2 1 1 2 1 1 2 2 1 2 3 2 1 1 2 1 1 1 1 1 1 6 3 2 1 3 2 3 3 2 2 4 1 3 2 2 2 3 4 1 1 3 7 3 3 2 2 3 3 2 1 3 1 1 2 4 1 2 4 2 1 5 3 3 1 3 2 1 2 1 3 1 4 4 2 1 1 3 2 1 4 3 3 2 4 2 3 1 1 1 2 2 1 1 2 2 3 3 3 3 1 2 1 1 2 1 1 3 4 2 2 4 2 1 3 1 2 4 2 3 1 3 2 1 1 1 2 2 1 1 1 2 2 1 1 2 1 1 2 6 2 3 4 2 1 1 3 2 1 2 1 4 2 3 1 3 2 2 2 1 2 2 1 8 2 4 2 1 1 3 4 2 2 3 1 2 2 1 3 1 1 2 1 3 2 1 3 1 2 1 3 2 4 3 3 5 3 2 1 4 2 1 7 3 2 3 2 1 1 1 3 3 2 1 3 1 6 2 4 2 6 1 1 2 1 2 2 1 3 1 1 1 3 2 1 4 1 4 1 1 1 2 1 2 4 2 1 1 1 3 4 2 5 1 4 2 3 2 3 4 4 3 3 2 2 5 1 2 5 5 2 1 1 4 1 3 1 1 3 2 1 4 4 3 6 1 6 5 1 4 1 4 2 2 1 2 2 1 2 1 4 1 2 2 4 3 4 4 1 1 1 5 1 3 1 4 3 1 2 3 2 3 2 1 1 3 1 3 1 1 1 1 2 4 3 4 1 2 4 2 2 1 2 1 3 1 3 2 2 2 6 2 1 3 5 1 2 1 3 4 2 2 4 6 3 2 2 1 3 1 2 4 2 1 1 3 3 3 3 1 4 1 1 2 3 4 3 3 3 3 3 2 1 1 3 3 2 2 2 1 1 2 1 4 2 4 3 6 2 5 1 1 1 3 1 3 1 2 3 2 1 3 1 2 2 4 3 4 1 3 1 4 4 2 1 2 1 1 2 3 2 1 4 2 2 2 3 3 1 2 1 3 1 2 5 2 1 1 6 1 2 1 1 1 1 1 2 1 1 2 4 4 4 2 1 1 1 1 2 4 3 1 3 2 5 2 6 2 4 3 2 3 2 1 2 1 2 2 8 2 5 2 2 1 6 1 1 3 2 1 4 2 3 1 3 2 2 1 1 1 2 2 3 2 1 1 1 2 4 4 2 2 5 1 6 1 1 2 1 2 2 3 4 2 3 2 1 1 1 3 1 3 1 3 1 1 1 3 1 4 1 4 4 1 1 3 2 2 1 1 4 3 1 3 3 1 4 3 3 4 1 2 4 3 3 2 1 1 4 2 2 1 3 1 3 1 3 2 2 1 3 1 4 3 3 3 3 2 2 2 2 3 2 1 3 1 2 2 1 1 3 4 3 1 1 1 2 3 1 1 2 3 1 1 2 1 2 3 2 1 1 6 3 2 3 1 3 1 1 3 2 2 2 3 1 1 2 3 1 4 3 1 1 1 1 1 1 4 2 2 3 3 2 3 3 2 2 3 2 3 2 3 1 2 1 1 3 4 2 4 3 1 3 1 3 3 2 3 1 2 1 3 2 2 5 3 3 2 2 1 1 1 2 1 2 2 2 2 2 2 2 2 1 2 1 2 1 3 5 1 3 2 1 1 1 2 2 2 3 2 2 1 2 2 3 1 5 4 1 3 1 2 2 2 7 2 2 4 4 1 2 2 1 2 2 1 2 1 4 2 3 2 1 2 3 4 1 2 2 2 1 1 4 3 2 1 2 1 3 1 2 1 2 2 4 2 2 1 1 3 2 2 2 3 1 1 1 3 1 1 2 1 1 1 4 1 3 2 1 1 3 1 4 3 3 2 6 1 3 3 4 2 3 2 2 2 2 2 3 2 3 1 2 2 2 1 2 1 3 2 1 1 1 3 2 1 2 2 6 1 3 1 1 3 2 1 1 1 1 5 1 3 3 3 5 3 4 1 2 3 2 1 2 3 4 3 3 1 1 1 5 2 1 1 3 2 1 2 1 2 2 1 2 3 2 2 3 2 2 2 3 4 4 3 2 3 3 1 3 3 2 2 1 2 5 1 3 4 5 1 2 4 3 1 2 4 3 1 2 3 1 4 1 2 4 3 4 2 3 4 
  #Test Small 11616
  #Test Medium 21397
  #Test Large 35834
