Board size [mm] 350x400

Stats side 1
  #Components with background 99
  #Components with points 732
  #Components nofly 6
  #Components notouch 6
  #Pins 181254
  #GNDs 5744
  #VDDs 4694
  #Clock 69
  #NoFly points 940
  #NoTouch points 1048
  #Points [total] 193749

Stats side 2
  #Components with background 85
  #Components with points 703
  #Components nofly 0
  #Components notouch 0
  #Pins 184992
  #GNDs 6575
  #VDDs 5477
  #Clock 90
  #NoFly points 0
  #NoTouch points 0
  #Points [total] 197134

Stats board (side 1 + side 2)
  #Components with background 184
  #Components with points 1435
  #Components nofly 6
  #Components notouch 6
  #Pins 366246
  #GNDs 12319
  #VDDs 10171
  #Clock 159
  #NoFly points 940
  #NoTouch points 1048
  #Points [total] 390883
  #Nets 350978
    Net Size: 12319 10171 159 1 1 1 1 2 1 3 4 2 1 4 2 1 1 1 6 1 2 3 2 2 1 2 1 3 1 2 1 1 1 1 1 3 2 1 3 2 1 3 4 5 3 3 5 1 3 1 1 2 2 3 4 1 3 2 3 1 2 4 1 1 1 2 1 1 1 1 2 1 2 1 3 1 1 3 2 1 1 1 2 3 3 3 3 2 3 1 2 1 2 3 3 1 1 1 2 1 2 1 3 2 1 2 1 1 1 1 2 2 2 2 2 2 2 2 3 2 3 2 2 1 1 1 2 3 1 1 3 1 2 1 3 2 1 3 3 1 2 1 2 2 3 1 1 2 1 1 2 2 2 4 2 1 2 1 1 2 1 1 2 1 1 2 1 2 4 1 2 1 2 3 2 1 1 2 3 2 1 3 2 1 2 1 3 3 2 1 2 2 3 3 2 2 4 1 3 2 2 3 1 1 3 1 2 2 1 2 2 1 4 1 2 1 1 1 3 1 3 1 3 1 1 1 2 1 3 5 3 4 2 1 1 1 2 2 1 2 1 3 2 1 1 1 1 1 4 2 1 1 2 2 1 1 1 2 1 2 3 1 5 1 2 1 3 1 5 2 2 3 5 2 1 1 4 1 3 1 2 1 2 1 1 2 2 2 3 2 2 2 1 2 1 1 2 2 1 2 2 3 1 3 1 1 2 1 1 1 1 2 2 4 3 1 2 1 2 2 2 2 1 3 4 1 1 2 1 1 1 1 2 1 1 1 1 1 1 2 3 3 4 1 1 1 2 1 7 2 3 2 2 4 1 1 3 1 2 1 1 2 2 3 3 1 2 2 1 1 5 2 3 2 3 1 1 3 1 2 2 1 1 1 1 5 4 3 1 2 2 1 2 3 2 2 1 1 1 2 2 3 1 4 1 4 2 1 1 2 4 1 1 2 1 3 1 1 1 2 1 2 3 2 3 2 2 1 2 1 4 2 3 3 2 1 4 2 2 3 1 3 2 3 1 2 2 2 1 4 1 3 1 1 1 4 2 2 2 2 1 2 1 5 1 1 3 2 1 2 1 1 3 1 1 1 2 1 2 1 1 2 2 2 1 2 1 3 2 1 2 2 2 3 1 2 1 2 1 2 3 1 2 1 2 2 1 1 1 2 2 2 1 2 2 2 1 2 2 2 1 1 3 2 1 1 3 2 3 1 3 2 2 2 1 2 2 4 2 4 2 2 3 2 1 1 2 1 1 2 1 3 3 1 1 2 2 3 3 3 1 2 2 3 1 1 3 2 2 1 1 1 2 3 2 1 1 3 5 1 1 5 1 1 1 1 1 3 1 1 2 2 4 2 3 3 1 2 1 1 1 3 4 1 2 5 2 2 1 2 4 3 1 3 1 2 1 1 2 3 2 1 1 1 1 5 3 1 3 1 4 1 1 1 3 2 2 1 2 5 1 1 3 1 1 1 1 3 2 2 1 1 1 2 1 3 3 2 2 1 2 1 2 1 1 1 3 1 3 2 2 3 2 2 2 2 1 2 1 3 3 2 3 2 1 2 5 2 3 2 1 2 1 3 1 1 1 2 3 1 1 1 1 1 1 1 1 1 1 4 2 1 2 3 3 2 1 4 2 1 1 1 1 3 2 2 1 2 2 2 3 1 3 1 1 1 1 3 3 2 3 3 2 1 1 4 1 2 1 2 2 3 2 1 3 1 1 1 2 1 1 4 2 3 1 2 1 1 2 1 4 2 4 1 1 1 3 2 3 2 2 2 1 3 1 1 1 4 1 5 1 1 2 5 1 1 2 4 2 2 1 2 6 3 1 3 1 1 1 1 5 5 2 4 1 5 1 3 2 1 3 2 2 1 1 1 3 1 1 1 2 2 2 1 2 4 3 2 1 1 2 2 2 1 1 4 2 3 3 1 2 2 1 2 1 4 1 4 1 3 1 1 3 3 2 1 1 1 1 1 1 3 1 1 1 2 3 2 1 2 3 1 3 2 1 1 4 2 3 3 1 3 5 2 1 1 2 2 2 1 2 3 2 3 1 2 2 1 1 2 2 1 1 2 1 3 2 1 1 1 1 1 3 3 4 2 1 2 1 2 3 3 2 2 1 1 1 2 1 1 2 3 4 3 3 2 2 3 3 2 2 2 1 2 4 1 2 1 2 1 1 2 1 2 1 2 1 1 1 1 1 1 1 2 3 1 3 1 1 1 1 3 1 1 1 1 1 2 3 3 1 2 2 2 2 2 2 2 1 4 2 2 2 3 3 1 1 3 2 3 2 1 1 1 3 1 1 1 2 1 2 1 2 3 4 3 2 2 3 1 1 2 2 3 3 3 4 3 1 1 1 2 1 2 1 1 3 2 2 2 1 2 2 2 3 1 1 2 1 2 1 1 1 2 2 2 2 1 2 2 3 1 2 2 1 2 3 1 1 1 2 1 1 2 1 1 2 2 4 2 1 3 3 2 2 1 2 1 4 2 1 1 1 4 1 2 2 1 1 2 1 2 1 1 1 2 3 2 1 5 2 1 1 2 2 1 3 2 1 1 2 3 1 1 1 1 1 4 1 4 1 1 1 1 4 2 1 4 5 1 2 1 1 1 2 2 4 2 2 1 2 2 1 2 3 1 3 2 2 4 2 1 2 1 2 1 2 2 4 2 2 2 1 1 3 2 4 3 1 1 4 2 2 1 2 4 2 1 1 1 2 2 1 1 1 2 3 1 1 2 2 2 1 4 1 1 1 2 2 2 1 1 1 1 3 2 1 3 3 2 1 2 4 2 4 2 3 2 1 1 1 2 3 1 1 1 3 2 1 1 1 4 1 1 2 1 2 2 5 3 3 1 1 1 1 1 2 2 1 3 1 2 4 1 2 2 1 1 1 3 2 1 2 1 3 2 1 1 1 1 2 1 2 1 3 2 3 2 2 2 2 3 2 1 2 1 2 1 3 1 1 1 2 2 3 2 1 5 1 1 3 1 1 4 1 1 2 1 1 3 1 1 2 1 2 4 1 1 3 1 4 2 4 1 1 2 1 4 1 1 1 2 1 2 3 3 5 4 1 2 3 2 1 2 3 1 2 1 2 3 2 2 1 2 4 2 1 2 2 2 1 3 2 2 2 1 1 2 4 1 1 1 1 2 2 1 1 1 1 3 3 1 1 2 2 2 1 2 1 3 2 2 2 1 1 2 1 1 1 1 2 1 4 3 3 1 1 1 1 1 3 2 2 1 1 2 2 1 4 2 1 2 2 2 1 2 1 1 1 1 3 5 2 2 1 4 1 1 1 4 3 2 1 1 1 2 2 4 1 2 1 1 1 1 2 2 4 2 1 2 2 1 1 2 1 2 1 3 4 1 3 4 2 2 2 1 2 3 2 2 2 2 1 3 2 3 2 1 1 2 2 6 3 2 2 2 2 1 1 4 5 3 3 1 1 1 3 1 3 1 3 2 1 2 1 1 2 1 1 1 2 2 2 1 1 1 1 2 2 1 2 3 1 3 3 2 1 1 1 1 2 1 2 3 4 2 1 1 1 2 3 1 2 1 3 4 1 4 3 1 3 4 1 3 1 2 3 2 1 1 2 1 3 1 1 2 3 3 2 1 2 2 3 1 4 3 1 2 2 3 3 3 1 1 3 4 1 1 1 1 1 1 1 1 1 2 2 1 1 1 1 2 1 2 2 2 1 2 1 1 1 2 2 1 1 1 1 1 1 1 2 1 3 1 1 3 1 1 2 1 2 2 4 2 2 2 1 1 2 2 7 1 2 2 2 2 1 2 1 1 3 3 1 2 1 2 1 3 2 1 2 4 2 1 2 3 3 1 1 2 1 1 2 2 3 1 1 2 3 3 2 2 2 2 1 3 1 3 2 2 1 2 1 2 1 6 1 1 3 3 1 2 1 2 1 1 2 4 4 1 2 3 1 1 1 3 1 1 1 1 3 1 1 1 2 3 3 1 1 5 1 2 1 2 3 3 1 2 2 1 3 2 1 5 4 1 4 1 2 7 1 3 4 2 3 1 2 2 2 4 2 1 1 1 1 2 1 2 2 2 1 2 2 1 1 1 2 3 1 1 1 3 3 3 1 1 2 4 3 1 1 4 1 1 2 3 2 3 1 3 1 1 2 2 1 3 3 1 1 2 2 2 3 4 1 3 6 1 4 4 2 1 3 1 2 1 4 1 1 2 2 2 6 2 2 2 1 2 6 2 1 2 1 3 1 1 1 3 1 2 1 1 2 2 1 1 2 1 2 3 1 1 4 1 1 2 3 1 1 1 2 4 2 1 2 1 1 3 1 1 1 1 3 4 1 1 4 2 6 1 1 1 2 1 2 2 2 1 2 3 1 1 3 2 1 2 4 3 2 1 1 2 1 2 2 1 2 2 1 2 1 1 1 2 1 2 1 1 3 5 2 3 1 2 2 1 4 2 2 1 2 2 1 1 3 3 3 1 2 3 3 3 2 2 1 1 2 1 2 1 3 3 1 3 1 2 1 1 1 1 1 2 2 2 1 1 4 1 2 2 1 3 1 1 1 2 2 1 1 2 3 3 2 2 2 3 1 3 1 1 2 2 3 1 1 1 1 1 4 5 2 2 2 3 2 1 3 1 3 2 1 2 1 1 3 2 3 1 2 1 1 2 2 2 1 4 1 5 2 4 1 2 1 2 2 2 2 1 1 1 1 3 2 1 1 2 1 1 1 2 3 2 2 1 2 5 1 2 2 1 2 2 2 1 1 1 1 2 1 1 1 2 2 3 2 1 3 1 1 4 2 3 4 2 1 4 2 4 3 3 3 2 4 1 1 1 2 1 1 3 1 3 2 1 1 1 1 1 3 2 6 4 2 3 3 2 2 2 3 3 2 1 1 1 1 1 1 2 3 2 1 1 1 3 2 3 2 3 4 2 1 2 4 1 4 3 2 1 1 1 1 1 2 1 2 1 2 2 1 3 3 2 2 2 3 1 1 1 1 1 2 1 1 3 3 1 1 2 1 1 2 1 4 2 2 1 4 1 4 2 2 2 3 1 1 3 1 2 2 1 2 3 2 2 2 4 2 1 2 1 2 5 1 1 2 1 3 1 2 1 2 1 2 4 3 2 2 1 3 3 2 1 1 3 1 1 2 1 3 1 2 2 1 1 2 1 1 1 3 2 1 2 2 2 1 6 3 2 3 3 1 1 1 1 1 1 3 2 2 1 4 2 3 4 1 1 2 1 1 2 2 1 1 3 3 2 1 1 2 3 1 1 2 2 2 5 4 1 1 2 2 2 3 3 4 2 1 3 2 2 1 1 2 3 3 2 1 4 1 1 1 1 1 1 2 3 2 2 5 1 1 1 2 2 2 2 1 2 1 2 5 3 1 4 2 2 1 1 1 1 1 1 1 1 3 1 1 1 1 3 1 2 1 2 3 2 2 4 2 2 1 3 2 1 2 5 2 1 2 3 1 2 3 2 4 2 1 3 4 3 1 1 2 2 1 3 2 2 1 2 3 2 2 1 3 4 2 1 1 1 2 5 3 1 5 2 2 2 2 1 1 1 2 1 1 3 3 2 4 2 2 2 1 3 3 1 1 1 1 6 2 2 1 2 2 2 1 2 1 1 2 5 1 3 1 2 3 1 1 3 3 2 4 2 1 2 1 2 2 1 2 2 2 3 2 1 5 4 1 2 1 1 1 1 2 4 2 4 1 1 2 3 1 4 1 2 2 1 2 5 1 2 6 1 2 2 1 2 2 1 1 1 1 2 1 3 1 1 1 1 1 1 1 1 3 1 2 2 4 1 1 3 4 2 3 1 1 1 1 1 1 1 2 4 1 3 1 2 1 2 2 2 1 2 3 1 4 3 1 2 3 1 2 2 3 1 1 2 1 3 2 1 3 2 3 2 2 1 2 1 2 1 1 2 2 1 2 1 1 2 2 3 1 2 1 3 1 1 5 1 2 2 1 1 4 2 1 1 2 3 1 1 1 1 1 4 1 1 1 1 2 2 1 1 1 2 5 1 2 5 2 1 3 1 2 3 1 2 2 3 3 2 1 1 3 1 1 1 1 3 1 1 1 1 1 1 2 2 1 1 1 1 1 1 1 5 7 1 3 3 1 1 5 1 4 2 2 1 1 2 1 2 4 3 1 4 2 1 4 1 3 2 3 1 1 1 3 3 4 2 2 1 2 4 1 2 1 2 2 2 1 2 1 3 1 1 2 3 2 2 1 2 3 2 1 1 1 3 2 2 3 2 2 2 1 1 1 1 2 2 2 1 1 1 1 1 2 2 2 2 2 3 5 1 1 1 1 2 1 2 2 1 2 2 2 4 3 3 2 1 2 3 1 2 2 3 2 1 4 2 1 5 1 3 3 1 2 2 1 1 1 1 1 3 5 1 2 1 1 4 1 2 1 2 2 1 2 4 2 3 4 2 1 2 1 6 4 1 1 1 2 2 1 3 4 1 1 1 1 1 2 3 3 3 1 2 1 1 1 2 2 2 2 1 1 3 1 2 1 2 4 2 2 2 4 1 1 2 1 1 3 1 2 2 1 3 2 2 3 1 1 2 2 3 1 2 4 1 2 1 1 2 2 1 2 1 2 1 1 1 1 1 3 2 3 1 4 1 1 3 1 1 1 3 3 1 1 1 1 3 3 3 2 1 1 2 1 1 1 1 1 1 1 1 4 1 5 1 3 3 2 1 2 1 1 1 2 2 3 1 1 2 1 1 2 1 1 2 1 1 1 4 3 1 1 2 5 3 2 2 3 2 2 1 2 1 1 2 2 3 2 2 3 3 1 2 2 1 1 1 2 1 4 1 1 2 3 1 2 5 1 1 3 2 1 2 2 1 2 1 3 2 2 2 1 3 1 3 3 1 1 3 2 2 1 1 3 2 1 4 1 2 2 4 3 1 2 2 2 1 3 1 2 1 3 4 1 1 1 2 2 2 2 2 2 1 1 2 2 5 3 2 1 2 1 3 1 3 2 1 2 1 1 1 1 1 4 2 1 3 1 2 3 1 3 3 2 1 2 1 2 1 1 2 3 2 1 2 1 4 1 1 2 3 3 1 3 1 3 3 1 2 2 1 2 2 1 2 5 4 1 4 4 1 2 3 2 1 1 2 1 2 1 3 1 1 2 2 3 1 3 3 1 3 1 5 1 2 3 1 1 2 1 2 3 3 1 1 2 3 2 4 1 1 4 1 7 1 1 1 1 2 4 1 1 2 3 2 2 1 3 1 1 5 3 2 1 5 1 2 2 1 3 2 2 1 3 1 2 1 2 7 3 1 3 4 2 3 2 1 2 3 1 4 1 1 2 1 1 1 1 1 1 1 2 2 2 1 1 2 3 2 3 1 1 1 1 4 2 2 1 2 3 3 1 1 3 3 1 2 1 2 3 1 1 1 1 4 3 3 3 1 3 1 4 1 3 2 1 2 3 4 2 2 1 1 1 2 2 1 3 3 3 2 2 3 3 4 2 1 3 1 4 2 2 3 2 2 1 2 5 2 3 2 1 2 2 3 4 1 2 1 1 1 4 1 3 2 2 2 2 2 1 1 3 1 4 4 3 1 2 1 1 2 2 1 1 2 3 3 5 1 2 1 2 2 1 2 1 2 4 2 4 2 1 1 3 3 2 1 1 1 2 1 2 1 1 1 2 3 4 2 1 2 1 2 1 2 2 2 4 1 1 1 1 3 3 2 1 1 2 1 2 1 1 3 1 1 2 2 2 2 2 3 1 2 1 4 4 2 2 1 1 2 1 4 3 2 1 2 3 1 3 3 1 3 1 2 1 1 1 1 2 1 1 2 2 1 2 2 1 3 2 2 1 1 2 1 1 4 1 1 1 4 1 3 2 2 2 1 1 1 1 1 1 1 1 1 1 2 2 3 5 2 1 3 1 1 1 1 2 2 2 3 1 1 1 2 1 3 1 3 1 1 3 3 1 2 1 1 1 3 2 1 1 1 2 2 1 1 2 1 3 2 1 3 2 2 2 3 1 1 1 3 2 4 1 1 5 2 2 1 1 2 2 2 1 1 1 2 1 3 2 4 1 3 4 1 3 4 3 3 1 1 2 1 3 2 3 1 3 2 1 1 4 1 1 1 4 1 1 2 1 1 2 1 2 1 1 2 2 2 3 3 1 1 2 2 2 1 2 4 2 6 2 1 2 3 2 2 1 2 1 2 1 1 2 2 5 1 3 2 1 2 1 1 2 1 2 1 2 2 1 3 1 3 1 2 1 2 2 4 2 1 2 2 1 1 2 1 2 3 1 2 1 2 1 3 2 1 1 3 1 2 1 2 4 2 3 2 4 4 1 3 2 4 2 1 2 3 1 2 1 1 3 1 1 4 1 2 1 2 1 2 1 2 2 2 3 1 2 2 2 2 3 1 2 2 2 2 1 2 2 2 3 3 1 1 1 1 1 1 2 2 1 2 1 1 2 1 2 3 3 2 1 1 2 2 1 1 1 2 1 2 1 3 1 2 2 3 3 1 2 1 1 2 2 2 1 1 1 3 2 1 2 1 2 5 2 2 2 3 1 2 2 2 1 2 1 2 2 2 1 1 3 4 2 1 2 1 2 1 3 1 1 2 1 1 1 1 3 1 1 1 1 4 2 1 1 1 2 1 1 4 1 4 3 3 4 1 5 1 1 1 1 1 1 1 4 1 1 2 1 2 3 3 1 1 1 1 2 1 1 1 2 4 1 1 1 3 3 1 1 1 1 3 4 1 1 2 1 1 1 1 1 3 1 1 2 1 2 2 1 2 3 4 3 4 1 1 1 1 1 3 1 5 2 2 2 2 4 2 1 2 2 2 1 2 7 1 3 2 1 1 1 2 1 1 3 1 4 2 1 3 1 3 2 1 2 1 1 4 3 2 1 3 5 1 2 1 3 1 2 2 3 4 3 3 2 3 1 1 2 3 1 2 3 3 3 3 6 1 2 2 2 3 4 5 1 1 1 2 5 1 2 2 2 1 1 2 2 3 3 1 1 2 3 2 1 2 2 2 2 2 1 3 2 2 1 2 3 2 1 1 2 1 4 3 3 4 2 1 3 4 1 1 2 3 1 1 3 3 2 3 1 2 2 2 3 1 1 1 1 2 2 2 2 2 3 2 4 2 2 1 2 4 2 2 3 4 3 2 3 1 1 1 2 4 1 3 2 1 2 1 3 3 1 2 3 4 2 2 1 1 1 2 1 2 3 3 1 1 1 2 1 3 1 2 1 1 2 1 2 2 1 3 3 2 2 1 1 2 2 1 1 1 1 2 1 3 1 2 1 1 1 3 2 3 2 3 2 1 4 2 2 2 1 2 1 1 3 2 2 4 1 1 2 2 1 2 1 1 1 2 2 2 1 1 1 2 1 2 2 2 1 2 2 1 2 2 1 2 1 2 1 1 2 1 3 1 1 1 2 5 1 1 1 2 2 1 2 1 1 3 1 1 2 3 2 1 4 2 1 1 2 1 2 2 1 1 3 3 1 1 4 2 3 2 1 2 1 2 1 3 2 3 2 2 2 2 3 1 2 1 1 2 3 1 2 4 1 3 2 1 1 1 1 2 1 1 1 2 1 2 2 5 2 4 3 2 2 1 3 1 3 2 2 1 2 2 1 1 5 2 1 1 1 2 2 2 1 2 1 1 1 1 1 3 1 1 3 2 2 4 1 1 3 1 3 1 2 2 2 1 2 1 2 3 2 2 1 1 3 2 1 3 4 1 1 1 1 1 1 2 1 2 2 1 2 2 1 2 1 2 2 2 1 1 2 2 1 1 3 1 4 2 1 3 2 4 1 3 1 1 4 4 1 4 2 2 1 2 2 1 1 3 2 1 1 3 2 1 4 1 1 2 1 2 2 1 2 2 4 3 2 4 3 1 1 1 2 3 1 1 2 2 4 1 1 1 2 1 1 1 1 1 1 1 3 1 2 2 4 2 1 3 3 2 3 2 1 1 1 1 2 2 1 3 1 2 2 3 2 1 1 2 5 2 1 3 1 2 1 1 1 1 3 2 1 2 2 1 1 1 1 2 2 2 4 1 1 1 1 1 1 3 1 1 1 4 1 2 4 1 2 2 1 1 1 1 1 1 1 3 2 3 3 3 1 2 2 1 2 3 1 1 1 1 1 2 4 1 3 2 1 1 3 3 2 2 2 1 2 3 2 1 1 1 1 3 2 2 1 2 1 2 1 4 1 2 2 2 2 1 3 1 1 5 3 2 1 1 3 1 1 3 2 1 4 2 2 2 2 1 1 5 4 3 1 2 3 2 2 2 2 2 1 3 4 1 3 2 3 3 2 3 1 2 1 1 2 1 1 2 2 2 1 4 2 3 3 4 2 3 5 1 1 2 1 1 1 4 3 2 2 2 2 1 3 1 2 1 1 2 4 2 1 3 3 5 2 1 2 1 1 2 5 1 2 3 1 2 1 4 2 1 4 1 2 2 1 3 1 1 1 1 1 3 2 2 1 5 3 3 1 2 1 2 4 5 2 1 2 1 1 3 1 2 1 2 1 2 3 1 2 4 2 2 1 1 3 1 1 5 2 1 4 2 2 1 1 4 3 1 1 2 2 1 3 2 5 1 1 3 1 4 2 3 1 3 1 1 2 3 2 4 1 2 2 2 1 4 3 1 3 1 1 1 1 1 2 1 1 1 2 1 3 1 1 1 2 4 2 3 2 3 2 2 1 1 2 2 3 2 2 4 1 3 1 2 3 1 2 2 2 4 1 2 1 2 1 2 3 1 3 2 2 3 2 4 1 1 1 1 2 1 1 1 1 2 3 1 4 3 1 2 1 1 1 1 1 2 2 1 2 1 2 3 2 3 5 2 2 1 1 5 3 1 1 3 1 1 2 2 1 2 1 1 3 1 4 1 1 3 3 3 3 3 1 1 4 2 2 6 1 2 1 1 1 2 3 3 1 3 2 1 4 3 3 1 2 1 1 3 3 1 1 1 1 1 1 2 2 2 2 1 3 2 2 2 5 4 3 1 1 1 1 2 1 1 1 2 1 2 1 4 3 2 2 2 1 1 6 1 2 1 2 1 1 1 2 1 1 2 3 2 2 1 1 1 2 4 6 1 1 2 1 2 2 2 1 1 1 2 4 1 2 1 1 1 2 2 2 1 1 1 2 4 3 1 2 2 1 1 1 2 2 1 1 1 1 1 1 2 2 2 3 1 3 2 1 1 2 2 1 1 2 1 2 3 2 2 2 1 3 1 1 2 2 4 1 3 1 1 1 1 2 1 5 2 2 1 5 3 2 2 2 1 2 3 3 1 2 1 2 1 1 2 2 2 1 5 1 1 2 2 4 1 1 3 2 2 1 1 1 2 1 1 4 1 3 2 3 4 2 2 1 2 1 5 1 3 1 2 1 1 2 2 1 2 2 1 1 1 1 1 1 2 2 2 2 3 1 1 1 1 5 1 1 2 2 1 2 3 2 2 1 1 1 4 1 2 3 1 1 1 1 1 3 3 1 2 1 1 3 3 1 2 3 1 1 1 2 2 1 1 2 1 2 2 1 1 2 1 1 3 2 4 2 1 3 1 1 1 2 1 2 1 2 3 2 1 3 1 1 1 4 1 2 5 1 2 2 3 2 2 1 3 4 1 1 3 4 3 2 3 3 3 1 1 1 1 1 2 1 3 2 3 2 1 1 4 1 1 1 1 1 3 4 1 1 5 4 1 4 2 3 1 2 1 3 2 2 2 1 1 1 1 1 2 3 1 1 4 1 1 2 3 1 1 1 2 1 3 1 2 6 1 3 1 2 2 1 2 1 1 2 2 1 1 1 1 1 1 3 2 2 2 2 1 1 1 2 2 4 1 3 1 1 4 2 1 1 1 2 1 1 2 1 2 3 4 1 2 1 1 1 1 1 1 3 1 1 4 3 2 3 2 2 1 2 1 3 1 1 2 1 2 1 1 2 1 2 1 2 2 2 2 2 1 3 2 1 1 1 2 2 3 1 2 1 4 2 2 4 1 3 1 1 1 1 1 1 2 1 2 1 1 1 2 2 3 2 3 1 1 1 3 1 2 1 2 1 2 3 1 3 2 1 1 1 5 2 1 2 1 2 2 1 2 1 4 1 1 2 3 1 2 1 1 2 2 3 1 3 1 1 1 2 2 2 4 1 1 2 2 3 5 1 4 1 1 1 4 2 5 3 1 4 1 2 2 1 1 3 3 1 1 1 1 2 3 1 1 2 1 2 2 1 1 2 1 3 2 2 1 1 1 2 1 2 1 3 2 2 3 2 3 1 1 1 1 2 1 4 2 1 2 3 2 4 1 1 1 1 1 1 1 2 2 2 1 3 3 2 1 4 2 1 3 2 2 1 1 1 3 2 1 2 1 1 5 3 1 1 1 1 2 4 1 2 1 1 2 1 2 1 3 3 1 1 5 3 1 1 1 2 1 2 2 1 1 4 1 2 3 2 1 2 1 3 3 1 3 2 4 1 5 2 1 2 2 3 2 4 1 2 1 2 2 1 1 2 1 1 1 2 3 3 1 2 2 1 3 1 1 1 3 4 1 2 1 2 1 2 4 5 2 1 1 2 1 5 1 1 2 2 2 2 2 2 2 1 1 2 1 2 1 2 2 3 2 2 1 1 1 2 2 2 3 1 3 2 4 1 2 1 4 2 3 1 2 2 1 5 4 1 2 2 3 2 2 3 1 1 1 1 1 4 1 3 2 2 2 5 1 1 1 2 2 1 2 3 1 1 1 2 1 3 1 1 1 1 3 1 2 3 2 5 3 1 1 2 1 3 3 1 1 1 3 1 5 2 2 2 1 1 1 1 3 2 4 3 1 1 3 1 1 1 2 2 1 4 2 1 1 2 3 2 1 1 1 5 2 2 3 4 1 1 2 2 1 3 1 1 2 1 2 1 2 2 5 1 2 2 1 2 1 1 2 1 2 2 1 2 2 1 1 1 1 3 1 1 3 1 3 1 1 1 3 3 1 1 1 2 3 4 1 2 2 1 2 1 1 3 2 2 2 4 2 2 1 2 1 1 1 3 1 1 1 2 3 2 1 1 1 2 2 3 1 1 3 2 1 1 2 1 1 3 4 2 6 1 2 3 1 3 2 1 1 3 3 1 1 1 2 4 1 1 3 2 3 1 1 2 2 1 3 2 1 2 2 1 3 3 2 4 1 4 2 3 4 2 2 2 2 2 2 2 2 1 3 2 1 2 2 2 2 1 4 3 1 1 4 2 1 3 1 1 1 2 3 1 2 1 1 1 2 1 3 2 2 6 2 3 1 4 3 3 2 1 1 1 2 1 1 3 2 2 3 1 2 2 3 2 1 3 2 2 2 1 3 1 1 2 1 2 2 3 1 2 2 1 2 1 4 1 2 2 1 1 1 3 3 2 3 1 4 1 2 2 2 1 4 1 1 2 1 2 3 3 2 1 4 1 1 1 1 1 1 2 1 4 2 2 4 2 2 4 3 2 1 1 3 2 3 1 1 2 2 1 3 2 2 4 1 2 1 1 2 1 1 1 1 1 3 1 2 2 3 2 2 1 1 1 1 1 2 2 1 1 3 1 1 3 2 2 2 1 1 2 3 2 3 2 1 3 2 3 1 2 2 1 1 1 3 2 1 3 1 1 3 4 1 4 3 3 3 1 1 5 1 2 3 1 2 2 1 2 2 1 1 3 2 1 2 1 1 1 2 2 1 2 1 1 4 1 2 1 1 1 1 1 1 4 1 1 1 1 1 2 1 2 3 2 2 3 1 1 1 2 1 2 2 1 1 3 1 2 4 2 2 1 2 2 1 3 2 2 2 2 3 1 1 2 2 4 2 4 1 1 2 1 1 1 2 1 2 1 1 1 1 1 2 3 1 4 2 1 2 1 3 2 1 2 1 1 1 2 3 4 1 3 1 1 1 2 1 2 1 1 5 1 4 4 4 1 1 3 1 1 3 3 3 1 1 3 1 3 1 3 1 3 3 3 1 2 2 2 1 2 1 2 1 2 2 2 1 2 2 1 3 4 3 2 2 1 1 1 1 1 3 1 1 2 3 1 1 2 3 2 2 2 2 1 4 3 1 1 3 1 2 1 2 3 2 2 2 3 1 1 2 1 2 2 2 1 1 1 3 1 1 2 1 2 1 1 2 1 1 3 2 2 2 2 1 1 2 2 1 2 3 3 3 2 1 2 1 4 2 1 2 1 1 1 3 1 2 2 2 4 1 2 1 1 1 1 2 1 2 2 1 3 1 1 1 3 3 3 2 2 3 3 1 1 4 2 1 1 1 1 1 1 2 3 2 2 1 1 2 1 2 3 2 1 1 4 3 2 4 2 4 1 3 2 2 1 1 2 1 1 1 3 2 3 1 3 2 2 1 2 2 4 1 1 2 4 2 3 1 2 2 2 1 2 1 1 2 1 1 2 2 4 1 1 2 2 2 4 3 3 3 2 2 1 1 1 1 3 2 2 2 1 1 3 2 1 1 2 1 3 1 2 2 1 1 1 2 2 2 2 1 2 2 3 5 1 2 2 3 4 1 1 2 1 3 1 1 2 1 1 3 2 1 3 2 2 2 2 2 1 3 2 2 1 2 2 4 3 2 3 2 2 2 1 1 1 1 1 2 2 1 3 3 1 2 1 2 2 2 2 3 1 2 1 1 2 4 2 1 3 1 3 1 2 4 2 2 2 2 2 2 2 2 3 4 1 1 1 1 1 1 1 2 1 2 2 1 4 2 1 1 3 3 1 1 1 1 2 3 1 1 2 2 1 3 2 3 2 1 3 1 1 1 1 5 1 1 2 1 3 3 2 3 1 3 1 1 1 1 1 3 3 1 3 2 6 5 3 2 3 2 2 2 1 1 1 1 3 1 3 1 1 1 1 3 3 5 2 1 1 3 1 1 2 2 3 2 3 1 2 1 1 1 1 2 3 2 1 1 3 1 2 3 2 1 1 3 2 2 2 1 2 1 2 4 4 2 2 1 2 2 3 2 2 1 1 1 2 3 2 1 1 3 1 2 2 1 2 2 1 1 3 2 3 4 1 2 2 1 2 2 2 1 1 1 1 2 1 1 3 1 2 1 3 1 2 3 3 2 3 4 3 2 3 2 1 2 1 1 1 1 1 3 4 2 2 1 2 1 2 3 1 2 3 3 3 3 3 3 4 1 1 1 1 2 2 2 1 1 2 4 4 1 3 1 2 1 3 3 3 1 1 2 1 3 3 1 1 1 5 4 1 3 2 3 2 3 3 2 2 3 3 2 3 3 1 3 3 2 2 2 3 2 1 2 1 1 2 1 2 1 1 1 1 2 2 1 1 2 1 2 4 1 2 1 3 6 2 4 1 2 2 3 1 2 1 1 1 2 1 1 2 1 2 2 2 4 2 1 1 1 2 1 1 1 4 1 1 1 2 2 1 1 2 1 1 2 1 3 1 1 2 1 3 1 2 3 1 1 2 1 3 3 2 3 2 1 2 1 2 2 2 3 1 1 1 2 1 1 2 2 2 1 4 3 2 1 3 3 2 1 3 1 2 2 2 1 1 2 3 1 2 2 1 2 1 2 1 3 2 3 4 1 3 1 1 1 1 4 2 2 1 2 3 1 4 1 2 2 2 4 1 2 6 1 2 1 1 3 3 1 2 2 1 1 1 1 4 2 2 2 1 1 3 1 1 2 6 2 2 1 1 1 3 1 3 3 2 1 2 1 2 2 2 4 3 1 1 1 2 2 1 2 4 1 5 2 1 2 1 3 1 3 2 5 2 1 3 2 1 2 1 3 1 1 1 1 1 2 3 2 2 1 1 1 2 1 1 5 2 1 7 1 3 1 2 2 1 1 1 1 1 2 1 1 1 1 1 4 1 2 1 1 3 3 1 1 1 1 2 3 2 1 4 2 2 2 2 1 1 1 5 1 2 2 2 4 1 1 2 3 2 2 2 2 1 3 2 1 2 3 1 1 3 3 1 1 1 3 2 2 2 1 2 1 4 1 1 1 3 2 1 1 2 2 1 1 1 2 1 1 1 1 2 1 1 2 1 5 2 3 2 2 4 1 1 3 3 1 1 2 3 1 1 1 2 1 4 5 1 3 2 2 3 1 1 3 1 1 4 1 1 1 2 4 2 3 1 5 2 2 2 4 2 3 5 1 1 1 2 1 1 4 2 3 2 1 2 5 1 2 2 2 1 1 1 2 3 3 2 1 1 5 1 2 1 1 1 3 4 2 1 1 1 1 3 4 3 1 2 1 1 2 1 1 1 2 1 1 3 2 1 1 2 1 2 1 3 2 1 1 2 3 1 1 2 2 1 2 2 2 1 1 2 1 4 2 4 1 1 1 2 2 2 1 1 2 1 5 1 1 2 1 2 1 3 2 2 3 2 1 1 2 1 4 1 4 3 2 3 4 1 3 2 1 1 3 2 1 3 2 4 1 5 3 1 1 3 2 2 2 2 4 2 2 2 1 2 1 2 4 4 1 2 2 2 3 3 2 5 2 1 4 2 3 1 2 1 1 4 1 1 1 4 1 1 1 3 2 2 1 3 1 2 2 2 2 1 1 1 2 3 1 3 1 1 1 2 3 1 2 1 2 2 3 3 3 2 2 2 2 1 2 5 1 2 4 2 3 1 1 1 1 2 1 1 4 2 2 3 1 1 1 2 1 2 2 1 3 2 4 1 4 2 4 1 1 2 3 1 1 1 3 1 3 1 2 1 1 3 1 1 3 5 2 2 4 1 2 2 2 1 3 2 1 1 3 1 2 1 1 1 1 3 2 1 2 2 2 4 2 2 1 1 2 1 2 1 1 1 1 1 5 1 1 3 2 2 1 1 1 3 1 3 1 4 3 1 2 1 2 1 1 2 3 4 6 3 2 3 1 4 1 3 1 1 1 1 2 2 3 1 3 1 1 1 2 1 2 3 1 2 1 3 1 2 2 1 1 2 3 1 4 1 3 1 1 1 3 2 1 1 1 3 1 6 1 4 2 2 1 1 1 2 3 2 3 1 1 1 3 1 4 2 4 4 1 1 1 1 1 1 2 1 2 3 2 1 2 2 2 2 2 3 3 2 2 2 1 1 1 2 1 2 1 2 2 2 4 2 4 4 2 1 1 2 1 2 1 2 3 1 1 1 2 1 2 3 1 1 3 2 3 1 2 1 3 3 2 2 3 1 1 3 2 2 3 1 3 2 2 2 1 1 1 5 1 3 1 1 2 1 2 3 1 1 1 1 2 1 1 3 3 1 3 4 2 1 1 1 1 2 1 2 3 1 2 1 1 2 3 2 3 2 1 2 2 2 3 2 2 1 1 3 1 2 3 1 2 1 1 1 1 3 1 2 1 1 3 1 1 1 2 3 1 2 1 1 2 1 1 1 1 4 4 3 1 6 1 2 3 1 1 1 3 5 2 1 2 3 4 2 2 1 2 2 2 3 1 2 1 1 2 2 1 3 2 1 2 4 1 1 1 1 1 3 3 3 5 2 2 1 1 1 5 4 1 3 2 3 1 2 4 1 2 1 1 3 2 3 1 3 2 4 2 1 2 3 3 1 4 1 1 1 2 2 1 4 2 2 2 1 1 3 5 2 2 2 3 1 2 1 2 2 1 2 1 3 1 1 1 1 3 3 1 1 2 3 2 2 1 4 6 4 1 2 2 1 2 2 3 1 2 1 1 1 2 1 2 2 1 2 1 1 2 1 3 1 1 1 2 4 2 2 2 2 2 1 1 1 2 1 3 2 1 3 2 3 5 2 2 1 2 1 1 3 2 3 2 4 1 2 2 2 2 1 2 1 3 2 1 1 2 2 2 1 5 2 1 1 2 4 1 1 1 2 3 1 2 1 3 2 2 2 1 2 2 1 2 2 1 3 2 2 1 2 1 2 1 2 2 3 2 3 1 2 3 2 2 1 1 1 1 3 2 2 3 3 2 1 1 1 2 1 3 2 3 2 2 2 1 1 3 1 1 2 1 3 1 1 2 2 1 1 2 2 4 2 3 1 2 1 1 1 4 2 2 3 1 5 1 1 4 1 2 1 1 1 2 1 3 3 3 2 1 1 2 3 1 2 1 1 3 1 1 2 1 5 1 1 1 2 2 1 2 2 2 1 3 2 2 2 1 1 1 2 1 1 1 1 2 5 1 3 1 2 1 2 3 2 1 2 2 3 1 1 1 3 3 1 1 2 2 1 3 2 2 1 2 2 1 5 1 1 4 2 1 2 2 2 1 3 4 2 1 1 1 2 2 1 2 2 3 2 2 3 2 1 3 3 1 1 2 2 2 2 1 2 2 2 2 4 2 4 4 2 1 1 2 2 1 1 2 3 4 3 2 3 2 2 2 1 3 2 1 1 2 1 3 4 4 1 3 2 1 2 2 1 1 3 2 2 1 1 2 2 2 2 3 2 1 1 2 3 1 2 1 2 2 1 2 2 1 1 1 3 1 1 1 2 1 2 1 3 4 2 1 1 1 2 2 3 1 2 3 2 1 1 3 2 1 2 2 2 1 1 2 1 2 2 3 2 1 1 2 1 3 1 1 4 3 1 1 3 2 4 2 1 1 2 2 2 1 2 1 1 1 3 2 1 1 4 2 3 2 2 1 1 4 1 1 2 2 1 3 3 2 2 1 1 1 1 3 4 2 3 1 2 2 1 2 3 2 3 1 1 1 3 1 4 4 3 1 1 4 3 1 1 1 2 1 3 2 2 1 2 3 1 1 1 2 2 2 1 2 3 2 1 1 2 2 1 3 2 1 2 3 1 2 3 3 1 1 1 3 3 2 1 1 1 2 4 2 3 1 3 5 1 2 3 2 1 3 2 2 3 3 1 1 3 1 2 2 1 2 1 2 1 1 2 3 4 4 2 1 1 1 1 1 2 1 1 1 1 4 3 3 1 1 2 5 2 1 2 2 2 3 3 2 1 2 1 1 3 1 1 2 1 1 1 1 2 2 2 2 1 2 3 1 2 2 2 1 1 1 1 3 3 2 1 3 2 3 1 1 1 1 2 2 2 2 3 2 1 1 2 2 3 1 4 2 2 1 2 1 1 5 2 2 4 2 2 1 1 1 3 3 2 1 1 1 1 3 1 2 1 1 2 2 1 1 1 2 1 4 1 1 2 1 1 2 2 4 2 1 3 1 1 1 2 1 2 2 2 1 1 1 2 2 2 1 1 3 1 1 2 1 6 1 2 2 3 3 3 1 1 6 1 3 2 3 1 1 2 1 3 1 3 2 1 3 2 4 4 3 1 1 3 1 1 4 3 2 3 1 2 2 3 2 2 2 2 1 4 1 3 3 2 1 2 1 2 1 1 1 1 1 1 2 2 1 1 2 1 1 1 1 1 2 1 1 1 2 3 3 2 4 2 1 2 1 2 1 2 1 1 1 1 2 1 4 2 4 1 2 1 1 1 2 1 2 1 1 3 1 1 3 3 2 3 1 4 2 2 2 1 2 1 2 3 1 1 2 2 1 2 1 1 5 2 1 1 2 2 2 1 1 1 4 1 1 2 3 1 1 1 1 1 2 2 2 1 1 5 3 1 1 1 1 3 2 2 1 1 2 4 2 2 3 3 2 1 1 1 2 3 2 1 1 1 4 1 3 1 1 6 1 2 2 2 1 2 2 3 2 1 1 2 2 3 2 2 1 1 1 1 1 2 1 3 2 2 1 1 2 1 2 3 1 1 1 1 2 3 2 1 2 1 1 2 2 3 3 2 1 1 1 1 1 2 1 2 3 4 3 1 2 3 2 2 1 3 2 3 3 1 1 1 2 2 2 2 1 2 1 1 2 1 1 1 1 2 1 1 1 1 3 3 1 1 2 1 4 4 3 1 1 1 3 1 3 1 1 1 1 2 1 2 3 3 2 1 2 2 5 4 3 3 1 2 2 2 1 2 2 4 1 3 4 1 1 1 2 1 5 1 2 2 1 1 1 1 2 1 1 4 2 1 2 1 1 5 1 2 2 3 3 1 2 1 1 1 2 4 1 3 1 2 2 2 1 1 1 1 1 2 1 4 2 1 1 1 2 1 3 1 3 2 2 4 1 1 1 1 1 1 1 2 1 1 1 1 1 1 1 3 2 2 2 1 1 1 3 1 2 1 1 3 3 2 2 3 3 3 4 3 1 2 2 2 1 3 3 2 4 1 1 2 2 2 2 3 1 2 2 2 1 1 2 1 3 3 2 3 2 2 2 1 4 1 1 2 3 1 1 1 1 2 3 2 1 1 1 1 3 1 1 1 1 4 1 1 3 2 2 1 2 2 2 4 1 2 2 1 1 2 3 3 1 1 2 1 1 3 2 1 2 4 2 2 1 1 3 1 2 1 1 1 1 3 1 1 2 6 3 1 2 1 2 1 1 1 1 1 2 1 2 1 2 1 1 3 2 1 3 4 3 2 3 1 1 1 4 1 1 2 4 2 1 3 3 1 1 2 1 1 1 3 2 1 1 1 2 1 1 1 2 1 1 4 3 1 3 1 2 1 1 2 1 1 3 2 2 2 1 5 3 2 2 1 3 1 4 1 3 1 3 2 1 2 2 3 1 2 2 1 2 1 1 1 1 2 1 2 2 2 1 1 4 1 1 1 3 3 1 2 1 1 1 3 1 1 2 5 2 1 2 5 4 3 2 1 5 1 4 2 1 1 1 1 2 1 1 1 3 1 2 2 1 1 3 1 2 2 1 1 2 1 2 1 1 1 2 3 2 1 2 2 2 3 2 2 1 1 1 6 2 1 1 1 3 1 1 2 5 3 2 1 3 2 1 2 3 1 3 1 1 2 1 2 1 1 2 1 1 1 2 2 2 2 4 3 2 2 2 1 2 1 3 1 1 1 1 1 1 2 2 1 1 1 3 1 2 2 1 2 2 2 1 2 1 2 1 1 2 2 1 1 1 1 3 1 1 1 2 1 4 1 1 1 1 1 1 1 2 1 2 1 1 1 1 1 3 2 3 1 4 1 3 5 2 3 1 2 1 2 3 1 4 2 2 3 2 3 1 2 1 2 2 1 2 1 3 2 1 1 3 3 3 4 1 4 1 1 1 3 4 1 2 2 1 2 3 1 3 1 1 4 1 1 2 1 1 2 3 2 3 1 3 1 1 1 1 2 2 2 1 2 1 3 3 3 3 3 2 1 1 1 2 2 2 2 5 1 2 2 3 2 1 2 1 2 2 2 1 3 3 2 1 1 1 2 1 2 1 1 1 1 3 2 2 1 2 2 3 3 3 2 2 2 1 2 2 1 1 1 1 1 6 1 4 1 1 1 3 4 2 3 1 2 4 2 2 3 1 2 5 1 1 2 1 1 4 4 4 4 1 2 3 1 2 2 4 3 2 2 2 1 2 1 1 1 1 1 1 2 1 4 1 2 2 1 1 1 2 3 2 1 1 3 1 2 1 1 3 2 2 1 1 2 2 2 4 1 1 2 1 3 1 1 1 1 2 1 3 1 2 1 1 2 3 2 2 3 2 1 2 1 2 3 1 1 1 3 2 1 3 1 1 2 3 2 1 2 5 2 2 3 2 1 3 2 1 2 1 2 1 1 3 1 2 1 2 3 2 2 1 2 3 2 2 4 1 1 1 2 2 1 2 1 4 3 2 1 3 4 3 2 1 2 1 1 1 1 1 1 1 2 1 2 1 1 3 1 2 2 3 3 1 3 1 1 2 1 1 1 1 2 2 2 4 2 3 3 1 2 3 1 1 1 3 3 3 2 3 1 2 3 1 1 1 1 2 2 2 2 2 2 1 1 2 1 2 1 3 4 4 1 1 2 3 1 1 2 1 4 1 1 3 3 2 2 1 1 1 1 3 1 1 2 2 3 2 3 3 3 1 3 1 1 2 2 2 2 3 1 1 2 3 4 1 1 3 2 2 1 5 1 1 2 3 2 1 3 1 1 1 3 2 2 1 2 2 1 2 2 2 2 1 1 2 4 4 2 5 1 1 1 1 1 1 3 1 4 2 1 1 3 2 7 1 2 1 1 1 1 3 3 1 1 1 4 2 2 2 3 2 2 1 3 2 1 4 4 1 1 2 5 2 2 2 1 1 1 3 1 1 1 3 1 1 4 2 5 1 2 2 3 2 3 3 2 1 1 2 2 3 1 5 1 2 1 1 2 1 1 1 2 3 1 1 2 2 3 2 1 2 3 3 1 3 3 5 1 3 1 1 1 3 1 2 1 1 1 1 1 2 1 1 1 1 1 1 1 2 1 1 2 3 1 4 2 1 2 2 2 1 1 2 3 2 2 2 1 2 1 3 1 1 1 3 2 2 4 1 1 1 3 2 1 3 3 1 3 2 2 3 2 1 2 1 3 2 1 1 2 1 2 2 1 1 1 2 1 3 1 3 3 3 2 1 1 2 1 2 2 1 1 1 1 2 3 1 2 1 1 1 1 3 2 5 1 1 1 1 1 4 1 1 1 3 1 3 1 2 2 2 1 2 1 1 1 4 4 1 3 3 1 2 2 1 1 1 2 1 1 3 1 2 1 2 1 2 1 1 2 1 3 2 2 2 2 2 2 2 2 1 1 2 3 1 2 3 2 2 2 3 2 5 1 1 1 2 1 1 2 1 2 1 2 2 1 1 1 2 1 3 1 2 1 1 1 1 1 3 2 2 1 1 1 1 2 3 2 1 2 2 1 2 2 3 1 2 1 1 1 1 1 1 1 2 1 1 1 2 2 2 1 1 2 2 1 1 3 3 2 1 2 1 1 1 1 2 1 3 1 1 1 1 3 3 2 1 1 3 2 4 3 1 4 3 1 1 3 1 1 2 1 1 1 1 3 3 1 1 3 1 1 1 2 1 1 3 1 2 3 3 2 2 1 1 1 2 3 4 3 3 2 2 2 4 1 2 3 1 3 2 1 3 2 1 2 1 3 1 1 4 1 2 1 1 1 1 1 1 1 2 2 2 2 1 1 1 2 1 3 2 1 3 4 3 5 3 3 3 1 1 1 2 2 2 1 3 3 1 2 1 1 4 2 1 1 2 2 3 1 2 2 3 1 1 1 2 1 4 3 1 3 2 2 2 1 2 1 1 1 1 2 2 3 5 1 1 1 2 1 1 1 3 3 1 3 1 1 3 4 3 1 5 3 2 1 4 2 1 3 1 3 1 2 1 1 2 2 2 2 1 1 1 4 3 1 1 1 1 3 1 2 2 1 1 3 2 1 3 2 3 2 1 3 1 4 2 2 2 1 1 4 1 1 4 2 3 1 1 2 1 2 1 2 1 3 2 1 4 1 1 2 3 2 1 1 3 2 1 3 3 2 3 1 2 2 1 2 1 1 1 2 3 1 1 4 1 2 2 1 2 3 1 1 2 2 1 1 1 3 2 2 2 1 2 4 2 1 2 1 2 1 2 2 3 2 1 1 1 3 1 1 2 2 2 1 2 4 2 1 1 2 2 1 1 4 2 2 1 2 1 2 1 3 2 3 2 1 3 2 2 4 3 3 2 1 1 3 1 1 1 2 3 4 2 2 1 1 1 1 1 1 1 1 2 4 2 1 1 1 2 3 5 1 1 2 2 2 1 3 1 1 2 3 2 1 4 1 2 4 1 1 1 2 1 1 3 3 1 3 1 3 2 2 1 2 2 1 1 2 4 2 2 4 1 3 1 3 1 2 3 4 1 1 1 3 1 5 2 1 1 1 2 1 1 2 2 1 1 3 2 2 2 1 2 1 2 1 1 1 2 1 1 1 3 2 1 3 2 1 3 3 2 1 1 2 1 3 1 1 1 1 1 1 1 2 4 2 2 1 1 2 2 2 2 2 1 1 3 2 3 3 1 1 1 2 1 1 3 3 2 3 1 2 2 2 1 2 2 3 3 1 2 1 3 2 1 2 3 3 1 3 1 1 1 1 1 2 1 1 1 1 1 4 2 2 2 1 1 2 1 2 1 2 3 2 1 4 2 3 1 3 2 1 1 1 1 1 1 1 2 3 3 1 3 1 1 3 2 2 1 2 1 3 1 3 2 1 2 3 1 1 3 3 2 3 3 2 1 2 1 1 5 4 1 2 3 1 1 2 3 3 1 2 1 2 3 3 1 2 1 2 2 3 1 1 3 1 3 2 2 1 5 3 1 3 1 1 1 3 3 2 4 3 1 2 3 2 1 1 1 1 1 1 1 3 1 1 2 1 3 3 2 1 3 3 1 1 2 2 2 2 2 2 5 3 1 3 1 3 2 3 2 1 2 2 3 1 1 1 1 3 1 1 2 1 1 1 2 1 1 1 2 4 1 2 3 2 1 2 3 1 2 1 1 3 1 1 3 1 2 1 1 2 1 2 2 1 1 2 2 1 1 3 1 5 1 2 3 1 1 2 1 1 1 2 3 2 1 2 1 3 1 2 3 2 1 2 3 2 1 2 1 3 2 1 1 2 3 1 2 3 2 1 3 1 2 1 2 2 2 3 2 5 1 2 1 1 1 3 2 1 2 1 1 6 1 1 3 1 3 2 2 1 2 2 1 1 2 2 3 3 1 2 1 2 1 2 1 2 3 4 2 3 1 1 2 1 1 1 3 1 2 2 2 1 3 1 1 1 1 3 3 1 1 3 1 2 4 2 1 2 5 4 1 2 4 1 4 3 2 2 3 1 2 1 3 1 2 2 2 4 2 1 3 3 1 3 1 2 1 2 1 1 2 1 1 1 4 3 2 5 2 3 1 2 3 3 3 1 2 1 1 3 1 1 1 2 1 3 1 2 2 1 1 1 1 3 1 3 3 4 1 1 1 3 3 3 3 1 3 1 2 1 2 1 2 2 3 2 2 1 1 1 2 2 1 2 1 1 1 2 2 1 4 2 1 3 3 1 3 1 2 1 2 1 1 2 2 1 1 2 2 1 1 4 1 1 2 2 2 2 1 1 2 2 2 3 2 2 3 7 2 2 1 4 2 2 1 2 2 3 1 2 1 2 2 2 2 2 1 2 5 7 1 2 1 1 1 2 1 1 2 1 3 1 2 1 1 2 1 1 2 2 1 3 2 2 1 2 2 2 1 2 1 1 3 1 2 1 1 1 1 3 1 2 1 1 1 1 1 1 2 2 1 4 3 2 2 3 2 1 1 2 1 5 3 1 5 1 3 2 1 1 3 2 2 4 1 1 2 1 2 2 2 2 3 3 1 3 1 1 3 3 1 1 1 2 2 2 1 2 3 1 1 2 1 2 1 2 2 3 1 4 2 3 1 2 1 1 1 1 1 3 1 1 1 2 3 2 2 1 3 2 2 1 3 1 3 2 2 1 3 3 1 1 2 3 2 2 1 1 1 2 2 2 1 2 1 1 1 2 2 2 2 2 2 2 1 3 2 2 1 2 1 2 2 1 1 1 3 1 2 1 1 1 2 2 1 4 3 2 1 1 2 1 2 4 1 1 1 1 1 1 3 2 2 1 4 1 2 1 3 2 2 1 2 2 2 1 2 4 2 1 3 1 3 2 1 1 3 2 1 2 3 1 1 2 1 2 1 1 1 2 2 1 1 2 1 2 2 2 1 1 2 2 1 3 3 2 2 1 1 1 1 3 2 2 1 1 1 1 1 3 2 2 2 2 1 3 3 2 3 1 2 2 2 1 1 3 1 3 2 1 2 1 1 1 5 2 1 2 3 4 2 3 1 1 3 2 2 1 1 2 2 1 2 1 1 1 1 2 2 3 4 1 1 2 4 3 1 1 1 2 1 1 2 1 3 2 2 1 4 2 4 2 3 1 3 2 2 1 3 3 1 5 2 1 3 3 1 2 3 1 2 2 1 2 3 1 1 1 3 1 2 2 2 1 3 3 2 2 1 1 3 2 1 2 2 1 1 2 1 3 1 2 1 1 2 2 1 1 1 1 1 2 2 1 1 3 3 3 1 4 1 1 1 2 2 1 2 2 2 2 1 1 3 1 1 2 2 4 1 1 2 2 1 1 1 2 1 2 2 1 1 2 1 1 1 1 1 1 2 2 4 2 7 1 2 1 2 3 1 1 2 1 1 2 3 2 4 1 1 1 1 1 2 1 3 1 1 3 1 2 2 1 2 4 2 1 2 2 2 4 1 2 1 5 3 1 1 1 1 3 1 1 1 1 1 2 2 1 2 3 1 3 1 1 2 1 1 1 1 1 1 1 3 2 1 1 1 1 2 4 1 3 1 1 2 1 3 2 2 4 1 1 3 1 2 2 1 1 2 2 2 1 1 1 1 2 2 5 2 1 1 2 2 2 1 1 2 1 2 1 3 1 1 1 2 3 2 1 2 1 2 1 2 1 4 1 1 3 2 1 1 3 1 2 1 2 1 3 1 1 1 1 5 2 1 2 1 1 2 3 2 1 1 1 1 1 3 1 2 1 1 1 2 1 2 1 1 2 1 5 2 1 1 3 2 2 2 2 1 1 1 1 1 2 4 3 2 1 2 2 3 3 1 1 2 2 1 1 1 2 1 2 7 4 2 2 3 2 1 3 3 2 1 1 1 3 1 2 2 2 1 2 1 3 2 2 1 2 1 3 2 1 2 2 2 1 1 1 1 2 2 1 1 1 2 2 2 3 3 1 1 1 2 1 1 1 2 2 1 1 3 1 2 1 2 2 4 3 2 3 1 2 1 2 1 2 4 2 2 1 1 2 4 4 1 3 3 1 2 3 3 2 1 3 3 2 1 5 5 2 2 2 2 2 2 1 4 2 1 4 3 2 2 1 3 2 2 1 3 3 2 2 1 2 1 1 1 1 2 1 1 2 4 1 5 3 2 3 1 1 2 2 3 1 1 1 1 1 3 4 3 4 2 2 2 4 3 1 3 3 2 4 3 3 1 2 2 2 4 1 3 3 3 1 2 2 1 2 2 2 1 2 1 4 2 2 3 3 1 1 3 2 1 5 1 1 2 3 3 2 2 1 1 4 1 2 2 1 2 2 1 4 2 1 1 1 1 1 1 1 1 2 2 2 2 2 1 1 1 1 2 2 4 1 2 1 1 1 3 1 5 1 1 4 1 3 1 2 1 3 3 3 3 1 1 3 1 1 1 2 2 4 3 1 1 2 2 5 2 4 1 1 3 2 1 2 2 3 4 3 1 3 1 1 2 3 3 5 1 2 3 1 1 1 1 2 2 5 2 1 2 1 2 1 3 1 3 1 2 2 3 3 1 1 4 2 1 3 1 3 2 1 2 3 2 2 2 1 2 1 2 1 2 1 2 1 1 1 1 2 1 1 2 2 2 4 1 1 3 2 1 2 1 1 3 3 1 2 1 1 4 1 1 3 1 1 1 3 2 2 1 1 2 1 2 1 2 1 2 1 4 2 1 1 1 1 1 1 3 1 3 1 1 2 1 1 2 3 2 1 1 2 1 1 1 3 2 1 1 2 2 1 2 3 2 1 3 2 2 1 1 3 2 3 1 2 2 2 3 2 2 1 1 1 3 1 3 1 3 2 2 2 2 1 2 3 2 1 2 2 3 1 4 1 1 2 2 1 2 2 1 1 1 2 1 1 1 3 1 2 1 3 1 1 3 1 6 1 1 1 3 1 2 2 1 4 2 4 1 1 1 2 2 2 1 1 1 2 2 1 1 1 2 2 6 3 2 1 2 1 1 3 4 3 1 1 2 3 2 2 3 2 3 2 2 2 1 1 1 1 2 2 1 3 3 1 1 3 1 3 4 1 2 1 1 3 1 3 5 2 6 3 3 2 2 2 1 2 2 2 1 3 2 1 1 2 1 1 2 3 3 3 1 1 2 1 1 1 1 3 3 1 3 2 2 1 2 1 1 3 3 1 2 1 1 4 1 2 4 2 1 1 1 1 1 4 3 5 1 1 3 2 1 5 2 3 1 1 1 1 1 2 3 1 4 1 2 2 1 1 2 6 1 2 2 2 2 1 2 3 1 1 2 1 3 4 2 5 1 1 2 1 2 2 3 1 5 1 1 3 1 4 3 1 1 3 3 1 1 2 2 1 1 1 1 2 1 2 1 1 4 3 2 2 2 1 2 3 1 1 1 1 2 2 1 1 3 4 2 3 6 2 1 1 1 1 2 2 5 2 1 1 3 2 1 1 3 1 1 1 2 1 2 4 3 3 2 2 1 1 3 1 1 1 3 2 2 2 3 3 1 2 2 1 3 3 1 2 1 3 2 2 3 2 2 1 2 2 1 1 2 5 1 2 2 2 1 3 1 1 2 3 1 1 1 1 1 1 1 1 1 1 1 1 1 4 2 2 1 1 1 1 6 2 3 1 2 3 1 1 3 3 2 4 1 2 1 2 1 2 1 1 3 1 2 1 2 1 2 2 1 3 1 1 4 2 1 2 2 3 3 2 3 1 2 4 1 2 5 1 1 1 2 4 1 1 1 1 1 1 1 1 1 2 2 1 1 2 1 2 2 1 2 3 2 1 1 2 1 1 1 3 1 3 1 1 1 2 2 1 3 3 3 1 2 2 1 2 1 1 6 3 2 2 2 2 2 3 1 4 1 2 2 1 2 1 2 2 2 1 1 1 1 2 1 2 1 1 1 1 3 3 1 3 4 2 2 1 1 1 4 2 1 4 1 3 4 2 3 1 1 1 1 1 1 1 1 1 1 2 1 1 2 2 3 2 2 3 3 1 1 1 2 1 4 2 3 1 4 2 2 1 4 2 3 1 2 1 1 1 4 3 1 1 1 1 1 2 1 2 3 1 1 3 1 2 3 4 1 2 2 1 3 2 4 2 2 1 2 3 1 2 6 2 1 2 1 2 1 2 1 1 1 1 1 2 1 1 1 1 1 1 2 3 1 3 1 2 1 6 3 1 1 1 2 1 2 1 1 1 1 2 1 1 2 1 2 1 3 3 2 1 2 3 1 2 2 2 1 2 1 5 1 3 1 1 2 1 1 1 1 1 1 1 1 2 1 1 1 2 1 1 1 1 1 1 1 1 1 1 1 1 2 5 1 1 5 1 2 1 3 4 3 2 1 2 2 1 2 1 3 2 4 2 1 1 3 2 1 1 1 1 1 1 2 3 1 1 5 1 2 1 2 5 3 1 1 5 3 1 3 1 2 1 1 1 1 1 4 1 3 3 2 2 1 1 2 2 1 1 2 2 2 2 3 1 2 3 3 1 2 4 2 1 1 1 2 1 1 3 1 2 2 1 1 1 2 1 1 2 1 3 2 5 1 2 1 1 4 3 2 1 1 3 1 1 1 1 1 3 2 1 1 4 1 2 3 2 2 2 1 3 2 2 2 5 1 3 2 1 1 1 2 1 1 2 1 2 2 2 4 1 1 3 2 2 1 2 2 1 1 1 1 2 1 2 2 1 1 1 5 2 1 1 1 1 3 4 1 1 1 2 1 1 1 2 1 2 1 1 2 1 1 1 3 2 1 2 1 2 1 2 3 5 2 2 1 1 3 1 2 2 1 4 1 2 3 1 1 1 2 1 1 1 3 1 3 1 3 2 3 3 5 1 2 4 1 1 3 3 2 2 2 1 2 3 3 1 2 2 1 2 3 3 1 3 2 2 1 1 3 2 2 1 2 6 3 2 1 2 1 2 2 1 3 3 4 1 1 1 1 3 1 2 1 3 1 1 1 1 1 3 1 1 1 2 2 3 1 2 5 1 2 1 1 2 1 1 3 1 1 2 1 5 2 1 2 2 5 2 1 1 2 2 1 1 1 4 2 2 1 2 2 1 3 2 2 1 2 3 1 2 1 1 3 1 1 1 1 1 2 3 2 2 1 1 3 1 3 4 1 1 2 1 1 1 2 1 2 5 2 1 2 2 1 3 1 2 2 1 2 3 1 1 1 2 2 1 2 1 1 3 2 2 2 3 3 2 1 1 1 3 1 1 4 1 1 2 1 1 4 2 2 3 1 2 2 1 1 3 1 2 2 1 3 1 1 4 1 1 7 1 2 1 1 1 2 3 6 1 1 3 1 3 2 5 2 2 1 2 2 4 2 2 3 2 1 1 2 3 1 2 1 2 2 3 2 1 1 2 1 2 2 1 2 3 3 3 2 3 1 1 7 1 1 2 1 1 2 1 1 2 1 2 3 1 3 1 2 2 2 2 4 2 1 1 4 1 2 2 1 1 1 1 1 1 2 1 2 1 2 1 1 2 1 1 1 2 3 3 3 4 1 2 1 1 1 2 1 4 2 1 1 2 1 1 1 2 1 2 1 2 3 2 1 3 1 1 4 2 1 2 1 1 2 1 1 2 1 3 2 1 1 2 1 1 5 1 3 2 1 3 1 1 2 1 1 4 4 3 1 2 2 1 1 1 1 1 1 3 1 1 1 1 2 1 2 2 2 1 3 1 1 4 1 4 3 1 1 1 2 1 2 1 3 1 1 3 1 1 5 1 2 1 2 3 3 3 1 3 3 2 2 3 1 1 1 1 1 1 2 2 3 1 2 2 2 1 2 2 2 2 3 1 3 2 1 2 2 1 4 1 2 5 1 1 1 2 2 1 3 2 2 1 1 1 1 1 1 1 3 4 1 2 1 2 4 1 2 3 1 1 2 3 2 1 2 1 2 1 1 1 1 1 5 1 4 2 3 2 1 1 4 4 1 1 1 3 2 1 1 3 5 1 2 1 4 1 1 1 2 1 2 2 5 1 1 2 2 1 2 3 2 4 1 2 1 1 2 2 2 3 3 2 1 2 2 3 1 1 2 2 2 1 1 5 3 1 1 1 1 4 1 2 1 1 1 2 3 3 1 2 2 1 2 2 2 4 2 1 5 4 1 1 3 4 1 5 1 3 1 2 1 1 3 1 1 4 1 1 2 4 3 1 2 2 2 1 5 1 2 5 1 3 1 2 2 1 2 2 1 1 3 2 1 1 3 1 2 1 4 2 1 1 2 1 1 3 2 1 1 2 1 1 2 1 2 2 2 1 2 1 2 1 1 2 2 3 1 1 1 1 1 2 2 1 3 1 1 3 2 1 4 1 1 3 2 4 2 2 3 1 1 3 1 2 1 3 3 2 1 1 2 1 1 1 1 1 1 1 2 2 5 2 1 2 2 2 1 1 3 3 2 1 1 2 2 1 3 2 1 1 1 1 1 7 3 2 1 3 2 1 3 1 1 1 2 3 1 1 1 1 2 4 4 3 4 2 4 1 3 2 1 1 1 2 1 1 1 2 2 1 2 1 2 1 6 1 2 1 2 1 2 1 5 2 3 1 1 2 1 1 1 2 2 1 1 1 2 1 4 1 1 1 1 1 3 1 1 3 2 1 2 1 2 1 2 1 5 2 1 2 3 2 1 1 2 1 1 1 3 2 1 1 3 1 1 1 1 1 2 1 2 1 4 1 2 3 1 2 1 1 4 4 1 2 1 2 1 2 4 4 1 2 2 1 2 1 1 3 1 2 4 2 2 1 3 2 6 2 4 2 1 1 2 2 3 2 2 2 2 2 2 4 1 1 1 1 2 1 2 4 2 2 1 1 4 1 3 2 4 3 3 2 3 1 3 2 1 2 1 2 1 1 1 1 2 2 2 1 2 1 1 1 1 1 3 1 1 2 1 2 1 1 1 3 2 1 2 2 1 1 2 4 2 2 1 2 1 2 2 2 1 3 2 1 1 1 4 2 1 1 2 1 1 1 2 2 3 3 1 1 2 4 3 2 2 1 4 6 7 3 1 5 1 1 2 2 1 1 1 1 2 1 1 2 3 2 1 2 1 1 3 1 1 1 1 3 2 2 1 1 1 1 1 1 1 1 3 1 1 1 2 1 2 1 1 3 2 1 3 1 4 1 1 1 4 1 1 1 2 1 2 2 3 5 2 1 3 1 3 1 3 1 1 2 2 1 2 1 2 2 3 3 1 1 2 1 3 3 1 4 2 2 5 2 1 2 2 1 4 1 3 1 1 2 3 1 1 1 2 1 2 1 3 2 3 1 2 1 2 1 1 2 1 4 3 3 1 2 1 1 3 1 2 2 3 4 4 2 1 1 3 1 2 3 1 2 3 2 1 1 2 2 2 1 2 2 2 1 2 1 1 1 1 1 4 3 2 1 3 1 2 1 3 2 2 1 3 2 4 1 2 1 2 3 4 2 1 1 1 5 1 3 2 3 3 3 3 2 1 2 1 1 2 2 2 1 3 1 1 2 1 5 2 2 2 4 1 3 3 3 2 2 1 3 2 2 2 2 3 2 1 1 1 3 2 1 1 1 4 1 2 2 2 1 2 2 2 1 1 3 1 1 3 1 4 4 2 1 4 2 2 2 4 1 2 1 3 2 1 2 3 1 1 1 2 2 3 1 1 2 1 1 2 2 1 2 1 1 1 1 1 2 1 2 3 3 2 1 2 2 3 2 2 1 1 1 1 2 3 3 3 2 2 1 1 3 2 1 1 1 2 2 2 1 2 2 1 2 1 2 3 1 1 2 1 1 3 3 2 3 2 2 2 2 1 1 2 2 2 2 1 1 3 4 2 2 1 3 1 2 3 2 3 3 2 3 2 4 2 2 2 2 1 3 1 1 2 3 3 1 3 1 2 2 1 1 1 3 1 2 3 2 3 2 3 2 1 2 5 2 3 1 5 2 2 2 1 1 4 2 1 2 1 4 2 3 3 2 1 2 1 1 2 3 2 1 2 2 1 1 2 1 1 3 3 1 1 1 1 4 3 1 2 3 1 1 2 2 2 3 2 2 1 3 1 2 1 1 1 4 2 3 2 2 2 2 1 1 1 1 1 2 1 1 1 1 2 1 2 1 3 1 3 1 1 1 2 1 1 1 3 3 4 2 3 2 1 1 4 1 1 2 1 3 4 2 2 4 1 1 1 4 2 2 5 2 2 1 2 3 2 4 2 4 1 2 1 3 2 1 4 2 2 2 3 1 1 1 1 1 2 2 1 2 2 3 2 2 2 2 1 1 2 2 1 2 1 1 1 2 2 2 2 1 2 3 1 2 3 1 2 2 1 2 1 1 1 2 3 1 1 2 1 1 1 1 2 1 1 1 1 2 2 2 1 2 1 2 2 2 3 3 2 1 1 2 3 2 1 1 3 1 1 5 1 2 2 1 3 1 2 1 1 2 2 3 1 1 3 4 2 1 2 1 3 2 1 1 3 1 1 5 1 1 2 1 3 2 1 1 3 2 1 2 1 2 4 2 1 2 4 1 3 3 3 1 2 1 2 4 3 1 2 1 2 4 1 2 2 2 1 1 2 1 1 1 2 3 1 1 1 2 1 2 3 3 1 1 2 1 1 2 1 2 1 1 1 3 1 1 1 3 3 1 1 2 1 1 2 2 1 1 2 2 1 1 5 2 2 1 1 3 1 2 2 3 2 2 2 1 2 1 2 1 2 1 1 1 1 2 4 3 3 2 1 2 2 2 2 1 1 2 2 1 2 1 1 2 3 1 3 1 1 1 3 1 2 1 1 2 2 2 2 1 3 1 1 1 1 1 5 1 4 1 2 1 1 3 2 4 1 3 2 1 1 1 2 2 1 4 1 1 1 3 2 1 2 1 2 1 2 4 4 3 1 1 1 2 1 2 3 1 2 1 1 1 1 1 3 1 1 1 2 1 1 1 1 1 3 2 2 4 1 2 3 2 2 1 1 3 2 1 2 3 1 1 1 1 1 3 2 1 3 2 3 1 1 3 1 2 5 2 1 3 2 4 2 1 3 1 2 3 1 1 1 2 1 4 2 2 3 2 2 1 1 3 3 1 3 2 1 1 1 1 2 2 2 2 2 1 2 3 3 3 2 2 2 1 1 2 1 1 1 4 1 2 1 1 1 2 1 2 2 3 2 1 2 2 2 1 1 1 1 1 1 1 3 2 2 2 2 5 2 2 3 2 3 2 1 3 2 4 1 1 1 2 3 2 1 1 1 1 3 1 4 2 1 2 2 3 1 3 2 1 2 3 3 1 3 1 3 1 2 2 2 1 2 2 4 2 1 1 1 2 1 1 2 4 1 3 1 1 1 2 1 4 1 1 3 1 2 2 2 1 2 2 1 2 1 1 1 2 1 1 3 3 1 1 2 2 1 3 1 3 1 3 1 3 3 1 2 2 1 1 2 2 2 1 3 1 1 2 2 2 1 2 1 1 1 1 2 1 1 1 5 1 2 2 3 1 1 5 1 1 1 1 1 2 1 1 2 1 4 1 1 4 3 3 2 1 2 1 2 1 3 3 2 3 1 2 1 3 3 1 1 2 1 1 1 2 4 3 1 2 3 5 1 2 2 1 1 1 5 1 1 2 2 3 1 2 1 2 1 3 3 4 2 3 1 3 1 1 7 1 2 1 1 1 1 2 4 2 2 1 3 2 2 1 2 1 2 3 1 2 1 1 2 2 2 1 1 2 1 1 3 3 1 2 1 1 1 2 1 1 2 2 2 1 1 3 2 2 1 3 3 3 1 2 2 2 1 2 2 1 1 1 2 3 2 2 7 1 2 3 3 2 2 2 1 2 1 5 1 4 2 2 2 2 1 1 1 1 1 1 1 3 3 5 1 2 1 3 1 3 2 2 1 1 1 1 2 1 2 1 2 1 3 3 1 2 2 2 2 1 1 1 1 2 1 5 2 1 1 5 1 2 1 3 1 2 4 5 1 4 4 2 2 1 4 1 4 2 2 3 4 4 3 2 2 1 1 1 1 1 5 2 1 1 1 1 4 1 1 1 1 2 3 2 1 1 3 2 4 1 3 1 1 4 1 1 2 2 1 1 1 1 2 2 2 2 1 4 3 1 3 1 1 1 2 2 2 3 3 1 2 1 1 3 1 1 1 1 2 1 2 1 1 2 1 2 3 2 3 4 1 2 2 1 1 2 4 3 2 2 2 3 2 3 1 3 3 1 2 1 1 3 2 1 1 2 3 2 1 4 1 2 4 1 1 1 1 1 1 1 2 1 1 2 2 3 2 3 1 1 2 2 1 2 1 4 1 2 2 2 1 2 3 2 3 5 2 4 2 2 2 3 1 2 2 2 1 3 3 1 1 2 1 4 3 1 1 2 1 2 1 4 2 2 4 2 3 1 2 5 2 1 3 2 1 1 4 1 1 1 5 1 2 2 2 1 2 1 1 2 1 2 1 1 1 2 1 2 2 2 1 5 1 1 1 2 1 1 1 3 1 2 1 1 1 4 1 2 1 1 2 1 1 2 2 1 1 2 1 1 4 1 2 1 2 3 1 4 2 2 1 1 3 1 2 1 4 2 2 3 1 1 5 2 1 2 3 2 2 2 2 2 1 1 1 2 1 3 2 1 1 1 2 1 2 2 2 2 2 2 1 1 1 1 1 1 1 4 1 1 1 4 4 2 1 2 2 1 3 2 1 1 2 2 1 1 3 2 2 1 1 1 3 2 2 4 3 1 3 2 1 3 1 1 1 3 2 2 1 1 2 1 1 3 1 3 1 2 2 2 3 2 1 2 1 1 2 1 2 2 2 4 3 2 3 2 4 1 3 1 1 2 2 1 1 2 1 1 2 2 3 3 2 3 3 2 1 3 1 3 1 3 4 1 2 1 3 1 1 4 1 2 2 1 1 2 1 2 2 1 1 2 1 4 2 1 1 1 1 4 3 3 1 1 2 1 1 2 1 2 3 2 1 1 3 3 1 2 1 1 4 2 1 3 2 1 3 1 1 1 2 2 2 1 2 1 2 4 1 3 1 1 3 4 1 3 3 2 3 1 2 2 2 1 2 2 2 3 3 1 1 1 5 2 3 2 1 2 1 1 2 2 4 2 1 2 5 2 3 1 2 6 1 2 1 1 3 1 2 2 1 3 1 1 1 2 1 1 2 1 2 1 1 2 2 2 1 1 3 2 2 1 1 1 2 1 1 2 1 2 2 2 1 2 1 1 1 1 2 3 2 2 2 1 3 2 1 3 1 1 3 3 2 2 1 2 1 5 2 3 2 2 1 2 2 1 1 1 4 1 2 4 2 2 2 2 2 1 1 1 1 1 1 1 1 2 1 2 1 2 1 1 4 3 2 1 2 1 1 2 2 1 3 2 2 2 1 1 3 1 2 1 2 1 1 4 1 3 2 2 2 1 1 1 2 2 3 1 1 3 1 1 3 1 3 2 2 3 2 1 1 2 2 2 5 2 3 1 3 1 2 2 1 1 1 3 2 3 1 2 1 1 2 2 1 1 1 3 3 2 2 2 3 3 3 1 4 1 2 1 3 1 5 3 1 1 4 1 2 1 1 2 2 3 2 2 1 2 3 1 2 2 3 1 3 4 1 2 1 1 2 1 1 1 3 1 1 2 1 3 1 1 1 3 1 1 1 1 1 1 1 3 2 2 2 2 1 4 3 4 1 2 1 2 2 2 2 1 3 1 1 4 3 1 1 2 2 3 3 3 2 1 1 1 1 2 1 1 1 3 2 1 4 2 1 1 1 4 2 1 1 2 3 1 2 1 2 3 2 1 4 3 1 3 2 1 1 2 2 2 2 4 2 2 2 2 1 2 3 2 1 2 1 2 1 2 2 2 2 2 1 1 2 4 2 1 1 2 1 2 5 1 2 2 2 1 3 1 2 1 2 1 1 1 1 1 1 1 1 2 4 1 2 1 3 1 1 3 1 2 3 2 4 1 1 4 1 3 1 2 1 1 1 3 2 3 1 1 2 3 1 3 2 1 1 1 1 1 1 4 2 1 2 3 3 1 2 2 2 1 2 1 2 3 2 1 2 1 1 1 3 2 1 2 3 1 1 2 2 1 1 2 2 4 2 2 3 1 1 2 1 3 3 1 3 3 1 1 1 1 2 2 1 1 1 4 2 2 1 1 3 2 2 6 1 2 1 3 2 1 2 1 3 2 6 5 1 4 1 3 2 2 1 2 2 3 1 1 1 1 1 1 1 1 1 3 3 2 2 3 3 2 1 2 2 2 2 2 2 3 2 2 1 1 3 1 2 3 3 1 2 1 2 2 1 1 2 1 1 2 2 2 1 3 3 2 2 2 2 2 1 1 1 1 3 1 2 1 2 3 1 3 2 1 1 1 1 2 1 2 1 1 3 1 1 1 2 3 4 2 1 1 1 3 3 1 2 1 2 2 2 2 1 1 3 1 1 1 3 1 3 2 3 3 3 1 1 6 4 1 1 1 3 1 2 3 1 3 1 1 1 2 2 1 1 1 2 2 2 3 1 4 1 2 2 2 3 2 1 1 3 2 1 3 1 3 4 3 1 3 1 1 2 2 2 3 6 1 4 2 4 2 1 1 5 2 2 5 1 1 2 2 2 3 1 1 1 1 3 3 1 1 1 3 2 1 6 4 1 3 1 1 4 3 1 2 2 1 2 1 4 1 2 1 1 1 1 2 3 1 1 2 1 2 2 1 1 2 1 1 1 1 1 1 3 1 3 1 3 3 2 1 2 2 1 2 2 3 2 1 2 1 1 4 3 1 2 1 2 2 1 3 1 2 1 1 1 1 1 1 2 1 1 3 1 2 1 3 3 2 4 2 2 1 2 1 4 1 3 3 1 1 1 1 4 3 1 6 2 2 2 3 2 2 2 3 1 1 5 1 2 3 2 3 3 1 1 3 1 1 2 1 3 4 2 1 1 1 1 2 1 1 1 1 2 1 2 4 3 2 1 1 3 2 1 1 1 3 2 1 1 1 1 2 2 1 2 1 1 2 2 3 2 1 4 1 1 3 1 3 4 2 2 1 1 3 1 2 2 3 2 3 2 2 1 1 2 2 1 1 1 2 1 1 3 1 2 4 1 1 3 3 2 1 1 2 2 6 5 2 1 2 1 1 1 3 2 4 2 1 1 1 2 1 1 2 1 2 1 1 1 1 3 1 1 1 1 1 1 2 1 1 1 1 2 2 1 2 1 1 2 1 1 2 1 5 1 4 1 1 3 2 2 1 2 1 1 3 3 2 1 1 1 1 2 3 2 2 3 2 1 1 4 1 4 2 2 2 1 2 1 3 4 3 2 1 1 3 3 1 1 1 2 4 2 2 3 2 1 2 1 1 2 2 1 2 2 2 2 2 1 1 1 2 1 1 1 3 1 1 3 3 3 1 1 2 1 1 3 6 1 5 1 2 2 4 3 1 1 2 1 1 1 2 1 1 1 2 1 3 1 1 2 1 2 3 1 2 1 1 1 2 2 1 4 2 2 1 2 2 1 1 1 3 4 1 3 1 3 2 1 2 2 2 3 2 2 2 1 2 1 1 1 3 3 1 2 1 2 1 2 1 1 1 1 1 2 1 1 1 1 1 2 3 2 2 1 1 1 4 3 1 1 2 4 1 3 3 2 2 3 2 1 1 2 3 4 1 1 2 3 1 1 3 1 1 2 2 3 1 1 4 4 4 1 4 4 1 2 2 3 3 2 4 2 3 2 2 2 1 3 5 2 2 1 3 1 1 2 2 2 3 2 2 2 4 1 2 4 1 2 1 2 2 2 2 3 2 2 1 1 1 1 2 1 1 3 1 1 1 3 5 3 3 3 1 1 1 3 2 2 1 1 2 2 1 1 2 2 3 2 1 1 1 1 2 4 1 3 1 4 1 1 5 4 2 1 1 2 2 1 3 2 1 2 1 2 1 2 1 1 1 2 1 4 5 2 2 2 2 2 3 1 2 1 2 3 1 1 2 3 1 1 3 4 1 1 4 4 3 4 1 1 1 1 1 1 2 3 1 1 2 3 1 1 4 1 1 2 1 1 2 2 1 1 2 4 2 2 1 1 3 3 1 2 2 2 1 1 2 2 1 1 2 2 2 2 2 5 2 2 1 1 1 2 2 3 1 2 1 1 3 2 2 1 3 4 7 1 1 3 3 3 1 2 1 2 2 1 3 3 2 2 1 2 3 1 3 1 2 4 1 4 1 1 2 3 3 1 1 5 1 2 5 1 2 3 3 2 1 1 3 1 2 2 2 1 2 2 1 1 1 1 1 2 1 1 1 1 2 1 5 1 2 1 2 5 1 1 2 1 1 2 1 3 2 4 3 3 2 1 3 2 1 1 2 4 1 3 1 2 1 4 4 1 1 1 2 2 1 4 2 1 1 3 1 2 1 6 1 1 1 2 1 2 2 3 2 2 2 2 3 2 3 4 2 2 2 2 1 1 2 1 2 1 2 3 3 1 3 1 4 3 1 1 2 1 1 1 3 3 2 1 2 2 1 1 1 1 1 4 1 1 3 1 1 1 1 2 2 1 3 3 1 2 1 2 1 1 2 2 1 1 1 3 2 2 3 2 2 1 1 1 2 1 2 1 2 1 3 3 1 2 1 4 3 3 1 1 2 1 4 2 4 1 1 4 2 1 4 2 2 1 2 3 2 1 1 2 1 1 2 1 1 2 2 1 2 1 3 2 1 1 2 1 1 2 1 4 2 1 2 1 2 1 2 3 1 2 2 3 1 3 3 1 2 1 1 1 4 2 2 4 2 2 2 2 3 2 2 1 3 2 4 1 1 2 2 2 1 3 2 2 3 1 4 1 1 1 1 3 2 1 2 1 2 1 3 1 1 1 1 2 1 2 1 1 2 2 1 2 1 3 1 3 2 1 2 2 3 3 1 1 1 2 3 4 1 1 3 2 2 2 1 2 1 1 2 2 1 2 3 2 3 1 1 3 1 1 1 4 1 2 3 2 1 1 2 1 2 2 1 2 1 3 2 2 2 3 3 4 1 1 2 2 1 1 1 2 2 1 1 2 5 1 2 1 3 2 1 1 1 4 2 2 4 1 4 2 1 1 1 1 1 1 1 2 2 2 2 3 2 2 1 2 1 2 2 1 1 1 1 5 1 2 4 2 3 2 2 3 1 1 1 2 3 2 6 2 2 1 1 2 1 4 1 2 1 1 1 4 1 2 4 3 1 4 1 2 3 1 3 2 1 1 2 4 3 2 1 2 1 1 1 1 1 1 2 3 6 3 3 2 1 3 1 3 1 2 4 3 3 3 2 1 2 3 1 3 1 1 3 4 1 1 4 3 3 3 3 1 1 1 1 4 1 5 1 2 2 3 3 2 2 1 1 4 2 1 1 3 1 1 4 1 2 2 1 1 3 3 3 2 1 2 2 2 4 3 1 3 2 2 2 3 2 4 2 2 2 1 1 2 3 2 2 2 3 2 2 1 1 2 3 3 1 1 1 1 1 2 3 1 1 3 2 1 3 2 2 1 2 1 2 4 1 1 2 1 2 1 1 1 1 1 2 3 2 2 2 1 1 2 1 1 2 2 3 1 1 2 4 1 2 2 2 1 3 2 5 3 1 3 1 3 1 2 2 1 1 2 2 1 1 1 3 1 1 2 1 1 1 2 1 1 1 3 1 1 1 1 2 1 2 1 1 4 1 1 1 2 1 3 2 2 3 1 1 1 2 1 3 2 4 1 1 1 1 1 1 2 2 1 3 2 2 1 2 3 2 2 2 2 2 1 2 3 1 1 3 6 1 1 2 1 1 2 2 2 1 1 3 1 2 3 2 1 3 4 1 2 1 2 3 1 2 4 2 1 1 4 1 4 5 4 1 2 1 2 1 2 5 2 1 4 1 2 4 2 3 3 1 2 2 1 2 1 2 3 6 1 2 1 2 1 2 2 1 1 1 2 2 3 1 2 2 2 3 2 1 2 2 2 1 1 1 2 3 1 3 1 2 1 2 1 1 5 2 2 1 1 4 3 2 3 1 1 1 3 2 1 3 3 2 1 3 3 1 2 1 1 1 1 3 3 1 4 4 1 4 2 3 1 1 3 2 1 1 3 1 2 2 2 1 1 2 1 3 3 1 1 3 2 1 2 1 3 1 3 1 5 2 4 1 2 4 3 1 1 2 4 1 4 1 2 1 2 1 1 1 1 2 3 2 2 2 1 1 4 4 2 2 2 2 2 2 2 1 1 1 1 1 1 3 5 1 1 2 2 1 1 2 1 1 1 1 2 1 1 2 1 1 1 2 2 2 2 3 1 3 1 4 2 1 1 2 1 2 2 1 3 1 1 1 1 2 1 3 3 2 3 1 1 2 2 1 4 1 2 1 2 1 1 2 2 1 2 1 2 2 1 2 1 1 1 2 2 2 1 1 2 2 2 1 2 1 3 3 1 1 2 1 1 3 1 2 3 1 1 1 1 2 1 1 3 2 2 2 1 2 1 2 4 2 3 5 1 3 3 3 2 3 1 1 1 2 2 1 4 3 1 2 2 2 1 1 1 3 1 1 1 3 4 2 3 1 2 1 2 2 2 1 2 1 1 1 2 2 2 3 1 1 2 4 1 3 4 1 2 1 1 1 2 1 1 2 1 2 1 1 1 5 4 1 2 2 1 3 1 2 1 3 1 1 3 1 1 4 2 1 1 3 1 1 2 1 2 2 1 2 1 2 4 3 1 5 1 5 3 2 1 3 2 2 1 1 1 2 1 3 3 3 1 2 2 1 1 3 2 1 5 2 2 1 1 1 1 1 2 1 3 3 2 1 2 1 2 2 1 2 2 1 3 1 1 2 2 1 2 4 1 3 1 1 1 3 1 1 1 2 2 4 1 1 2 1 5 1 2 2 4 1 1 1 3 1 2 1 1 2 3 1 1 2 4 1 3 4 2 2 1 4 2 4 1 3 2 1 1 1 1 1 1 3 1 1 2 1 1 3 2 2 2 2 3 4 1 3 4 2 5 2 1 1 1 1 2 1 2 3 4 2 1 1 2 4 1 2 2 1 2 1 3 1 1 2 3 2 1 2 3 3 2 1 1 1 1 2 1 1 1 1 1 4 1 1 1 4 1 1 1 4 1 2 1 2 1 1 2 2 1 2 2 1 2 2 3 1 2 1 1 2 2 1 2 1 2 2 1 2 3 2 2 3 3 1 1 1 1 2 2 4 1 2 1 3 1 3 1 1 3 1 2 1 4 1 1 3 1 2 3 2 4 2 4 3 1 2 3 2 1 1 1 1 1 2 2 1 3 1 1 1 1 3 1 3 1 1 4 2 4 1 2 3 1 2 3 1 2 1 1 1 2 2 1 1 1 2 2 1 1 2 1 1 1 1 1 1 1 2 1 1 3 1 2 3 4 3 1 2 1 1 6 3 1 1 3 1 4 2 1 1 3 1 1 1 3 4 2 1 1 1 1 1 4 3 1 1 1 1 2 2 1 1 1 2 2 2 1 1 1 2 2 1 1 1 2 3 2 3 1 1 1 2 1 2 1 1 1 3 1 2 1 1 4 2 1 3 2 1 2 2 1 1 2 1 1 2 1 1 1 2 1 2 1 3 2 1 2 2 1 1 1 2 2 3 3 1 2 1 1 1 1 2 1 2 1 1 1 1 2 2 2 1 1 2 1 4 1 1 2 1 2 2 1 3 1 3 2 4 4 3 2 4 2 1 4 2 1 4 3 2 3 2 1 2 1 3 1 1 5 1 2 2 3 1 3 2 2 2 1 3 1 4 1 1 1 3 1 1 3 1 3 1 1 1 2 1 1 1 2 3 1 2 2 1 2 2 1 2 2 2 2 1 1 1 4 2 2 1 1 1 3 1 2 2 1 3 3 2 3 1 1 2 2 1 1 2 2 2 2 1 2 3 2 1 1 5 4 3 4 2 1 3 1 2 2 4 1 1 2 1 3 1 2 2 1 1 2 2 1 2 4 3 1 1 1 1 2 2 2 2 3 3 2 2 1 2 4 1 2 3 2 2 1 1 4 4 3 2 1 1 3 2 1 3 1 2 2 1 3 2 1 3 3 1 2 2 1 1 3 3 2 3 1 1 2 5 1 1 1 2 1 2 1 2 2 3 2 3 1 1 3 1 2 2 2 2 1 1 1 2 3 1 1 3 3 3 3 2 2 1 2 1 2 1 1 2 1 1 1 1 1 2 3 2 2 3 1 3 2 3 3 2 3 3 3 4 2 1 2 1 3 3 2 2 2 1 1 1 2 1 3 3 2 2 1 2 2 1 3 1 1 1 3 2 4 1 4 1 1 1 2 6 2 1 1 4 1 2 2 2 2 1 3 2 2 3 2 2 1 1 2 2 1 3 1 2 2 1 2 1 2 2 1 3 2 1 1 4 1 2 1 1 1 2 1 4 1 3 2 2 1 1 2 2 1 1 1 1 1 1 1 1 1 1 1 2 3 3 1 2 1 2 3 1 5 2 1 1 3 1 2 2 2 2 3 1 1 1 4 3 2 2 3 4 2 3 2 2 2 1 1 1 3 1 1 2 3 3 1 4 3 3 1 1 2 3 1 1 4 3 3 2 3 4 1 1 2 2 2 3 2 1 2 3 1 2 3 2 6 1 4 1 2 3 3 2 1 2 2 3 2 1 3 3 1 2 1 1 2 2 1 1 1 2 2 3 1 2 1 5 2 1 3 1 1 3 2 4 1 2 1 1 1 1 2 1 2 2 1 3 4 1 4 1 1 1 3 3 2 2 1 3 1 3 1 2 1 4 2 3 4 2 2 1 1 2 1 1 2 2 1 3 2 3 2 1 2 2 3 2 1 1 2 1 3 2 1 1 5 2 3 1 2 4 2 2 6 1 2 3 3 3 3 2 3 1 2 3 1 5 1 1 1 2 1 1 2 2 2 1 3 1 2 1 2 1 1 1 4 2 2 2 3 1 2 3 1 3 2 1 1 2 2 1 1 1 2 1 2 6 2 3 1 1 1 5 1 2 3 1 4 1 1 1 2 2 1 4 5 3 1 2 1 1 1 2 2 3 3 3 2 3 3 3 1 1 1 1 1 1 2 4 1 2 3 6 1 1 5 2 1 1 1 2 1 1 1 2 1 4 7 1 5 1 1 1 3 1 1 3 5 2 3 
  #Test Small 24377
  #Test Medium 56189
  #Test Large 78451
