Board size [mm] 375x225

Stats side 1
  #Components with background 120
  #Components with points 589
  #Components nofly 6
  #Components notouch 6
  #Pins 110543
  #GNDs 4457
  #VDDs 3386
  #Clock 70
  #NoFly points 940
  #NoTouch points 1048
  #Points [total] 120444

Stats side 2
  #Components with background 104
  #Components with points 649
  #Components nofly 0
  #Components notouch 0
  #Pins 114965
  #GNDs 4706
  #VDDs 3923
  #Clock 72
  #NoFly points 0
  #NoTouch points 0
  #Points [total] 123666

Stats board (side 1 + side 2)
  #Components with background 224
  #Components with points 1238
  #Components nofly 6
  #Components notouch 6
  #Pins 225508
  #GNDs 9163
  #VDDs 7309
  #Clock 142
  #NoFly points 940
  #NoTouch points 1048
  #Points [total] 244110
  #Nets 13076
    Net Size: 9163 7309 142 3 1 2 2 1 1 3 2 2 2 3 2 1 1 2 1 2 2 1 1 3 2 1 3 4 2 2 2 2 1 3 2 1 1 1 1 1 1 5 1 1 4 1 2 1 1 2 1 2 2 1 3 2 2 1 1 1 1 1 3 1 3 2 1 1 1 1 1 1 1 1 2 3 2 2 1 1 2 1 2 1 3 1 1 3 1 1 4 2 4 2 2 1 1 2 2 1 2 1 1 1 2 3 1 1 2 4 2 1 1 1 1 1 2 1 1 1 1 1 2 3 1 2 1 2 1 1 1 2 1 1 1 4 2 2 3 1 1 2 3 1 1 1 2 1 2 1 2 2 1 2 2 1 1 2 3 1 1 2 1 1 2 2 2 2 2 1 1 1 2 2 3 4 1 1 1 2 1 3 1 1 1 1 2 1 1 3 1 2 1 1 2 2 3 4 1 1 2 1 2 2 1 2 1 1 1 1 1 1 3 1 1 1 1 1 1 1 1 2 2 1 2 1 2 2 2 2 5 1 1 1 1 2 3 3 1 1 3 1 1 2 2 2 1 1 1 2 3 1 2 1 1 1 4 2 1 3 1 1 2 1 2 2 2 3 1 1 1 1 4 2 2 2 2 1 2 2 1 2 2 3 4 2 2 4 1 1 4 3 2 1 1 2 1 1 3 2 1 2 1 1 1 1 2 1 2 1 1 1 2 1 1 3 1 1 1 1 1 4 1 1 1 1 1 2 5 1 1 3 2 3 2 2 1 3 1 1 2 3 2 3 1 1 1 2 2 1 2 2 5 3 1 1 1 3 2 1 2 5 2 1 3 1 4 5 2 1 5 3 2 1 3 2 1 1 1 2 2 1 3 1 1 1 1 1 2 1 1 1 2 2 1 1 4 1 3 1 1 1 2 1 4 1 1 1 2 2 2 1 1 3 1 1 1 2 1 1 1 3 3 1 1 1 1 1 1 2 3 3 4 2 1 2 2 1 1 2 2 2 1 1 2 4 1 3 1 2 2 3 3 3 3 1 2 1 4 3 1 2 2 3 1 2 1 2 1 1 1 1 2 1 2 1 1 2 2 1 1 1 2 1 1 2 1 1 1 1 2 1 2 1 1 1 2 1 1 1 1 2 1 1 2 2 1 1 3 1 2 1 2 3 4 4 2 2 1 1 1 1 2 2 2 3 3 2 2 1 1 1 2 1 1 1 2 2 2 1 1 3 2 1 2 2 1 1 1 1 2 2 5 4 1 1 1 4 1 3 5 2 2 1 1 1 1 2 1 2 1 2 1 1 2 2 1 1 2 1 1 2 2 1 1 1 2 1 2 1 1 2 1 5 1 1 1 1 2 2 1 1 1 2 1 2 3 1 1 2 2 2 2 1 3 1 4 3 2 4 2 1 1 1 1 1 1 4 1 1 1 2 5 1 2 1 1 2 1 1 3 1 1 1 1 2 2 1 2 4 2 1 4 2 1 1 1 2 3 1 3 2 1 3 2 2 1 2 5 1 1 4 1 1 1 1 2 1 1 1 1 1 1 1 3 2 1 1 1 3 1 2 1 3 1 3 1 1 1 3 1 2 2 2 2 2 4 1 1 2 1 2 2 2 2 1 1 1 3 1 2 4 4 1 2 1 1 1 4 3 1 2 1 1 1 1 4 2 3 2 2 1 2 3 2 1 2 1 1 2 1 3 1 1 1 3 1 3 1 1 1 1 1 2 4 3 1 1 1 1 1 2 1 2 1 1 1 1 3 2 1 2 3 1 3 1 3 2 1 1 2 1 2 2 1 1 3 1 3 1 3 1 1 1 2 1 1 2 4 1 2 1 2 1 3 2 1 1 2 1 2 5 1 2 2 1 1 1 1 1 1 1 2 3 3 1 1 3 2 2 3 2 1 1 1 2 1 1 4 1 2 1 1 1 3 1 1 3 1 1 2 1 2 1 1 1 1 2 2 1 2 2 5 3 2 1 2 1 3 3 1 1 2 1 1 1 1 1 1 1 2 4 1 1 2 3 3 1 2 1 4 2 2 1 2 1 1 1 2 1 3 1 1 2 4 1 2 2 2 2 2 2 2 2 1 1 1 2 1 1 5 1 2 1 2 2 1 2 3 1 1 3 1 2 1 2 2 3 2 1 2 1 1 1 1 3 1 2 2 1 2 2 1 1 1 1 2 3 1 4 1 2 1 3 1 2 1 2 2 1 2 1 2 2 1 2 2 2 2 1 1 1 1 2 1 2 1 1 1 1 2 1 2 1 1 3 3 1 1 3 1 1 2 1 1 2 1 1 2 1 3 1 2 1 2 1 1 1 1 1 3 1 1 1 2 2 1 1 1 1 1 2 2 2 1 1 2 5 1 1 1 1 2 4 4 1 2 1 2 1 1 4 1 3 1 2 2 2 2 1 2 1 3 1 2 1 3 1 2 1 2 1 1 3 1 2 1 1 1 1 1 3 1 3 1 1 1 2 2 2 1 1 1 1 2 1 2 1 3 1 1 3 1 1 2 2 1 1 1 1 2 1 1 1 1 2 2 1 1 2 1 1 1 2 1 1 1 3 1 2 1 2 1 2 1 4 1 1 2 1 1 1 1 1 2 1 1 1 2 2 1 2 2 6 1 1 1 1 2 5 1 4 1 2 2 1 5 2 3 1 1 4 1 2 2 2 1 1 3 1 1 1 4 1 2 1 1 2 2 3 2 2 2 1 2 2 1 2 1 1 1 2 3 1 1 2 2 1 1 1 1 3 1 1 1 3 3 1 1 4 1 1 1 1 3 1 2 2 1 1 2 1 1 1 4 1 1 2 1 2 1 1 4 2 3 1 1 2 2 1 1 2 2 1 2 2 1 1 1 1 2 1 1 1 1 2 1 1 1 1 2 1 3 1 3 1 2 2 3 1 5 1 1 1 1 1 3 1 2 1 2 1 1 1 1 2 1 1 1 3 3 1 2 2 1 1 1 2 3 2 2 1 3 2 1 1 2 2 1 1 1 2 2 4 3 1 1 2 1 1 2 1 2 2 1 5 3 4 1 1 3 2 2 4 1 2 1 3 2 3 1 1 1 1 3 2 1 2 3 3 1 2 1 1 1 2 2 1 1 3 2 3 2 1 2 2 1 1 3 2 1 1 2 2 1 1 2 1 2 3 1 1 2 2 2 2 1 1 3 1 2 2 2 1 1 1 2 2 2 2 1 1 1 2 3 2 1 1 1 2 2 1 1 1 2 1 4 2 2 1 1 2 1 1 3 3 1 1 1 2 2 4 1 1 1 1 1 2 3 1 1 2 1 2 1 3 2 1 2 1 1 2 2 1 2 4 3 1 1 2 1 4 3 1 1 1 2 2 2 2 2 2 1 1 1 1 1 2 2 2 1 1 2 1 2 4 1 1 1 2 2 1 1 2 1 1 2 2 2 2 2 1 2 2 2 1 2 1 1 1 3 2 3 2 1 1 2 1 3 1 1 2 1 4 1 1 3 3 2 2 3 3 1 2 3 1 2 1 2 1 1 1 1 2 3 2 1 1 2 2 1 1 3 1 1 1 1 1 1 1 3 3 2 2 2 2 1 3 3 1 2 1 1 2 1 1 2 1 1 2 2 4 1 2 2 1 2 2 2 1 1 1 3 1 1 1 3 1 2 1 2 1 2 2 1 1 1 1 2 1 3 3 2 1 1 1 1 1 1 1 1 1 2 1 1 3 1 3 3 2 1 1 2 1 1 3 2 1 2 1 2 1 1 1 1 1 2 1 2 2 1 1 3 3 2 2 4 2 1 1 1 2 1 1 2 1 5 1 2 1 2 1 2 1 1 1 4 1 1 2 1 2 1 2 3 1 2 1 1 3 2 2 1 2 1 1 2 3 1 1 2 1 1 2 3 2 1 1 1 3 1 2 1 2 1 2 1 2 1 7 1 1 2 2 3 1 1 2 1 2 1 2 2 2 6 1 2 2 1 2 1 1 1 2 1 1 1 2 1 1 3 4 1 1 1 2 4 1 1 1 1 2 3 2 3 1 1 1 1 1 1 2 2 1 2 2 2 2 2 1 5 1 1 1 1 1 1 2 1 2 1 2 1 2 2 2 4 1 2 2 3 2 1 2 3 1 3 1 4 1 1 1 2 2 1 2 1 2 1 1 1 1 2 2 3 1 1 2 1 1 3 4 1 2 1 1 1 1 1 1 2 1 1 2 2 1 2 2 1 1 4 4 1 1 1 1 3 2 2 1 2 1 1 1 2 2 1 1 2 1 1 1 1 2 2 2 2 2 2 1 3 1 1 3 3 2 1 1 1 2 2 2 1 1 1 3 2 1 2 1 6 2 1 1 1 1 1 1 2 1 1 2 1 1 1 2 1 1 3 1 2 2 2 2 2 2 3 1 2 2 5 2 1 4 1 1 2 1 3 1 1 4 1 2 1 3 1 1 1 1 1 2 1 1 2 1 2 1 1 1 2 3 2 3 1 1 1 4 1 3 2 1 1 1 3 1 2 1 3 3 1 3 2 3 1 1 2 1 3 2 1 2 1 2 1 1 1 4 2 1 3 1 1 2 1 3 2 1 1 1 2 1 2 2 1 2 1 3 3 1 1 1 1 1 1 2 1 1 1 3 2 2 3 1 2 1 2 4 1 1 1 3 5 1 3 1 1 1 2 2 2 1 3 1 1 1 1 1 1 1 2 1 2 3 2 1 3 2 3 2 2 1 1 2 1 3 2 1 1 2 2 1 3 1 2 4 2 1 4 1 5 1 1 2 1 1 1 2 1 1 2 2 1 1 2 1 1 1 1 2 2 4 1 3 1 2 1 2 2 2 3 1 1 1 1 2 1 3 1 2 2 1 1 1 1 3 2 1 1 1 3 1 1 2 1 1 2 2 1 2 1 1 1 2 1 3 1 3 2 2 2 1 3 1 1 1 3 1 2 1 2 3 2 5 1 2 2 2 1 3 2 4 4 1 4 2 1 1 2 3 3 1 1 2 4 1 2 3 1 1 3 2 3 1 2 3 2 3 2 1 1 4 1 1 2 2 3 1 2 3 2 1 1 2 1 1 1 1 2 2 1 2 1 1 1 1 1 3 2 2 1 3 2 1 2 1 1 1 3 1 1 1 3 1 2 1 1 2 3 3 1 1 2 1 4 1 1 1 1 1 3 2 2 2 1 2 1 1 2 2 1 2 1 1 2 2 2 3 1 1 1 1 1 1 1 1 1 3 2 1 1 1 3 1 2 3 2 2 1 1 1 3 2 1 1 1 3 1 4 3 2 1 3 2 1 1 2 2 2 1 2 3 2 2 2 2 1 1 2 1 4 2 3 1 2 1 1 3 1 1 1 1 1 4 1 1 1 2 1 1 1 2 1 1 1 1 1 1 1 1 1 4 1 6 1 3 1 1 2 2 1 3 3 2 2 3 1 3 2 1 1 1 1 1 1 2 3 1 1 1 2 1 2 1 1 3 3 1 1 1 1 1 1 1 1 1 1 1 2 2 1 1 3 2 1 1 1 2 4 2 3 1 2 2 1 4 1 3 1 2 1 2 2 1 1 2 1 2 2 4 2 1 1 1 3 3 5 1 1 2 1 1 1 2 1 1 1 1 1 1 2 1 2 1 1 1 2 2 1 3 2 1 1 3 2 1 2 3 1 1 1 1 2 1 1 1 3 1 2 2 1 3 2 1 2 1 2 1 2 1 2 1 2 1 4 1 3 3 1 5 2 5 1 1 1 1 1 3 1 1 1 1 2 1 1 1 3 1 1 2 2 1 2 1 2 1 1 1 3 3 3 3 1 1 1 3 2 1 1 1 2 1 1 1 1 2 1 2 1 1 1 1 3 2 2 1 1 1 1 3 1 1 1 2 2 3 1 3 2 3 2 1 1 1 1 2 1 1 1 4 1 1 1 1 2 2 1 1 1 1 1 1 2 3 1 2 2 1 1 1 2 3 1 1 1 1 2 1 1 1 1 3 1 1 2 2 3 1 1 5 1 1 1 1 3 1 2 3 3 2 1 4 1 2 2 1 2 1 1 1 1 1 2 3 2 1 2 4 2 2 4 2 1 1 3 1 1 1 1 1 1 3 1 3 2 1 1 1 2 1 1 1 2 2 1 1 1 1 2 1 1 2 1 1 1 1 3 1 2 3 2 1 2 2 1 2 1 1 2 3 1 1 1 2 1 1 1 2 2 1 1 3 2 2 1 2 2 1 2 2 2 1 2 1 1 1 2 1 1 1 2 1 2 1 1 1 1 3 2 1 2 2 1 1 1 1 2 4 4 1 1 1 1 2 1 1 2 3 3 1 2 3 4 1 4 2 1 1 1 2 1 1 1 3 1 3 3 1 1 1 1 2 1 1 1 2 1 1 3 1 1 1 1 1 2 2 3 1 2 3 2 1 3 2 1 1 2 6 1 1 4 2 3 1 1 2 1 3 2 1 1 3 2 2 1 1 1 1 1 2 1 2 1 3 2 1 1 1 1 2 3 4 2 1 5 3 3 3 4 2 1 2 1 1 4 1 1 2 3 1 1 1 1 2 2 2 1 1 1 1 2 1 3 3 3 1 1 1 2 2 1 3 1 1 1 2 1 3 1 1 2 2 3 1 1 4 2 2 1 1 2 2 3 3 1 1 1 5 1 2 1 1 1 1 2 2 2 3 3 3 1 1 4 2 1 2 1 3 1 1 1 1 1 1 2 2 2 5 1 2 1 2 1 1 2 1 3 1 1 2 1 3 1 1 2 1 1 1 2 1 1 2 1 2 2 3 3 1 2 3 2 2 6 1 6 3 1 1 2 1 2 1 2 3 1 2 1 1 4 1 1 1 1 1 3 2 1 1 4 1 3 2 1 1 1 1 1 2 2 1 1 1 2 1 1 1 2 1 2 1 2 1 1 2 1 1 1 2 2 2 2 1 1 2 1 2 1 4 1 1 1 1 1 1 3 3 1 2 3 3 2 3 1 4 3 1 1 4 1 1 2 1 1 1 1 1 1 2 1 2 1 2 1 1 1 1 1 2 2 1 3 1 2 4 2 3 1 1 1 3 3 1 1 1 3 1 1 1 2 1 2 2 1 3 1 2 1 2 2 1 1 1 2 1 1 2 1 1 1 2 1 3 1 3 2 1 1 1 1 3 2 2 1 1 2 1 1 1 2 1 4 4 3 2 1 3 2 1 1 4 3 2 2 2 1 3 5 1 3 4 3 1 2 2 1 2 2 1 1 1 2 3 1 2 2 2 3 1 3 2 1 2 3 1 1 1 3 1 1 2 1 1 1 3 1 1 1 1 2 1 2 3 3 1 2 1 1 1 1 1 1 1 2 3 1 4 2 2 1 1 1 1 1 1 4 1 1 2 1 1 4 1 1 1 3 1 3 3 1 3 1 1 2 4 1 2 1 1 1 3 2 3 2 1 3 3 1 1 2 1 1 2 2 4 3 1 1 3 1 3 1 1 1 2 2 2 1 2 1 1 1 2 1 3 1 2 1 1 1 1 1 2 3 3 2 1 1 1 2 3 3 2 2 2 2 1 1 1 1 2 1 1 4 1 1 1 1 1 2 1 2 3 1 2 1 4 1 1 1 3 1 1 2 2 2 1 1 3 1 1 1 1 1 2 2 1 3 2 1 1 2 1 2 1 1 2 2 1 1 3 1 3 1 2 4 1 1 1 1 4 4 1 3 2 3 1 2 1 2 2 1 2 1 2 1 2 3 1 1 1 3 1 2 1 3 1 4 1 1 3 1 4 1 2 1 1 2 3 1 1 2 1 2 1 1 1 1 1 2 1 1 1 2 3 1 1 4 1 1 1 2 1 1 2 2 1 3 2 2 2 1 2 2 1 2 2 1 2 1 1 2 3 1 2 1 3 4 3 2 1 1 3 1 1 1 2 1 1 2 1 1 1 2 3 5 2 1 1 2 4 2 1 1 1 1 2 1 3 1 1 2 4 1 2 1 2 2 2 2 1 2 4 1 1 1 1 2 2 1 1 1 1 2 1 1 2 1 2 2 1 1 1 1 6 2 1 2 1 1 1 1 1 1 1 2 2 1 1 1 1 3 2 2 5 3 3 1 3 2 2 1 1 1 4 2 2 3 2 2 2 2 1 5 1 5 3 2 1 2 1 2 2 2 1 1 5 1 1 1 2 3 1 1 2 2 1 1 2 1 1 1 1 1 1 1 2 1 4 2 3 3 1 2 2 1 2 2 3 2 1 1 2 1 1 1 1 3 1 2 1 1 2 1 2 1 3 1 1 1 2 1 2 1 3 1 3 1 1 1 1 1 2 2 1 1 1 1 1 1 2 4 1 2 1 2 2 1 3 2 1 4 2 1 1 2 1 1 1 2 1 2 2 2 1 3 1 1 1 2 1 2 1 2 1 1 1 1 2 2 2 4 2 3 1 3 1 1 3 1 5 1 2 1 1 3 2 1 1 2 1 1 1 1 1 3 1 1 2 1 2 3 1 1 1 1 1 4 1 2 2 1 2 4 3 1 1 1 2 1 2 1 1 3 1 1 1 1 2 5 1 1 2 3 1 2 1 2 2 3 1 1 1 3 3 1 2 1 1 1 1 2 2 1 2 2 1 2 4 2 1 1 1 2 1 1 4 4 1 2 1 2 3 3 1 1 2 1 3 2 2 1 1 5 1 3 1 1 6 2 1 2 1 2 2 5 2 1 3 1 1 2 1 1 1 2 4 1 1 1 1 1 2 1 3 1 5 3 1 2 3 1 2 1 1 1 2 2 1 1 1 2 3 2 3 2 1 2 1 2 4 1 3 3 2 2 2 1 2 1 1 1 1 4 3 3 1 2 1 1 3 1 3 1 3 2 3 1 2 1 1 2 2 4 3 1 1 3 6 1 2 1 1 5 2 1 1 1 4 3 3 1 2 3 2 2 3 2 3 2 1 1 1 1 3 1 1 2 1 1 3 1 2 2 1 2 2 1 1 3 1 2 2 1 1 1 5 2 2 1 1 1 3 2 1 1 4 2 1 1 3 2 3 3 2 2 1 3 2 2 2 1 1 5 1 1 4 3 2 2 1 1 1 1 1 1 1 2 2 1 3 2 1 1 2 1 2 3 1 1 1 2 2 2 1 1 2 1 2 2 2 1 1 1 1 1 1 1 1 1 1 1 1 1 2 5 2 2 4 1 1 2 2 1 2 3 3 3 2 1 1 1 1 1 3 2 3 4 1 1 1 1 1 1 3 1 2 1 5 1 2 2 1 2 1 2 1 2 1 1 1 1 2 1 3 4 3 1 1 1 1 1 1 1 2 1 1 2 2 2 1 1 1 2 1 1 1 1 1 1 2 2 2 1 2 1 2 1 3 1 1 2 3 2 1 1 4 2 2 3 1 2 2 1 1 4 4 1 2 1 3 1 2 1 4 3 1 1 1 1 1 1 2 3 1 2 3 3 1 2 2 1 1 3 1 1 1 2 1 2 2 1 3 1 1 4 1 3 1 2 2 1 3 1 2 1 1 2 2 1 1 3 2 2 2 1 2 1 1 3 3 1 1 2 1 1 1 1 4 2 1 1 2 1 1 1 1 1 1 1 2 2 1 1 1 3 1 2 1 2 4 1 5 1 1 1 1 1 3 1 2 2 1 1 1 1 2 1 4 1 1 3 4 3 1 3 2 2 1 2 1 2 3 2 3 1 1 1 2 1 1 2 3 2 2 2 3 1 1 1 2 3 1 1 1 1 2 1 2 1 2 1 2 4 1 2 1 2 1 5 4 2 1 1 5 2 2 1 1 2 2 2 1 1 1 1 2 1 4 3 1 1 1 1 1 2 2 1 1 1 1 3 2 1 1 2 2 2 3 2 2 1 3 1 1 1 3 4 2 1 2 3 1 3 2 2 1 1 1 1 1 2 1 1 2 1 2 1 1 2 2 2 8 3 1 2 2 1 2 1 1 1 1 1 1 3 1 1 2 2 1 1 1 1 1 1 2 1 1 2 1 1 2 1 4 6 1 1 2 1 2 2 1 3 1 3 1 2 1 2 1 1 2 2 2 2 2 1 2 3 2 2 1 3 3 1 2 1 2 3 1 1 1 3 2 2 1 3 1 2 3 3 2 3 1 1 1 1 1 2 1 1 1 2 2 1 1 1 1 1 1 2 2 1 2 4 1 1 3 1 1 1 2 1 1 1 1 2 1 2 1 1 2 1 1 2 1 2 3 1 1 2 4 1 4 2 2 2 1 3 2 2 1 3 2 1 1 3 1 2 1 2 2 1 1 2 2 2 1 2 2 1 3 3 1 1 1 2 1 1 1 1 1 2 2 1 4 1 1 2 2 2 3 3 2 1 1 3 1 4 1 2 1 1 3 1 3 2 1 3 3 4 2 3 1 1 4 2 3 1 1 1 6 1 2 1 1 1 2 1 2 2 1 3 1 1 2 2 4 1 2 2 2 1 1 1 2 1 1 1 3 1 1 3 1 2 1 1 1 1 3 2 2 1 1 2 2 1 3 2 1 3 1 1 3 2 2 1 3 4 1 1 2 1 3 3 3 1 2 1 1 1 1 1 2 1 2 1 1 1 2 2 3 2 1 1 1 1 2 5 1 3 1 2 2 1 1 2 5 2 1 1 2 2 1 1 1 1 1 1 1 2 1 1 1 2 1 2 1 1 1 1 1 1 2 1 1 1 1 1 2 1 2 1 1 1 2 2 3 1 2 1 2 3 1 1 2 2 1 3 1 1 1 2 1 2 1 3 2 1 4 2 1 2 1 4 1 1 1 1 1 3 2 1 1 2 1 2 2 1 2 3 1 2 2 1 1 1 3 3 1 2 4 2 2 3 4 3 1 2 1 2 1 6 2 1 1 1 2 2 3 3 1 1 1 1 1 2 4 1 3 1 1 1 1 2 2 2 2 2 1 2 3 2 1 1 1 3 2 1 1 3 2 2 2 1 1 4 1 2 1 1 2 3 1 1 1 2 3 1 2 2 3 1 1 1 1 1 3 2 2 2 1 3 1 1 1 1 1 2 1 2 1 1 1 1 1 2 5 1 5 1 2 1 3 3 1 2 1 2 2 2 5 2 3 2 1 3 1 1 4 1 1 2 1 2 1 2 1 1 1 2 3 1 1 1 1 2 2 2 1 1 2 1 1 2 1 2 3 1 4 2 2 3 1 2 1 3 1 3 1 2 2 3 2 3 1 2 1 2 3 3 2 1 1 3 2 3 1 1 1 1 2 2 3 2 1 2 2 1 1 2 1 2 2 1 1 1 2 1 1 2 2 4 1 1 3 1 1 3 3 3 1 4 1 4 3 3 1 3 1 4 2 2 1 2 2 3 3 3 2 3 2 1 1 2 2 1 1 4 4 4 2 2 1 2 1 1 1 1 1 1 1 1 1 2 1 2 3 1 1 1 3 1 2 1 1 2 1 1 1 1 1 1 1 1 1 1 2 2 3 2 1 1 1 3 1 3 1 2 2 3 1 2 4 1 1 2 1 1 2 2 1 3 1 1 2 2 2 5 1 1 2 1 2 1 2 3 1 3 2 2 1 1 2 2 1 1 4 3 1 2 2 1 2 4 3 3 1 2 1 1 1 1 2 4 1 1 1 2 1 2 1 4 3 2 2 1 1 1 4 3 3 2 2 1 2 2 1 1 2 5 3 2 1 1 2 2 2 2 1 1 2 2 1 2 1 2 1 2 1 1 3 1 2 1 1 2 2 1 3 1 2 1 1 2 3 1 1 2 1 2 2 3 1 2 2 3 1 1 2 1 1 1 2 2 1 1 2 5 1 1 2 1 2 2 1 3 1 1 2 2 2 2 1 2 3 2 2 3 1 1 2 2 1 1 3 2 2 1 2 2 2 2 1 3 2 1 2 1 2 2 4 2 2 1 2 2 1 1 3 2 1 1 1 1 3 1 2 1 2 2 1 1 1 2 1 2 2 2 1 1 1 1 3 1 2 1 2 1 1 2 1 2 3 2 2 5 1 2 3 1 2 2 2 1 2 1 2 2 3 1 1 2 1 1 2 2 1 1 1 2 1 1 1 1 1 2 4 3 2 2 2 2 1 2 1 2 1 1 3 4 4 1 2 2 1 1 3 2 3 5 1 1 1 1 2 3 1 1 3 1 4 3 4 1 1 1 1 1 1 1 3 1 2 3 1 1 1 1 1 3 1 1 1 2 1 2 3 1 1 4 1 1 3 3 1 3 1 2 3 1 2 1 2 1 1 1 1 2 2 2 1 2 3 1 1 1 1 1 1 2 2 1 2 2 1 2 3 1 2 1 2 1 1 1 1 1 1 2 1 2 2 2 2 1 2 1 1 2 2 2 3 2 1 1 2 1 4 1 2 2 1 1 1 5 1 1 2 1 2 2 4 2 2 1 4 2 2 3 1 1 3 1 2 2 1 2 1 1 1 3 1 1 2 2 1 3 2 1 1 2 1 2 3 4 1 1 1 3 2 1 2 3 1 1 3 3 3 1 2 2 1 2 2 1 2 1 1 3 3 1 2 3 4 2 1 1 2 1 3 4 1 3 2 1 5 1 1 1 1 1 2 2 3 3 1 1 1 3 2 2 2 1 2 2 1 2 1 1 2 2 3 1 2 2 2 1 1 2 1 3 3 2 1 1 1 1 2 2 2 1 2 2 1 2 3 3 1 2 1 3 2 2 1 3 1 1 1 2 1 1 2 3 1 2 3 2 1 1 1 2 1 2 1 1 1 2 1 2 1 1 1 3 1 3 2 2 3 2 2 1 1 2 1 1 2 2 1 3 1 1 1 1 1 2 3 3 2 1 1 1 3 1 1 1 2 1 1 1 1 2 1 4 1 1 1 2 1 3 1 4 3 1 2 2 1 1 3 1 1 1 5 2 3 1 2 1 1 1 1 4 2 1 2 2 2 3 2 1 1 1 3 3 1 2 1 2 1 1 1 1 2 2 1 2 2 1 1 1 2 1 1 3 2 2 1 3 1 1 4 2 1 3 2 1 4 2 2 3 1 1 1 1 1 1 1 2 1 1 1 1 3 5 2 1 1 1 3 1 1 2 3 4 3 3 1 2 2 1 1 1 1 1 1 3 4 1 1 2 1 1 2 2 1 1 1 1 3 3 1 1 1 1 3 1 3 1 1 3 1 1 1 1 1 1 1 5 2 1 1 3 2 2 3 1 3 1 3 1 1 2 2 2 3 3 4 1 3 2 1 4 2 1 2 1 3 1 2 2 1 5 2 1 1 2 2 2 2 3 2 2 1 2 2 2 1 2 1 1 2 1 4 2 1 2 1 2 1 3 2 1 1 2 1 2 1 2 1 1 3 2 2 2 2 1 1 1 2 1 1 1 2 1 2 2 2 2 1 1 3 2 1 3 1 2 3 3 2 2 1 2 1 2 2 1 1 2 2 1 3 1 1 1 2 2 2 1 2 2 1 1 1 1 1 1 2 2 1 1 2 1 2 1 2 1 1 2 1 2 3 1 2 2 2 1 1 1 1 1 3 1 2 1 1 2 2 1 2 1 1 2 1 3 1 3 4 2 1 2 1 2 2 2 2 1 2 1 3 3 2 2 2 2 1 2 3 1 1 1 3 1 1 2 2 1 7 3 1 1 3 1 1 2 1 1 1 1 2 1 2 1 3 2 2 1 1 1 1 1 1 1 3 2 1 1 1 2 3 3 1 1 1 3 1 2 1 2 2 2 2 1 1 1 3 2 1 1 2 1 1 2 1 2 2 5 2 2 2 3 3 1 1 2 1 2 1 1 4 1 2 2 1 1 2 2 1 1 3 2 1 4 1 1 2 4 2 1 1 1 1 3 2 4 2 1 1 2 3 2 2 1 2 2 2 1 1 2 3 3 1 2 2 5 1 2 1 2 1 3 1 1 2 3 1 1 5 3 1 1 1 2 1 1 1 1 1 2 2 1 3 2 1 2 1 1 1 1 2 1 2 1 2 1 2 1 1 1 1 2 2 2 1 2 5 1 1 3 1 1 2 2 2 1 4 2 1 2 2 3 2 2 3 3 1 5 2 2 2 1 4 3 1 3 2 3 1 2 1 1 4 1 3 2 1 1 1 1 4 2 1 2 1 2 1 2 2 1 2 3 2 2 1 2 2 1 1 1 2 2 1 2 1 1 2 2 1 2 1 2 2 3 1 2 1 1 2 2 2 2 1 1 1 1 3 1 2 2 1 5 3 2 3 2 1 2 2 1 1 1 3 3 1 1 2 2 1 1 2 1 2 1 4 5 3 1 2 1 2 2 2 3 1 2 1 2 2 2 1 2 1 2 3 1 1 1 2 1 1 1 4 1 3 3 1 1 4 1 1 3 1 1 1 2 1 1 2 3 1 1 3 3 1 2 2 1 2 3 5 1 1 1 2 1 1 3 2 3 4 3 4 2 2 1 1 1 1 2 1 3 1 1 1 2 1 1 1 2 1 3 1 1 2 3 1 3 1 1 4 2 1 1 2 1 2 1 1 1 1 1 2 2 1 2 1 2 2 2 2 1 1 2 1 1 3 1 3 3 3 2 3 1 3 1 1 1 1 1 2 1 1 2 1 1 2 4 3 1 1 5 3 2 3 2 1 2 3 5 1 1 1 1 1 1 2 3 1 1 2 4 2 1 1 3 4 1 1 1 2 2 3 2 1 2 1 1 2 1 2 5 1 1 1 2 1 1 3 1 1 1 1 1 3 4 1 1 1 1 3 1 1 5 2 3 1 2 1 1 2 1 2 2 1 2 1 2 2 2 1 1 1 1 1 1 1 1 1 2 2 1 1 1 1 1 1 1 1 1 1 2 1 1 1 1 2 3 1 1 2 1 2 1 3 1 3 1 3 1 2 2 1 2 3 2 2 1 1 1 1 1 2 1 4 1 3 6 1 2 1 1 1 2 2 3 2 2 1 2 3 1 1 2 1 1 2 1 1 1 2 2 1 1 1 1 1 3 1 1 1 2 1 3 1 2 2 1 1 3 1 1 1 2 4 2 1 2 1 1 1 1 2 4 3 2 1 1 1 1 1 1 2 2 1 2 1 2 2 2 1 4 3 1 1 2 4 2 1 1 1 2 1 2 1 1 1 1 1 1 2 1 3 1 2 1 3 2 2 1 1 2 3 3 2 1 1 3 1 1 1 1 3 1 2 1 1 1 1 1 2 2 2 2 2 2 2 2 2 1 2 1 3 1 2 2 1 2 1 1 4 1 1 1 1 4 2 1 1 1 1 1 3 1 2 2 2 1 1 1 2 1 1 2 3 1 4 3 1 2 1 1 2 2 2 2 1 1 2 3 2 1 2 2 4 1 2 1 1 2 2 2 2 1 1 1 2 2 2 1 6 2 1 2 1 1 2 1 2 2 4 1 1 2 2 2 1 1 1 1 2 2 2 1 1 1 1 2 1 2 1 1 1 1 1 2 2 3 2 1 2 2 2 1 1 2 2 1 2 1 1 2 1 3 2 3 3 1 1 2 1 1 2 1 3 1 2 1 3 1 1 1 3 1 1 1 1 3 3 2 2 1 4 2 2 2 1 3 1 1 1 1 1 3 4 1 1 1 1 1 1 2 1 3 1 2 2 1 2 1 2 1 3 1 4 2 1 2 1 1 3 2 1 1 1 2 1 1 3 1 3 3 1 1 1 1 1 3 1 1 4 2 3 2 2 2 4 1 2 2 1 3 1 2 2 1 3 1 2 2 1 1 2 2 3 1 2 2 1 1 1 1 2 3 2 1 4 1 2 4 2 1 2 2 2 1 1 1 1 3 4 2 1 1 2 2 2 4 1 1 2 3 3 1 2 3 1 2 2 2 1 1 1 1 3 1 3 2 1 1 4 1 1 4 2 2 1 1 3 1 1 1 1 1 2 1 1 1 2 3 1 1 1 1 1 1 1 1 2 3 1 2 3 1 4 1 4 2 1 1 3 2 2 3 2 1 2 1 2 2 1 1 1 2 1 1 2 1 3 1 2 1 1 1 2 2 3 2 3 4 3 3 1 1 2 2 3 1 2 1 2 2 1 1 2 4 2 2 1 2 2 1 1 1 4 1 1 2 1 1 1 2 4 1 3 1 1 2 1 2 1 3 2 2 1 1 2 1 2 1 1 2 1 2 5 2 1 3 1 1 3 2 1 1 1 2 3 2 4 1 3 2 1 3 2 1 1 2 1 1 1 1 1 3 1 3 1 1 2 1 2 1 3 4 2 3 2 1 1 4 1 3 2 3 1 3 2 1 1 1 1 2 1 2 1 1 1 1 3 2 2 1 1 1 2 1 2 1 2 2 4 1 1 1 1 2 2 1 1 1 2 2 2 1 1 1 3 5 1 2 1 3 1 1 2 2 1 1 1 4 3 2 1 1 1 3 2 3 1 2 2 1 2 1 2 2 2 2 2 3 1 1 1 2 2 1 1 1 1 1 1 2 1 2 2 1 3 3 2 1 1 1 1 3 1 3 2 1 1 1 2 1 1 1 4 1 3 1 1 2 4 1 1 1 1 4 1 2 1 1 1 1 2 2 1 1 2 2 1 1 1 3 1 1 4 3 1 2 2 3 1 1 1 3 2 2 1 2 1 2 1 2 1 1 2 2 1 2 1 1 2 1 1 4 1 1 1 1 2 1 4 2 2 1 1 2 1 2 1 2 1 3 3 4 1 1 2 3 1 3 1 2 2 1 2 2 1 1 2 1 3 1 1 3 3 1 2 1 3 2 2 1 1 2 3 5 2 1 3 2 2 1 3 2 2 3 1 1 2 3 2 1 1 1 2 1 1 1 1 2 1 1 3 2 2 3 3 1 2 1 1 1 2 2 1 1 3 2 2 1 3 2 1 1 3 3 2 1 2 2 4 2 1 2 1 1 1 1 2 2 1 1 1 3 3 3 1 2 1 2 2 3 2 1 1 1 1 1 1 1 2 2 1 2 1 1 1 1 1 3 2 1 1 3 1 1 1 2 2 2 2 1 2 1 2 2 2 2 1 1 3 1 1 1 4 2 2 2 2 4 2 3 2 3 1 1 1 1 2 1 1 4 2 3 1 1 1 1 1 2 3 3 1 3 4 3 2 1 3 1 1 2 1 2 2 1 3 2 4 1 2 2 3 1 2 3 2 1 1 1 3 2 2 2 2 3 3 1 2 1 1 1 2 3 2 1 1 2 2 3 1 1 2 3 4 2 1 1 2 1 3 1 1 2 1 1 1 2 1 1 1 1 1 2 3 2 1 2 2 1 3 1 2 1 1 1 3 1 2 2 3 2 4 1 3 2 2 2 2 1 2 2 1 5 1 1 2 1 2 2 3 2 3 1 2 1 2 1 1 1 1 2 2 1 2 1 2 1 1 3 1 2 1 3 2 2 1 3 3 5 1 2 2 1 2 4 1 2 2 1 1 1 1 1 1 5 2 1 1 1 1 2 2 1 2 2 1 1 2 2 1 2 4 1 1 1 1 3 2 1 2 1 4 1 1 1 3 2 1 2 2 2 2 3 3 1 2 3 2 2 2 1 1 3 2 4 1 4 2 2 1 1 3 1 2 1 1 1 3 2 1 4 1 2 2 2 1 2 1 1 3 1 1 1 3 2 3 2 2 1 3 2 2 1 1 2 1 2 3 1 1 1 1 1 1 1 1 1 1 1 1 2 3 1 2 1 3 1 2 5 1 2 1 1 3 1 4 1 1 1 3 2 1 3 1 1 2 5 3 2 2 1 1 2 1 2 3 2 2 1 1 2 1 1 4 1 1 1 1 2 1 1 3 1 2 1 1 1 2 2 1 1 1 2 4 1 2 3 2 1 1 1 2 2 1 1 2 2 1 2 3 2 1 2 1 1 1 2 1 1 1 6 2 1 2 4 1 2 1 1 1 2 2 2 1 3 4 3 2 2 1 1 2 1 3 1 1 2 1 1 1 1 1 3 1 2 1 3 1 1 2 2 1 3 2 2 1 3 1 3 1 1 1 1 1 1 1 1 2 1 1 1 1 2 3 1 1 1 1 1 3 3 3 1 3 2 1 1 2 2 1 2 1 1 1 1 1 2 3 1 3 2 1 1 1 2 3 1 1 2 1 2 2 1 4 1 1 1 1 2 3 1 1 2 2 1 1 1 2 1 2 2 2 3 2 1 1 2 1 1 1 2 1 1 2 1 3 1 1 2 1 1 3 1 2 1 3 1 1 2 1 1 2 1 3 2 1 1 2 2 2 2 1 1 1 1 3 1 2 5 2 1 1 2 1 1 1 1 2 1 3 2 1 1 1 1 1 4 1 2 1 1 2 2 1 2 1 1 1 1 3 1 1 1 1 1 3 1 2 1 2 2 1 1 3 4 2 1 1 3 4 2 2 1 3 1 2 1 5 1 1 3 2 2 2 2 1 1 4 1 2 2 1 1 2 2 5 1 1 3 2 1 1 1 1 1 4 1 1 1 3 1 3 1 2 1 2 2 4 1 1 1 1 1 1 2 1 1 2 3 1 2 1 1 2 2 1 2 2 1 2 1 1 2 2 1 1 1 3 2 2 2 1 1 2 2 1 3 2 3 2 2 1 2 1 1 1 1 1 1 1 2 2 4 1 1 1 1 1 2 2 1 1 1 1 1 1 3 1 2 2 1 2 1 1 4 2 1 1 1 3 1 1 2 1 2 1 1 1 3 2 2 1 2 1 3 1 1 1 1 1 1 4 4 2 2 1 1 1 1 2 2 3 1 1 3 1 1 1 1 2 2 1 1 1 1 1 1 2 2 1 1 2 2 2 3 2 1 2 4 1 1 2 2 2 1 1 1 3 2 1 1 2 1 1 2 2 3 2 2 1 2 3 1 2 3 4 3 1 3 1 2 5 2 2 3 3 2 2 1 2 1 4 1 2 2 2 2 3 1 2 3 4 1 1 3 2 3 1 2 1 1 1 1 1 2 1 3 1 5 2 3 1 2 3 1 3 3 1 1 1 3 3 2 3 2 4 1 1 1 2 1 2 1 1 3 2 4 1 1 2 1 1 2 1 3 3 2 3 2 3 1 3 3 1 1 3 1 4 1 1 1 4 1 1 2 4 1 2 4 2 1 3 6 1 1 3 2 2 1 1 3 1 1 2 2 2 1 2 2 1 1 3 2 3 2 3 1 2 1 1 1 1 1 1 1 2 2 2 1 2 4 1 1 2 4 1 3 3 1 2 3 1 2 1 1 2 1 1 2 2 2 2 3 2 2 1 1 1 1 1 2 1 1 1 3 1 1 1 3 2 2 3 1 3 4 2 2 1 1 1 1 1 1 1 2 1 3 3 2 2 2 2 3 2 1 1 2 2 1 1 1 4 3 2 2 2 2 4 2 2 3 3 2 3 1 1 1 2 3 2 2 4 2 1 2 2 2 2 6 2 3 1 1 2 2 1 2 2 1 1 1 4 1 1 4 2 1 5 2 1 1 1 3 1 1 3 2 2 1 2 3 1 3 2 2 1 1 1 2 1 1 2 1 1 1 1 1 2 1 2 2 1 1 2 1 3 4 1 1 3 1 2 3 1 2 2 1 2 3 2 2 2 2 1 2 1 3 3 1 2 1 2 4 1 1 4 2 1 1 1 1 1 1 3 1 4 1 1 2 2 2 1 2 2 3 2 1 2 2 1 2 2 3 2 1 3 2 2 1 2 2 2 2 2 2 3 5 1 3 1 1 2 1 1 3 1 1 3 1 1 1 1 1 3 2 1 1 1 1 1 2 3 2 1 2 1 3 3 2 1 2 2 2 2 2 3 2 2 1 3 1 1 1 1 1 1 2 2 1 2 2 1 1 1 2 1 3 1 3 3 2 1 1 2 1 1 2 1 2 1 3 1 1 1 1 1 1 2 1 1 1 1 2 2 1 3 1 1 2 2 2 2 2 3 1 3 2 1 4 2 1 1 1 1 2 1 2 1 3 2 2 1 1 2 2 4 1 2 3 1 3 1 1 1 2 3 1 2 2 1 2 1 1 2 1 1 2 1 4 2 4 1 2 1 1 1 1 2 1 1 1 1 1 5 2 2 1 1 1 1 1 4 2 1 2 1 1 2 1 1 2 1 2 1 1 2 2 2 2 1 2 2 1 2 1 1 2 1 1 2 1 1 1 3 2 3 2 2 1 1 1 2 1 1 3 1 2 1 1 3 3 2 1 1 3 1 3 2 4 1 1 4 1 3 1 2 1 1 1 1 3 1 1 2 2 1 4 1 1 2 2 1 1 2 2 2 1 2 2 4 1 2 1 3 3 1 1 1 1 1 2 1 2 1 1 1 2 1 4 3 5 2 1 1 1 2 2 2 1 2 1 1 3 1 2 2 1 1 1 1 2 2 1 1 1 1 2 2 1 1 2 1 2 1 2 2 3 2 2 3 2 1 1 1 1 1 2 1 1 3 4 2 2 2 2 1 3 2 3 2 1 2 2 3 1 1 1 1 1 2 2 2 1 1 1 1 1 2 1 1 1 1 2 2 1 1 1 4 2 1 2 1 3 1 2 1 2 1 1 1 2 1 2 3 2 1 1 2 1 1 2 2 3 2 2 1 1 3 1 1 2 2 1 2 2 1 3 3 2 2 3 1 1 1 4 1 2 2 2 2 2 2 1 1 1 1 3 1 1 1 2 2 2 2 4 2 2 2 1 1 3 3 2 3 3 2 1 2 1 2 2 4 1 2 1 2 2 1 3 1 1 2 2 2 2 1 1 2 1 3 1 1 1 2 1 2 1 2 2 1 1 2 1 2 2 1 2 3 5 2 1 1 2 1 2 2 1 3 4 3 2 1 2 2 1 1 2 2 2 1 2 3 2 4 1 1 1 2 3 1 1 2 3 1 1 1 5 1 2 2 1 1 1 2 2 1 3 1 1 1 1 1 1 2 4 1 1 3 2 1 2 2 2 1 2 2 1 1 1 2 2 2 4 1 2 1 1 1 3 2 1 3 1 3 1 2 1 2 2 2 2 1 2 1 1 2 1 2 1 1 1 1 2 4 2 3 3 3 3 1 1 1 3 3 1 3 1 2 1 3 1 4 1 1 2 1 1 1 2 1 1 1 2 1 3 2 1 2 1 1 1 1 4 2 1 1 1 2 1 1 1 3 4 1 1 4 2 2 1 3 2 1 1 4 1 1 1 1 1 3 3 1 2 1 2 2 1 2 4 2 2 1 2 2 1 2 4 1 2 1 2 1 2 2 2 1 1 1 1 2 2 4 1 3 1 3 2 1 1 1 2 1 1 3 2 2 1 2 2 1 3 1 1 1 1 1 1 2 2 2 4 1 3 1 2 5 1 2 1 2 2 1 1 1 2 1 2 2 2 3 1 3 1 2 2 1 2 1 5 1 1 2 2 1 2 1 1 1 1 1 2 1 3 2 1 3 1 3 2 3 1 2 1 1 1 1 4 2 2 1 2 1 2 2 2 1 1 2 1 1 2 1 2 2 3 1 3 1 2 1 1 1 1 1 1 2 4 1 1 1 1 1 2 3 2 1 3 1 1 3 3 3 1 2 3 1 1 1 2 2 4 1 1 1 2 1 3 4 3 1 1 3 1 1 1 2 2 1 4 1 1 3 1 1 1 1 1 1 3 2 1 4 2 2 1 4 3 3 1 1 1 1 4 3 3 1 2 4 1 1 2 1 6 3 1 2 1 3 1 2 3 4 4 3 3 1 1 2 3 2 1 2 1 2 2 2 1 2 2 1 2 1 1 2 1 1 2 2 1 3 6 3 1 2 1 2 1 2 1 1 4 1 1 1 1 3 4 1 3 1 1 1 1 2 1 1 1 3 1 1 1 3 2 2 1 1 2 1 1 1 2 1 1 3 3 2 1 2 3 2 2 1 1 2 1 1 1 1 1 3 1 1 4 1 1 1 1 1 3 2 1 2 1 2 1 1 2 2 1 2 4 2 1 3 3 3 2 2 1 1 1 3 2 2 1 1 2 1 1 1 1 1 2 2 1 2 1 1 3 2 2 1 1 1 1 1 1 2 2 2 1 1 2 2 2 3 1 1 2 1 1 3 2 1 1 1 2 2 2 2 2 1 2 3 2 1 4 1 2 1 1 2 1 1 2 1 1 2 1 3 1 1 3 1 3 2 1 3 4 1 2 1 6 1 1 2 1 1 1 1 2 1 3 2 2 2 1 2 1 1 2 1 3 3 3 1 1 2 1 4 3 2 2 2 5 2 1 3 2 2 1 3 3 2 2 2 2 2 1 1 1 1 1 1 1 1 3 2 2 2 3 3 1 1 1 1 2 1 2 1 4 2 2 2 2 3 1 1 1 2 1 1 1 1 1 1 3 1 3 1 1 2 1 2 1 1 2 2 1 1 1 1 2 4 1 2 1 2 3 1 1 3 3 1 3 2 1 2 2 1 1 1 1 1 1 1 1 1 1 2 1 1 1 3 3 1 1 1 1 1 1 1 1 1 2 3 3 1 3 1 3 2 3 1 2 1 1 1 1 2 1 2 3 1 1 3 1 1 3 1 1 2 3 1 1 1 1 1 1 1 1 1 1 3 2 1 3 3 1 1 2 3 2 1 1 1 4 1 1 1 2 1 1 1 1 2 3 2 1 3 3 2 1 2 1 1 2 1 1 2 2 2 1 1 1 3 1 1 1 2 2 2 1 2 3 2 3 2 1 1 2 3 2 2 1 3 3 2 1 1 2 1 1 2 2 1 1 2 1 1 3 1 1 1 1 1 1 2 1 2 4 1 1 1 2 5 1 3 1 1 1 2 2 1 1 1 1 1 2 1 1 1 2 1 2 1 1 1 1 1 1 1 1 2 1 2 4 2 1 1 1 1 1 1 1 2 3 1 1 1 2 1 2 2 3 1 2 1 1 1 2 1 1 1 2 1 1 3 3 2 4 1 5 1 2 2 4 1 2 2 1 2 2 2 2 1 1 1 2 1 1 3 1 1 1 1 1 1 2 1 1 1 1 1 2 2 1 2 1 2 4 1 2 1 1 3 2 1 3 1 1 1 2 1 3 1 1 2 1 1 4 1 2 3 2 1 1 2 4 1 2 2 2 4 1 1 1 1 2 2 2 2 1 2 1 4 1 1 2 2 2 2 1 3 1 1 1 2 6 2 2 1 1 1 1 1 3 1 1 3 2 1 3 3 2 1 1 1 1 2 1 2 1 1 3 4 1 1 1 1 2 2 3 1 2 1 2 3 1 1 1 2 1 1 2 1 5 5 1 1 3 1 2 1 5 1 3 3 1 1 2 2 1 2 2 2 1 1 1 2 2 1 2 1 2 2 1 2 1 1 2 1 1 1 1 2 1 1 2 3 1 1 1 2 1 1 3 3 2 1 1 2 3 1 3 1 2 1 1 2 2 1 1 2 4 2 1 2 1 2 2 1 1 1 1 1 1 2 1 3 2 1 2 3 2 3 1 1 3 2 3 1 1 1 1 1 2 2 2 2 3 1 1 2 2 1 5 1 2 2 2 2 1 1 1 1 2 1 1 1 2 2 1 1 2 1 1 2 2 2 1 3 1 4 1 2 1 1 1 1 1 1 2 1 2 1 1 1 1 4 1 1 2 3 1 1 2 2 1 2 4 3 1 2 3 1 1 3 2 1 2 1 4 3 2 3 1 3 2 1 1 2 1 2 1 1 3 2 2 1 1 3 3 3 1 2 1 1 1 1 2 1 1 2 1 2 1 1 2 3 2 2 3 2 2 2 2 1 1 1 1 2 2 3 1 3 2 2 2 2 2 1 1 2 1 1 2 2 1 4 3 1 1 4 1 1 1 1 1 2 2 1 1 2 1 1 3 1 1 2 2 1 1 2 1 3 1 1 2 2 1 2 2 4 1 1 1 1 1 1 1 3 2 1 1 4 1 2 1 1 1 2 3 1 1 1 2 3 1 1 1 1 1 1 1 1 2 2 1 1 1 1 1 1 1 2 2 1 1 1 2 1 1 2 1 2 3 2 2 3 3 1 3 1 6 3 3 3 4 1 1 2 1 4 3 1 1 1 2 3 1 3 2 5 1 2 2 2 1 1 1 2 1 1 1 1 2 1 1 1 2 3 4 1 1 2 1 2 2 2 2 2 2 1 2 3 1 3 2 2 1 2 1 2 4 1 2 1 1 2 1 2 1 1 1 3 1 1 2 1 1 1 2 2 1 2 5 2 2 4 4 1 1 1 1 3 3 1 1 1 1 3 1 2 3 3 1 1 2 3 1 1 2 2 2 2 1 3 1 1 2 2 1 2 1 1 1 3 2 3 2 1 2 1 1 2 1 1 1 3 1 1 3 1 1 1 1 2 2 4 2 1 1 1 2 1 1 2 1 1 2 5 3 3 2 2 2 2 4 2 1 1 2 2 1 1 1 2 1 1 6 1 2 3 4 2 1 1 2 1 1 3 1 1 1 2 1 1 1 1 1 1 1 1 1 1 1 3 1 1 1 2 1 1 1 2 2 3 2 1 1 2 1 2 3 3 4 1 4 1 1 1 1 4 2 1 1 1 1 1 1 1 2 1 3 1 1 1 2 2 2 1 2 1 4 2 1 1 1 1 1 3 1 2 1 1 2 5 2 3 3 1 1 1 1 1 1 2 1 1 1 5 2 4 1 2 1 2 2 1 1 2 1 2 3 1 1 1 1 2 2 2 1 2 1 2 3 1 3 1 1 1 1 2 1 4 2 2 2 1 2 1 1 3 1 4 1 3 1 1 1 1 2 4 1 1 2 1 2 1 1 1 2 1 1 3 3 2 1 1 3 1 2 1 1 1 2 2 3 1 1 2 2 2 1 2 2 1 1 3 2 2 1 1 4 1 2 2 1 3 1 2 2 3 1 3 2 1 1 2 1 2 1 2 1 1 1 1 2 2 3 1 2 2 1 1 1 3 2 1 1 4 3 4 1 2 1 3 1 1 1 1 1 1 2 2 3 2 1 5 3 2 1 1 2 3 4 1 1 1 1 1 4 2 1 1 2 1 2 1 1 2 2 1 2 1 2 2 1 2 2 1 2 2 4 1 1 1 2 1 2 2 3 4 1 1 1 1 3 3 1 1 1 1 2 4 1 1 1 2 3 2 2 1 4 1 2 1 6 1 1 1 1 1 1 1 3 1 2 1 3 1 1 1 2 1 2 2 2 1 1 2 2 2 2 3 2 1 1 1 1 2 1 1 1 2 3 1 1 1 1 3 1 3 1 1 1 2 1 2 1 1 2 3 1 1 3 1 1 2 1 1 1 2 1 1 2 1 2 4 1 1 1 2 1 1 2 1 1 2 1 1 1 2 1 1 1 2 2 2 1 5 1 1 1 2 1 1 3 2 1 2 1 2 1 1 2 1 1 1 1 3 2 1 1 2 2 1 1 2 3 2 2 1 1 2 1 2 2 1 2 2 1 1 1 1 2 2 2 2 4 1 1 2 1 1 3 1 1 3 1 3 1 1 3 2 1 5 2 1 2 3 4 2 3 1 2 1 1 2 1 1 2 1 1 2 1 2 1 1 1 1 1 2 1 1 1 1 2 2 1 1 2 3 1 1 1 1 3 2 2 1 1 2 2 2 1 2 2 1 2 1 1 3 2 2 1 1 2 1 1 2 1 1 2 2 1 1 2 1 1 1 2 2 1 1 2 1 1 1 2 1 2 1 3 4 1 3 1 3 2 1 1 1 1 1 5 1 2 2 2 1 1 1 1 1 1 2 2 1 4 1 3 4 2 2 1 1 1 2 1 3 3 1 1 1 1 1 2 2 3 2 3 1 1 1 2 1 2 1 4 1 3 2 1 2 2 2 1 2 1 1 2 2 1 1 2 2 2 2 2 2 1 3 1 1 1 1 3 1 1 1 3 4 3 2 1 1 3 1 2 1 1 2 1 2 3 1 1 1 2 1 4 1 1 1 3 2 2 1 1 1 1 1 4 2 1 2 2 1 4 1 2 1 2 1 1 2 2 1 3 1 2 3 2 2 2 2 1 4 2 1 1 1 2 2 2 2 1 1 5 4 1 1 1 1 2 3 4 2 2 3 1 1 1 1 1 2 1 2 3 3 1 2 3 1 2 2 1 1 1 5 2 1 1 2 1 2 1 1 1 4 1 1 1 2 4 1 1 2 2 3 1 3 1 2 1 1 2 4 2 1 1 2 1 1 1 1 1 1 1 2 2 1 2 1 1 3 2 2 1 1 2 2 2 1 1 4 2 1 3 1 1 2 1 4 2 3 2 2 1 1 3 3 1 1 1 2 3 2 1 1 1 1 1 2 1 3 3 1 2 1 1 1 4 3 2 1 1 1 1 1 1 1 2 2 2 2 3 2 1 1 2 2 1 2 3 2 4 2 1 3 2 1 2 1 2 2 2 4 3 1 2 1 3 3 1 1 1 1 1 2 1 1 1 1 1 2 1 1 4 1 1 1 1 1 1 3 2 1 4 1 1 2 2 2 1 3 2 2 3 3 1 2 1 3 1 3 1 1 2 2 1 2 1 1 1 2 2 2 1 3 1 2 1 2 1 1 3 1 2 4 1 1 1 2 1 3 2 2 3 2 1 1 1 3 2 2 1 1 1 1 1 1 2 1 1 3 1 1 2 1 1 3 1 2 1 1 3 2 1 2 2 4 1 1 1 3 1 1 1 1 2 3 1 1 1 1 1 3 1 2 1 1 1 2 3 1 4 2 2 1 1 1 2 1 1 2 1 3 2 1 3 2 2 2 4 1 1 1 1 5 2 1 2 5 1 1 1 1 3 4 1 3 1 2 1 2 1 1 4 3 1 3 1 1 3 2 2 1 1 1 1 3 2 1 1 1 1 1 2 1 1 2 1 1 2 2 4 2 1 1 1 1 2 3 3 1 1 1 1 2 2 2 1 2 1 1 1 2 1 4 1 1 1 1 2 2 1 2 2 1 2 2 1 2 2 1 1 1 2 1 1 1 1 3 1 1 2 2 2 2 2 1 2 2 1 1 1 6 2 1 1 1 2 2 1 2 2 1 1 2 2 1 3 1 1 1 2 3 2 1 2 2 2 2 1 1 2 3 1 2 1 3 1 2 3 1 3 1 1 2 1 1 2 4 2 2 3 1 3 2 1 1 2 1 1 2 4 1 1 2 2 2 1 1 1 2 1 2 3 1 1 2 1 3 2 3 1 2 3 1 3 1 1 1 4 1 1 2 1 1 1 3 2 2 1 3 2 1 1 2 1 2 4 1 2 3 1 3 1 1 4 1 1 2 1 3 1 2 1 1 4 3 2 5 1 3 3 3 4 1 1 1 1 2 1 2 3 1 2 3 2 1 2 1 1 1 5 1 1 4 2 1 2 2 1 1 3 1 1 2 2 2 1 1 1 2 2 1 2 1 1 2 1 1 1 1 1 1 2 1 1 4 2 1 2 2 4 4 1 1 1 1 2 2 1 2 1 1 1 2 2 1 1 1 1 1 2 1 1 1 2 1 1 3 2 1 3 1 3 1 2 1 1 4 3 1 4 2 1 1 2 2 2 1 1 3 1 1 1 1 1 1 3 2 4 1 1 2 1 2 1 2 1 2 4 2 2 1 2 2 3 2 1 2 2 1 3 2 2 2 1 1 5 1 2 1 2 1 2 2 1 2 1 2 2 2 2 1 2 1 1 1 1 2 1 1 1 2 1 5 1 1 1 1 1 1 1 2 3 1 1 1 1 1 1 1 2 1 3 2 1 1 2 3 2 1 1 4 3 2 3 1 4 2 1 1 2 2 1 2 1 1 1 1 1 2 1 2 2 1 1 1 2 1 3 1 1 1 1 1 4 1 1 1 3 2 1 1 1 1 1 1 1 1 1 1 2 2 3 2 1 2 2 4 2 3 2 2 3 1 1 1 2 1 1 3 1 2 3 3 1 1 3 2 2 1 2 4 1 1 1 1 1 1 2 2 1 1 1 1 3 2 3 2 5 1 1 2 2 1 1 1 1 2 1 2 1 2 1 1 1 2 2 1 3 1 2 3 2 2 2 2 3 2 1 2 1 2 2 1 4 1 1 4 1 1 2 1 1 2 4 2 2 1 2 1 1 2 2 2 2 1 2 1 1 4 4 3 3 2 1 1 3 1 3 2 1 1 1 1 1 3 1 1 1 2 1 1 2 1 1 1 1 1 1 1 1 2 4 2 3 1 2 1 2 1 1 2 1 2 1 3 1 1 1 1 1 1 1 2 2 2 1 1 1 1 1 2 3 1 2 3 3 1 2 2 1 2 2 1 1 2 1 1 3 1 1 1 2 2 1 3 1 2 2 1 1 2 3 1 2 2 1 2 3 2 1 1 1 1 1 1 1 1 1 2 1 2 2 1 1 1 1 2 1 1 1 1 3 2 4 1 1 1 2 1 2 1 2 2 1 1 4 1 4 2 3 3 1 1 2 2 2 1 2 1 2 1 2 5 1 1 1 3 2 1 1 1 2 2 2 1 3 1 3 3 1 2 1 3 2 1 1 2 1 3 2 1 1 1 1 1 1 1 1 1 2 2 2 2 2 2 3 2 2 1 2 1 1 3 1 1 1 2 2 2 2 1 1 5 1 5 2 3 1 3 1 1 1 2 1 2 1 1 1 3 3 1 2 1 5 3 2 2 5 2 2 2 2 1 1 1 2 3 2 2 1 1 1 3 1 4 1 1 1 1 1 4 1 1 1 3 1 3 2 3 4 2 1 1 2 1 1 1 4 1 1 2 1 2 1 1 2 1 2 1 3 3 3 1 1 1 2 2 4 3 2 1 3 2 1 1 2 1 1 3 6 1 1 1 2 2 1 2 3 2 1 3 2 1 3 1 2 1 1 3 2 2 1 1 1 2 1 2 2 2 1 2 1 3 1 1 1 1 2 1 2 1 2 1 3 1 2 3 1 1 2 2 1 2 1 1 3 2 1 1 2 2 2 1 5 1 5 1 1 3 3 4 1 1 2 1 4 1 2 3 1 2 3 2 5 4 2 1 3 2 4 2 2 1 2 1 1 2 2 1 2 2 2 1 1 3 1 1 1 2 1 1 1 1 2 1 1 2 1 1 3 1 1 1 1 1 1 4 1 2 3 3 1 2 1 1 1 1 2 1 1 1 1 1 3 1 2 1 2 3 1 3 2 1 2 2 1 1 2 2 1 1 1 2 1 2 1 2 1 2 1 2 3 1 1 1 3 1 1 4 2 2 2 2 1 1 1 2 5 1 2 4 1 2 3 1 1 1 2 2 1 4 2 3 1 4 1 3 1 2 2 2 2 1 1 1 2 2 1 1 2 2 5 1 1 1 1 2 2 2 1 1 1 1 3 5 5 1 2 1 1 1 1 1 1 2 2 2 1 2 3 3 1 2 1 2 1 2 2 1 1 2 1 2 1 2 1 3 1 2 1 1 1 2 2 1 1 1 4 1 3 1 1 1 1 1 2 3 1 2 3 1 2 2 3 2 1 1 1 1 1 4 1 2 1 1 2 1 3 5 1 2 4 2 1 1 1 2 1 1 
  #Test Small 17850
  #Test Medium 38349
  #Test Large 52380
