Board size [mm] 100x150

Stats side 1
  #Components with background 6
  #Components with points 92
  #Components nofly 3
  #Components notouch 4
  #Pins 20366
  #GNDs 467
  #VDDs 454
  #Clock 15
  #NoFly points 544
  #NoTouch points 708
  #Points [total] 22554

Stats side 2
  #Components with background 11
  #Components with points 47
  #Components nofly 1
  #Components notouch 1
  #Pins 14311
  #GNDs 770
  #VDDs 615
  #Clock 0
  #NoFly points 138
  #NoTouch points 170
  #Points [total] 16004

Stats board (side 1 + side 2)
  #Components with background 17
  #Components with points 139
  #Components nofly 4
  #Components notouch 5
  #Pins 34677
  #GNDs 1237
  #VDDs 1069
  #Clock 15
  #NoFly points 682
  #NoTouch points 878
  #Points [total] 38558
  #Nets 34502
    Net Size: 1237 1069 15 2 2 1 2 2 2 1 1 1 4 3 3 1 1 2 1 1 1 2 2 1 1 1 2 3 3 2 2 3 1 1 1 3 1 2 1 1 1 1 1 1 1 2 2 4 1 4 2 1 1 2 1 1 1 2 2 1 1 2 1 2 3 1 2 4 2 2 1 5 2 1 1 3 2 5 3 3 2 1 3 1 2 1 2 2 2 2 2 5 1 1 3 1 2 1 3 1 3 1 3 3 3 2 1 3 3 3 2 1 2 1 3 1 1 1 2 3 3 3 2 3 1 3 1 2 1 1 2 2 4 1 3 2 2 1 1 1 1 1 5 1 3 2 1 3 2 2 2 2 1 2 1 1 3 1 1 3 3 3 2 1 3 1 6 1 1 3 3 2 3 3 4 2 1 1 3 1 4 3 3 2 3 1 1 1 2 1 1 2 3 2 1 4 1 3 1 3 4 5 3 1 2 1 3 2 2 4 1 2 2 3 2 2 1 1 3 1 4 1 3 2 3 2 5 1 2 2 1 1 3 2 1 1 2 1 2 5 1 1 1 2 1 2 2 1 2 1 3 4 1 1 1 1 1 2 1 1 2 2 4 4 2 2 2 1 2 1 3 2 2 3 1 3 1 1 1 3 1 5 1 1 1 1 2 2 3 3 1 2 1 2 4 2 3 2 1 1 2 2 2 1 1 2 1 1 2 3 5 1 5 5 2 1 2 3 3 5 4 1 3 3 5 1 1 2 4 1 3 1 3 2 3 3 3 2 1 3 1 3 1 2 2 2 1 4 2 3 3 1 4 1 1 1 1 2 3 1 1 2 1 1 1 2 3 3 2 2 2 3 2 2 1 1 2 3 3 1 3 5 1 1 2 2 2 3 2 3 2 4 2 1 2 1 1 1 2 4 4 3 4 3 1 1 2 1 2 3 1 2 3 1 2 2 1 2 1 1 3 1 1 2 3 4 1 1 1 1 1 2 2 1 4 1 4 1 3 2 2 4 3 2 1 2 3 4 2 3 1 1 2 1 1 1 1 2 4 2 3 1 1 2 2 2 3 3 1 1 2 2 2 3 4 1 1 2 3 3 3 4 2 3 2 1 2 1 2 2 2 1 2 2 1 2 5 2 2 3 2 1 3 3 1 1 1 2 1 1 4 1 2 3 1 2 2 4 2 1 2 3 4 2 1 1 3 2 1 2 1 3 2 4 1 3 1 1 2 1 1 1 3 1 4 1 4 3 1 1 3 3 2 2 1 3 2 2 1 3 1 2 1 2 1 1 1 2 1 2 3 1 1 2 3 1 4 1 3 5 1 3 7 4 3 2 1 2 1 1 2 1 4 2 4 1 4 3 1 4 1 1 1 5 1 1 1 1 2 3 3 2 3 1 3 1 2 1 1 1 2 1 2 1 3 5 2 2 1 1 2 2 1 1 2 2 2 2 2 3 2 1 2 1 3 2 3 1 1 1 2 1 4 1 3 2 1 2 1 1 4 2 3 1 2 4 2 1 1 3 2 1 2 1 3 2 1 1 1 2 1 1 4 4 3 2 1 1 3 1 1 1 3 2 4 3 2 4 1 3 1 1 1 1 1 1 5 1 3 1 1 1 2 2 1 4 2 1 2 1 2 2 1 2 1 1 2 2 2 1 3 1 2 3 2 2 1 2 2 1 1 2 1 1 2 1 3 2 2 1 1 2 6 1 1 3 1 1 1 3 2 1 1 1 2 3 1 1 4 1 3 2 2 4 1 4 1 2 1 4 1 1 4 1 2 2 1 1 1 2 3 1 5 3 4 1 1 1 3 1 1 2 1 4 3 2 1 1 2 2 3 3 2 1 2 1 3 2 2 1 1 2 2 1 2 1 2 3 1 3 3 2 3 1 1 4 2 2 1 1 2 2 3 1 4 1 1 4 3 1 1 2 1 2 3 3 2 1 3 2 4 2 1 1 4 2 2 1 3 1 1 1 3 1 2 3 1 4 2 1 1 1 1 2 1 2 2 2 4 1 1 3 2 1 2 2 2 3 1 1 1 4 1 1 2 1 2 2 1 2 4 1 2 3 1 1 1 1 2 1 1 1 4 1 1 1 3 2 3 1 2 3 4 2 3 2 2 3 1 2 2 2 1 1 2 2 3 1 2 2 1 1 1 2 4 1 1 1 2 2 1 3 1 2 2 2 2 4 2 3 3 2 1 1 4 2 2 2 4 3 2 5 1 2 2 7 1 1 4 3 1 3 2 1 1 2 3 1 1 1 2 5 3 1 1 2 1 1 1 3 4 1 2 2 1 2 3 4 3 2 4 2 1 3 4 2 1 1 2 1 1 3 2 2 1 4 2 1 1 2 3 3 1 1 2 1 1 1 3 2 3 2 1 5 1 2 3 3 1 1 3 1 2 2 2 3 2 1 4 2 3 5 5 2 4 2 2 2 1 1 1 3 2 3 6 4 1 2 4 2 3 2 1 1 1 2 2 1 3 1 1 1 1 4 2 2 1 3 1 3 1 1 2 1 4 2 1 1 1 2 6 3 4 1 2 1 1 1 3 2 5 4 2 1 2 4 3 2 1 2 2 1 2 2 1 2 2 1 4 1 2 2 3 4 1 2 2 3 1 1 1 3 4 2 1 2 4 3 2 1 2 2 1 3 1 3 1 1 3 1 1 2 2 1 4 2 1 2 2 1 2 2 2 3 2 2 2 1 4 1 2 1 1 1 1 3 2 2 1 1 3 3 1 4 1 2 3 1 2 3 1 5 1 1 1 1 3 1 1 3 2 2 3 2 2 1 5 1 1 3 2 5 2 2 2 2 3 2 1 2 4 1 2 2 4 3 3 1 2 3 1 1 1 1 1 1 1 1 1 1 1 3 2 1 2 2 1 3 4 2 1 4 2 6 4 2 2 2 2 3 3 5 2 1 1 1 1 1 1 3 4 2 3 3 3 1 2 3 1 1 4 2 2 2 1 3 3 5 1 2 3 1 6 2 2 1 1 3 4 1 4 2 1 1 1 4 1 2 3 2 1 1 3 3 3 1 3 4 2 1 3 1 2 1 2 2 2 6 2 2 3 3 2 2 1 3 2 2 3 1 3 2 2 3 3 2 3 2 1 4 3 2 2 1 1 3 3 1 3 1 2 1 2 3 2 1 2 1 2 1 1 1 1 2 1 4 2 5 1 1 3 2 5 3 3 1 3 2 1 2 1 1 1 5 4 1 1 3 1 2 1 1 2 2 1 1 3 4 1 1 3 2 2 1 1 1 2 2 2 3 3 3 2 1 2 4 1 3 2 3 3 3 1 2 2 2 1 3 3 2 1 2 1 2 2 2 1 1 1 1 3 1 3 1 2 1 2 3 4 2 5 3 4 2 2 2 2 2 3 2 3 2 1 3 1 5 3 1 3 2 2 3 1 1 2 2 1 2 4 1 1 2 2 2 1 1 5 1 1 1 1 2 4 4 3 1 1 3 2 2 3 1 1 1 1 1 1 4 1 2 1 5 2 1 2 3 2 3 1 1 2 2 2 2 2 2 2 1 1 2 4 2 2 3 2 2 1 1 1 2 2 3 3 1 3 3 3 2 4 7 1 4 1 1 2 2 1 2 3 1 3 2 1 3 1 2 2 1 2 5 3 1 1 1 4 1 3 1 3 1 1 3 2 3 1 3 2 1 2 4 1 2 2 1 5 1 2 5 1 2 3 2 1 3 4 3 1 2 1 1 4 2 4 2 3 1 1 1 1 1 3 2 3 4 3 1 2 1 
  #Test Small 1943
  #Test Medium 5382
  #Test Large 9148
