Board size [mm] 150x100

Stats side 1
  #Components with background 10
  #Components with points 76
  #Components nofly 0
  #Components notouch 2
  #Pins 22418
  #GNDs 400
  #VDDs 271
  #Clock 2
  #NoFly points 0
  #NoTouch points 244
  #Points [total] 23335

Stats side 2
  #Components with background 8
  #Components with points 59
  #Components nofly 0
  #Components notouch 0
  #Pins 20782
  #GNDs 682
  #VDDs 566
  #Clock 5
  #NoFly points 0
  #NoTouch points 0
  #Points [total] 22035

Stats board (side 1 + side 2)
  #Components with background 18
  #Components with points 135
  #Components nofly 0
  #Components notouch 2
  #Pins 43200
  #GNDs 1082
  #VDDs 837
  #Clock 7
  #NoFly points 0
  #NoTouch points 244
  #Points [total] 45370
  #Nets 41331
    Net Size: 1082 837 7 1 3 1 1 1 1 3 2 1 1 1 1 1 1 3 1 1 4 2 1 2 1 1 1 1 1 4 1 2 2 2 1 1 4 1 2 3 3 2 2 1 2 3 3 2 4 1 3 1 1 3 3 4 1 4 2 1 1 3 2 4 1 3 2 1 2 2 1 1 2 1 1 1 2 1 1 1 1 3 2 4 1 2 1 5 1 1 2 2 3 3 2 3 1 1 1 2 1 3 1 1 1 1 2 3 2 3 1 3 1 2 2 3 4 3 2 1 4 2 3 2 1 4 1 3 1 1 4 1 3 2 1 2 1 2 2 1 1 1 1 1 2 1 2 2 1 1 2 1 1 3 1 1 1 2 1 1 4 2 2 3 2 3 1 2 2 4 4 1 1 4 1 2 1 5 1 1 1 2 2 1 6 3 1 2 2 2 3 3 2 1 2 1 2 2 4 2 1 2 2 1 3 1 2 1 3 2 1 2 2 1 1 1 2 1 1 1 2 2 1 1 2 1 3 1 2 2 2 2 2 2 1 2 3 1 1 1 2 1 2 3 2 3 2 1 1 2 1 2 2 1 1 1 3 1 1 1 1 2 5 2 2 2 2 1 4 3 3 3 4 1 3 2 1 2 4 3 2 1 2 1 2 2 3 1 1 2 1 2 2 3 1 2 1 2 2 2 2 1 1 3 1 2 1 1 1 1 4 1 1 1 3 2 1 1 2 1 1 2 2 2 1 1 1 1 1 1 1 1 1 4 2 2 1 1 1 4 2 2 4 1 1 2 1 2 1 1 2 4 2 4 2 2 3 4 3 5 4 3 1 3 2 3 1 1 2 2 2 2 3 1 1 2 2 1 1 2 2 3 2 2 1 2 2 3 1 1 2 3 3 1 1 1 1 1 2 4 2 1 1 1 1 2 1 2 1 3 5 1 1 2 2 2 4 1 2 1 2 1 2 1 1 5 3 3 4 1 1 1 1 1 1 2 1 3 1 1 2 1 3 2 1 3 2 1 1 3 3 2 2 4 4 2 2 3 2 1 3 2 2 3 2 1 1 1 1 1 3 1 2 1 5 2 1 1 1 2 1 3 3 1 6 1 3 1 6 1 1 3 2 3 1 3 4 1 1 2 1 1 1 4 1 2 2 2 1 2 1 3 2 3 4 1 2 5 1 1 1 1 1 1 1 3 1 2 3 3 1 1 1 2 4 2 1 2 2 1 1 2 1 1 1 2 1 1 7 2 1 1 2 1 3 1 1 2 2 5 1 3 3 1 1 2 1 3 2 2 1 1 2 3 1 1 2 1 3 2 2 3 1 1 1 2 2 2 4 1 1 1 2 1 1 2 2 3 1 3 6 2 5 3 2 4 2 2 3 2 2 5 1 2 2 3 1 1 3 2 1 3 1 1 1 1 3 3 3 1 1 1 2 4 2 4 1 2 1 2 3 2 2 1 1 3 3 3 5 1 4 2 2 2 1 1 6 2 1 1 2 2 5 1 1 1 6 2 3 3 2 1 5 1 1 1 2 3 2 1 2 1 1 5 1 1 2 2 1 1 1 2 1 2 5 2 3 1 2 1 1 2 3 1 1 1 4 2 2 1 1 4 2 2 2 2 2 2 1 1 3 2 1 1 2 3 1 1 5 2 4 5 2 3 4 1 3 1 2 2 2 1 1 1 1 1 1 2 3 5 2 1 1 3 2 2 2 2 2 1 1 2 2 1 2 5 2 1 2 3 1 2 2 1 3 4 1 3 1 3 1 2 1 1 1 2 2 3 4 1 2 3 2 1 2 1 1 1 1 2 2 3 2 1 1 1 1 3 1 2 2 1 1 2 1 1 4 2 3 2 2 2 1 3 1 1 1 3 4 1 2 3 3 1 4 1 3 2 1 4 1 1 2 1 1 1 2 1 2 4 2 1 2 1 2 1 3 2 1 3 1 1 1 2 3 1 2 2 2 1 1 2 1 2 2 1 2 4 2 2 2 1 3 1 2 2 2 2 4 2 2 2 1 1 2 2 2 1 4 2 1 3 5 2 3 1 1 2 3 2 2 2 1 1 2 1 1 2 1 1 4 2 4 1 1 1 2 1 2 4 1 1 2 5 3 1 3 1 1 1 3 2 1 3 4 3 2 3 4 4 4 1 1 1 2 4 2 2 4 2 1 1 1 1 2 2 1 2 1 2 3 2 2 2 1 4 1 3 1 2 2 2 1 2 1 2 2 2 3 3 1 2 2 4 1 3 1 3 3 1 2 2 1 1 1 1 1 1 1 2 1 3 1 2 2 2 1 1 3 2 1 3 1 1 1 2 1 3 1 4 1 4 3 2 2 1 3 1 2 1 2 1 2 1 3 1 2 4 2 3 2 1 1 2 5 3 2 1 1 1 6 3 2 2 2 2 2 3 3 2 2 1 3 3 1 2 3 1 2 1 4 1 1 2 2 2 2 4 3 1 1 2 1 1 1 1 1 1 4 2 1 2 2 2 2 3 1 1 1 6 1 4 2 1 3 1 3 1 2 4 1 1 1 1 1 3 1 1 4 1 2 2 1 3 1 2 2 1 3 3 2 3 1 3 3 4 3 3 2 2 3 1 3 1 2 2 2 2 2 1 1 1 2 2 2 2 2 1 2 2 1 1 1 1 4 1 2 1 4 1 1 3 1 3 1 2 1 2 1 1 1 3 1 3 2 1 3 1 1 3 2 2 3 3 1 2 2 2 4 1 2 2 1 2 1 1 1 2 2 2 2 2 2 2 2 3 1 3 1 3 1 1 4 1 3 2 1 2 3 1 2 2 2 2 2 2 2 4 1 1 3 2 1 1 2 1 2 1 4 1 2 1 1 1 3 1 1 3 1 2 1 2 3 1 2 1 2 1 1 4 4 2 1 2 1 2 2 2 1 2 2 2 1 5 2 1 3 1 1 2 2 1 3 1 1 1 1 2 1 3 1 1 1 1 2 1 4 1 1 2 1 1 2 2 2 2 1 1 3 1 1 2 2 1 2 4 1 1 1 4 1 5 1 1 3 3 3 3 1 1 1 1 1 2 2 2 2 1 2 3 1 1 2 1 3 1 1 1 1 2 2 2 3 3 2 1 2 2 1 1 2 2 3 1 2 2 1 1 4 4 1 2 3 2 1 2 1 1 3 3 3 2 2 2 2 1 2 1 1 1 2 3 3 2 1 2 3 3 2 1 1 3 3 5 1 3 2 3 1 1 2 3 1 2 1 4 2 1 1 1 1 4 4 2 2 1 1 4 2 1 2 2 3 4 1 1 2 2 1 3 1 1 1 4 2 1 1 1 2 1 4 1 1 1 2 1 1 1 4 1 3 2 3 3 4 3 2 3 2 5 3 1 1 3 1 1 1 3 2 2 2 1 1 4 1 1 2 3 2 2 1 1 1 4 4 3 1 1 3 3 2 1 1 2 1 2 1 3 1 2 1 3 3 1 1 1 1 2 2 1 3 1 1 2 2 2 1 1 1 4 1 2 1 2 2 1 4 2 2 3 3 1 3 2 2 3 1 4 2 3 2 3 3 1 2 1 2 1 1 5 1 4 1 3 3 3 1 1 1 1 2 2 2 1 4 2 1 2 1 1 1 2 2 1 1 1 1 2 3 1 2 3 2 3 1 2 2 4 2 1 1 2 1 3 3 5 3 2 1 1 3 3 1 2 1 3 1 1 1 2 3 1 1 2 2 1 1 2 1 2 3 2 2 3 1 2 1 2 4 2 2 2 1 4 2 1 1 5 1 1 3 1 1 1 2 3 4 3 2 1 1 1 2 1 2 1 3 2 2 2 3 2 2 2 2 3 1 1 3 1 1 1 2 3 3 3 1 1 1 1 2 1 1 2 3 1 1 4 2 1 2 1 1 1 2 1 2 1 3 3 1 1 1 2 1 3 1 3 2 3 1 5 1 2 3 2 4 1 3 1 1 3 1 4 1 2 1 4 1 1 3 1 2 2 3 1 7 1 1 2 2 2 2 1 2 3 4 1 1 2 2 1 1 1 3 1 3 2 1 5 1 3 3 1 1 1 1 1 2 2 3 2 1 2 2 2 1 1 1 1 1 3 2 2 3 3 1 2 1 3 2 2 1 4 2 2 2 3 2 2 4 1 2 1 1 3 4 3 5 1 3 1 1 2 3 3 2 2 2 1 1 2 1 1 1 2 2 3 1 1 2 2 1 2 1 2 1 2 3 1 1 2 1 1 1 3 4 1 1 3 1 2 3 1 1 3 1 1 1 2 1 2 1 2 2 4 3 2 1 1 2 3 1 2 2 1 1 1 1 2 4 1 2 2 1 2 2 2 1 3 2 1 1 3 4 3 3 1 5 3 3 2 2 2 1 1 2 1 3 1 3 1 5 2 3 2 1 1 1 4 3 3 1 3 2 3 4 1 1 3 1 2 2 6 4 3 3 2 2 3 2 4 1 1 2 3 3 1 1 1 2 2 2 2 2 1 1 2 1 2 3 1 1 1 2 3 1 2 2 3 1 1 3 3 2 1 3 1 1 3 4 2 3 2 3 3 1 1 3 1 1 2 2 1 4 1 2 5 2 1 3 2 2 4 2 1 4 1 2 2 1 1 3 2 2 1 2 1 1 1 2 3 2 2 1 2 3 1 2 1 3 1 1 3 1 3 2 1 1 3 3 2 2 3 3 1 1 2 5 1 1 4 1 1 3 1 2 1 3 1 1 2 2 2 1 1 1 2 2 3 1 1 2 3 2 1 2 1 3 2 1 3 3 3 3 1 1 1 1 1 1 2 1 2 1 4 3 1 1 2 1 1 1 2 1 1 1 5 2 2 3 1 1 2 1 1 2 2 1 1 2 5 4 2 2 3 1 1 1 1 3 1 3 3 2 2 1 3 1 2 4 2 3 1 2 1 3 1 1 2 1 1 1 2 1 1 2 1 5 4 2 1 2 1 2 1 1 1 4 2 1 2 1 4 3 1 1 2 1 3 2 1 5 2 3 3 5 2 1 1 2 1 2 4 2 1 1 1 1 1 3 2 5 5 1 1 2 2 3 3 2 1 2 1 2 1 1 2 1 3 1 4 3 
  #Test Small 3442
  #Test Medium 7662
  #Test Large 9273
