Board size [mm] 75x225

Stats side 1
  #Components with background 14
  #Components with points 111
  #Components nofly 1
  #Components notouch 3
  #Pins 20600
  #GNDs 677
  #VDDs 515
  #Clock 20
  #NoFly points 138
  #NoTouch points 524
  #Points [total] 22474

Stats side 2
  #Components with background 33
  #Components with points 111
  #Components nofly 5
  #Components notouch 3
  #Pins 20158
  #GNDs 377
  #VDDs 200
  #Clock 12
  #NoFly points 802
  #NoTouch points 524
  #Points [total] 22073

Stats board (side 1 + side 2)
  #Components with background 47
  #Components with points 222
  #Components nofly 6
  #Components notouch 6
  #Pins 40758
  #GNDs 1054
  #VDDs 715
  #Clock 32
  #NoFly points 940
  #NoTouch points 1048
  #Points [total] 44547
  #Nets 2468
    Net Size: 1054 715 32 3 1 1 2 3 1 2 2 1 3 1 1 1 1 1 1 1 1 1 2 1 1 2 1 1 1 1 1 2 1 2 2 2 4 1 3 1 2 3 3 2 4 1 2 1 2 1 2 3 1 3 1 3 2 2 1 2 1 2 3 1 2 1 1 2 1 2 1 1 1 3 1 1 1 2 1 1 2 1 1 1 1 2 1 1 1 1 3 2 1 2 1 4 1 2 1 1 4 3 1 1 1 3 1 1 2 2 1 2 1 2 1 1 1 1 3 1 1 2 1 3 1 1 2 3 1 1 1 1 4 1 1 3 1 2 1 1 1 3 2 3 2 3 1 2 3 1 1 1 1 1 1 1 1 3 2 1 1 1 1 2 2 2 1 1 3 3 4 1 2 4 3 4 2 3 1 2 2 2 1 2 5 3 1 4 3 1 3 2 2 1 1 3 1 1 2 1 1 1 1 1 1 1 1 1 2 2 1 1 1 3 1 1 2 1 1 3 2 2 1 3 2 1 1 1 1 1 1 3 1 2 2 2 2 1 3 1 4 1 2 3 3 1 2 1 1 1 1 3 3 1 1 1 1 3 3 1 1 2 1 1 1 1 3 2 3 2 1 1 1 1 1 2 2 2 1 3 1 1 3 1 1 3 1 1 2 2 1 3 1 1 1 3 1 1 2 2 1 1 1 1 1 3 3 1 2 2 1 1 1 1 1 2 1 5 3 2 3 2 1 1 1 1 1 2 2 1 2 2 1 2 1 1 1 2 1 2 1 1 3 3 2 1 1 1 3 1 1 1 2 2 2 3 1 2 1 1 2 1 2 2 1 1 1 1 3 2 1 1 1 1 1 2 1 2 1 2 1 2 2 1 1 1 1 2 3 1 1 1 1 1 2 2 2 3 2 1 1 2 1 1 1 1 3 1 3 2 1 1 1 2 1 2 2 1 1 1 1 1 4 1 2 1 3 1 1 2 2 1 1 1 3 2 3 2 2 1 1 2 1 2 1 2 2 3 2 1 2 3 1 1 2 1 1 1 1 4 1 4 1 1 2 2 3 1 1 1 1 1 2 3 1 1 1 2 2 1 1 1 3 1 2 5 2 2 1 2 3 2 3 2 2 1 1 1 1 1 3 1 1 1 2 3 2 3 1 1 2 2 2 1 3 4 1 1 2 2 1 2 2 2 1 1 1 1 2 1 1 1 1 2 1 2 2 2 1 1 3 3 4 2 1 1 1 1 1 1 2 2 1 1 1 1 1 1 1 2 1 2 3 4 1 2 2 2 1 3 1 3 1 1 1 1 4 1 1 1 1 1 2 2 2 3 5 1 1 1 2 1 1 2 1 3 3 1 3 4 1 1 1 2 2 2 3 3 2 1 2 3 2 1 1 1 2 2 1 1 1 1 2 1 1 2 1 2 1 1 2 1 1 1 1 1 3 4 2 1 2 1 1 1 1 1 2 1 1 1 3 2 2 1 1 1 4 1 1 1 1 1 3 2 1 4 1 2 1 4 2 1 1 1 2 3 2 1 1 1 3 1 3 4 2 2 1 2 1 2 1 3 1 2 3 2 4 1 1 3 1 1 1 2 1 2 1 3 1 1 1 2 3 2 2 1 1 2 1 1 1 1 1 2 1 1 2 3 1 1 1 1 1 2 2 1 1 1 1 2 1 3 1 2 1 2 2 1 2 1 1 2 2 2 3 1 2 4 3 1 1 1 2 1 1 1 3 3 1 1 3 1 4 2 2 1 2 4 1 1 2 1 1 1 1 1 1 1 1 3 1 3 2 1 3 1 1 1 2 1 3 3 1 2 2 2 3 1 1 3 1 1 3 2 2 3 1 1 1 3 1 1 1 1 1 1 3 1 1 1 2 1 1 1 2 3 4 1 3 2 1 1 1 3 1 1 4 1 3 3 4 1 1 1 2 2 1 1 1 2 1 1 1 4 1 1 1 1 4 3 1 2 1 3 2 2 2 2 3 1 4 1 1 3 1 1 1 1 1 1 1 3 1 4 3 1 1 2 2 4 1 1 2 3 4 2 2 2 1 1 1 2 1 3 3 2 4 4 1 2 2 1 2 2 1 3 1 2 1 1 3 3 1 1 2 1 1 1 2 2 2 1 1 2 1 2 2 3 2 1 2 1 1 1 1 1 2 3 2 2 1 2 1 1 1 1 1 2 2 1 1 4 1 2 1 2 2 1 1 1 1 3 2 1 1 3 1 1 2 1 1 1 1 2 1 3 1 1 2 1 1 1 1 3 1 2 1 3 1 1 2 2 1 4 1 1 1 2 4 2 2 1 1 1 1 1 2 3 1 3 2 1 1 1 1 1 1 1 2 1 1 1 2 1 2 4 1 1 1 1 1 2 2 3 1 3 1 2 2 2 2 1 2 1 2 1 2 1 1 1 2 1 2 2 2 1 1 2 1 1 2 3 1 2 2 2 2 2 1 2 1 1 1 1 2 1 1 1 1 1 1 1 1 1 3 1 1 1 1 2 1 2 2 1 1 1 2 1 2 3 3 1 1 2 3 2 1 2 2 1 1 2 1 2 2 1 1 1 2 2 1 2 1 2 3 1 1 1 2 1 1 1 2 1 1 2 1 5 1 1 3 1 2 2 1 3 2 1 1 1 2 1 1 1 1 3 2 1 1 1 1 2 1 3 1 1 1 2 3 3 2 1 1 3 2 2 2 3 1 1 1 1 1 1 2 3 5 2 1 1 1 1 5 2 2 5 1 1 1 1 2 1 1 3 1 2 1 2 1 3 1 2 1 1 1 2 3 1 1 1 1 1 2 2 2 1 1 1 3 1 1 1 1 1 2 1 2 1 2 1 2 2 1 2 2 1 2 2 1 2 2 2 2 2 1 3 1 2 2 1 1 2 1 1 1 2 1 2 1 2 2 1 2 1 2 1 1 3 1 1 1 1 1 3 1 1 1 2 2 3 2 3 1 1 1 1 1 1 1 2 1 2 2 2 1 1 1 3 1 3 2 1 2 2 2 1 1 2 3 1 1 2 1 2 2 2 1 1 2 1 2 1 1 3 2 1 1 1 1 2 3 3 2 2 3 1 4 1 1 1 2 3 1 1 3 3 1 3 1 2 3 2 1 1 2 2 1 2 3 2 3 3 2 1 2 1 1 2 2 3 1 2 2 1 2 2 1 1 2 1 1 4 2 1 1 1 3 1 3 1 2 2 2 2 3 1 1 3 1 1 1 2 1 2 2 1 1 1 1 1 2 1 1 1 1 2 3 1 1 1 1 1 1 1 1 2 2 1 2 1 2 3 2 1 1 1 1 2 1 1 1 1 1 2 2 4 2 1 1 2 2 1 1 5 1 2 1 1 1 1 4 2 2 4 1 1 3 1 1 1 2 1 1 1 1 1 1 1 2 1 2 1 1 1 3 1 1 1 2 1 1 4 1 1 1 2 4 2 2 3 3 1 1 1 1 1 2 1 1 1 2 1 2 1 1 2 7 2 2 1 1 1 1 2 2 1 2 3 3 1 1 3 2 1 1 1 1 1 3 1 1 1 1 1 1 1 1 1 1 1 1 2 3 1 2 1 1 1 1 1 1 1 2 2 5 3 2 2 1 2 1 2 3 1 2 1 2 1 1 1 1 1 1 1 1 1 1 3 2 1 5 1 2 1 1 1 3 2 1 1 2 1 2 1 2 2 1 1 1 1 2 3 1 1 1 1 1 1 1 1 2 2 1 2 2 2 1 2 2 1 2 2 1 2 1 1 3 1 1 2 1 1 2 1 3 1 1 1 1 2 3 1 2 4 1 1 1 2 4 2 2 2 2 2 1 1 2 2 1 2 2 1 1 1 2 1 1 1 1 1 1 2 4 2 1 1 3 3 3 1 2 2 1 1 1 3 3 1 1 1 3 1 2 2 3 1 2 1 2 1 1 2 1 1 2 1 2 2 2 1 1 2 3 2 1 1 1 1 2 2 1 1 4 1 2 2 1 2 1 3 1 2 1 1 1 1 2 1 1 1 1 1 1 1 4 1 1 2 1 2 2 1 1 1 1 1 5 2 1 1 1 3 2 1 1 1 2 2 1 2 3 1 1 2 1 3 2 3 2 1 2 1 3 1 1 4 2 3 1 1 2 4 1 2 2 1 1 2 2 1 1 2 1 3 2 2 1 1 2 1 2 1 4 3 3 1 2 3 1 1 1 1 1 1 1 1 3 3 2 1 2 1 1 1 2 1 3 2 2 4 1 2 1 1 2 1 1 1 1 1 1 1 3 1 1 3 4 1 2 1 1 2 1 2 4 2 1 2 3 1 1 1 1 2 2 3 1 2 2 1 1 1 1 2 1 2 2 1 1 1 1 1 4 1 2 1 4 2 1 1 2 2 2 1 1 2 1 1 1 2 1 1 1 1 1 3 1 1 1 1 1 1 2 2 1 3 1 2 2 2 1 2 1 2 2 1 1 1 1 1 1 1 2 2 1 1 3 1 1 3 3 1 1 1 1 2 3 1 2 3 1 1 1 2 3 1 2 1 1 2 1 2 1 3 2 1 3 3 2 2 1 1 1 2 1 2 3 1 1 2 1 1 1 2 1 2 2 3 1 1 3 3 2 3 2 1 3 1 1 3 1 2 1 2 1 1 2 1 1 3 1 1 1 3 1 1 3 3 2 1 1 3 2 3 2 1 3 1 1 2 1 3 1 1 1 3 2 1 1 1 1 1 1 1 1 4 1 1 2 2 1 1 2 1 1 2 1 1 1 2 1 1 2 1 2 1 1 1 2 1 1 3 3 1 2 1 2 3 4 1 2 1 3 2 1 2 1 1 2 1 1 2 1 1 2 1 3 2 1 3 4 1 2 1 3 1 1 2 1 3 4 1 2 2 1 1 2 3 1 1 3 2 1 1 2 2 2 2 1 1 1 2 2 1 1 2 4 1 1 2 2 3 2 1 3 2 1 1 2 1 1 1 2 1 1 1 1 1 1 1 1 3 1 1 2 2 2 1 3 1 1 1 1 1 1 1 1 2 1 1 1 1 1 1 1 2 1 3 1 1 1 1 1 1 1 1 1 1 2 2 2 1 1 2 2 3 1 5 1 2 2 1 1 2 2 2 2 3 1 1 1 1 1 1 2 1 1 1 2 1 3 1 1 4 1 2 3 2 1 1 1 1 2 1 2 2 1 2 1 1 3 1 1 2 4 1 3 2 1 1 2 1 2 1 1 1 2 1 2 2 1 1 1 1 1 2 1 1 2 1 1 2 2 2 1 1 2 1 1 1 3 2 1 2 4 1 5 1 1 1 1 1 1 2 1 1 3 1 1 3 1 2 4 1 1 1 2 1 1 3 1 1 3 2 2 2 2 3 1 1 1 5 4 3 1 3 3 1 1 2 1 1 1 1 2 3 1 1 2 1 1 1 2 1 1 3 1 1 3 2 1 1 2 3 2 1 1 2 2 1 1 3 1 1 3 2 1 2 2 1 1 1 3 1 2 1 1 1 2 1 1 1 1 1 1 1 2 1 1 1 1 1 1 1 1 1 1 2 2 3 1 1 2 4 1 2 1 1 
  #Test Small 2936
  #Test Medium 6109
  #Test Large 9201
