Board size [mm] 300x400

Stats side 1
  #Components with background 69
  #Components with points 598
  #Components nofly 6
  #Components notouch 6
  #Pins 161977
  #GNDs 4855
  #VDDs 4092
  #Clock 61
  #NoFly points 940
  #NoTouch points 1048
  #Points [total] 172973

Stats side 2
  #Components with background 53
  #Components with points 611
  #Components nofly 0
  #Components notouch 0
  #Pins 171240
  #GNDs 5688
  #VDDs 4755
  #Clock 62
  #NoFly points 0
  #NoTouch points 0
  #Points [total] 181745

Stats board (side 1 + side 2)
  #Components with background 122
  #Components with points 1209
  #Components nofly 6
  #Components notouch 6
  #Pins 333217
  #GNDs 10543
  #VDDs 8847
  #Clock 123
  #NoFly points 940
  #NoTouch points 1048
  #Points [total] 354718
  #Nets 322366
    Net Size: 10543 8847 123 3 1 3 3 2 1 1 2 2 1 1 1 1 1 1 2 1 3 1 3 2 3 4 1 1 2 1 1 2 1 2 1 1 2 2 3 1 3 1 4 3 1 1 1 2 1 2 2 1 2 1 1 1 2 2 1 3 1 2 1 2 2 1 2 1 4 1 2 2 1 1 2 1 2 1 5 1 1 1 1 1 1 1 3 2 3 2 2 1 2 1 1 1 3 2 1 1 1 1 1 2 1 1 1 3 2 1 4 1 1 1 1 2 2 2 1 1 1 1 1 1 1 3 1 1 1 1 3 1 1 1 6 2 1 1 1 1 1 2 1 2 3 1 2 1 1 1 1 1 2 1 2 2 2 1 1 4 2 1 2 1 1 1 1 2 2 2 1 3 1 1 2 1 1 6 2 2 2 1 2 1 1 1 2 2 2 1 1 2 1 1 1 1 2 2 1 3 1 1 2 2 2 1 1 1 1 4 2 1 1 3 1 1 1 1 1 1 1 2 2 1 2 3 1 3 2 2 1 2 1 3 1 1 4 1 1 3 2 3 1 1 1 1 4 2 4 1 3 1 2 3 1 1 2 1 1 2 1 1 1 1 1 2 2 2 1 2 2 2 1 2 1 1 1 2 4 1 2 2 1 1 1 2 2 2 1 1 2 5 2 2 1 2 1 1 1 2 1 1 1 2 2 1 2 1 1 4 1 3 1 3 3 2 1 2 2 1 1 1 1 1 1 1 1 4 2 1 1 1 1 1 1 1 1 4 1 2 1 2 3 1 2 2 2 2 2 2 1 3 1 2 1 1 1 1 2 1 1 1 2 1 1 1 1 2 1 1 3 1 4 2 2 1 2 1 1 2 1 1 1 1 2 1 2 2 1 2 2 1 2 1 2 1 1 1 1 2 2 1 1 1 7 1 1 3 2 2 1 1 1 3 2 3 1 1 1 1 2 1 1 2 1 1 4 2 1 1 1 1 3 1 3 3 1 1 1 2 1 2 1 1 2 1 3 4 2 1 1 1 1 1 2 1 1 3 1 3 1 1 2 1 2 3 1 1 1 1 1 1 2 2 3 2 1 1 1 1 1 1 2 4 2 1 2 1 1 1 1 1 3 2 2 4 1 1 2 1 2 1 2 1 1 3 3 1 1 2 3 1 3 4 4 2 3 1 2 2 3 1 1 1 1 1 1 1 1 1 1 1 3 3 1 1 2 1 1 1 2 3 1 2 1 1 2 1 2 1 3 1 1 1 1 1 1 2 3 2 2 1 1 2 2 1 1 1 1 3 1 1 2 1 1 1 2 1 3 1 3 1 1 2 1 2 1 1 3 1 1 1 1 2 2 3 4 1 1 2 3 1 4 1 1 1 1 2 2 2 1 1 1 2 3 1 2 1 2 1 4 2 2 1 2 4 1 1 2 1 2 1 2 1 1 1 1 3 1 1 1 1 1 1 4 2 1 1 3 1 3 2 2 2 1 1 2 1 1 2 2 1 1 1 2 2 1 1 2 4 3 4 1 1 2 3 2 1 2 1 1 4 2 1 2 3 1 2 1 1 1 2 1 1 1 2 2 2 1 2 2 1 2 1 2 1 4 2 5 1 5 1 2 1 1 2 1 2 3 1 2 1 1 1 2 2 2 1 1 1 2 1 1 2 1 1 1 1 1 1 2 1 2 1 6 2 3 1 1 1 1 1 1 1 1 1 1 2 1 1 3 1 1 2 3 1 1 1 2 1 1 2 3 3 1 1 1 2 1 1 2 2 4 2 1 1 1 1 2 1 2 1 2 1 1 2 2 1 1 1 1 2 1 1 2 2 2 1 1 3 3 1 2 2 2 2 3 1 1 4 2 1 2 1 1 1 1 1 2 1 1 2 1 2 1 1 4 1 2 2 4 1 3 1 1 1 1 1 3 1 1 1 7 1 1 3 4 1 1 1 1 1 2 1 3 1 1 1 3 1 5 3 2 1 3 1 1 2 1 1 1 1 2 2 1 1 2 3 3 2 1 3 1 3 2 2 3 3 1 2 1 3 1 2 1 3 1 2 3 1 5 1 1 3 2 1 1 2 1 1 2 1 1 1 1 3 2 2 1 1 1 1 1 2 1 1 1 1 1 1 3 2 3 1 1 3 1 1 2 2 2 1 1 1 1 1 1 1 3 1 1 1 2 1 1 2 1 1 3 1 1 1 1 1 1 3 1 2 1 1 2 1 2 1 1 1 1 2 1 1 2 1 2 1 1 1 2 1 4 3 1 1 1 1 1 1 1 1 3 2 3 3 2 3 2 1 1 1 1 2 2 2 1 1 1 1 1 1 1 1 1 2 1 2 2 3 1 1 1 1 2 2 1 1 1 1 1 3 1 1 2 1 1 1 2 4 1 1 4 2 1 1 1 1 1 1 1 1 2 2 1 1 1 3 1 1 1 2 1 2 1 2 2 1 2 3 1 5 1 2 1 3 1 2 2 3 3 1 2 1 3 1 1 1 1 1 1 2 3 1 1 1 1 2 1 1 1 1 3 1 2 1 1 1 1 1 1 2 2 1 1 3 1 1 1 1 2 1 2 2 1 1 1 4 1 2 1 2 1 2 1 1 2 3 3 1 2 2 1 1 1 4 1 1 4 1 2 2 1 1 2 1 1 1 2 1 1 3 1 2 1 2 1 1 1 1 1 1 1 1 1 1 3 1 2 1 1 1 1 1 2 1 1 3 1 1 1 3 3 1 1 1 2 2 1 2 4 1 2 2 1 1 1 1 2 2 2 3 1 1 1 1 2 1 2 1 5 2 5 1 1 1 1 1 1 1 1 2 2 3 5 1 2 1 2 2 1 1 1 1 1 2 2 3 1 4 1 2 1 1 1 2 1 2 1 2 1 2 2 2 1 1 2 3 1 1 2 2 2 3 1 2 1 2 2 1 2 2 1 2 2 1 1 1 1 2 1 1 2 1 2 2 2 2 2 1 1 1 1 1 2 2 1 2 1 1 4 1 4 2 1 3 2 2 2 1 2 1 1 3 2 2 4 2 1 3 2 2 1 4 1 2 3 1 1 1 1 3 1 3 3 1 3 1 1 1 3 2 1 1 1 1 2 1 1 1 3 1 2 1 2 1 3 1 1 1 2 2 1 1 1 1 1 1 1 1 2 1 1 1 2 1 1 4 2 1 3 2 2 1 1 1 1 1 2 2 2 1 2 1 2 2 1 1 1 1 1 2 1 1 1 1 2 1 3 2 1 1 2 1 2 1 2 1 3 1 2 1 3 2 1 1 1 2 3 2 3 1 1 1 1 1 2 1 2 2 1 1 1 1 2 3 2 1 4 1 1 2 1 1 1 1 2 1 3 1 1 5 2 1 2 4 3 2 1 2 1 3 4 1 2 1 2 1 1 2 1 1 1 1 1 2 1 1 2 3 1 2 1 2 2 1 1 1 1 1 1 4 1 3 1 1 1 3 1 1 1 2 1 3 1 2 1 1 6 1 1 1 1 3 1 2 1 1 2 1 1 2 1 2 1 3 1 1 1 1 2 2 2 1 1 2 1 1 1 2 2 2 2 2 2 2 1 3 1 2 1 1 1 3 2 1 3 1 2 1 2 2 1 1 1 1 3 1 1 1 1 1 1 3 1 2 2 2 2 2 1 1 1 2 1 3 1 2 2 1 1 2 1 1 1 1 2 1 2 1 1 1 2 2 2 2 2 1 1 1 5 1 1 1 1 1 3 1 1 3 3 1 1 1 1 2 2 3 1 2 2 2 2 1 2 1 3 1 4 1 2 2 3 1 1 2 2 1 2 1 1 7 3 2 2 1 2 1 3 1 1 1 1 1 1 2 3 2 3 1 1 1 2 2 1 1 2 2 1 1 1 1 1 2 1 1 2 1 3 2 3 1 1 1 3 1 1 1 2 1 1 1 1 3 2 1 1 1 2 2 2 1 1 1 1 2 2 2 1 1 1 2 1 1 1 4 1 1 1 1 1 3 1 1 1 1 1 2 1 1 1 2 1 1 1 2 4 3 2 1 1 2 2 3 1 2 2 1 3 1 1 3 1 2 2 1 1 1 3 1 1 1 1 2 2 1 2 4 3 1 1 1 1 1 1 1 1 3 2 1 1 1 1 1 3 1 1 2 1 1 1 1 2 1 2 1 3 1 1 1 1 1 1 1 1 1 1 2 2 1 1 1 2 1 1 2 1 2 2 2 1 2 1 1 1 1 1 1 4 2 1 1 2 2 2 1 2 1 1 1 1 2 1 1 2 4 2 2 1 1 1 3 3 2 1 2 1 1 1 2 2 1 1 4 1 1 1 1 5 2 1 1 3 4 1 1 2 2 1 1 2 1 2 1 2 2 1 2 1 1 2 1 1 4 1 2 2 1 2 1 2 3 2 1 1 3 1 2 3 2 1 1 1 2 1 1 1 1 2 1 1 2 2 2 3 1 1 2 1 2 2 1 1 2 2 2 1 1 2 2 1 1 1 2 1 1 1 1 1 2 1 1 5 1 3 1 2 1 2 2 1 1 1 2 2 1 1 3 1 2 1 2 1 1 3 1 1 1 1 2 1 1 3 1 1 1 1 1 2 1 1 1 3 1 1 1 3 1 1 2 2 1 2 1 1 3 1 1 2 1 1 1 1 1 1 1 1 3 1 2 1 1 1 1 1 1 1 1 1 2 4 2 2 1 2 4 1 1 1 1 1 1 2 2 2 1 2 2 2 1 1 2 2 1 1 1 1 3 2 1 1 1 2 1 2 1 2 1 2 1 2 1 1 1 2 3 1 3 2 1 3 3 2 1 2 2 1 2 1 1 2 1 1 1 1 1 2 1 2 1 2 2 1 1 1 1 1 1 1 1 1 3 1 1 1 2 2 1 1 1 2 1 1 1 1 1 2 1 2 2 1 1 1 6 1 2 2 1 1 1 2 1 2 1 1 1 1 2 1 1 1 2 1 2 1 1 1 1 1 1 1 2 1 1 1 2 3 1 1 1 1 1 2 2 1 1 1 2 1 1 5 1 1 1 1 1 1 1 1 2 4 1 3 1 2 1 2 1 1 1 3 2 1 4 1 1 1 1 1 1 3 5 2 2 2 1 1 1 1 1 1 1 3 1 1 2 2 1 1 3 3 1 2 1 3 1 3 1 1 1 1 2 1 1 3 1 2 1 1 4 1 1 1 1 1 1 2 3 2 1 1 1 3 1 1 1 1 1 1 3 1 2 1 2 3 3 2 2 2 1 2 1 1 2 1 2 1 1 1 1 1 2 2 1 1 1 1 1 1 2 4 2 2 1 1 1 1 1 2 2 2 1 4 1 1 1 2 1 1 2 2 2 3 1 3 1 1 4 2 1 1 1 1 3 3 1 1 1 3 1 2 4 1 2 1 2 1 2 1 2 1 3 2 3 2 1 2 1 1 1 1 1 1 3 1 1 1 1 1 1 2 1 3 3 1 1 2 1 1 1 1 1 1 1 1 1 3 4 3 1 2 1 1 3 2 2 3 1 1 3 1 1 1 1 2 2 2 1 1 2 3 1 2 1 2 1 2 2 2 1 1 1 1 1 2 3 2 2 1 1 2 5 3 3 1 1 1 1 2 1 3 3 5 1 3 3 1 4 1 2 2 2 3 3 1 1 1 3 1 1 1 2 1 1 1 2 3 2 2 2 2 1 1 1 1 1 1 2 2 1 2 2 1 1 1 1 1 3 2 2 1 3 2 1 1 2 1 2 1 1 2 1 1 2 1 1 1 2 3 1 2 4 2 2 1 1 4 1 2 1 1 2 1 1 2 4 3 1 2 2 2 1 2 1 1 2 1 1 2 1 4 2 1 1 1 1 2 1 2 2 2 1 1 1 2 1 1 2 1 2 1 1 2 1 1 2 3 1 1 1 1 1 1 1 1 2 4 1 2 2 2 1 2 1 2 1 1 1 1 1 1 1 5 2 3 1 4 1 2 1 1 1 2 2 2 1 3 1 1 2 1 1 1 1 1 1 1 1 1 2 2 1 2 1 2 2 1 1 1 3 2 1 2 2 2 5 2 1 4 2 1 2 1 1 2 2 2 1 2 2 1 4 1 2 1 1 3 3 1 2 2 2 1 3 1 1 1 1 1 1 2 3 2 2 1 1 1 2 1 1 1 1 1 1 1 2 1 1 1 1 2 2 1 3 3 5 2 1 2 3 1 1 1 1 2 3 1 1 1 2 2 2 2 2 1 2 1 2 1 1 1 1 1 1 1 2 3 1 1 1 1 2 2 2 4 1 1 1 2 3 1 4 4 1 2 1 2 1 2 1 1 1 1 2 1 1 1 2 3 1 1 1 1 1 1 1 2 1 1 2 2 1 1 1 1 2 2 1 2 1 3 1 2 2 1 1 1 3 1 1 1 2 1 1 1 1 1 2 1 3 1 2 3 1 2 1 1 2 1 2 2 2 1 1 1 2 1 2 3 2 1 1 3 1 2 1 2 1 2 1 1 1 1 2 1 1 2 1 1 1 1 3 4 2 1 2 1 1 2 2 1 1 1 2 1 4 1 2 3 1 2 1 1 1 1 1 1 1 2 1 1 1 1 3 2 1 1 2 1 1 3 2 1 2 2 2 1 2 1 2 1 3 1 2 2 1 1 2 1 1 1 1 1 1 5 2 1 2 1 1 2 2 1 1 2 2 1 1 1 2 1 2 2 1 1 1 2 1 2 2 1 2 2 1 1 2 2 1 2 2 2 1 2 1 2 2 2 2 1 1 1 1 3 3 1 1 3 1 2 1 1 1 1 3 1 2 1 1 2 1 1 1 3 2 3 2 1 1 1 2 2 4 1 1 2 1 1 2 1 1 3 2 1 1 2 2 2 4 1 2 2 3 1 1 1 2 1 1 2 3 2 2 2 1 1 1 2 2 1 1 3 1 1 2 4 2 2 1 1 1 2 2 1 2 2 1 2 1 1 1 1 1 3 3 1 2 1 1 4 2 1 2 2 3 2 1 1 3 1 1 2 1 1 5 3 1 1 1 2 2 1 3 1 1 2 2 1 1 3 1 4 1 4 1 2 1 2 1 2 4 2 1 1 3 1 1 2 1 1 3 1 1 2 3 3 4 1 1 1 1 2 2 1 1 3 3 2 2 2 1 1 1 2 1 1 1 1 3 5 2 2 1 2 3 1 1 2 2 1 2 1 1 1 1 1 2 1 3 1 3 1 1 2 1 3 2 1 1 3 1 2 1 3 1 1 3 1 2 3 1 1 1 1 1 1 2 2 1 3 1 1 1 4 1 2 2 2 3 1 2 1 1 2 1 1 3 2 1 1 2 2 2 2 1 1 1 1 2 4 3 2 1 1 1 1 2 2 2 3 1 1 1 2 2 1 3 1 1 1 1 2 3 1 1 1 2 1 1 1 1 1 2 1 2 1 2 1 2 2 1 2 4 1 1 3 3 3 1 1 3 1 2 1 1 3 1 2 1 1 1 1 1 1 1 4 1 2 1 2 1 2 1 3 3 1 1 1 1 1 2 2 1 1 2 2 1 4 2 2 1 3 2 1 1 1 3 2 2 3 2 1 2 1 1 1 2 1 1 1 1 1 2 1 2 3 2 1 2 1 1 2 2 1 1 2 2 1 1 3 1 1 2 1 5 1 1 1 1 1 1 1 3 2 1 1 2 3 1 1 3 1 1 1 1 3 2 1 3 2 2 2 1 3 1 2 1 1 5 1 2 3 2 1 2 1 2 4 1 1 1 1 4 1 1 2 2 1 2 1 1 1 1 2 1 2 2 2 1 1 2 3 2 1 3 2 1 1 2 3 1 1 3 4 1 3 2 1 2 2 2 1 2 1 1 1 3 1 1 3 2 1 1 1 2 3 2 1 2 1 1 2 3 2 3 1 1 1 1 1 3 2 1 1 2 2 2 1 1 1 1 1 1 1 1 2 1 3 1 1 3 1 1 2 1 2 2 1 2 1 1 1 1 1 2 2 1 3 2 1 1 1 1 2 1 2 1 2 2 1 2 1 2 2 1 1 1 2 1 1 1 3 1 2 1 1 3 2 2 4 1 4 1 3 3 2 1 1 1 1 1 1 2 1 1 1 1 1 1 1 3 2 2 1 1 1 1 1 1 2 1 2 4 2 2 1 1 2 1 2 2 1 1 1 2 1 1 1 1 1 1 1 2 1 1 2 2 1 1 2 1 2 1 2 1 2 1 1 1 2 1 1 1 2 2 2 2 2 1 1 3 1 1 1 1 2 2 1 1 3 3 1 1 1 1 1 1 1 3 1 1 1 1 3 1 1 2 1 1 2 5 1 1 2 1 1 1 1 1 1 1 1 1 2 2 1 4 1 2 2 1 2 1 1 1 1 1 3 2 1 1 2 3 3 1 1 2 1 2 1 2 3 2 1 1 1 1 3 1 1 2 2 1 1 1 1 3 1 1 1 1 1 1 1 1 2 1 1 2 1 1 1 1 1 1 1 1 1 1 2 2 1 1 1 1 2 1 1 1 3 1 1 4 3 3 2 3 1 2 1 2 1 1 1 2 2 3 2 2 1 3 1 1 1 3 1 1 3 1 1 3 2 3 1 4 1 2 1 1 1 1 4 2 1 2 1 2 2 3 1 2 1 3 1 2 1 3 1 3 1 2 1 1 1 1 2 2 1 1 1 2 1 1 1 1 3 2 3 1 3 1 1 2 2 2 3 1 1 2 3 1 2 1 2 1 1 1 3 1 2 2 2 1 1 1 1 2 1 1 1 2 2 4 1 1 1 1 1 1 1 2 2 1 2 1 1 1 1 2 1 2 2 1 1 1 2 2 2 2 3 1 2 2 3 2 2 1 2 1 1 1 2 3 1 2 3 4 1 1 3 3 1 1 2 1 2 1 2 1 2 2 1 2 1 1 2 1 1 2 1 1 2 1 1 2 3 2 1 2 1 2 1 2 1 1 2 4 1 2 1 1 1 1 2 1 1 1 2 1 1 1 2 1 1 2 1 2 2 3 1 1 1 1 2 1 2 1 2 1 1 4 1 1 3 2 2 3 2 1 2 1 1 2 2 1 1 1 2 1 4 1 1 3 1 2 2 1 2 2 2 1 4 1 3 1 2 1 2 3 1 2 1 2 3 1 1 1 3 1 2 2 2 1 1 1 3 2 2 2 1 2 1 2 1 1 1 2 2 1 1 1 1 1 1 1 1 2 1 3 3 2 1 2 2 1 1 2 1 2 3 1 3 2 3 1 1 1 2 1 1 2 1 4 2 2 3 1 1 1 1 2 1 1 1 2 1 1 3 1 1 2 2 1 1 2 1 2 1 1 1 1 1 2 1 1 3 1 1 3 4 4 1 4 1 1 1 1 1 1 1 1 1 1 2 1 1 1 1 3 3 1 6 1 2 2 1 1 2 1 1 1 1 1 1 1 1 1 2 2 1 1 5 4 2 2 2 1 1 1 1 3 1 1 1 2 1 1 1 2 2 1 1 2 1 1 1 1 1 2 1 2 1 2 1 2 1 1 1 1 6 1 2 1 1 1 1 3 1 1 1 1 1 1 3 2 2 1 1 2 1 2 2 5 1 1 2 1 2 2 1 1 1 1 1 2 4 1 1 2 3 2 1 2 3 2 2 2 2 2 1 1 2 1 1 2 1 1 2 3 1 3 2 1 1 1 1 3 1 2 1 2 2 2 3 3 1 1 1 4 2 3 1 2 1 2 1 1 2 1 2 1 3 2 1 2 1 1 3 1 1 1 2 1 2 1 1 1 2 3 1 4 2 2 1 3 1 1 1 1 2 1 1 1 1 2 2 2 1 1 1 1 1 1 1 1 1 2 1 2 1 1 2 1 3 1 4 2 2 1 2 1 2 2 1 1 2 1 2 2 2 1 2 1 2 2 1 2 1 3 1 1 2 2 1 2 1 3 2 1 1 1 1 2 1 1 2 2 1 2 1 1 2 2 1 1 1 3 2 1 2 2 3 2 1 2 3 1 2 1 4 1 1 3 3 3 1 1 1 2 2 1 3 3 2 2 2 1 2 2 1 2 2 3 1 1 1 1 1 2 1 2 1 1 1 1 1 1 1 2 1 1 2 2 1 2 2 1 1 1 1 2 1 1 2 1 1 1 2 1 2 1 1 1 1 1 3 2 2 2 1 1 5 2 1 1 1 1 2 1 1 2 1 3 2 2 1 2 2 1 2 1 1 2 1 1 2 1 2 2 1 1 1 2 3 1 1 1 2 2 1 2 1 1 1 2 1 2 3 1 1 1 1 2 1 3 1 1 1 2 1 4 1 1 2 2 2 2 1 1 2 1 1 1 2 1 2 2 3 1 1 2 2 1 1 2 1 1 2 2 5 2 2 1 1 1 2 1 1 1 1 1 1 1 2 1 1 1 1 2 2 1 1 2 1 1 1 1 1 1 1 3 1 2 1 1 2 1 4 1 3 1 1 1 2 2 1 3 1 2 1 1 1 2 1 1 2 2 1 2 1 2 2 1 2 2 1 1 3 2 1 1 2 1 1 3 1 1 1 2 1 3 1 1 2 1 1 2 1 2 1 1 2 3 1 1 3 1 3 1 2 3 2 1 1 3 2 1 1 1 1 1 1 2 1 1 3 3 3 1 1 1 3 1 1 4 1 2 1 2 2 1 1 2 1 1 3 1 1 1 3 2 3 1 2 1 2 1 3 2 3 1 1 1 1 4 3 1 2 3 2 1 1 2 4 1 1 1 2 1 1 2 1 2 1 1 2 1 2 1 1 1 1 3 1 2 2 1 2 2 1 1 2 2 1 1 1 1 1 3 1 3 3 1 2 3 1 1 1 1 1 1 1 2 2 1 2 2 3 1 1 1 2 1 1 1 1 1 1 1 1 2 3 1 1 1 1 1 3 2 2 1 2 2 1 3 2 1 1 1 1 1 1 1 2 3 2 1 1 2 1 3 1 3 3 2 3 1 1 1 1 2 1 2 2 1 2 1 1 1 3 1 4 1 1 1 1 2 1 1 2 2 2 1 2 2 1 1 1 2 1 1 1 2 2 2 1 3 2 1 2 1 1 2 1 1 1 1 2 1 2 1 1 1 2 1 1 1 3 1 2 2 2 2 2 1 1 2 3 1 1 1 2 1 1 2 2 1 1 2 2 1 2 1 1 1 1 1 1 2 1 1 1 4 2 1 1 1 6 3 3 3 1 2 2 4 1 1 4 2 1 2 4 1 2 1 1 2 2 4 3 6 1 1 2 3 3 1 2 1 2 1 2 1 1 2 2 1 2 3 1 1 1 1 1 3 1 2 2 3 1 1 3 1 1 3 1 2 2 3 3 3 1 2 2 4 1 3 1 2 1 1 2 2 4 2 2 3 3 1 1 2 1 1 1 3 1 2 2 1 2 2 1 2 2 2 2 1 2 1 1 3 3 1 2 1 2 1 1 2 1 1 1 1 1 1 1 2 2 2 1 1 1 2 2 3 2 2 1 1 1 1 2 1 2 2 3 1 2 1 1 2 1 4 1 3 2 2 1 1 1 1 1 1 1 1 3 1 1 1 1 2 3 1 2 2 2 1 1 1 3 1 1 1 2 1 2 3 2 1 1 1 1 1 1 1 2 4 4 3 1 1 1 1 1 1 1 1 2 3 2 1 1 2 2 2 2 2 1 2 1 1 1 2 1 2 1 2 1 1 2 1 1 1 1 1 2 4 1 2 2 3 1 1 1 1 1 3 2 1 1 1 1 1 1 6 2 2 1 2 1 1 2 3 1 2 1 3 1 2 1 1 1 1 2 1 2 1 1 2 1 2 2 2 2 1 1 1 2 1 3 1 1 2 3 2 3 1 2 2 1 1 1 2 1 2 1 1 1 1 1 3 2 1 1 1 1 1 2 2 2 1 3 1 2 2 1 1 1 2 1 1 2 2 1 4 2 2 2 3 1 1 2 1 1 2 1 1 1 3 2 1 1 1 2 1 1 2 1 2 4 1 1 1 2 1 2 1 3 1 3 1 1 2 2 1 2 1 1 1 1 1 1 3 4 1 1 1 1 1 1 1 1 2 2 2 1 1 1 1 1 2 2 1 1 1 1 1 1 1 2 1 1 2 2 1 2 1 2 1 4 1 1 1 2 2 2 2 1 1 1 1 2 1 1 1 1 5 1 2 2 1 1 1 1 2 3 1 3 1 1 2 2 1 2 1 1 1 2 3 4 1 2 2 1 1 1 1 1 2 1 1 3 3 2 1 1 1 3 3 2 1 2 1 2 2 1 2 2 1 1 1 1 2 2 1 1 2 2 2 1 3 1 3 1 2 1 2 3 1 1 2 5 1 1 1 2 1 1 1 2 1 1 1 3 1 2 1 1 4 2 1 1 2 1 1 1 1 2 2 1 1 2 1 2 3 3 2 1 1 1 2 2 1 2 1 1 7 1 1 1 1 1 2 4 3 1 1 4 1 3 2 2 1 1 2 2 5 2 3 2 3 1 3 1 1 2 1 2 1 2 3 2 1 2 2 5 1 1 1 1 1 1 1 1 1 4 1 1 3 3 1 2 1 1 1 1 1 2 3 1 1 1 3 1 3 3 2 2 1 1 1 1 2 1 1 1 2 1 1 1 1 1 3 1 1 3 1 2 1 1 1 1 3 1 1 1 1 3 2 1 1 1 2 1 1 1 2 1 4 3 1 1 1 2 1 2 1 1 1 1 1 2 1 1 1 3 2 2 1 2 2 2 1 1 2 2 3 3 3 3 3 1 2 1 2 3 4 3 5 1 2 1 4 1 1 3 2 1 1 3 1 3 2 1 2 2 1 1 2 2 1 3 1 1 1 1 2 2 2 1 1 1 2 1 1 1 1 2 1 2 1 1 1 1 3 2 2 1 2 2 1 2 3 3 1 2 1 2 1 1 1 1 1 2 1 2 5 1 3 1 3 1 1 2 5 5 1 1 1 1 4 2 4 1 3 2 2 1 2 3 3 1 1 2 1 1 2 2 1 1 2 2 1 1 1 1 1 1 2 2 1 2 1 2 1 3 1 2 1 1 1 1 1 1 1 1 1 2 1 3 4 1 2 1 1 1 2 2 3 2 2 1 3 1 1 2 2 2 1 2 2 1 1 1 1 1 3 1 2 1 1 1 1 1 1 1 1 1 2 1 1 1 1 1 1 1 1 3 2 3 1 2 2 1 1 1 2 1 2 2 2 1 2 1 1 1 1 2 1 1 2 2 1 2 1 1 1 1 1 1 2 3 2 1 1 1 1 1 2 1 2 1 1 1 1 2 3 3 1 1 2 1 1 1 2 1 3 2 3 3 2 1 3 1 1 1 1 2 1 4 2 1 2 1 1 2 4 1 1 1 2 3 1 2 1 1 1 1 1 3 2 1 2 1 1 1 1 1 2 1 2 1 2 1 2 2 1 2 1 2 3 1 1 4 1 1 1 3 2 1 2 1 3 3 1 1 1 1 2 1 2 2 3 2 2 4 1 1 1 1 3 1 2 3 3 2 2 1 2 1 1 1 3 2 1 1 1 2 1 1 1 1 1 2 1 3 2 2 1 3 1 3 1 2 1 1 2 1 3 1 1 5 1 1 3 2 1 1 2 2 2 1 2 1 3 1 2 1 1 2 1 1 1 2 4 2 1 1 2 2 5 1 1 2 2 1 2 2 4 2 2 1 2 1 2 1 2 3 1 3 1 1 2 2 2 1 1 1 2 1 1 1 1 1 1 1 5 1 2 1 2 3 1 1 1 1 1 1 1 2 1 2 2 2 1 1 1 1 1 1 1 2 2 1 4 3 2 2 2 1 1 2 1 1 1 1 1 2 2 1 1 1 1 1 1 2 2 1 1 6 1 2 1 1 1 1 2 1 1 2 1 1 1 4 1 1 1 3 1 1 2 2 1 1 1 1 1 2 1 3 1 2 1 2 2 1 3 2 1 1 2 4 3 1 1 1 2 2 1 2 2 1 2 1 1 1 2 3 1 2 1 1 1 2 3 2 1 1 2 1 1 2 1 1 1 1 1 2 1 2 1 2 3 2 1 2 2 1 1 1 1 3 2 1 2 2 1 1 2 2 3 1 2 1 1 1 1 2 1 2 2 3 2 1 4 1 3 1 1 2 2 1 1 1 1 1 1 1 2 2 3 3 2 1 3 3 1 2 1 1 1 3 1 1 1 2 1 3 2 1 1 3 5 2 1 1 4 1 2 1 2 1 2 2 1 1 2 1 2 1 1 2 1 1 2 2 2 2 2 1 1 2 1 1 2 1 1 2 2 1 1 1 2 4 1 1 4 1 2 1 2 5 4 3 2 2 1 1 1 1 1 2 1 1 1 2 1 3 1 2 1 3 1 2 2 1 2 1 1 1 1 2 2 1 3 1 1 1 1 1 1 2 2 4 1 1 1 1 1 1 1 1 3 2 2 1 2 1 1 1 1 1 1 2 2 1 5 1 1 2 2 1 2 3 1 1 1 1 2 1 1 1 2 1 2 1 1 2 3 2 1 1 1 1 1 3 2 1 1 1 1 2 2 2 3 2 2 1 1 1 1 1 1 1 2 3 1 3 1 1 1 2 3 2 1 3 1 4 2 2 3 1 1 2 1 1 1 2 4 1 3 2 3 1 2 2 1 2 1 1 2 1 1 3 1 1 1 3 1 1 2 1 2 2 1 2 2 2 1 2 2 1 1 2 1 2 1 2 1 1 1 1 1 1 2 4 3 4 2 2 1 1 3 1 4 3 2 3 4 2 2 3 1 1 2 1 1 2 1 1 1 4 1 1 1 1 3 1 2 3 2 1 1 4 1 1 2 1 1 4 1 2 1 1 1 2 1 2 1 2 2 1 1 1 1 1 3 2 1 4 1 2 2 1 1 2 1 1 1 1 1 2 1 1 1 1 1 2 1 1 3 1 1 1 2 3 1 1 3 2 1 1 3 1 1 1 2 3 4 1 1 2 1 1 1 1 1 1 1 2 2 1 2 1 1 2 1 1 1 1 1 2 1 1 2 3 1 1 2 3 2 1 4 3 1 1 1 2 2 3 1 2 1 1 1 2 1 2 1 2 1 1 1 1 1 1 2 1 1 2 1 1 1 2 2 1 3 1 1 2 1 1 1 1 1 2 1 1 1 1 1 2 1 1 1 3 3 1 2 1 1 4 1 1 1 1 2 1 1 1 2 1 3 1 1 2 2 2 2 3 2 2 1 1 1 2 1 3 2 2 1 4 2 1 2 2 2 2 1 1 2 2 1 2 3 1 5 1 2 1 1 2 2 2 1 1 1 1 1 1 1 1 1 1 1 2 1 1 2 1 4 1 1 1 3 1 1 2 1 1 1 1 1 1 1 1 1 1 2 3 1 2 1 1 2 4 2 2 1 1 1 1 1 1 2 1 4 1 3 1 1 2 1 1 1 1 1 1 1 1 1 1 1 2 2 1 2 5 1 2 1 2 1 3 2 1 1 1 2 2 2 1 1 1 1 1 3 1 1 1 2 1 2 1 2 1 2 1 2 1 1 1 1 1 1 1 2 1 1 2 3 4 1 1 1 1 1 2 1 1 1 1 2 1 1 2 1 4 2 1 1 4 2 3 1 1 2 1 2 1 2 3 1 1 1 2 4 1 1 1 3 2 2 5 1 1 1 1 3 1 1 1 1 1 1 3 2 1 1 2 4 1 1 1 1 1 1 1 2 2 1 1 3 1 1 1 1 1 1 2 1 1 1 2 1 1 1 1 1 1 3 1 3 2 1 2 1 1 1 1 1 1 1 3 1 3 1 1 1 1 1 1 1 1 1 2 1 1 3 1 1 2 1 2 1 2 2 1 1 2 3 3 1 1 3 1 2 1 1 1 4 2 1 3 1 2 3 1 2 1 2 2 1 2 4 1 2 3 2 2 1 3 1 2 4 1 2 1 2 1 1 1 1 1 1 1 3 3 1 2 1 1 1 1 2 1 1 1 1 1 1 1 3 2 3 1 2 4 1 2 3 1 2 1 1 2 2 2 2 2 1 2 2 2 2 1 1 1 2 1 2 1 3 1 2 2 2 1 2 1 1 2 1 2 1 1 2 1 1 1 1 1 1 3 1 1 1 2 1 1 1 3 1 2 2 1 1 2 2 3 2 1 2 2 1 2 1 1 2 1 3 2 1 2 3 1 1 2 1 3 1 1 2 1 2 2 3 1 1 2 1 3 1 3 2 2 2 2 2 1 1 1 1 1 2 1 1 3 1 1 2 2 4 1 1 3 1 1 1 1 1 2 1 2 2 1 2 1 2 1 1 1 3 1 2 1 1 1 2 2 2 1 3 3 2 1 1 1 1 3 4 2 2 1 1 1 1 1 1 2 1 2 1 1 2 1 1 3 1 1 1 1 2 1 3 1 2 2 1 2 1 1 3 3 3 1 1 1 1 1 3 4 1 3 1 1 3 1 2 1 3 1 2 2 1 2 2 2 1 2 3 1 4 1 2 1 1 2 2 1 2 1 1 2 2 1 1 1 2 1 2 1 2 2 4 2 1 1 1 1 1 1 1 1 1 1 1 1 1 1 1 2 2 1 1 2 3 3 2 1 3 3 2 3 1 1 2 3 1 2 1 1 3 1 1 1 1 2 4 3 1 1 1 1 1 1 1 3 1 1 2 3 3 2 3 1 1 2 5 1 2 2 1 2 2 1 4 3 1 2 1 1 1 1 3 2 1 1 1 1 1 1 2 2 4 3 1 1 2 1 3 2 4 3 1 1 2 2 3 1 3 2 1 2 1 2 3 1 1 2 2 2 1 1 1 2 1 1 1 1 1 3 3 2 2 3 1 1 2 1 2 1 2 1 1 2 1 2 1 1 1 1 1 2 1 2 1 1 1 1 1 1 1 1 3 1 1 1 2 2 1 3 3 1 1 2 2 1 1 1 2 1 3 2 1 1 1 2 1 1 4 1 2 1 2 1 1 1 1 1 2 3 1 1 2 3 2 1 2 1 3 1 1 1 1 3 3 1 1 3 4 2 2 1 2 2 1 2 1 1 3 1 1 3 2 1 1 1 2 3 1 3 3 1 2 1 1 5 2 1 2 1 1 1 1 1 2 2 2 1 2 1 1 3 2 1 2 1 1 1 1 3 2 1 2 1 1 1 1 1 2 1 4 2 3 1 1 1 1 1 1 2 2 4 1 1 1 1 1 1 2 1 1 1 1 1 1 1 1 2 2 4 1 1 1 1 2 3 1 2 3 3 2 1 2 2 1 1 1 4 3 2 1 1 1 1 1 2 2 1 1 1 1 1 1 2 1 1 2 1 1 1 2 1 2 2 1 1 2 2 1 1 2 2 1 2 1 1 2 1 2 2 2 2 1 1 1 2 1 1 1 1 1 1 1 3 3 1 2 1 3 1 2 1 1 1 6 3 1 3 2 1 3 2 1 2 1 3 1 1 1 2 2 2 1 2 1 2 2 5 1 1 2 1 1 3 1 1 1 2 2 3 2 3 1 1 2 1 2 2 1 1 2 3 1 2 1 1 2 2 2 3 1 1 1 2 1 1 2 1 1 4 1 1 1 2 1 2 3 2 1 1 3 2 1 6 3 1 3 3 1 1 2 4 2 1 2 2 1 3 1 1 2 1 4 3 4 1 1 3 1 1 1 1 1 1 2 3 1 1 1 1 1 3 1 1 3 1 1 1 1 1 1 1 2 2 2 1 2 2 3 1 1 3 1 1 1 1 3 1 1 1 1 1 1 2 1 1 1 2 1 1 2 2 2 1 1 1 2 1 1 2 1 1 2 1 1 1 2 1 1 3 1 3 2 2 2 1 2 1 1 1 2 1 1 3 2 1 1 4 1 1 3 3 1 1 1 2 1 2 3 2 2 2 3 1 2 1 1 1 1 1 2 2 1 2 3 2 1 2 1 2 1 3 2 1 1 2 1 2 3 3 1 1 3 2 1 2 2 3 1 1 1 1 1 2 2 1 2 1 3 2 1 4 1 1 4 1 1 2 4 1 2 1 1 1 1 1 1 2 1 2 5 1 3 3 2 3 1 2 1 4 1 3 1 1 2 1 4 1 3 2 1 1 4 2 1 2 2 2 2 3 1 2 1 2 1 1 2 2 1 2 2 2 2 1 1 4 2 1 3 2 1 2 1 2 2 2 2 2 3 2 1 1 1 1 1 2 1 3 2 2 2 1 3 2 1 2 3 2 2 1 1 1 2 2 3 1 1 1 1 1 1 1 1 2 3 1 1 1 2 3 1 1 3 1 1 2 2 1 4 2 1 1 3 1 1 1 1 2 2 2 3 1 1 1 2 3 1 3 6 2 1 2 2 2 2 1 1 2 1 1 1 2 1 1 5 1 3 4 1 1 2 1 2 1 4 1 2 2 2 2 2 1 2 1 2 1 1 2 4 3 1 2 1 1 2 1 3 2 1 3 1 2 3 1 1 3 4 2 1 2 1 1 1 1 1 1 2 1 1 2 1 1 1 2 1 2 2 2 1 2 1 1 4 1 2 1 1 2 1 3 1 4 2 2 3 1 1 1 2 1 1 2 1 2 3 1 4 1 2 3 1 2 1 1 2 2 3 1 1 1 1 3 2 1 1 2 1 2 1 1 5 1 3 1 1 2 3 2 2 2 2 1 2 1 2 1 2 2 3 1 2 5 1 1 2 3 2 1 2 1 1 1 1 1 2 1 1 2 1 1 1 2 1 1 2 1 1 3 1 1 1 1 2 2 1 3 2 1 1 2 1 1 1 1 3 1 1 1 1 1 1 1 1 1 1 1 1 2 1 1 3 2 2 1 1 3 1 1 1 3 1 1 1 1 2 3 1 1 2 1 1 2 1 4 2 1 1 1 2 1 1 1 1 1 2 1 1 1 1 1 1 1 4 1 1 2 2 2 1 1 3 2 2 2 2 1 1 1 2 1 1 5 1 2 1 1 3 1 1 1 1 1 1 2 1 2 2 2 3 3 2 1 1 1 1 1 1 3 1 2 2 2 1 1 4 1 1 3 1 2 3 2 1 1 1 1 1 2 1 1 1 3 1 3 1 1 3 3 1 1 2 2 2 1 1 1 3 1 3 2 3 1 2 2 2 1 2 1 1 2 1 2 4 1 5 1 2 3 2 2 2 1 1 1 1 1 3 1 1 2 1 1 1 1 1 1 1 2 2 5 1 1 2 3 1 2 4 1 2 2 1 1 3 1 2 1 1 2 1 2 1 1 2 1 2 1 2 2 1 1 1 2 2 2 2 1 1 1 1 1 1 3 1 2 2 2 1 1 3 3 1 1 2 1 3 2 1 1 3 1 2 1 2 1 1 1 1 1 3 2 1 2 2 1 1 3 1 1 1 2 3 2 1 2 1 4 1 1 1 1 1 1 2 1 1 1 3 1 1 1 2 1 3 4 1 3 1 2 1 1 1 4 4 1 1 1 2 1 2 1 1 1 1 3 2 3 2 2 2 1 2 2 1 2 1 2 2 1 5 1 3 1 2 1 1 1 2 2 1 2 3 1 1 1 2 3 2 2 2 1 2 3 2 2 2 3 1 1 1 2 1 3 3 2 1 3 2 2 1 2 2 1 2 2 2 1 1 1 1 4 2 1 2 1 1 2 1 1 1 4 1 1 2 3 2 2 1 1 2 2 2 1 3 4 1 2 2 1 1 1 1 5 2 3 1 2 1 2 1 2 3 1 1 1 1 1 2 1 3 2 2 2 3 2 2 1 1 2 1 1 1 2 3 1 3 3 1 2 3 1 1 1 3 1 2 1 2 2 1 2 2 2 2 2 2 1 2 1 2 1 2 1 2 1 2 2 2 1 1 1 1 3 1 2 1 1 2 2 3 1 1 2 1 2 1 3 3 1 5 4 1 1 1 1 1 1 1 3 1 1 2 1 1 1 3 1 3 3 2 1 1 1 3 1 1 2 1 2 3 2 2 3 1 1 1 1 1 1 1 1 1 1 1 1 1 2 1 2 2 1 1 2 3 1 1 1 2 1 1 1 1 1 1 2 1 3 2 3 1 2 1 2 1 1 2 1 3 1 1 2 2 1 1 3 2 2 3 2 1 2 2 1 2 3 3 1 1 1 2 1 2 1 3 2 3 1 1 1 2 1 3 1 2 2 1 4 1 4 1 1 2 1 1 1 2 1 1 4 1 1 1 1 1 3 1 2 1 1 1 2 1 3 2 1 1 1 1 1 2 4 1 1 2 1 2 1 1 3 3 1 1 1 1 2 1 1 3 2 1 3 1 2 1 1 1 3 1 1 1 2 1 4 2 2 1 1 1 2 3 2 1 1 1 1 2 2 2 2 1 2 2 1 1 3 1 2 1 1 1 2 1 1 2 1 1 1 1 1 1 1 3 1 1 1 1 1 1 1 3 1 2 2 2 2 1 1 1 2 2 2 2 3 1 1 2 1 2 1 1 1 2 1 1 1 1 2 2 1 1 1 1 2 1 3 2 1 1 2 2 1 1 3 2 3 3 2 1 2 2 1 1 1 1 2 1 2 1 1 1 2 1 2 1 1 2 2 1 2 1 1 1 3 4 4 2 1 1 3 2 2 2 1 2 1 2 2 1 1 2 2 1 3 2 3 2 3 1 1 2 1 1 4 1 1 1 2 1 1 3 1 2 2 2 2 2 1 1 1 2 1 3 1 2 2 3 1 1 1 2 3 1 1 2 1 1 1 3 5 1 2 1 1 1 1 1 2 2 3 2 1 1 5 1 1 1 1 1 1 5 1 2 1 1 1 1 1 1 1 1 1 2 2 1 1 2 3 1 2 2 3 1 1 1 2 2 1 3 4 2 1 3 2 1 2 1 1 1 2 4 1 2 2 1 2 2 2 1 2 2 2 3 1 2 2 1 3 1 2 2 2 3 3 3 1 1 2 1 1 3 2 1 1 3 1 3 1 1 1 2 1 1 1 2 1 1 1 2 1 3 1 2 1 2 1 1 1 2 1 2 2 1 1 3 1 2 1 2 1 1 2 1 1 1 2 2 1 1 3 2 4 1 4 2 2 3 3 1 1 1 2 2 2 1 1 1 2 1 2 1 3 3 1 2 2 1 1 2 1 1 3 1 2 1 2 1 4 1 3 1 2 2 2 4 1 1 3 1 3 2 1 1 3 1 1 4 1 1 1 1 3 1 1 2 1 1 2 1 2 1 2 2 4 2 1 1 2 1 2 2 1 2 2 1 1 2 1 2 1 1 1 1 1 1 1 1 1 3 1 3 1 2 1 1 1 2 5 1 1 1 1 1 1 3 4 2 1 2 2 1 2 1 1 1 2 1 2 2 4 3 2 2 1 1 1 2 2 1 2 2 1 1 1 1 2 2 1 1 2 1 3 1 2 2 1 1 1 3 1 1 1 2 1 2 1 1 2 2 1 1 2 3 3 1 1 1 1 3 1 3 1 1 1 1 3 2 2 1 1 1 2 3 2 1 1 1 3 1 1 1 1 2 1 1 1 1 1 1 1 1 2 3 1 2 1 1 1 2 1 3 1 2 1 1 2 1 2 1 1 2 2 2 3 1 1 2 2 2 1 1 1 1 1 1 2 2 1 2 1 1 1 1 3 4 1 1 1 1 1 1 2 1 1 2 1 2 1 1 3 4 2 1 1 3 1 1 1 1 3 1 1 2 1 1 2 1 2 2 1 1 1 1 1 1 3 1 1 1 1 1 1 1 1 3 2 1 1 1 3 2 2 2 2 2 1 1 2 1 1 1 2 1 1 1 2 4 1 2 1 1 1 3 2 1 1 2 1 1 1 1 1 1 2 1 2 1 2 1 2 2 1 1 1 1 1 1 1 1 2 1 1 1 1 1 4 1 1 1 2 2 1 1 4 1 1 3 3 2 1 1 1 1 1 2 2 1 2 2 3 2 1 1 1 1 5 2 1 1 2 1 1 1 3 2 2 2 2 1 1 1 1 1 1 1 1 3 2 1 1 1 1 1 2 2 1 1 4 3 1 1 1 2 1 1 2 3 2 1 2 3 1 3 2 1 2 1 1 1 1 1 1 2 1 1 1 1 1 1 2 2 1 1 1 2 2 1 3 3 1 2 2 1 3 1 1 2 1 1 2 1 2 1 3 4 2 1 3 2 2 3 3 1 3 1 2 1 1 2 1 2 1 2 1 1 1 3 1 3 4 1 3 2 3 1 2 4 1 1 2 2 2 1 1 1 2 1 4 3 3 1 1 1 1 1 1 3 3 1 1 1 2 1 2 1 1 1 2 1 1 1 2 1 1 2 1 3 2 1 1 1 1 2 1 2 2 1 2 2 2 2 3 1 1 1 1 2 1 2 2 1 1 2 2 4 1 1 4 1 1 1 1 1 1 1 1 3 1 3 1 3 1 1 1 1 2 2 2 2 3 1 1 1 1 1 2 2 2 1 1 3 2 1 1 1 1 2 1 1 2 1 3 1 1 1 2 1 1 2 3 1 2 1 1 1 1 2 1 1 1 1 1 2 1 2 1 3 2 1 1 1 1 1 1 3 1 2 1 2 1 1 1 1 2 2 1 1 1 1 3 1 3 2 2 2 3 2 2 1 1 2 1 2 2 1 2 1 1 1 5 1 4 1 1 1 2 1 1 2 1 1 1 3 1 1 1 2 1 2 1 1 1 2 4 1 2 1 1 1 1 1 1 1 1 2 4 1 2 2 2 1 1 1 1 1 2 1 1 1 1 1 2 1 1 1 1 1 1 1 1 1 2 1 1 2 1 1 2 1 2 1 2 2 1 2 1 2 1 2 1 3 1 3 4 4 4 1 1 1 2 2 1 1 3 2 1 3 4 3 1 1 1 1 2 3 3 1 1 2 4 1 1 1 1 1 1 1 1 1 1 2 1 1 1 1 2 2 1 1 1 1 1 2 1 3 1 2 1 3 2 1 1 1 1 1 1 1 2 1 4 1 1 3 2 2 1 1 3 2 2 3 3 1 3 3 1 3 3 1 1 2 1 1 1 1 2 1 1 1 3 1 2 1 1 1 1 1 1 3 2 2 2 2 1 1 2 3 3 2 1 1 2 2 1 2 1 1 3 4 1 2 1 4 2 2 2 1 1 1 2 2 3 1 1 2 1 3 1 2 1 2 2 1 1 1 1 1 1 1 2 1 2 1 3 2 1 1 1 1 1 2 1 1 1 3 4 1 1 2 1 2 2 1 1 3 1 2 2 2 1 1 2 2 1 2 1 2 3 1 2 1 2 2 4 1 1 1 1 1 2 2 5 2 1 1 3 1 1 2 2 2 2 2 3 3 3 1 3 2 3 1 2 1 1 3 3 3 4 2 3 1 1 1 2 2 1 1 2 3 1 4 2 2 1 1 1 1 3 4 2 2 1 1 1 2 1 2 3 1 1 2 1 1 4 1 2 1 2 4 2 1 1 2 2 2 1 2 1 1 1 5 1 3 2 1 1 2 2 2 1 1 2 1 2 1 1 2 1 3 1 6 2 1 1 2 1 2 2 2 2 1 2 1 1 1 1 1 2 2 2 1 1 1 2 1 2 1 2 5 1 1 1 1 2 3 1 1 1 2 1 2 3 2 1 3 1 1 2 3 1 2 1 1 1 1 1 1 4 1 4 1 1 2 1 2 1 1 1 1 1 1 3 2 1 1 2 1 3 2 2 1 1 2 2 2 1 1 1 2 1 1 2 1 3 1 2 4 2 3 1 2 2 1 2 1 3 1 1 1 1 3 1 1 1 1 1 1 1 1 1 1 1 1 1 1 1 1 2 1 2 1 2 2 1 2 1 2 1 1 1 1 1 4 2 2 1 2 1 1 3 1 2 1 2 1 2 1 1 5 1 1 1 2 2 2 1 1 1 3 3 2 2 2 2 1 1 2 1 1 1 1 3 1 1 2 1 2 2 2 2 1 3 1 1 1 1 1 1 2 2 1 2 2 1 2 1 1 2 1 2 2 1 3 1 3 1 2 1 2 3 1 2 1 1 2 2 1 2 1 1 2 1 1 1 2 2 3 3 2 1 2 1 1 1 2 3 2 2 1 1 2 1 1 2 2 1 1 1 2 2 1 1 2 1 1 3 2 2 1 1 1 3 3 2 1 3 3 1 2 1 2 1 4 1 1 1 2 1 1 1 1 2 4 2 2 1 1 2 3 2 1 2 2 3 1 1 2 2 2 2 1 1 2 2 1 2 1 2 1 2 1 2 1 2 1 1 1 2 1 1 2 1 1 5 3 2 2 2 1 1 1 4 1 2 1 1 2 1 2 1 1 1 1 1 2 1 1 1 2 1 2 1 2 1 2 2 1 1 1 1 1 1 3 1 1 2 1 2 1 2 3 1 1 1 1 2 1 1 2 1 1 2 1 1 2 1 4 1 2 2 4 2 2 2 1 4 1 1 1 1 4 1 1 1 1 2 1 1 2 1 4 2 1 3 3 2 1 2 2 1 1 1 1 2 2 1 1 1 1 1 1 1 2 2 1 2 5 1 1 1 1 1 1 1 2 1 3 1 2 2 1 1 1 1 2 2 1 1 1 1 1 1 1 1 1 1 2 1 4 1 1 1 1 1 1 3 2 1 1 2 1 2 1 2 1 3 2 2 1 1 2 2 1 2 1 3 1 1 2 3 2 1 3 3 2 1 1 1 2 2 2 1 1 1 1 3 1 1 2 1 2 1 2 2 2 1 2 2 3 1 2 1 1 1 2 2 2 3 3 1 2 2 1 2 1 1 3 2 1 1 1 3 2 2 2 1 1 2 1 1 2 1 2 3 2 1 1 1 1 2 1 1 1 1 2 1 1 1 1 1 2 3 2 1 3 1 1 1 1 3 3 2 1 1 3 1 2 1 2 3 1 1 1 2 2 1 1 2 2 1 1 1 1 1 1 1 3 4 1 1 2 3 1 1 2 2 2 1 2 1 2 2 2 1 1 2 2 1 2 3 3 1 1 1 2 2 1 2 1 1 2 1 1 1 1 2 2 1 2 4 1 1 1 1 3 2 2 3 2 2 1 2 1 2 1 1 1 2 3 1 1 2 1 3 1 1 3 2 2 1 3 1 1 1 1 1 1 1 1 2 3 2 2 2 1 1 3 3 1 3 1 2 1 2 2 1 2 3 3 1 1 1 2 1 2 2 1 1 2 1 1 2 1 3 1 1 2 2 2 2 2 1 1 4 1 2 3 1 2 1 2 1 1 1 1 1 1 1 8 1 2 3 1 1 3 1 3 1 1 4 1 2 1 2 2 1 1 3 1 3 1 1 1 2 3 4 2 3 1 1 2 1 2 2 1 1 1 2 2 2 2 1 2 1 2 1 2 1 1 1 2 1 2 1 1 1 1 2 1 2 1 2 1 2 1 2 1 2 4 1 2 1 2 1 1 1 2 3 1 1 1 3 1 2 1 1 3 2 1 1 2 1 1 1 2 1 1 2 2 1 1 1 2 2 1 1 2 2 1 1 3 1 4 2 2 2 1 2 1 2 1 1 1 1 2 1 2 1 1 3 1 3 1 1 3 1 1 2 1 1 1 1 2 1 1 1 2 1 1 1 1 1 3 2 3 1 1 1 2 2 1 2 1 2 3 2 1 1 1 1 1 4 3 1 2 1 4 2 1 2 1 1 2 3 1 3 1 1 2 1 1 2 1 1 3 1 2 2 1 3 1 3 1 1 2 1 2 1 3 2 3 3 1 1 3 6 3 1 1 1 1 4 1 1 2 3 2 1 1 2 2 3 1 2 2 2 2 4 1 1 2 2 1 1 1 2 3 1 1 1 1 1 1 1 1 4 2 3 1 1 1 1 5 1 2 2 3 2 1 2 1 1 1 2 3 1 3 4 2 1 2 1 3 2 1 1 1 3 2 2 2 2 3 1 2 2 3 3 2 1 1 2 2 1 3 2 3 1 1 3 1 1 2 3 1 1 1 1 2 2 2 1 1 1 2 2 1 2 1 1 1 1 1 2 1 3 1 1 1 1 2 1 2 1 2 3 1 1 1 1 2 2 2 1 1 1 2 1 1 2 3 1 3 1 1 1 1 1 2 2 3 1 1 3 1 1 1 2 2 1 1 2 1 3 2 1 2 1 1 1 3 2 1 2 2 3 2 3 1 2 1 2 1 2 2 1 2 2 1 1 3 3 3 1 1 1 1 2 1 1 3 1 1 2 2 1 2 1 1 1 1 2 2 1 2 2 1 2 2 1 2 1 1 1 1 2 1 4 2 2 2 1 6 2 3 2 2 2 2 1 1 1 1 1 1 1 2 1 1 2 2 1 1 1 1 2 2 2 1 1 2 1 1 1 3 1 1 1 1 3 3 1 1 1 1 2 1 3 3 3 1 2 3 2 1 2 1 1 2 1 1 1 1 2 1 2 2 2 2 1 2 1 4 1 1 1 3 5 1 1 2 1 3 1 2 3 1 2 1 2 1 1 1 3 1 2 2 1 1 1 3 1 2 2 3 1 3 1 4 1 2 2 1 1 2 1 1 2 3 1 1 4 1 2 1 1 1 2 1 1 2 1 2 2 2 2 4 3 2 1 1 2 1 1 1 1 1 1 1 1 2 1 1 1 2 2 1 1 1 1 1 2 2 2 1 1 1 2 3 2 2 1 1 1 2 1 2 1 1 1 2 1 1 3 1 1 1 2 1 2 3 3 1 1 1 3 2 2 2 1 2 1 1 1 1 1 1 2 2 2 2 1 1 1 1 2 2 1 1 2 1 1 1 1 1 1 2 2 2 1 5 1 1 2 1 1 2 2 1 2 1 1 1 1 3 2 2 1 1 1 2 1 2 4 1 3 1 1 1 2 2 2 2 1 1 1 1 4 2 1 2 1 1 1 1 2 1 1 2 4 1 2 2 3 1 1 1 2 1 1 2 1 2 1 3 1 1 1 1 1 4 1 3 1 1 2 2 1 2 2 1 2 1 2 1 1 1 4 1 2 2 2 2 2 1 1 1 3 2 2 4 1 4 3 3 1 1 1 1 1 2 2 1 1 1 1 4 1 1 1 1 1 1 1 3 1 1 1 2 2 2 1 1 1 1 1 1 2 1 1 2 1 1 1 1 2 2 1 1 2 1 1 1 1 1 2 1 1 2 1 4 1 1 2 1 1 1 1 1 2 3 3 2 1 1 1 1 3 1 1 3 6 1 1 3 1 2 3 3 1 1 1 1 1 2 1 1 1 1 1 1 2 1 3 2 3 4 2 1 1 1 1 2 1 1 3 1 1 1 2 2 1 3 3 1 1 2 2 1 2 1 3 1 1 1 1 1 2 1 1 1 1 1 1 2 1 3 2 1 1 1 5 2 3 4 1 2 1 1 1 2 2 1 1 2 2 1 2 1 1 1 1 2 2 4 3 1 1 2 1 1 1 1 1 1 2 2 1 2 1 1 1 2 1 2 1 1 1 1 2 3 3 1 2 1 1 1 1 2 2 1 1 2 4 1 2 4 1 3 1 1 1 1 1 2 1 1 1 1 3 1 1 1 2 3 1 1 2 1 1 4 1 1 1 1 1 3 1 1 1 1 1 1 2 4 1 1 1 1 2 2 2 1 3 1 1 1 2 1 2 3 2 2 2 2 1 1 1 3 1 3 1 1 1 2 2 3 2 1 1 2 1 3 1 1 1 1 2 3 1 2 2 1 1 2 2 2 2 2 1 1 1 1 2 1 1 1 1 2 1 1 1 1 1 1 1 1 2 1 4 2 1 1 5 2 1 1 2 2 1 1 1 1 1 2 1 2 5 2 1 1 1 4 1 1 3 1 1 1 1 1 1 2 1 1 1 1 3 2 1 1 2 1 1 2 1 3 2 1 2 1 2 1 1 1 1 2 3 3 3 1 1 1 1 1 1 1 1 2 3 1 1 2 2 2 3 1 3 1 2 1 1 1 2 1 1 3 2 1 2 1 2 2 1 2 2 2 1 1 2 2 2 1 1 1 1 1 1 1 3 3 2 3 1 1 1 1 1 2 3 1 3 1 3 5 1 1 1 1 2 1 1 1 2 1 3 1 1 1 1 1 3 1 3 1 2 1 1 1 1 1 1 2 2 2 1 1 2 1 2 4 3 1 1 1 3 1 3 1 1 2 2 1 1 1 1 3 1 1 2 3 1 3 1 1 2 2 1 1 2 1 1 1 1 1 1 1 1 1 2 2 2 2 1 2 3 3 1 3 1 4 1 1 1 1 2 2 2 2 2 1 1 1 1 3 2 1 1 1 1 1 2 1 1 2 1 1 2 1 2 1 1 3 2 2 3 1 1 2 2 1 2 1 1 2 1 1 1 1 2 1 1 1 1 1 4 1 1 3 2 4 3 1 1 3 1 3 1 1 2 1 2 2 2 1 2 3 3 1 1 1 1 1 1 1 2 1 3 1 3 4 1 1 1 1 2 2 1 2 1 1 1 1 2 1 1 1 1 2 2 1 1 1 1 1 2 2 1 2 1 1 1 2 1 1 1 1 2 3 1 4 1 1 3 3 1 1 1 1 2 3 4 2 2 1 3 3 1 3 2 1 3 2 1 2 2 2 1 1 2 1 1 2 1 1 2 4 1 1 1 2 2 1 3 4 2 1 1 2 2 2 2 1 2 2 1 1 1 1 2 2 1 2 1 2 1 1 2 1 1 1 1 3 2 2 2 1 1 1 1 1 3 1 2 1 2 2 1 1 3 1 4 1 1 1 2 2 2 1 1 1 1 1 2 1 2 1 1 2 2 2 1 2 1 1 2 2 1 1 1 1 1 2 1 1 1 1 4 2 1 1 3 1 2 1 2 2 1 1 1 2 1 3 1 2 2 2 2 1 2 1 1 2 1 1 1 1 3 1 1 2 2 1 2 1 2 1 1 1 5 1 3 2 3 1 3 2 1 1 2 1 1 2 1 2 3 2 2 2 1 2 1 1 2 2 1 1 1 1 1 1 1 2 2 1 2 2 1 1 2 2 1 3 1 1 3 1 3 2 1 1 2 1 2 1 3 3 2 1 1 1 4 3 1 2 2 2 1 1 1 1 1 3 2 1 2 2 2 1 1 1 1 1 2 1 2 2 2 1 3 2 1 1 2 1 1 1 1 1 1 2 1 1 3 1 1 2 1 2 1 1 2 2 2 4 1 1 1 1 1 1 1 1 2 1 2 2 1 2 2 2 1 1 1 1 1 1 1 1 1 1 2 1 3 1 3 1 1 4 3 1 1 1 3 1 1 1 1 1 1 2 2 1 2 2 1 1 2 1 1 1 2 1 4 2 1 2 2 1 4 1 3 1 5 1 1 2 2 1 2 2 1 1 3 1 2 1 3 3 1 1 2 2 2 2 1 3 2 1 1 1 1 1 2 1 1 3 1 1 1 1 1 1 1 1 1 1 2 5 1 2 1 2 1 1 2 1 2 1 2 2 2 1 4 1 2 1 1 1 1 1 1 1 1 1 1 2 1 3 1 1 2 1 1 1 1 2 4 2 1 3 1 1 3 2 1 1 2 1 1 3 1 1 1 1 1 1 1 3 2 2 1 1 1 1 2 1 1 1 1 1 1 3 4 3 1 1 2 1 2 1 2 1 1 1 1 2 1 2 1 1 1 1 1 1 1 1 2 1 1 2 2 3 1 1 1 2 2 1 1 2 1 1 1 2 1 2 2 1 1 1 1 1 2 1 1 1 1 1 1 1 2 1 1 1 2 1 1 1 1 3 2 2 3 2 2 2 1 1 1 1 2 1 2 1 2 1 1 1 3 2 1 1 1 1 1 1 3 1 1 1 1 2 2 1 1 2 1 1 2 2 2 1 2 1 1 1 3 1 2 4 3 2 1 2 1 1 2 2 1 2 1 1 2 1 1 2 1 2 2 2 3 1 2 1 4 2 2 3 1 1 1 1 1 1 2 1 1 1 3 2 1 1 2 1 2 3 2 1 3 2 3 1 1 2 1 1 2 1 2 2 1 1 1 3 2 1 3 2 1 3 1 1 1 1 1 2 2 2 3 3 2 2 3 2 2 3 1 1 2 2 2 1 2 2 3 1 2 2 1 2 2 1 3 1 1 2 1 1 2 1 3 1 1 2 1 2 1 1 3 1 3 2 2 2 3 3 1 1 1 1 2 1 2 1 1 2 1 1 1 1 2 1 2 1 2 1 1 3 2 1 2 1 4 2 1 1 1 1 2 1 1 2 2 2 1 2 2 2 2 2 1 2 4 2 1 2 1 1 1 1 1 3 1 1 2 3 1 1 2 1 1 2 1 1 3 1 1 1 1 1 1 2 2 3 3 1 1 3 1 1 1 2 2 1 1 1 1 2 2 1 1 2 3 5 2 1 1 4 1 1 1 3 2 2 1 2 2 1 3 1 1 2 2 2 1 1 1 1 2 2 1 2 2 1 1 1 4 3 1 1 2 1 2 2 1 1 2 2 2 1 1 1 2 2 2 1 4 1 2 2 1 1 1 3 4 2 2 2 2 1 1 2 1 2 1 2 2 4 1 1 1 2 1 2 2 1 1 2 2 1 2 2 1 2 1 1 2 1 1 1 1 2 1 2 1 2 3 1 2 1 1 1 2 2 1 1 2 1 6 3 1 1 2 1 1 1 1 1 2 1 1 1 3 1 1 1 1 2 2 3 2 1 2 2 1 2 1 1 1 2 2 1 3 2 1 1 1 1 1 3 1 1 1 4 1 2 1 1 2 1 3 3 1 2 3 1 1 1 2 2 2 1 1 2 1 3 1 2 1 2 1 2 2 1 1 3 1 2 1 2 1 1 2 1 1 2 2 1 1 3 3 1 1 2 1 1 1 2 2 1 1 2 2 1 1 2 1 2 1 1 3 1 2 4 1 1 1 2 3 1 1 2 1 1 2 1 1 1 1 3 1 1 2 1 2 1 1 2 1 1 3 1 1 2 1 2 1 1 1 2 2 1 2 1 1 1 1 1 1 3 1 1 2 1 1 1 2 2 2 1 2 2 1 2 2 2 1 2 1 1 1 2 1 1 2 1 3 2 1 3 3 1 1 2 1 1 1 1 1 2 2 1 1 1 1 2 1 1 1 1 4 2 1 1 1 1 2 3 1 1 2 2 1 3 3 2 1 1 1 1 2 3 1 1 1 2 1 1 4 1 2 1 3 1 1 1 1 2 3 1 2 1 1 1 3 2 2 1 1 1 2 1 1 2 2 3 5 1 2 1 3 1 2 1 1 2 1 1 1 1 1 1 2 1 2 2 2 1 1 2 1 1 3 3 2 1 6 1 1 2 2 1 1 1 1 2 1 2 2 1 2 1 1 1 1 1 3 1 2 1 1 3 1 3 1 5 2 1 3 1 1 2 1 1 2 1 1 1 1 1 1 1 2 4 3 1 2 1 3 2 1 3 2 2 1 3 2 2 2 1 2 1 1 2 2 2 1 2 2 2 2 1 1 4 3 2 1 1 1 1 1 2 1 1 2 1 4 1 1 1 2 2 1 1 1 2 3 1 2 3 1 2 1 2 1 3 1 2 1 1 1 2 2 1 1 2 3 2 1 1 2 2 2 2 2 2 2 2 1 4 2 1 2 2 1 1 1 1 2 2 1 2 2 2 1 1 2 1 1 2 1 1 1 3 2 1 2 3 2 2 1 1 2 1 1 2 1 2 1 2 3 1 2 1 1 1 1 1 2 3 1 1 2 1 1 2 2 1 1 1 1 5 2 1 5 1 1 2 1 1 2 1 1 3 1 1 1 1 1 1 4 1 3 1 2 1 4 1 3 2 2 2 3 2 1 1 6 2 2 1 1 1 2 2 3 2 2 1 2 2 1 1 1 2 2 1 1 1 1 1 2 3 2 1 1 2 3 1 2 4 2 1 1 1 1 1 3 1 1 3 4 1 1 3 1 1 2 1 1 2 1 1 1 1 1 1 1 1 1 1 2 2 2 1 3 1 1 4 6 5 1 1 2 1 1 1 1 1 2 1 1 3 2 3 2 1 2 2 3 1 2 3 1 1 1 1 2 1 1 2 1 1 1 1 1 2 1 1 2 2 1 2 1 2 1 2 2 1 1 1 1 3 2 2 2 1 1 2 2 1 1 2 2 1 1 2 1 1 2 1 5 1 2 2 3 2 1 2 2 1 2 1 1 1 1 2 1 2 1 1 1 2 2 1 1 1 1 1 4 1 2 1 1 1 2 1 1 1 2 2 1 2 5 1 2 1 4 2 1 1 1 2 1 1 2 2 2 4 1 1 1 1 4 2 1 3 1 2 4 1 1 2 1 2 1 1 1 1 1 3 1 1 1 1 2 1 1 2 4 2 2 1 4 3 3 2 1 1 1 3 2 2 1 1 1 2 2 1 1 2 1 2 2 2 1 3 3 1 2 1 2 4 1 2 1 1 2 3 2 2 1 1 1 2 3 1 1 1 1 2 1 2 1 3 3 1 1 1 2 2 1 1 1 1 1 1 1 2 1 1 4 2 1 1 2 1 2 2 1 1 2 2 2 3 2 3 1 3 4 1 1 1 2 1 1 1 1 2 1 1 3 2 1 2 2 1 3 2 1 1 2 4 2 1 1 1 1 1 1 1 2 2 2 1 2 1 1 2 1 2 1 2 2 3 1 2 3 2 2 2 2 1 1 2 3 1 2 1 1 2 1 3 2 1 1 1 1 3 2 1 1 1 1 2 2 1 1 1 1 1 2 1 1 1 1 2 2 1 4 1 1 2 3 1 1 1 1 1 2 1 1 3 1 1 2 1 1 2 1 2 1 1 1 1 2 3 3 1 1 1 2 1 2 2 3 2 2 2 1 1 1 1 2 2 1 1 3 1 1 1 1 1 1 2 1 2 1 4 1 2 2 2 1 1 4 1 1 1 1 2 2 1 2 1 1 1 3 2 1 1 1 4 1 1 1 2 2 1 1 1 2 2 1 1 1 1 3 1 2 4 1 1 1 1 3 1 1 2 2 1 6 2 1 1 1 2 1 1 1 1 1 1 2 2 2 2 2 3 1 4 2 2 2 2 1 1 3 1 1 3 1 1 3 1 1 1 1 1 1 1 2 1 1 1 1 1 1 3 1 3 2 4 2 2 1 1 1 2 1 1 1 1 1 1 2 1 1 3 1 2 1 3 1 1 1 1 1 4 3 2 3 3 3 2 1 1 1 1 1 1 1 3 1 1 2 3 2 1 1 1 2 2 1 1 2 1 1 2 2 1 1 2 1 3 1 2 2 1 2 1 2 2 3 2 2 1 1 1 1 1 1 3 3 2 1 1 2 3 2 1 1 1 1 1 1 2 1 2 1 3 4 4 4 1 2 1 2 2 3 1 2 3 1 3 2 1 2 1 2 2 1 2 1 4 1 1 1 1 1 2 2 1 1 4 1 4 3 1 3 1 3 1 2 2 1 1 1 1 1 1 2 2 1 2 2 2 1 1 1 2 2 2 1 2 2 2 1 2 3 1 1 1 2 1 1 2 3 2 2 2 2 2 1 2 1 2 1 2 2 2 1 2 2 2 1 1 1 2 1 1 1 1 3 1 3 2 2 1 1 3 6 2 1 1 1 4 2 1 1 3 1 1 2 1 1 2 1 1 1 1 2 1 2 3 2 1 3 2 3 1 1 3 3 1 1 1 1 1 3 1 1 2 1 2 1 1 3 1 1 2 3 1 2 1 1 1 2 1 1 1 1 1 3 1 1 1 2 4 1 1 2 3 1 2 1 1 1 4 1 2 2 1 1 1 2 1 1 1 1 2 1 1 2 1 1 1 4 1 3 2 1 2 2 1 2 2 1 2 1 1 2 1 2 1 1 1 1 2 2 4 1 1 1 3 1 3 1 2 3 3 3 1 1 4 1 1 1 2 2 1 1 1 3 1 2 1 1 1 1 1 1 3 1 1 2 1 1 1 1 1 2 1 2 2 3 1 1 1 1 1 1 1 1 1 1 3 2 3 1 1 2 2 1 1 2 2 2 3 2 1 1 1 1 3 2 1 2 2 2 1 4 2 3 2 2 3 1 1 2 1 1 2 1 2 3 1 1 1 2 2 1 2 1 2 1 2 1 1 2 1 3 1 2 1 2 2 3 1 2 1 2 1 1 2 2 4 2 3 1 1 2 1 2 2 3 1 1 1 1 1 1 1 1 1 1 1 2 1 1 2 2 2 2 1 2 1 1 1 3 2 1 1 1 2 4 2 2 1 1 2 1 1 1 2 4 1 3 1 1 2 1 2 1 2 1 1 1 1 1 1 2 1 1 1 3 2 2 1 1 1 1 1 1 2 1 2 1 2 3 1 1 1 1 1 2 1 2 1 1 2 1 2 1 2 2 1 2 1 2 1 1 2 1 1 2 3 3 1 2 1 1 1 3 1 2 1 2 2 1 2 1 3 1 2 2 2 1 1 3 1 1 4 3 1 1 1 1 3 2 2 2 3 1 2 1 2 1 2 1 1 3 1 2 1 2 1 3 1 1 2 2 1 1 1 1 1 5 1 1 1 1 1 2 3 1 1 1 3 2 2 1 1 2 2 1 1 2 1 4 3 3 1 1 2 1 1 1 1 3 1 3 1 1 1 1 1 2 2 1 1 1 1 2 1 2 1 1 3 1 1 1 2 3 2 1 2 2 2 2 2 3 2 2 1 2 2 2 1 1 1 1 1 1 2 1 2 2 1 1 1 3 2 1 1 1 1 2 1 1 1 2 2 3 1 1 2 1 2 2 1 1 2 2 3 1 1 1 3 1 3 2 1 1 2 2 2 1 1 3 1 1 1 2 1 2 1 2 1 2 3 1 2 1 2 1 1 2 1 1 1 1 1 1 2 2 2 1 1 1 1 1 1 1 1 1 1 1 2 1 1 1 2 3 1 1 1 1 1 1 1 1 1 1 1 1 3 3 3 1 2 2 2 3 1 1 2 1 1 1 1 1 2 1 3 2 3 1 2 2 1 2 2 4 1 1 2 2 2 2 2 1 1 1 1 2 1 1 1 1 1 1 1 2 1 3 2 1 1 1 1 2 3 2 3 1 1 1 1 2 3 1 1 1 2 2 1 2 3 1 2 2 1 2 1 1 1 2 1 1 2 1 1 1 5 1 1 1 1 1 3 1 2 1 2 2 1 2 1 2 2 1 1 1 2 1 1 3 1 2 1 1 4 2 1 2 2 1 2 2 1 1 1 2 2 1 3 1 2 2 2 3 1 1 2 1 1 2 2 2 1 1 1 2 1 1 1 2 1 1 1 3 1 3 1 2 3 1 2 1 1 1 1 2 1 1 1 2 2 1 2 2 1 1 1 2 3 1 2 2 1 4 1 2 3 1 1 1 2 2 1 1 1 2 3 1 1 2 1 2 2 1 1 1 1 1 1 2 2 1 2 1 1 1 3 2 1 2 3 2 1 3 1 2 1 3 1 3 1 1 1 1 1 1 1 1 1 1 1 2 2 1 1 1 2 1 1 1 2 1 1 1 4 2 1 2 1 2 1 3 1 2 2 2 2 2 1 5 1 2 1 2 2 1 4 1 1 1 1 2 1 1 2 4 2 2 2 1 2 2 1 2 1 1 1 2 1 2 3 1 1 1 1 1 1 1 3 1 1 2 3 1 2 2 2 2 1 2 1 1 2 2 1 1 3 2 1 2 3 2 2 2 2 1 1 1 1 2 1 2 3 1 1 1 1 1 2 1 1 2 1 1 1 4 5 1 1 3 1 2 1 1 1 1 1 2 1 1 2 1 3 3 2 3 1 3 4 1 1 1 1 2 1 3 2 1 1 1 1 4 4 2 1 1 2 2 2 1 1 1 1 1 1 4 1 2 1 2 1 1 3 1 3 3 3 2 1 1 1 1 1 1 3 1 3 2 2 3 1 1 1 2 1 1 2 1 1 1 1 1 1 1 4 1 2 4 1 3 2 1 1 1 1 2 4 1 2 1 1 1 1 2 1 1 1 2 2 2 1 2 2 1 1 2 1 1 1 1 3 1 1 1 2 1 2 2 2 1 1 1 4 3 2 1 1 2 2 2 1 1 1 2 3 1 3 2 1 1 3 1 2 1 2 1 3 2 3 1 1 1 1 1 1 2 2 1 1 1 2 4 2 3 1 2 2 2 2 2 1 1 2 1 2 2 2 2 2 1 1 1 2 1 1 2 1 1 1 1 1 1 1 3 1 1 2 3 1 2 1 4 2 4 4 1 1 1 3 1 1 1 2 1 2 3 1 3 2 1 1 1 1 2 1 1 2 1 1 1 4 2 1 1 3 2 2 1 1 1 2 3 1 1 1 1 1 2 1 2 4 3 2 1 2 1 4 1 1 2 2 3 1 2 1 1 2 1 1 3 2 2 2 1 2 1 1 1 1 2 3 1 1 2 1 2 2 1 2 1 1 2 1 2 1 1 6 2 3 1 2 1 2 1 1 1 1 1 1 1 3 1 2 1 1 1 1 3 1 2 1 1 1 1 2 1 1 1 1 2 1 2 1 1 1 4 3 1 2 2 2 3 1 1 2 2 3 1 2 1 1 1 1 1 1 1 1 2 1 1 1 2 2 1 3 4 2 1 1 1 1 1 1 1 2 2 1 2 3 2 2 2 2 1 1 2 1 1 2 1 1 2 1 1 1 2 1 1 2 1 2 1 1 1 2 2 2 1 2 3 2 2 2 1 1 3 1 1 1 1 2 1 1 1 2 3 1 2 2 4 1 2 1 1 2 1 1 1 3 1 2 1 1 1 1 2 2 2 1 2 1 1 2 2 2 2 2 1 1 2 1 1 2 1 4 1 2 4 1 2 1 4 2 1 1 1 1 2 1 1 1 1 4 2 2 2 1 3 4 2 2 2 3 1 3 1 1 1 1 2 1 1 1 1 1 1 3 2 2 1 1 1 2 1 1 1 2 2 1 1 2 1 1 1 2 1 3 2 1 1 2 3 1 1 2 2 3 1 1 2 1 2 2 1 2 1 1 1 2 3 1 2 1 1 2 2 1 1 1 1 1 3 2 2 3 3 5 1 2 2 3 1 2 1 1 1 1 1 1 1 1 1 1 2 1 1 3 1 1 2 1 1 2 2 2 1 2 2 1 1 1 1 1 1 2 1 1 2 2 1 2 1 2 2 3 2 2 6 3 1 3 2 1 2 1 1 3 1 4 2 2 2 1 1 1 1 1 3 1 1 3 2 1 2 1 1 3 1 2 1 1 1 1 2 1 1 1 2 1 2 4 2 2 3 2 1 4 2 5 1 1 2 1 2 2 3 1 3 2 2 1 2 2 3 1 1 1 2 1 1 1 1 1 2 1 2 1 1 1 1 1 2 2 2 2 3 1 1 1 4 1 1 1 1 1 4 1 1 1 1 1 2 1 1 3 3 1 1 1 1 4 1 2 2 1 2 2 3 1 2 4 1 4 1 1 2 1 1 2 1 1 2 1 2 1 1 1 1 2 4 2 1 2 2 2 2 1 2 4 3 2 1 2 1 1 3 1 2 1 1 1 1 2 1 2 1 1 2 1 2 2 1 1 2 2 3 2 3 2 1 1 1 1 1 1 1 2 1 3 1 1 2 1 3 2 1 1 1 1 1 1 1 1 2 2 1 1 1 3 1 1 1 2 2 1 1 4 1 1 1 2 1 1 2 3 2 1 2 1 1 2 1 3 1 2 2 5 3 1 1 2 2 1 2 1 2 2 1 1 2 1 1 3 3 1 2 1 2 3 1 2 1 3 1 1 2 2 1 1 4 1 1 1 1 1 1 3 2 2 2 1 1 1 1 4 2 2 1 1 1 2 1 1 4 1 1 2 1 2 1 1 2 3 1 1 1 1 1 2 1 2 1 2 1 1 3 3 1 2 2 1 1 1 4 1 3 1 3 1 3 1 1 1 1 1 1 1 1 1 1 1 1 1 2 1 3 1 2 1 1 2 1 1 3 3 1 1 1 3 2 1 1 2 1 2 4 2 1 1 1 1 2 1 1 2 1 1 1 1 3 1 3 1 3 1 3 2 2 1 1 1 1 2 1 1 3 1 1 3 1 1 3 3 1 2 2 2 1 2 1 1 2 1 2 2 1 1 2 3 2 1 1 1 1 1 1 2 5 2 1 1 2 2 2 1 1 3 1 1 1 1 1 1 1 1 1 1 2 1 2 1 1 2 3 2 2 2 2 1 2 2 1 1 1 1 3 2 2 1 3 2 3 1 1 1 3 1 1 1 1 3 2 2 1 1 5 2 1 1 1 1 1 1 2 2 2 1 1 2 2 2 1 2 1 1 2 2 2 2 1 3 1 1 2 1 1 2 1 4 1 1 2 2 1 2 1 3 2 2 1 2 2 1 1 1 1 2 4 1 2 1 1 1 2 4 1 1 1 1 1 1 2 2 1 1 1 2 2 1 2 1 1 1 1 2 1 1 1 2 1 1 1 2 2 2 2 2 1 1 2 1 3 2 1 1 1 2 1 1 2 1 1 1 1 2 3 1 1 1 1 1 1 5 3 2 1 1 2 1 1 1 1 4 1 1 4 1 1 2 1 3 2 3 1 1 2 1 1 1 1 1 2 2 2 1 2 2 2 1 3 1 3 1 1 1 1 2 2 1 2 1 1 1 1 2 1 1 3 4 1 3 4 1 3 1 2 1 2 1 1 4 2 1 5 2 1 2 1 1 5 2 4 1 1 4 1 2 3 2 1 1 1 3 1 2 1 2 3 2 2 1 2 2 2 1 2 2 2 3 1 1 2 1 1 3 1 1 1 1 1 1 1 1 1 3 1 2 2 1 2 1 2 1 1 2 1 1 2 2 2 2 3 4 1 2 2 3 1 1 2 2 2 1 3 1 1 1 1 2 1 1 1 1 1 1 1 1 2 3 2 1 2 4 1 1 1 1 1 2 1 3 1 2 3 4 2 1 1 1 1 2 2 1 1 1 3 1 2 1 1 1 1 1 1 2 1 1 1 1 2 1 1 1 1 3 1 1 2 3 1 1 1 2 1 3 1 1 1 2 2 1 3 1 2 1 2 2 1 2 2 1 1 1 1 2 2 1 2 1 1 1 2 1 1 1 1 3 1 1 3 1 2 3 3 1 2 2 3 3 3 2 1 4 4 1 2 1 2 2 4 1 2 1 1 1 5 1 2 1 1 2 1 1 3 1 1 1 1 3 2 2 3 1 2 2 1 1 2 2 1 2 1 1 1 4 1 1 1 1 1 3 1 1 2 1 2 1 1 1 1 1 2 3 1 1 1 1 1 1 1 1 2 2 1 3 1 2 2 2 2 3 3 3 1 3 4 1 3 2 1 2 1 1 2 1 2 1 1 3 1 1 1 3 1 1 2 1 3 2 1 5 1 3 2 1 2 2 1 3 3 1 2 2 1 2 3 1 1 2 2 1 4 1 5 1 2 1 1 2 1 1 1 2 1 1 1 1 4 1 1 1 2 1 5 1 1 1 1 1 1 4 3 1 2 1 3 1 2 2 3 1 1 2 1 1 2 1 1 2 1 2 1 1 1 1 1 1 2 2 1 1 1 2 2 1 2 1 2 1 1 2 1 1 2 1 3 2 2 2 1 3 1 2 1 1 1 1 1 2 1 1 1 3 2 2 1 1 4 4 3 1 1 1 1 4 2 1 1 1 2 2 1 2 1 1 1 2 1 1 1 3 2 1 1 2 1 1 2 1 2 2 1 1 1 1 2 1 1 2 2 1 2 1 1 3 1 2 2 2 3 2 1 2 1 1 3 4 3 1 1 3 1 2 1 1 3 1 2 1 3 2 3 1 1 1 3 2 2 2 1 1 1 1 3 1 1 1 1 2 1 3 1 1 1 1 2 2 2 1 3 1 3 2 2 4 2 3 1 1 2 1 1 1 2 1 1 1 2 1 1 3 1 1 1 1 1 2 1 2 2 2 1 1 1 2 3 1 1 1 2 2 3 3 2 2 1 1 2 1 2 1 2 3 2 1 1 2 1 1 1 1 3 1 1 1 1 1 2 1 1 1 2 2 5 2 1 2 4 4 1 1 1 1 1 1 1 1 1 1 1 1 1 1 1 1 1 1 1 3 2 1 4 2 2 4 2 1 1 2 1 2 1 2 1 2 3 3 2 2 1 2 2 2 2 2 2 1 1 1 1 1 1 2 2 1 1 2 1 1 3 1 1 2 1 2 1 1 4 1 1 1 1 2 1 1 1 3 2 1 1 1 1 1 2 1 2 1 2 2 2 3 2 2 2 1 3 1 3 1 1 3 1 2 1 1 2 2 1 3 1 2 1 1 3 1 1 1 1 3 1 2 1 2 3 1 1 2 2 2 1 1 1 1 2 2 1 1 3 2 1 2 2 1 3 1 1 1 1 1 1 2 2 1 1 1 2 3 2 1 1 1 3 1 4 1 1 1 2 5 1 3 2 1 1 2 1 1 2 3 1 1 2 2 1 1 2 1 1 1 2 3 3 1 1 1 1 3 1 3 3 2 1 1 2 1 1 1 3 1 1 2 1 1 1 2 3 2 4 1 1 1 2 2 2 1 5 2 3 1 2 1 1 3 1 1 1 5 3 2 1 1 2 1 1 1 1 2 1 1 2 1 1 1 2 1 2 1 2 2 5 1 2 2 1 3 1 2 1 1 1 3 1 2 1 2 2 1 2 1 3 1 1 1 1 2 2 1 1 3 3 1 1 1 4 2 1 1 1 2 1 1 1 2 1 1 2 1 1 1 1 2 1 2 2 1 3 1 1 4 3 3 2 1 6 2 2 1 1 1 2 1 1 4 1 1 1 1 1 1 2 1 1 1 2 2 1 2 4 1 1 1 1 1 2 2 2 1 1 3 3 1 1 1 3 2 1 1 2 1 2 1 2 3 1 2 4 1 1 1 2 1 2 1 2 2 2 3 2 2 3 1 2 2 2 3 1 2 1 2 2 1 2 1 1 1 1 2 1 2 2 1 1 2 4 4 2 3 1 2 2 3 1 2 2 1 2 3 1 3 1 4 1 2 1 3 1 2 1 3 2 2 1 1 1 1 1 1 1 1 2 1 1 1 1 1 2 1 2 5 1 1 2 1 1 3 1 2 2 3 1 1 1 2 2 2 4 2 1 1 1 1 1 2 2 1 1 1 1 3 2 5 1 1 1 2 2 1 2 2 1 1 2 1 2 1 1 1 2 2 1 1 2 1 2 1 2 1 1 3 2 1 2 1 1 1 2 3 1 2 1 2 1 1 1 2 1 1 2 2 1 4 2 1 2 3 1 2 2 1 2 1 1 2 3 2 3 1 1 1 1 1 1 2 4 2 2 3 2 1 2 1 1 3 1 2 2 1 2 3 2 2 1 1 1 2 2 2 2 1 1 1 2 2 1 1 2 2 2 1 1 2 3 4 2 1 1 1 1 1 3 3 2 1 2 1 2 2 2 1 1 2 2 5 2 1 2 4 1 1 2 2 2 1 2 2 1 2 1 2 2 1 4 2 1 1 1 3 1 1 2 5 1 1 2 1 2 1 1 2 2 3 1 2 2 1 2 1 3 2 1 1 1 1 2 2 1 1 2 1 2 3 2 1 4 1 2 1 2 1 1 1 3 1 1 1 2 2 2 1 3 2 1 1 1 2 1 2 1 2 1 4 1 1 2 1 2 1 2 1 2 1 1 2 2 2 2 3 1 2 1 2 2 2 1 1 1 3 1 1 2 1 1 2 1 3 1 2 1 1 2 1 3 2 1 1 1 1 2 1 1 1 1 2 1 1 1 1 1 1 2 3 2 1 1 3 1 1 1 2 1 3 1 1 4 3 1 1 2 1 2 2 2 1 1 2 1 1 2 1 5 1 1 1 1 1 2 2 1 3 2 6 1 3 1 1 3 2 1 1 2 2 1 2 3 1 1 1 3 1 4 1 1 2 3 1 2 3 2 1 2 1 1 2 1 2 1 1 1 1 2 3 1 1 2 1 1 2 2 3 2 4 2 2 1 1 2 2 1 2 4 2 4 1 4 3 1 1 2 2 1 1 1 2 1 1 1 1 1 1 1 2 1 2 4 1 2 3 1 1 1 1 2 2 2 1 1 2 2 3 1 3 1 2 1 3 3 2 2 1 1 1 1 1 2 2 2 2 2 1 1 2 1 3 3 1 1 1 2 1 1 2 3 1 1 1 3 2 1 2 1 1 1 1 2 1 4 1 1 1 1 2 2 2 1 2 1 1 2 1 3 1 2 1 1 1 2 1 4 3 1 2 1 2 2 1 1 3 2 1 2 1 1 2 1 1 1 1 1 2 1 1 3 1 4 1 1 1 1 1 1 3 1 1 2 3 1 1 1 3 1 3 1 3 3 1 1 1 1 1 2 1 1 2 2 1 2 1 1 1 1 2 2 4 2 2 2 1 1 1 1 1 1 3 2 1 1 1 1 1 3 1 1 1 1 2 1 1 2 3 2 2 1 2 2 1 1 2 1 3 1 1 1 1 1 2 1 1 3 1 2 1 1 2 3 1 3 1 3 1 3 2 2 2 1 1 2 4 1 1 2 1 1 1 1 1 2 2 1 1 1 1 1 2 1 1 1 1 1 1 2 1 1 1 2 2 3 1 1 1 1 2 1 2 1 1 2 3 2 1 3 3 4 3 3 2 1 1 1 3 1 1 2 1 1 1 1 1 1 4 1 4 1 1 1 1 2 1 1 1 2 3 1 2 2 1 1 1 1 1 3 1 1 2 2 1 2 1 2 2 1 1 1 2 1 2 2 1 1 1 1 2 3 1 2 1 1 1 2 1 1 3 1 3 2 2 1 2 2 2 2 2 1 1 2 2 2 3 1 3 2 2 2 1 1 1 2 1 1 1 2 2 2 1 2 1 1 2 1 1 1 1 1 1 2 5 1 1 2 1 1 1 3 1 1 1 1 1 1 1 1 1 1 3 1 2 1 2 1 1 1 1 1 2 1 1 3 1 2 1 1 2 1 2 1 1 1 1 2 1 2 2 2 1 1 1 1 1 1 1 2 1 1 1 3 2 5 1 1 1 1 1 1 2 2 1 1 3 2 1 1 2 1 1 1 3 1 2 1 1 1 2 1 2 2 1 2 1 2 2 2 2 2 2 2 2 2 2 1 1 1 1 1 2 1 2 1 3 2 1 1 1 2 1 1 2 1 1 1 1 1 1 2 2 1 3 1 2 2 1 1 1 2 4 1 1 2 1 2 2 1 1 1 2 3 1 1 2 2 1 1 1 4 4 1 1 1 1 3 1 1 1 1 1 2 1 2 3 2 1 1 3 3 2 1 1 1 1 2 3 2 1 1 2 3 1 3 1 1 1 1 2 1 1 1 1 2 2 2 1 1 2 2 1 1 1 1 3 1 1 2 2 3 2 1 2 1 1 2 1 2 2 1 1 1 2 1 2 2 2 1 2 3 2 1 1 3 2 1 1 1 2 1 3 6 1 1 2 3 3 1 1 1 3 2 2 2 1 1 2 3 2 2 1 3 1 1 1 2 1 2 1 1 1 1 1 1 1 1 1 1 1 2 3 2 4 1 2 1 3 1 1 1 1 2 1 1 3 1 1 2 2 1 1 2 5 1 1 1 2 1 2 1 2 1 1 1 1 3 2 1 1 3 1 2 1 1 1 1 2 1 1 1 3 1 3 3 3 2 1 2 1 2 1 1 1 3 1 2 1 2 1 2 3 1 1 1 1 2 1 4 2 2 3 1 2 3 2 1 2 2 1 1 1 1 1 1 2 1 1 2 2 2 1 3 2 3 3 2 2 2 1 1 3 3 1 1 1 2 2 4 1 2 2 2 1 2 2 2 2 3 1 1 1 1 3 1 1 2 1 1 1 1 1 1 1 3 1 1 1 1 2 1 1 1 1 3 1 4 3 1 1 2 3 2 2 2 1 2 3 2 1 1 2 2 1 3 2 5 1 1 2 2 1 2 2 3 1 2 1 1 1 4 1 4 1 1 3 2 1 1 3 2 1 2 4 1 2 2 1 2 1 2 1 1 3 1 2 1 4 1 2 1 3 1 1 1 2 2 1 1 2 3 3 3 1 1 2 2 1 1 1 2 1 2 1 1 1 1 1 1 3 2 1 2 1 3 1 1 4 1 1 1 2 2 1 2 3 1 6 2 1 1 1 1 1 1 1 1 1 1 1 1 1 5 1 1 2 1 1 1 1 1 2 1 2 1 2 1 1 2 4 1 2 1 1 1 3 1 1 1 1 1 1 3 2 1 2 2 1 1 1 1 2 2 2 1 1 1 1 1 1 2 3 2 5 2 1 2 1 1 3 1 1 2 1 1 4 1 1 1 4 1 2 1 1 1 2 1 2 1 3 1 1 1 1 1 1 1 2 1 1 1 2 1 2 1 1 2 1 1 2 1 3 1 2 3 4 1 1 1 1 1 1 1 1 1 1 1 1 3 1 2 2 1 2 2 1 1 1 1 1 3 1 1 1 3 1 1 1 1 1 2 1 2 1 2 2 1 2 3 1 1 2 1 1 2 1 1 3 1 3 2 1 1 1 2 1 1 1 3 1 1 3 1 3 1 1 2 2 1 1 2 1 4 1 1 3 1 1 1 1 1 1 1 2 2 2 3 2 1 1 1 1 1 1 2 2 1 1 2 3 1 1 1 1 2 3 2 2 2 1 4 2 1 2 1 3 1 1 1 1 2 2 1 3 2 1 3 2 2 2 2 1 3 1 2 1 1 1 3 1 1 1 2 1 4 3 2 2 1 1 2 1 1 1 1 3 1 1 2 1 1 4 1 3 2 1 2 1 1 2 2 1 3 1 3 1 1 1 2 1 1 2 1 1 2 1 1 2 5 1 1 3 1 1 2 1 1 1 1 4 1 1 1 1 1 2 1 1 2 1 2 1 1 2 2 2 1 2 3 1 2 1 1 1 2 2 2 1 2 1 2 1 2 2 1 1 1 1 1 2 1 1 1 2 1 2 1 1 1 1 4 2 1 2 1 2 1 2 1 1 1 1 2 1 1 1 1 3 2 2 1 2 3 1 1 1 1 2 2 1 2 2 2 2 3 1 2 1 1 1 1 1 1 2 1 3 2 1 2 2 3 4 1 2 3 2 2 1 3 1 1 1 1 1 1 2 1 3 2 2 3 1 2 3 2 1 1 1 4 1 1 1 1 1 2 1 1 3 2 1 2 1 1 1 1 1 2 1 1 2 1 1 1 2 1 2 1 2 2 1 1 2 2 3 1 1 5 1 1 1 1 3 2 2 1 2 1 1 3 1 4 2 3 2 1 1 1 1 1 2 2 2 1 1 1 1 1 2 1 1 1 1 1 2 1 2 2 2 2 2 2 2 1 1 1 1 1 1 1 1 1 2 3 2 2 1 1 1 3 1 3 1 3 4 1 2 1 1 2 4 3 1 1 1 1 3 1 1 3 1 1 1 1 1 1 1 1 2 1 2 1 1 1 1 2 2 1 1 3 1 1 1 1 1 4 1 1 1 2 3 2 1 4 1 1 1 2 3 3 2 1 1 1 2 1 1 2 3 1 1 2 1 1 1 1 1 2 1 2 1 1 1 1 2 2 1 2 3 3 1 1 1 1 1 1 1 1 2 3 2 1 1 1 3 2 1 1 1 1 2 1 2 3 1 1 1 2 1 2 2 3 1 1 1 4 4 1 1 5 1 1 2 1 1 2 2 1 2 1 1 1 2 1 1 2 1 4 3 1 2 1 1 3 3 2 1 3 1 1 3 1 1 1 1 3 2 1 2 1 1 2 1 1 2 1 3 1 4 1 2 2 2 1 1 1 1 1 1 1 1 3 2 1 2 2 1 1 1 1 3 1 1 1 1 1 1 1 2 2 1 1 1 4 1 2 2 2 2 1 4 1 2 2 1 1 2 1 1 3 3 2 2 4 3 2 3 1 1 2 1 1 1 1 1 1 1 1 2 1 1 2 3 4 2 3 1 1 3 2 2 4 1 2 1 2 2 1 5 2 1 1 1 2 1 1 2 3 3 2 2 1 1 1 1 3 1 1 1 2 2 1 1 1 2 1 1 1 1 1 1 3 2 1 1 1 1 1 2 5 1 1 2 1 1 1 2 2 2 1 1 2 1 1 1 1 2 2 1 2 1 2 3 3 5 1 1 1 1 1 1 2 1 1 1 1 3 1 1 1 2 1 4 1 2 4 1 1 3 1 1 2 1 1 2 2 1 1 1 1 2 1 1 1 1 1 1 2 2 1 3 1 2 3 2 2 1 1 1 1 1 1 1 1 1 3 1 1 3 2 2 1 1 2 2 2 1 1 1 1 1 3 2 3 1 1 4 1 1 1 1 1 1 2 2 6 2 1 1 2 2 2 2 2 2 1 1 1 2 1 2 3 4 2 1 1 2 3 1 1 3 2 2 2 2 1 1 3 2 2 1 2 1 1 1 2 2 1 1 1 1 3 2 1 2 2 1 1 2 1 1 1 1 3 1 2 2 2 2 2 1 2 2 1 1 2 4 1 1 2 2 1 1 1 1 1 1 1 1 4 3 2 2 1 4 3 1 1 1 1 1 2 2 3 1 3 1 1 1 2 3 5 2 1 1 1 2 2 1 2 1 2 1 1 1 3 4 1 1 2 2 1 1 1 1 1 1 2 1 1 2 2 1 1 2 2 1 1 3 1 1 2 1 2 3 3 1 2 1 2 2 1 2 2 2 1 1 2 1 2 1 1 1 1 2 1 1 2 
  #Test Small 25923
  #Test Medium 54992
  #Test Large 85409
