Board size [mm] 50x250

Stats side 1
  #Components with background 6
  #Components with points 69
  #Components nofly 2
  #Components notouch 3
  #Pins 16875
  #GNDs 617
  #VDDs 455
  #Clock 12
  #NoFly points 276
  #NoTouch points 634
  #Points [total] 18869

Stats side 2
  #Components with background 11
  #Components with points 37
  #Components nofly 4
  #Components notouch 0
  #Pins 10200
  #GNDs 185
  #VDDs 109
  #Clock 3
  #NoFly points 664
  #NoTouch points 0
  #Points [total] 11161

Stats board (side 1 + side 2)
  #Components with background 17
  #Components with points 106
  #Components nofly 6
  #Components notouch 3
  #Pins 27075
  #GNDs 802
  #VDDs 564
  #Clock 15
  #NoFly points 940
  #NoTouch points 634
  #Points [total] 30030
  #Nets 27618
    Net Size: 802 564 15 1 2 1 2 1 1 2 3 2 1 2 1 2 3 6 2 1 2 1 1 3 1 1 1 6 1 1 1 1 1 1 3 1 1 1 2 1 1 2 1 1 1 1 2 4 1 2 1 2 1 2 1 1 2 1 1 2 2 1 1 1 2 1 1 1 1 1 1 1 2 2 2 1 1 2 1 3 1 2 1 1 1 2 1 3 1 1 2 3 2 1 1 1 1 1 1 1 1 1 1 5 3 1 1 2 2 1 1 1 2 1 1 1 2 1 2 1 1 1 1 4 4 1 1 1 1 6 1 1 3 1 2 3 1 1 2 3 1 2 2 3 1 1 3 2 1 1 1 1 3 1 2 1 1 2 2 1 2 2 1 3 1 2 1 2 2 3 2 2 3 2 3 1 1 1 2 1 2 3 2 1 2 2 1 1 4 4 1 1 1 1 2 1 3 2 1 1 1 2 1 2 1 1 1 2 1 1 1 2 1 1 2 2 2 1 1 1 2 1 1 1 2 1 1 1 1 3 1 1 1 1 1 1 2 2 1 1 1 2 1 1 2 2 2 1 2 2 3 1 1 1 2 2 2 1 1 2 1 3 4 2 1 1 2 2 1 1 1 1 1 3 3 2 2 1 2 1 1 1 2 2 2 2 2 1 2 2 2 2 3 2 2 1 1 3 1 1 2 1 1 1 1 2 1 2 2 2 1 1 2 3 1 1 1 3 1 2 2 1 1 2 1 1 1 3 4 2 1 1 1 1 1 1 1 3 2 1 2 1 2 2 2 1 1 2 1 2 2 3 1 2 1 1 2 1 2 1 3 2 1 1 1 1 2 2 2 2 1 2 1 1 2 5 1 1 3 2 4 3 3 1 4 2 1 2 1 1 1 4 1 2 2 1 1 1 3 1 2 1 1 3 1 1 1 1 3 2 3 1 1 3 1 1 1 1 1 1 2 1 1 1 2 5 1 2 1 1 1 1 2 2 1 1 3 3 1 1 4 1 2 1 1 2 2 1 2 2 3 2 1 1 1 1 3 2 2 1 2 1 1 2 1 2 1 1 1 1 2 2 1 4 1 4 1 1 1 2 1 3 1 1 1 1 2 3 2 1 1 5 2 3 2 1 2 1 2 6 2 1 1 1 1 1 1 2 2 1 1 2 1 1 1 3 1 2 1 3 1 2 1 1 1 2 2 2 1 3 2 1 1 2 1 1 2 2 1 2 2 1 1 1 2 1 2 1 2 2 1 1 1 2 1 2 2 1 1 1 2 1 3 1 1 2 2 1 1 2 1 1 2 2 2 1 2 2 2 2 2 1 2 2 1 1 3 1 2 1 1 2 3 1 1 2 1 1 1 2 2 2 1 1 2 1 1 2 2 1 3 4 2 1 1 2 2 1 1 3 2 3 1 2 2 1 2 2 1 1 2 1 1 1 3 2 1 1 2 3 1 2 1 2 2 2 1 2 2 2 1 3 1 3 1 2 1 1 1 2 5 1 3 2 1 2 1 1 2 1 3 2 2 3 1 2 1 3 2 2 1 2 2 4 4 1 2 3 1 2 1 3 1 3 1 1 1 1 3 1 2 2 3 3 1 2 1 3 1 3 2 2 2 3 1 2 2 1 2 1 1 1 1 2 2 2 3 1 1 2 1 3 2 1 2 1 1 1 1 2 1 1 2 1 1 5 1 1 1 1 1 2 1 1 1 2 3 3 2 2 2 1 1 1 1 1 1 1 4 3 1 1 1 1 1 2 2 1 1 1 2 2 1 1 2 2 1 1 1 1 1 1 2 1 1 1 2 2 1 1 1 1 3 2 3 1 1 1 1 3 1 1 1 1 1 1 2 1 3 3 1 1 1 1 2 1 2 1 3 3 3 1 1 1 1 1 2 1 2 3 1 2 2 1 2 2 1 1 4 1 2 1 2 2 1 1 2 2 2 2 1 1 1 1 2 1 1 1 2 1 1 3 1 2 1 2 1 1 2 1 3 2 1 2 1 2 1 3 1 2 2 1 3 1 1 1 1 3 2 2 1 2 3 1 2 1 3 1 1 1 2 1 1 2 2 1 4 2 2 1 2 1 2 3 1 1 1 2 3 1 2 2 2 1 2 2 1 1 2 1 1 4 1 1 3 1 1 2 1 1 1 2 1 3 2 1 3 2 2 1 1 1 1 2 2 1 2 1 1 2 1 1 1 2 2 2 1 2 1 3 5 3 1 1 1 4 1 1 1 2 1 1 1 1 3 1 5 2 2 1 1 1 2 3 2 1 1 1 1 1 2 1 1 2 1 2 1 1 1 2 1 1 4 1 3 2 1 1 1 2 2 3 2 1 2 1 1 1 1 1 1 2 2 2 1 2 2 1 2 1 1 1 5 1 3 4 2 3 1 1 6 1 1 1 2 2 1 2 2 2 1 1 2 1 1 1 2 3 2 1 2 1 1 1 4 1 1 5 1 2 1 1 2 2 2 1 1 1 1 1 2 1 1 2 1 1 1 1 1 1 2 1 1 1 1 1 1 1 1 1 2 1 1 1 3 1 2 1 2 2 3 1 3 2 3 2 4 1 1 1 1 1 2 1 2 1 2 2 1 4 3 2 2 1 2 1 3 1 1 2 1 4 2 1 3 3 2 1 2 1 3 1 1 2 1 1 2 1 1 1 2 1 1 3 2 2 3 1 1 1 2 1 1 2 3 2 2 1 2 1 2 1 2 3 1 2 1 1 1 2 1 1 1 3 2 1 1 1 1 2 1 1 1 1 1 2 1 1 2 2 2 1 2 1 1 1 3 2 1 2 2 2 1 3 1 2 2 2 1 1 1 3 1 1 1 1 1 1 1 1 1 3 1 1 1 1 1 2 1 3 3 3 1 2 3 2 1 2 2 1 2 3 1 2 1 2 3 1 2 1 2 1 1 2 2 1 1 3 1 1 4 1 1 2 1 1 5 1 1 1 2 1 1 2 2 2 3 2 1 1 2 1 2 2 3 2 2 2 2 1 2 1 2 2 1 1 2 1 1 2 1 2 1 2 1 2 1 2 2 1 1 2 1 2 4 1 5 2 2 1 1 2 1 2 1 1 1 2 2 1 1 1 2 1 4 1 1 2 1 1 1 1 2 1 1 1 2 2 1 1 1 1 1 1 1 1 2 1 2 1 1 1 1 1 4 1 1 1 1 1 1 1 1 1 1 3 2 1 3 2 1 2 3 1 1 1 1 1 1 2 1 1 3 2 1 1 3 3 3 2 1 1 1 2 1 5 1 2 2 1 2 1 5 2 3 2 2 1 1 2 2 1 2 2 1 1 2 1 1 2 2 2 3 2 1 2 1 3 1 2 2 2 1 1 2 2 1 1 2 3 1 2 2 1 3 1 2 1 1 1 1 1 1 1 1 1 2 2 2 2 4 1 2 3 3 1 2 1 1 1 1 1 1 2 1 2 2 2 1 2 1 1 2 1 1 1 1 2 1 3 2 1 1 2 2 2 3 2 1 1 2 1 1 1 1 1 1 2 1 1 1 2 2 2 1 1 3 1 1 2 1 1 1 1 1 2 2 1 3 2 2 1 1 1 3 1 1 2 1 1 1 1 3 1 1 1 1 1 1 2 2 3 1 3 2 1 1 2 2 2 4 3 1 2 1 1 1 2 2 4 2 1 1 1 1 1 1 1 3 2 1 1 1 1 1 2 1 2 1 3 1 2 1 3 2 2 1 
  #Test Small 1636
  #Test Medium 4458
  #Test Large 6526
