Board size [mm] 275x175

Stats side 1
  #Components with background 72
  #Components with points 331
  #Components nofly 5
  #Components notouch 5
  #Pins 61435
  #GNDs 2264
  #VDDs 1969
  #Clock 28
  #NoFly points 820
  #NoTouch points 878
  #Points [total] 67394

Stats side 2
  #Components with background 58
  #Components with points 336
  #Components nofly 1
  #Components notouch 1
  #Pins 65912
  #GNDs 2526
  #VDDs 1970
  #Clock 45
  #NoFly points 120
  #NoTouch points 170
  #Points [total] 70743

Stats board (side 1 + side 2)
  #Components with background 130
  #Components with points 667
  #Components nofly 6
  #Components notouch 6
  #Pins 127347
  #GNDs 4790
  #VDDs 3939
  #Clock 73
  #NoFly points 940
  #NoTouch points 1048
  #Points [total] 138137
  #Nets 7417
    Net Size: 4790 3939 73 1 2 1 2 3 1 3 1 1 1 1 1 2 3 1 1 1 1 1 1 1 2 1 3 2 2 1 2 1 1 1 3 1 1 1 1 1 1 1 1 1 1 1 2 1 1 1 2 5 1 1 2 3 1 1 3 1 3 2 4 4 3 2 1 1 2 2 2 1 4 1 1 3 2 4 1 1 1 3 2 1 1 4 1 4 2 1 3 3 3 3 2 1 2 1 1 1 1 3 1 1 1 1 2 1 1 1 1 3 3 2 3 1 1 1 1 1 1 1 1 1 2 3 2 2 1 3 2 1 1 5 2 1 3 3 1 2 1 2 1 1 2 2 1 2 1 1 4 2 1 1 2 4 2 2 3 2 1 1 1 2 2 1 2 1 1 1 2 2 2 3 2 1 1 1 2 1 1 1 1 1 2 1 2 1 4 1 2 1 2 1 2 2 1 2 1 2 3 1 2 2 1 3 2 1 1 1 1 2 1 3 1 2 4 3 2 2 2 1 2 3 1 1 1 2 1 1 2 1 2 3 4 1 3 1 1 3 1 1 1 1 1 1 3 2 3 2 1 2 1 1 1 1 1 2 3 1 1 1 1 3 2 1 1 1 1 2 1 2 1 2 1 3 1 1 1 1 2 2 5 2 2 2 2 4 1 1 1 1 1 2 1 1 1 1 1 2 3 1 2 1 2 2 2 1 1 2 4 1 1 2 2 2 2 2 2 1 2 2 1 1 1 1 1 1 1 1 1 3 1 2 4 1 1 3 2 1 2 3 3 1 1 3 1 2 2 1 1 3 4 2 3 1 2 2 2 1 1 1 1 3 1 1 1 1 1 3 2 2 1 5 1 1 1 1 1 2 1 1 1 2 1 3 2 3 3 3 1 2 2 2 1 3 2 4 2 1 1 2 3 1 1 1 1 1 1 4 1 2 1 1 2 1 2 2 2 4 1 4 2 3 2 2 4 2 1 1 1 1 3 3 2 2 1 2 2 2 2 1 3 2 3 2 2 1 2 1 1 1 2 1 2 1 2 1 2 1 1 1 3 2 1 1 1 2 1 2 3 1 3 1 2 2 2 3 3 1 3 3 2 4 1 1 1 1 1 3 2 1 1 3 1 2 3 1 1 2 2 2 1 1 4 2 3 3 1 2 1 1 2 3 3 1 1 1 2 2 2 1 4 1 1 2 2 1 2 5 2 1 2 3 2 4 1 1 1 1 2 1 1 1 1 1 2 2 4 1 1 1 1 1 2 3 1 2 1 3 1 1 4 1 1 2 1 1 2 1 1 4 2 3 2 4 2 2 1 2 2 2 2 3 2 1 2 1 4 1 1 1 1 1 1 1 2 3 1 1 1 3 2 1 1 1 1 2 3 1 1 2 1 1 1 2 2 3 2 1 2 2 4 2 1 3 2 2 1 2 1 2 2 2 3 2 2 2 2 2 3 2 1 2 3 1 2 2 2 1 1 1 1 4 1 1 1 3 1 1 1 1 2 2 2 3 1 1 2 1 1 2 1 1 2 1 1 1 1 1 4 2 1 2 1 1 1 2 1 3 3 2 1 1 1 1 3 1 1 1 2 1 1 3 5 2 1 1 2 2 1 1 2 1 1 3 2 2 4 1 2 1 1 2 1 1 3 1 1 1 2 1 1 2 2 1 2 3 1 2 1 2 1 1 4 1 1 1 2 2 1 1 2 1 1 3 1 2 1 1 1 3 2 1 1 3 1 1 2 1 4 3 1 3 2 4 1 1 3 1 1 2 1 1 2 1 3 2 3 3 2 1 1 2 1 1 1 2 1 2 1 2 3 1 1 1 1 2 2 1 1 1 1 3 2 1 1 3 1 1 2 2 1 4 2 3 1 1 1 3 1 2 1 1 1 4 1 1 1 3 3 1 1 1 3 1 1 1 1 3 2 3 1 1 1 2 1 1 1 2 1 4 1 1 1 2 1 3 5 1 1 1 2 2 1 2 2 2 1 1 2 2 1 1 2 1 2 3 1 1 1 1 3 3 3 2 3 3 3 2 1 1 3 2 1 2 1 2 1 1 3 3 3 1 1 1 2 1 2 2 1 1 1 1 2 1 1 1 1 2 1 3 1 2 1 1 1 2 1 1 1 1 1 1 1 2 2 1 2 1 1 2 1 1 1 2 4 1 3 1 3 1 1 4 4 1 5 4 2 1 1 2 1 5 1 3 2 2 3 4 1 1 2 1 1 1 2 2 3 1 2 3 1 1 2 2 2 1 4 2 1 2 1 1 2 2 1 1 1 1 4 4 2 1 1 2 1 2 2 1 2 2 3 5 1 3 2 1 2 1 2 4 2 1 3 1 2 2 3 1 1 2 1 2 1 2 1 3 1 1 2 2 3 1 1 1 1 7 4 2 1 1 2 1 1 3 1 1 1 2 3 2 1 1 3 3 3 1 1 1 2 1 4 2 1 1 1 2 1 2 2 1 3 1 3 1 1 1 1 2 2 3 3 5 3 3 1 1 1 2 3 2 1 3 1 1 1 3 2 1 1 2 1 1 2 2 2 1 2 2 1 2 1 2 1 2 1 1 1 2 1 1 1 4 1 3 2 1 1 2 1 1 1 3 2 1 1 1 2 2 1 1 1 1 2 2 3 1 1 1 3 1 1 1 3 3 3 1 2 4 1 2 1 2 2 2 1 2 1 1 1 3 2 1 1 1 1 3 3 1 1 2 2 1 1 1 3 2 1 2 1 2 1 1 3 1 1 3 1 1 1 1 1 1 2 1 1 1 1 1 2 1 3 1 1 1 2 1 1 1 1 2 1 2 1 1 1 4 1 1 3 1 1 1 2 1 1 3 4 1 1 3 2 2 3 1 2 2 1 2 2 1 1 1 1 3 2 3 1 2 3 2 2 2 2 1 2 2 3 2 1 1 2 2 3 2 4 1 2 4 2 1 1 2 1 1 2 1 1 1 1 1 3 1 3 1 1 1 2 1 1 2 3 4 1 2 2 3 1 3 1 1 2 2 2 1 1 1 1 1 1 1 1 1 2 1 2 3 4 1 3 1 1 2 1 2 3 2 4 1 2 2 2 1 1 1 1 1 1 2 1 1 3 3 2 1 3 3 1 1 2 1 2 2 2 1 2 1 2 1 1 4 2 2 1 3 2 3 1 1 1 2 1 1 2 1 2 1 1 1 1 1 1 1 1 3 1 2 2 1 1 3 3 2 1 4 4 1 1 1 1 1 3 1 1 2 3 2 1 2 1 1 2 2 1 2 6 1 1 1 3 1 2 1 1 1 1 1 1 2 1 2 1 2 3 3 1 1 1 1 5 3 2 3 2 1 2 3 2 2 2 1 2 2 3 2 1 1 2 1 1 1 2 3 2 2 1 2 2 2 4 1 1 3 1 1 4 2 1 2 1 1 1 2 2 1 1 4 1 1 4 2 1 2 3 1 1 2 1 2 1 2 2 2 2 3 2 2 1 1 1 1 4 1 1 1 2 4 3 1 1 4 2 1 3 1 1 1 1 2 1 2 2 2 2 2 1 1 1 3 1 1 2 1 2 1 4 1 2 3 3 2 1 2 1 2 1 1 1 3 1 3 3 1 1 2 2 2 2 1 1 2 4 3 3 2 1 1 2 1 4 1 1 2 1 2 1 2 1 1 3 2 2 1 1 2 3 1 2 1 1 1 2 1 1 1 3 2 4 1 2 1 4 3 2 1 2 2 4 1 2 1 2 3 3 1 1 2 2 3 6 2 1 3 4 3 1 1 2 1 1 1 1 2 1 5 1 2 2 2 1 2 1 3 3 3 2 2 2 1 1 1 1 1 2 1 4 2 2 3 1 2 1 1 2 1 1 3 1 1 1 1 1 3 3 1 2 2 1 3 2 3 1 2 2 1 1 4 1 3 1 2 1 1 3 1 2 1 1 1 2 2 1 2 2 2 2 1 2 1 1 1 1 1 1 1 3 1 1 1 1 1 3 1 2 1 2 1 2 1 2 3 1 1 2 2 1 2 2 2 2 1 1 2 2 1 2 3 1 1 4 2 1 1 1 2 1 1 1 3 2 1 1 1 4 1 2 1 3 1 1 2 2 2 1 3 5 1 1 3 1 2 1 1 1 2 2 1 1 1 3 1 2 1 1 3 1 2 1 2 2 1 1 2 1 1 1 2 2 2 1 3 2 1 3 1 2 2 1 1 1 2 1 1 1 1 1 2 1 1 3 1 2 1 3 1 1 2 2 1 1 2 2 3 1 1 2 2 4 3 2 1 3 1 1 1 3 3 1 2 2 1 2 1 2 1 2 1 1 1 1 1 2 1 3 2 1 1 3 1 1 1 1 2 1 2 1 1 1 1 1 1 2 1 1 2 2 1 1 1 1 3 2 4 1 2 2 2 1 2 2 2 1 1 3 2 1 1 1 3 1 1 1 1 1 1 1 1 1 2 1 2 1 4 1 1 2 1 4 1 1 1 2 1 2 1 2 1 2 2 3 1 1 2 1 3 1 2 1 2 1 2 2 2 3 2 2 2 1 1 2 1 1 1 1 2 1 1 2 1 2 3 2 3 1 2 2 1 1 1 2 1 1 1 1 2 1 2 1 1 1 1 1 2 4 1 1 1 1 2 1 3 1 1 2 1 2 1 2 1 3 2 2 4 3 2 1 1 2 1 1 1 1 1 2 1 2 1 1 1 1 1 1 1 1 1 1 1 1 1 1 2 3 1 1 1 1 3 4 4 3 1 1 2 1 1 1 2 1 2 1 1 3 1 1 1 1 1 1 2 1 1 1 2 3 2 2 1 1 2 1 2 1 2 1 1 1 4 1 3 2 1 1 1 1 4 1 2 1 2 1 1 4 3 1 1 1 1 2 2 3 3 3 2 1 1 2 3 1 3 1 2 2 2 3 1 3 2 1 1 1 1 2 1 2 1 1 2 1 2 2 1 3 2 1 1 1 2 1 2 1 3 3 1 2 2 3 1 2 1 2 1 1 1 1 3 1 2 3 1 4 1 3 3 2 1 1 1 1 1 1 2 1 2 2 3 3 3 2 1 1 1 2 3 2 2 3 2 1 1 2 3 1 1 3 1 2 4 1 2 3 2 1 1 1 3 1 1 1 2 3 1 1 2 1 1 2 2 2 2 2 1 2 2 2 1 2 1 2 1 4 1 2 1 1 1 1 2 2 1 2 2 1 1 1 1 2 1 2 4 1 3 2 1 2 1 1 2 2 4 2 2 1 4 1 2 1 1 3 1 2 1 2 1 3 2 1 1 3 2 1 3 2 2 3 2 2 2 1 1 1 1 1 2 1 1 2 1 1 2 1 2 1 1 1 2 1 1 1 1 3 2 2 2 1 1 1 1 1 2 2 3 4 1 2 1 2 1 1 1 3 1 1 1 1 1 3 1 3 4 1 3 2 2 2 1 1 1 1 1 1 1 1 1 1 2 3 1 1 2 1 2 2 1 2 1 1 1 1 2 2 1 1 3 2 2 2 3 1 1 3 1 1 1 3 2 1 1 1 1 1 1 3 1 2 1 2 1 2 1 1 2 1 3 2 1 2 1 4 1 3 1 2 1 3 1 2 2 1 2 2 2 1 2 2 2 2 1 1 2 2 3 1 2 1 1 1 2 1 2 1 2 2 1 2 1 1 1 2 1 2 3 1 1 1 1 2 4 1 2 1 3 2 2 1 1 1 2 1 2 2 2 2 1 1 4 1 2 1 1 2 1 1 2 1 1 1 1 1 1 2 1 2 4 1 3 1 1 2 1 2 2 1 4 2 1 1 1 2 2 1 1 2 1 1 4 1 2 2 1 2 1 1 1 1 1 1 1 3 2 1 1 3 4 4 1 2 1 2 2 1 3 3 1 1 1 2 1 1 1 1 1 3 1 2 3 1 2 3 2 2 3 2 1 1 2 1 1 1 1 1 2 1 1 2 5 2 2 2 3 2 1 1 3 1 2 1 1 2 1 1 1 2 3 2 2 2 2 2 2 3 1 1 2 1 2 1 1 1 1 2 2 1 2 2 1 1 2 3 1 1 2 3 1 2 2 1 2 1 3 2 1 1 1 1 2 4 3 1 2 1 2 2 2 1 4 1 1 1 1 1 3 3 1 1 2 4 2 1 2 3 1 1 2 3 3 2 1 2 1 1 1 3 2 2 3 2 1 1 1 1 3 1 1 2 1 3 2 1 2 1 1 2 1 3 1 2 1 1 1 1 1 3 1 1 1 1 2 4 2 1 5 1 1 1 1 2 1 2 2 1 4 2 3 2 1 3 1 1 1 1 1 1 1 3 1 1 1 1 1 2 2 1 2 2 1 2 1 3 1 2 2 1 2 2 1 1 1 2 1 1 1 1 2 1 1 3 2 1 2 1 4 1 1 1 3 3 4 2 2 1 2 1 1 1 1 3 2 2 1 3 2 2 2 1 2 1 1 2 1 1 6 3 1 1 2 3 2 4 1 2 2 1 1 2 3 1 2 1 2 1 1 1 1 1 1 2 2 1 2 5 2 2 2 1 1 2 2 2 1 1 2 1 3 3 2 1 1 1 2 3 1 1 3 4 1 2 2 3 3 2 2 1 1 2 1 1 1 1 1 2 1 1 1 2 1 1 2 1 1 1 2 2 4 2 1 1 1 1 1 2 2 2 1 3 1 1 2 2 1 1 1 2 4 1 3 3 1 1 2 1 1 6 2 1 1 2 1 1 2 1 1 2 1 1 3 1 2 1 1 2 2 1 1 1 1 1 5 1 2 2 1 4 1 1 3 1 2 1 1 2 1 2 1 1 1 2 2 2 2 1 3 1 2 2 1 1 2 2 2 2 1 1 3 2 1 1 2 2 1 1 3 1 1 2 4 1 1 2 1 1 4 1 1 1 1 2 1 3 1 1 1 2 5 1 4 1 1 3 1 1 1 1 1 4 1 1 1 5 4 1 1 1 2 1 3 1 1 1 2 2 1 4 1 1 1 1 2 1 4 3 3 2 2 3 3 2 2 3 2 3 2 2 1 2 2 2 1 1 1 1 1 3 2 2 1 2 1 2 2 3 2 2 2 2 2 1 3 1 2 3 1 1 1 2 1 1 1 2 1 3 4 1 2 3 1 2 1 1 1 3 2 3 1 1 1 1 1 2 1 3 1 3 1 3 1 1 1 2 1 1 2 2 4 2 4 3 3 1 1 1 3 1 1 1 1 2 1 3 2 3 2 1 1 2 2 2 1 1 1 3 2 1 2 1 4 3 4 1 3 1 2 3 1 3 1 1 2 1 3 1 1 1 1 1 3 1 3 2 1 1 2 2 2 1 1 3 1 3 2 1 3 2 2 3 2 2 3 2 1 1 1 1 1 1 2 1 1 4 2 1 2 1 2 3 4 1 1 1 2 1 2 1 2 1 1 5 1 1 2 1 2 6 1 2 4 2 1 2 2 3 1 1 1 2 1 2 1 1 1 2 3 2 1 1 1 3 1 1 2 1 1 1 1 1 2 2 2 3 1 1 2 1 2 4 1 3 3 1 3 2 3 2 3 2 1 1 1 1 1 1 1 2 1 1 2 2 2 2 2 1 1 1 1 2 3 3 3 2 2 1 1 3 1 1 3 2 1 3 1 1 2 1 1 2 1 1 2 1 1 1 1 1 1 3 2 2 2 1 1 1 3 1 1 1 1 2 1 3 1 1 1 2 2 5 2 1 1 1 1 2 1 1 1 2 3 2 4 1 1 3 3 3 2 1 3 3 2 1 1 1 1 1 1 1 3 4 1 2 1 1 2 2 1 1 1 1 1 7 1 1 1 3 3 3 1 2 1 1 1 2 1 2 3 2 4 1 1 1 1 7 1 1 2 1 1 2 2 1 3 1 3 3 1 1 1 1 1 1 1 1 1 2 4 1 3 2 4 1 3 1 1 1 3 2 2 1 3 1 3 1 1 1 4 4 1 1 1 3 1 1 1 1 3 3 3 1 1 2 3 3 2 3 3 1 3 1 1 3 1 1 1 2 1 3 3 2 1 1 2 1 1 1 1 1 2 1 2 2 1 2 1 1 1 1 2 2 3 1 2 2 1 3 2 1 2 3 1 2 2 1 1 1 2 2 2 2 4 2 4 1 3 1 3 1 3 1 2 2 3 1 1 1 3 1 2 1 2 2 1 3 1 2 2 2 3 1 1 2 3 3 1 3 2 2 2 2 1 1 2 2 1 1 2 2 1 1 1 3 2 1 3 2 1 2 1 1 2 3 1 1 3 3 1 1 1 1 1 1 1 1 1 3 1 2 2 4 1 7 5 1 3 1 1 2 3 2 1 2 1 1 1 1 1 1 1 1 1 1 1 2 2 1 4 1 4 2 1 2 1 3 1 1 1 3 2 1 1 2 2 1 1 3 3 2 1 2 1 1 1 1 1 1 1 1 2 2 1 2 2 2 1 1 1 1 2 1 1 1 2 1 3 2 1 1 1 2 2 1 1 2 3 1 2 1 3 2 1 3 1 1 2 1 1 1 3 2 1 2 1 1 1 2 2 1 1 1 1 1 1 1 2 2 2 2 4 1 1 2 1 2 1 1 2 1 3 1 1 1 1 3 1 4 1 1 1 1 1 2 2 1 1 1 1 2 6 1 4 3 4 2 2 2 1 1 2 1 3 1 3 1 1 2 2 1 1 1 3 1 2 1 2 5 1 2 2 1 3 1 1 1 1 3 1 1 3 4 1 1 1 2 1 1 1 1 3 1 1 4 1 2 2 4 2 4 1 1 3 1 1 2 3 2 1 1 1 2 1 2 2 1 3 2 2 2 1 1 3 1 2 1 1 1 3 2 1 1 1 3 3 1 1 2 2 1 3 1 3 1 1 2 2 2 1 1 6 1 1 1 1 1 3 2 2 1 1 1 4 2 1 1 2 1 3 1 1 1 1 1 1 2 1 1 2 2 2 4 1 1 1 1 3 4 1 3 3 2 3 1 3 2 1 1 1 3 2 3 4 2 3 1 1 2 2 1 3 1 2 1 2 1 3 3 1 1 2 2 2 1 1 2 1 1 1 2 1 2 2 1 3 1 1 2 3 1 1 1 4 2 1 1 1 3 2 3 1 1 2 3 1 3 2 3 2 1 3 1 2 1 1 1 1 1 3 3 2 2 1 3 2 1 1 1 2 2 3 2 1 1 1 1 1 1 2 2 1 1 1 2 4 2 1 2 2 1 3 4 1 2 2 5 2 2 1 3 2 1 2 4 1 2 1 1 1 1 2 3 2 2 3 1 1 3 1 1 1 2 1 3 1 2 1 2 3 1 2 1 1 2 4 2 5 1 3 1 2 2 2 3 3 1 1 1 1 3 2 1 3 3 2 1 1 1 2 1 1 2 1 4 3 1 1 1 2 2 1 1 4 1 1 1 1 2 2 2 1 2 2 2 2 4 2 2 2 1 1 1 2 2 2 1 1 1 1 1 4 1 1 1 3 1 1 1 1 2 2 1 2 1 2 2 2 1 4 2 1 1 1 4 2 2 2 2 1 1 1 1 2 1 2 1 1 2 1 1 1 2 1 1 3 1 2 1 2 1 1 1 1 2 2 2 1 1 2 1 3 2 1 3 3 3 2 2 1 1 1 2 2 1 1 1 1 2 1 4 1 2 3 1 2 4 2 3 2 2 1 3 3 1 2 1 1 1 1 1 2 4 1 1 1 1 3 1 1 4 2 4 2 3 1 1 1 2 4 1 2 3 1 1 3 3 1 2 2 1 1 3 1 2 3 2 1 1 3 2 2 1 3 1 1 2 1 1 1 2 2 2 1 1 2 1 1 1 1 2 1 2 1 1 1 2 3 1 2 1 5 2 1 1 1 3 1 3 2 1 1 1 2 5 3 1 2 2 2 3 3 1 2 4 1 1 2 1 3 1 4 2 1 1 1 1 2 1 1 1 3 1 1 4 3 3 1 1 2 3 2 1 2 1 1 2 2 3 1 3 2 2 1 1 1 1 2 1 2 1 1 2 1 2 1 2 1 1 2 1 2 1 2 4 2 2 1 3 2 2 1 2 1 1 2 1 1 3 3 1 1 4 1 1 3 1 1 2 1 1 2 2 1 1 1 1 2 2 2 3 1 1 1 1 2 2 1 2 2 2 2 1 1 3 2 3 1 1 1 1 1 2 1 1 1 1 3 1 1 2 2 2 2 4 2 1 1 1 2 1 1 2 1 2 1 2 1 3 1 1 3 1 1 2 2 2 1 1 1 2 2 2 1 1 3 2 1 1 3 2 1 1 3 2 4 1 4 2 2 1 3 1 1 1 1 1 1 1 1 3 2 2 2 1 2 3 1 1 1 1 1 2 2 1 3 1 1 1 1 1 2 2 3 2 2 1 1 1 1 1 1 2 2 2 1 3 1 3 2 2 1 2 2 2 1 1 3 1 2 1 1 3 2 1 1 1 2 1 3 1 1 2 1 3 3 2 1 1 2 1 1 3 2 1 1 1 2 1 1 1 1 2 1 1 1 1 3 2 1 2 1 2 1 1 2 1 1 1 1 1 3 1 3 1 4 2 2 4 1 4 1 1 1 1 3 1 1 1 3 1 1 2 2 3 1 2 2 2 3 1 1 1 1 1 1 3 1 2 6 2 2 1 1 1 1 3 1 1 2 1 1 1 2 1 2 4 1 2 2 2 2 1 2 1 1 1 1 3 1 1 1 1 1 3 1 2 2 1 2 4 1 2 1 3 1 2 3 1 1 1 2 1 2 4 2 1 2 2 1 2 3 3 3 1 3 1 3 1 1 2 3 4 2 1 1 3 1 1 2 2 1 1 1 2 3 2 2 2 1 2 1 2 1 2 3 2 2 3 2 1 1 1 2 3 2 3 1 1 2 3 2 2 1 4 1 3 4 1 1 1 1 2 1 2 1 1 2 2 1 2 1 1 1 1 1 3 2 2 1 2 1 1 3 2 1 1 4 1 3 1 1 3 1 3 1 3 1 2 1 1 1 2 2 1 2 1 2 1 1 1 1 3 1 2 2 1 4 2 1 1 2 2 3 1 1 4 3 1 1 2 3 1 1 2 1 1 1 1 1 1 2 1 5 2 1 1 1 1 1 2 1 2 1 2 2 2 1 2 1 2 1 2 3 2 2 2 5 3 1 2 1 3 1 1 1 1 2 3 3 1 1 1 1 2 2 1 3 2 1 1 1 2 1 3 2 2 2 1 2 3 1 1 3 2 1 1 1 2 2 1 1 3 1 1 1 3 2 1 2 2 2 2 1 1 3 1 1 2 5 1 2 1 2 3 1 1 2 1 2 1 1 1 1 2 1 2 1 1 2 1 1 2 1 1 1 1 1 1 1 2 3 2 1 1 1 1 2 2 1 1 2 1 2 1 2 2 2 2 2 1 1 1 3 5 1 1 2 2 1 1 2 2 4 1 1 1 3 2 1 1 2 2 1 2 1 4 1 1 1 2 2 2 3 1 1 3 1 1 3 1 1 3 2 1 3 1 1 1 4 2 1 1 1 2 2 1 1 2 2 1 1 2 2 2 1 1 2 1 2 1 1 2 2 2 3 1 1 2 2 2 1 1 2 1 2 4 1 1 1 3 1 1 1 1 2 2 1 4 1 1 2 1 2 1 1 2 3 1 2 3 1 1 1 1 1 3 1 1 1 1 1 1 1 3 2 1 1 1 1 1 1 2 1 1 1 2 1 1 1 2 3 2 1 1 1 2 1 3 2 1 2 3 2 1 1 1 1 2 2 1 1 1 3 3 1 2 3 1 1 3 1 1 1 2 1 1 2 2 2 2 2 2 1 1 3 2 1 2 3 1 1 2 1 2 1 1 1 1 2 2 1 2 1 1 1 1 1 1 1 3 2 1 1 1 2 1 4 1 2 2 3 1 4 2 1 1 1 1 1 1 1 1 1 2 1 1 1 2 2 3 2 1 1 1 2 3 2 2 2 3 2 1 4 4 1 1 4 1 1 2 1 1 2 6 1 2 3 1 2 1 3 2 1 3 1 1 2 1 1 3 2 1 2 1 2 4 2 3 1 1 3 1 2 2 1 2 1 2 3 2 1 1 2 2 2 2 2 4 3 4 2 2 2 3 2 1 1 4 1 1 4 1 1 3 1 2 1 1 1 4 1 2 3 1 2 3 1 1 1 3 1 2 3 2 1 1 1 2 1 2 1 3 1 1 1 2 1 2 3 2 1 1 1 3 1 1 1 1 1 1 1 2 3 3 1 1 1 1 2 1 1 1 2 3 1 3 1 1 2 2 2 2 3 2 1 2 2 2 1 1 1 2 2 1 1 1 3 1 5 3 1 1 1 2 2 2 1 2 1 1 1 1 1 1 1 1 1 1 2 1 1 1 1 1 4 1 1 2 1 1 3 1 1 2 1 1 2 1 1 2 2 1 1 2 1 1 1 4 3 1 1 3 1 1 5 2 2 3 1 1 3 1 3 2 1 1 1 4 2 3 2 1 1 1 1 1 1 1 2 2 1 2 1 1 3 1 2 2 1 3 2 1 3 2 1 1 4 2 1 2 4 3 1 2 2 1 1 2 1 1 1 1 2 2 4 3 1 1 1 3 3 3 1 1 2 1 1 2 3 1 2 3 2 2 1 1 1 2 1 1 3 2 2 1 2 1 1 1 1 3 1 3 4 1 1 1 2 2 1 1 3 1 1 1 1 1 2 1 1 1 1 2 1 3 1 1 1 1 1 1 2 2 1 1 3 1 2 2 1 1 1 2 1 2 1 1 1 1 1 3 1 4 3 2 3 2 1 1 2 2 1 3 1 1 2 1 1 1 1 3 1 1 1 1 1 2 3 3 2 2 1 1 1 2 1 1 1 1 2 1 1 2 2 2 1 4 2 1 1 2 2 1 1 1 1 2 1 1 2 2 3 1 1 2 1 2 2 1 2 1 1 2 6 3 2 4 3 1 1 3 1 1 2 2 1 1 1 1 2 1 2 2 3 2 1 1 1 2 1 2 2 1 1 1 2 1 2 1 2 3 1 1 1 1 2 3 2 1 1 2 1 2 1 1 1 1 1 2 4 2 2 1 2 1 1 2 2 1 4 4 1 1 1 1 2 1 4 1 4 1 4 1 2 2 2 1 1 1 1 1 2 1 3 1 1 1 1 1 3 2 3 1 2 1 1 2 1 1 1 1 2 1 3 1 2 4 1 1 3 1 3 1 1 1 1 1 1 4 1 1 2 1 2 1 1 1 1 1 1 1 5 3 1 2 1 2 1 1 1 4 1 1 1 1 2 1 3 4 1 1 2 1 2 1 2 3 1 3 1 2 1 1 2 1 2 2 3 4 1 1 2 1 2 3 2 1 2 2 2 1 1 1 2 3 3 1 3 4 3 2 3 3 1 1 2 3 4 1 1 1 3 1 2 1 1 3 1 1 1 3 2 1 4 2 2 1 1 1 1 1 1 3 2 1 1 2 1 1 1 3 2 3 1 2 1 1 1 1 1 5 3 2 1 1 3 1 3 2 4 2 2 2 2 1 3 1 2 2 2 1 2 2 1 3 1 2 1 2 3 2 1 2 2 2 2 2 2 1 1 1 1 3 3 1 1 1 1 3 1 3 1 1 2 3 1 1 3 2 1 1 3 3 2 1 1 3 1 1 2 3 1 2 2 2 3 1 1 1 1 1 1 1 1 2 2 2 2 2 1 3 2 1 2 1 3 1 3 1 1 1 2 1 2 1 1 2 1 3 2 1 1 1 1 1 2 1 2 2 2 1 1 1 1 1 1 3 5 1 1 3 2 2 1 1 3 1 1 1 2 1 1 1 2 3 6 1 3 2 1 5 1 1 3 1 2 2 1 1 1 1 2 1 1 3 1 1 2 3 1 4 2 1 2 1 4 2 1 3 1 2 1 1 2 1 1 2 2 2 1 1 1 1 3 1 3 1 1 2 1 1 1 1 1 2 2 3 2 3 2 1 1 1 1 2 1 3 1 1 1 1 1 1 1 1 1 1 2 1 2 2 3 1 1 1 2 1 2 1 1 1 1 2 1 1 1 2 1 1 3 1 2 1 3 3 1 2 1 1 2 2 4 1 1 1 3 2 1 3 1 2 2 1 1 3 3 1 5 1 1 1 1 3 1 1 1 2 3 3 2 1 1 1 1 1 1 1 1 1 3 1 1 2 2 1 3 2 2 3 1 4 2 1 1 1 4 1 1 1 1 2 3 1 1 1 2 2 2 2 2 2 4 1 2 2 1 2 1 1 3 1 1 1 6 1 3 2 1 1 3 1 1 1 2 2 1 1 4 2 1 1 1 3 2 1 3 2 2 2 2 1 1 1 1 1 1 1 1 1 1 2 3 4 3 1 2 1 1 1 3 1 2 1 4 2 2 1 3 2 2 1 1 1 2 1 2 2 2 2 3 1 3 2 1 4 1 1 1 3 3 2 1 1 1 1 1 3 1 1 2 1 5 2 1 4 1 2 2 1 1 1 3 1 1 2 1 2 2 3 2 2 1 1 1 1 3 1 2 3 1 3 1 2 1 3 1 1 2 3 1 1 1 3 1 3 1 2 1 1 3 2 2 1 1 1 1 2 1 1 1 3 1 1 2 4 1 1 3 1 1 1 3 1 1 2 3 2 1 1 2 3 3 3 2 1 1 1 2 1 2 1 1 1 1 2 2 3 2 1 1 1 2 3 2 1 1 2 2 1 1 1 2 1 2 1 2 1 1 2 2 3 3 1 1 2 1 2 1 1 3 4 1 1 3 1 2 1 1 1 3 1 2 3 1 1 1 1 1 1 4 1 1 4 2 1 2 1 1 1 1 1 2 2 1 1 2 1 3 1 1 1 2 2 1 1 2 2 1 1 3 2 2 1 2 1 2 2 2 1 1 1 1 1 1 1 1 5 2 1 1 1 2 2 2 4 2 4 3 3 3 2 2 1 2 2 2 2 3 1 2 1 1 1 1 2 1 1 2 1 1 1 1 2 2 2 1 5 3 1 1 3 1 2 1 4 1 3 1 1 2 1 1 3 2 2 1 1 1 1 1 2 1 1 1 1 1 2 1 2 2 2 1 2 3 2 2 1 1 3 1 2 2 2 2 2 1 2 3 2 1 3 1 2 1 1 3 2 6 3 1 3 1 1 2 4 2 1 1 2 1 1 1 3 2 1 5 3 3 2 4 1 1 1 2 1 2 1 1 1 2 2 3 2 2 1 2 4 4 1 1 1 1 3 2 2 1 1 1 1 5 2 1 2 1 1 2 1 1 3 1 1 1 1 1 1 2 3 2 2 1 1 1 1 1 2 1 2 3 2 3 1 1 2 1 1 1 4 2 2 3 4 1 1 2 1 2 2 1 1 2 1 2 2 1 1 2 2 1 4 1 2 1 1 3 1 2 1 3 4 2 1 2 1 2 3 2 1 1 2 2 2 1 1 2 2 1 2 2 1 1 1 2 2 2 5 3 1 1 3 2 2 3 1 1 1 1 2 3 2 2 2 2 1 1 2 3 3 1 1 1 1 1 1 1 3 1 1 1 1 2 2 2 1 1 1 1 2 1 2 2 1 1 1 2 2 1 1 2 1 1 2 2 1 2 3 1 1 4 1 3 2 1 1 1 1 1 2 2 1 3 3 1 3 3 4 1 1 1 1 1 2 2 1 3 2 1 3 1 2 2 1 2 1 1 2 2 2 1 1 3 2 1 1 2 3 1 1 1 2 3 1 1 2 1 1 1 1 2 2 1 1 2 1 1 2 1 2 3 4 2 3 1 2 2 1 1 1 1 2 2 2 2 2 1 1 1 2 2 3 1 1 1 2 1 4 1 1 2 2 1 1 1 1 1 3 1 1 1 1 2 1 1 1 1 1 2 1 1 1 1 1 3 2 3 2 1 2 1 3 2 3 3 1 1 1 1 2 2 2 2 1 2 3 1 1 2 3 1 1 1 1 3 1 1 2 1 2 2 1 1 2 1 2 2 1 2 4 3 1 2 1 4 1 2 2 1 1 1 1 2 1 1 2 2 1 2 1 2 2 1 2 1 3 1 2 1 2 1 1 1 2 2 1 2 1 1 2 2 3 2 1 1 4 1 2 1 1 3 1 2 1 1 1 1 1 2 1 2 2 1 2 1 1 7 1 2 2 3 1 2 1 2 2 1 3 2 1 2 3 1 3 1 4 3 1 1 2 1 3 1 3 1 1 2 2 3 1 2 1 2 4 1 3 1 1 2 2 2 2 1 1 1 3 3 1 2 2 1 2 1 1 6 2 1 2 3 1 5 2 1 1 2 3 3 1 3 3 3 2 2 1 3 3 1 1 4 2 4 2 2 3 1 3 1 3 2 2 2 1 3 1 1 2 2 2 2 1 1 3 1 3 3 1 2 3 1 2 2 3 2 1 1 1 2 1 1 2 2 2 2 2 3 2 3 1 1 2 2 1 1 3 2 1 1 2 1 3 2 1 1 1 1 2 1 3 2 2 1 2 2 1 1 1 1 1 1 2 3 1 2 2 2 1 1 2 1 2 3 1 3 1 1 1 1 1 1 2 3 1 1 2 5 1 2 2 1 2 1 1 1 2 1 1 2 2 1 2 3 3 1 2 2 2 1 1 1 1 3 1 1 1 1 4 1 1 2 1 3 2 2 1 2 1 2 1 1 3 1 2 1 2 1 1 3 2 1 1 2 1 1 1 3 1 1 1 2 1 1 1 3 1 1 1 
  #Test Small 10994
  #Test Medium 20077
  #Test Large 30007
