Board size [mm] 275x75

Stats side 1
  #Components with background 22
  #Components with points 110
  #Components nofly 4
  #Components notouch 3
  #Pins 24445
  #GNDs 1561
  #VDDs 1185
  #Clock 17
  #NoFly points 700
  #NoTouch points 634
  #Points [total] 28542

Stats side 2
  #Components with background 28
  #Components with points 149
  #Components nofly 1
  #Components notouch 3
  #Pins 27004
  #GNDs 538
  #VDDs 438
  #Clock 13
  #NoFly points 120
  #NoTouch points 414
  #Points [total] 28527

Stats board (side 1 + side 2)
  #Components with background 50
  #Components with points 259
  #Components nofly 5
  #Components notouch 6
  #Pins 51449
  #GNDs 2099
  #VDDs 1623
  #Clock 30
  #NoFly points 820
  #NoTouch points 1048
  #Points [total] 57069
  #Nets 3079
    Net Size: 2099 1623 30 1 1 1 1 1 1 1 1 4 1 1 1 2 2 1 3 1 1 1 1 4 1 1 2 2 3 1 4 1 2 2 1 2 1 1 1 2 1 2 1 2 2 1 2 3 1 2 1 1 2 1 2 1 1 1 2 1 3 1 2 2 2 1 1 2 1 1 2 1 2 1 2 1 1 3 2 1 2 3 2 1 1 1 4 4 3 1 1 1 1 1 3 2 1 2 3 2 2 1 2 1 3 3 1 3 1 2 2 4 2 1 1 2 2 2 1 1 2 2 1 1 2 3 1 2 3 1 3 2 1 1 1 1 1 2 2 1 1 2 1 1 4 2 2 1 5 1 1 4 2 1 1 2 2 2 1 1 1 1 2 2 2 2 1 2 1 2 2 1 1 1 2 2 1 3 2 1 2 1 3 2 2 1 1 1 1 1 1 2 1 1 2 4 1 3 2 2 2 1 2 4 4 2 2 4 1 2 1 1 1 2 3 3 1 1 2 1 1 2 2 1 2 2 3 2 1 2 1 3 1 1 3 2 1 1 4 1 3 1 1 1 4 2 1 2 2 1 2 1 2 1 2 2 3 4 2 1 2 2 2 1 3 2 1 2 2 1 2 1 1 5 1 1 1 2 1 1 1 2 1 1 1 1 2 1 1 1 2 1 2 4 2 2 2 2 3 1 1 1 1 2 2 2 2 2 2 3 2 1 1 1 1 1 1 1 2 1 1 1 1 1 2 2 2 2 2 4 1 1 4 2 1 1 1 1 1 1 3 2 1 1 1 2 1 1 3 1 3 3 2 3 2 5 2 1 1 2 2 2 1 1 3 1 2 1 1 2 1 1 3 1 3 2 1 2 2 1 1 3 2 1 1 1 1 1 2 3 1 1 1 1 1 2 3 3 2 1 1 1 4 1 1 1 2 1 1 6 1 2 1 1 1 2 1 2 1 2 3 2 1 1 3 3 2 1 1 1 2 1 3 2 2 2 1 4 1 4 1 1 4 2 2 3 1 3 2 1 1 1 1 2 2 1 2 3 1 3 1 1 1 1 1 2 1 2 1 2 2 1 1 1 1 1 1 2 1 1 3 1 1 1 2 2 2 1 2 2 1 3 2 2 2 1 1 1 1 1 1 2 1 1 1 2 1 2 3 1 1 2 3 1 1 1 2 1 4 3 1 1 2 3 3 1 1 2 2 1 2 1 1 1 2 1 1 2 1 2 1 2 1 1 2 2 2 1 1 2 1 1 2 3 3 1 2 1 1 3 1 2 1 2 1 1 1 1 1 3 1 1 1 1 1 1 1 1 1 1 1 4 2 1 2 2 2 1 5 1 1 3 2 2 2 2 1 2 3 1 1 1 2 2 1 1 2 4 3 2 4 2 2 1 1 1 1 1 4 2 2 1 1 1 2 1 1 3 1 1 1 1 1 1 1 3 1 1 2 2 1 1 3 2 2 1 1 3 1 2 2 2 2 3 1 3 3 1 1 1 2 2 2 3 1 2 1 1 2 2 2 1 1 1 1 2 1 4 2 2 2 1 1 1 2 2 1 2 3 2 1 4 2 1 4 2 1 4 2 2 1 3 1 1 3 1 2 2 2 3 2 1 2 1 1 3 2 1 3 1 1 1 2 1 1 1 2 1 1 3 1 1 1 1 2 1 1 1 1 1 2 1 2 2 1 1 2 1 1 1 2 2 2 1 2 2 1 1 1 2 2 1 1 1 1 1 1 2 1 3 1 1 1 1 1 2 2 2 2 2 1 1 1 1 1 2 1 4 1 2 1 2 2 2 1 1 1 1 1 3 1 2 1 2 2 2 1 2 2 1 1 1 4 1 2 3 1 1 1 2 2 1 1 1 1 2 3 1 5 3 1 2 2 1 1 1 2 2 6 3 1 1 1 2 2 1 2 1 2 1 2 3 1 1 1 3 1 1 1 2 1 1 1 1 1 1 1 1 2 1 1 1 1 1 1 1 2 2 2 3 3 1 1 1 2 2 1 1 2 1 3 1 2 1 1 1 1 1 1 2 1 1 1 2 2 2 2 1 2 2 3 3 2 2 3 2 2 4 2 1 1 1 1 1 2 1 3 2 2 1 2 2 1 3 1 1 3 1 1 1 1 3 2 2 1 1 2 1 1 2 1 2 2 1 3 2 1 2 3 1 2 2 2 2 2 2 2 1 2 2 2 1 1 3 1 3 4 1 1 2 3 1 2 1 1 2 1 1 1 1 3 1 3 2 1 1 1 3 2 1 2 2 1 1 4 2 1 1 1 1 2 3 1 4 1 2 1 1 2 3 1 1 2 2 3 2 1 3 1 1 2 1 1 1 1 1 2 2 1 1 1 3 2 1 1 1 3 2 1 2 2 2 2 1 1 2 1 1 1 1 1 2 1 2 1 1 4 2 1 1 2 1 2 1 3 1 2 2 1 1 1 1 1 2 4 2 4 1 1 1 1 1 1 1 4 3 2 1 2 2 1 1 1 1 2 1 3 1 1 1 2 3 4 1 1 1 2 3 2 1 1 1 2 2 2 1 1 1 1 1 3 2 1 2 1 3 2 1 2 1 1 1 1 2 1 2 3 1 2 3 3 2 1 2 1 1 1 3 1 2 2 4 3 3 2 3 2 3 1 1 2 1 1 3 2 1 3 3 1 2 1 1 1 2 3 4 1 2 1 3 1 2 1 2 1 4 1 1 1 3 3 2 1 1 1 1 2 1 1 2 2 1 2 1 3 1 1 1 2 2 2 1 1 1 3 2 1 1 3 3 2 2 1 1 2 1 2 2 1 3 1 3 1 2 2 2 2 1 1 1 2 2 1 3 1 4 1 1 1 2 1 1 3 2 1 3 1 3 1 2 4 2 1 4 1 1 2 2 1 3 1 4 1 3 4 1 1 1 2 1 1 1 1 1 3 2 1 2 1 4 1 1 1 4 1 2 1 1 1 1 1 1 2 1 2 2 1 1 1 5 1 1 3 1 2 1 1 1 2 1 1 1 2 1 2 3 2 1 2 2 1 2 1 1 4 1 2 1 1 1 3 3 2 2 1 1 2 2 3 1 1 1 3 2 2 1 1 1 2 1 1 1 2 3 2 1 1 3 3 2 2 1 1 3 1 3 1 2 1 2 1 1 2 1 1 1 1 2 1 1 2 1 1 1 1 2 1 1 1 1 1 2 1 1 1 2 1 1 2 1 2 1 2 1 2 2 2 2 1 1 1 5 1 2 2 2 2 3 1 1 2 2 1 1 1 2 3 2 2 3 2 1 2 2 1 1 2 1 2 1 3 2 1 1 1 1 1 3 2 1 2 1 1 3 1 2 1 1 2 1 1 2 1 1 1 1 1 2 2 1 2 3 2 5 1 1 4 1 1 1 1 1 1 2 1 1 1 3 1 3 2 1 2 1 1 2 1 1 3 1 1 2 1 1 1 1 1 1 1 2 1 1 2 2 1 1 1 1 1 1 3 2 3 2 1 1 1 1 1 2 3 1 1 1 1 1 1 1 2 1 2 2 1 2 1 2 1 2 1 1 1 1 1 1 1 1 3 1 1 3 1 2 2 1 2 1 1 1 1 4 1 1 1 2 2 3 2 1 1 1 2 2 3 2 2 1 1 1 2 1 2 2 1 1 1 1 3 3 2 1 2 2 1 2 2 1 1 1 1 1 2 1 1 2 1 2 1 1 2 1 2 2 1 2 1 1 1 3 2 2 1 1 2 1 1 1 1 1 1 2 1 2 1 2 1 1 2 2 1 3 2 4 1 1 1 1 2 2 2 1 1 2 3 1 2 1 1 3 2 1 1 2 1 1 2 1 2 1 1 2 2 1 4 2 1 1 1 1 1 1 1 1 2 3 2 1 1 4 1 2 2 3 1 3 2 3 3 2 1 3 1 2 1 2 2 2 1 1 2 2 3 1 1 2 4 1 1 1 1 1 1 1 1 2 1 1 1 1 2 1 1 1 3 5 1 1 1 2 1 1 2 1 1 1 1 1 2 4 1 4 1 1 2 1 2 1 2 1 3 2 3 1 2 1 2 2 2 1 1 1 3 3 1 1 3 2 1 1 1 1 2 1 3 2 1 1 2 1 2 2 3 1 4 1 1 2 4 2 1 1 2 2 1 2 2 2 4 1 1 1 1 1 1 3 2 4 2 2 1 2 2 3 2 1 1 1 1 2 5 1 1 1 4 1 2 1 1 1 2 2 2 1 2 1 1 6 1 3 1 4 1 1 2 2 1 1 1 1 3 1 2 2 1 1 2 1 1 2 1 1 2 2 3 4 2 2 2 1 2 2 2 1 1 4 3 2 1 1 1 2 2 1 1 2 2 4 1 1 4 1 1 2 1 1 1 3 1 1 2 1 1 3 1 1 1 1 2 2 2 1 1 1 1 2 2 1 1 3 1 1 2 2 1 1 1 2 2 1 1 1 1 1 1 1 1 1 2 3 1 2 1 1 3 1 1 1 1 2 2 2 2 2 1 1 2 4 1 3 3 1 1 1 2 2 1 1 1 2 2 1 2 1 1 1 1 2 3 1 3 3 2 1 1 2 3 3 1 1 5 1 2 2 1 1 1 1 1 3 1 1 1 2 1 1 1 2 1 3 1 1 1 2 2 2 2 2 2 2 1 1 1 1 3 2 1 2 2 2 1 1 1 2 1 2 1 1 2 2 1 1 1 1 1 1 1 5 1 1 1 1 1 1 2 1 1 1 1 2 3 1 1 2 1 1 1 1 1 2 1 1 1 1 2 2 2 1 1 2 1 1 3 1 1 1 2 4 1 3 7 1 3 2 1 1 1 1 2 2 1 1 2 4 1 1 2 2 2 2 1 2 3 1 2 2 3 1 1 1 1 2 2 2 2 1 1 1 1 2 3 1 1 4 1 2 4 1 1 1 1 1 3 2 3 1 1 1 1 2 1 3 1 1 1 1 2 3 4 1 2 1 3 2 1 3 1 1 3 1 4 3 1 1 1 2 1 1 1 1 2 1 2 2 2 1 1 2 2 1 2 1 1 2 3 1 2 3 3 1 2 1 2 1 1 2 2 2 3 4 2 1 2 1 1 1 1 2 2 2 2 1 2 3 2 1 1 1 4 1 2 1 2 2 1 1 3 2 3 1 4 1 1 2 1 1 1 1 1 2 3 1 1 1 3 2 1 1 1 2 2 1 1 2 2 1 4 2 3 1 1 1 1 2 1 2 2 2 3 1 3 1 3 2 1 2 2 1 1 1 2 3 2 2 2 1 1 1 2 4 2 2 2 2 1 2 2 1 2 1 1 2 2 2 1 1 2 2 1 2 1 1 3 1 2 2 1 1 1 1 1 1 1 1 3 1 3 3 1 3 3 1 1 2 1 4 1 1 1 1 3 1 4 1 1 1 4 1 1 2 1 1 1 3 2 1 3 1 1 2 2 3 3 2 4 3 1 4 3 3 1 3 3 3 3 1 2 2 1 1 1 1 2 1 1 2 2 1 4 3 1 1 2 1 2 2 3 3 1 1 1 2 2 1 2 2 2 2 2 1 2 1 1 2 1 4 1 1 2 1 2 1 1 2 1 1 2 1 3 1 1 1 3 2 2 1 1 1 4 2 2 4 2 2 3 4 2 4 3 2 2 2 3 1 1 5 1 1 2 2 2 1 3 1 1 2 1 1 2 1 2 1 2 1 1 4 2 2 1 1 3 2 1 1 2 1 2 3 1 1 1 3 3 1 4 1 1 4 2 3 1 2 4 2 1 1 3 1 2 2 1 2 3 3 1 1 1 1 3 4 2 1 2 1 2 2 1 3 2 2 1 2 3 1 1 1 2 1 1 2 3 1 1 1 3 1 2 1 1 2 2 4 1 1 1 1 1 1 2 2 2 3 1 3 1 1 2 1 4 1 1 3 1 2 3 2 1 2 3 2 1 1 1 1 1 1 1 1 1 1 2 4 1 1 3 3 2 1 1 2 1 2 1 1 2 1 1 1 1 2 3 2 2 1 3 2 2 1 1 1 4 1 4 3 1 2 2 1 1 1 1 1 2 2 1 1 1 2 1 3 5 3 2 2 1 1 2 3 1 1 1 1 1 2 2 4 2 2 1 1 1 1 2 2 1 1 1 2 1 3 2 3 2 2 1 1 1 1 1 1 2 2 3 1 3 1 1 1 3 3 1 2 3 3 3 1 1 1 1 1 1 1 1 1 1 3 1 1 1 2 3 1 1 1 2 2 2 1 4 3 1 2 1 2 1 2 1 2 1 3 1 3 3 1 2 1 3 1 2 4 2 1 1 2 1 1 1 1 2 3 3 4 2 2 2 1 1 2 1 1 2 2 3 3 2 2 1 1 3 4 1 1 3 2 3 2 1 1 1 2 3 1 1 4 1 1 1 1 2 1 1 2 3 2 1 1 1 2 2 1 3 1 2 1 1 3 1 1 1 1 4 1 4 1 2 1 1 2 1 3 1 1 1 1 1 2 1 1 2 1 1 2 1 2 1 1 2 2 1 4 1 1 1 1 1 2 2 1 2 1 2 1 1 1 6 3 1 2 2 1 1 1 4 1 1 1 1 1 5 1 1 3 1 1 1 3 2 2 1 1 2 2 1 1 1 4 1 1 2 1 1 1 3 2 2 1 2 1 3 2 2 1 3 3 2 1 1 2 2 1 1 1 1 2 1 3 2 1 1 2 3 1 1 1 4 3 5 1 5 1 2 1 2 1 3 2 2 1 1 2 1 1 1 1 4 4 4 4 2 1 3 1 1 1 1 1 2 3 1 2 3 1 2 1 1 2 1 1 2 2 1 1 2 4 1 3 2 2 4 1 3 2 2 1 1 1 1 2 2 1 2 3 3 1 1 2 1 1 2 2 2 3 1 1 3 1 4 3 1 1 2 2 1 1 1 1 1 2 1 1 3 2 2 1 2 1 2 4 2 2 1 
  #Test Small 3147
  #Test Medium 8975
  #Test Large 11521
