Board size [mm] 225x175

Stats side 1
  #Components with background 39
  #Components with points 281
  #Components nofly 6
  #Components notouch 6
  #Pins 49872
  #GNDs 2068
  #VDDs 1559
  #Clock 55
  #NoFly points 940
  #NoTouch points 1048
  #Points [total] 55542

Stats side 2
  #Components with background 63
  #Components with points 294
  #Components nofly 0
  #Components notouch 0
  #Pins 54412
  #GNDs 2251
  #VDDs 1750
  #Clock 26
  #NoFly points 0
  #NoTouch points 0
  #Points [total] 58439

Stats board (side 1 + side 2)
  #Components with background 102
  #Components with points 575
  #Components nofly 6
  #Components notouch 6
  #Pins 104284
  #GNDs 4319
  #VDDs 3309
  #Clock 81
  #NoFly points 940
  #NoTouch points 1048
  #Points [total] 113981
  #Nets 5355
    Net Size: 4319 3309 81 1 1 2 2 3 1 2 2 1 2 4 1 2 3 1 2 3 3 2 3 1 2 2 4 1 1 1 2 1 1 2 4 5 1 1 1 1 2 1 2 5 2 1 1 2 1 6 2 2 1 4 2 1 3 1 1 1 3 1 1 1 1 3 2 1 1 1 1 2 2 2 4 2 1 2 1 3 1 1 2 1 3 2 1 1 2 4 2 2 4 1 1 2 2 1 5 2 3 4 1 1 6 1 2 1 3 2 2 2 3 2 2 2 1 3 4 2 2 2 2 2 1 4 1 1 3 3 2 3 1 2 1 3 2 1 1 3 2 2 2 2 1 1 1 4 2 2 2 3 1 4 2 4 1 4 1 1 1 4 1 3 2 1 1 1 2 1 3 1 1 1 2 4 3 1 3 4 1 2 2 1 3 3 1 1 2 2 1 8 2 1 3 2 1 3 3 4 3 3 1 3 3 1 1 2 2 1 1 2 1 1 1 1 1 2 1 1 1 2 4 6 2 4 1 1 2 1 4 1 1 1 2 1 2 3 2 2 1 3 2 2 2 4 1 2 2 1 2 2 2 1 3 1 1 3 2 2 2 3 3 3 4 3 1 2 2 4 2 1 1 2 2 1 2 2 2 1 2 1 1 2 1 3 3 1 4 1 1 1 3 3 2 4 3 2 1 2 1 2 1 1 1 1 1 1 3 1 5 1 2 1 1 2 1 1 1 2 2 4 2 2 2 1 2 3 3 3 1 1 4 1 1 3 3 4 2 1 4 1 1 2 7 1 1 3 2 1 1 2 1 2 3 1 4 2 5 1 2 1 1 1 1 1 2 3 1 1 3 2 1 2 2 2 2 1 3 1 4 4 1 1 2 5 1 3 1 1 3 2 3 2 2 1 2 1 2 2 1 1 2 1 2 2 1 1 2 1 1 1 1 1 3 2 1 1 1 1 3 1 2 1 2 2 1 1 1 3 3 2 3 2 1 2 4 1 2 2 1 1 3 2 2 1 1 1 2 1 1 2 1 3 2 2 1 2 1 1 3 1 1 4 1 3 3 1 2 2 2 4 2 1 1 2 1 1 2 3 3 1 1 3 4 4 2 1 1 1 4 2 4 3 1 4 2 1 3 2 3 1 1 3 1 2 1 1 1 2 1 4 1 2 4 2 1 1 3 2 1 1 3 1 1 2 1 4 1 2 2 1 1 1 1 2 2 3 3 1 1 4 2 5 1 1 1 1 3 1 2 3 3 1 3 1 1 1 1 1 4 2 1 3 2 1 1 1 2 2 1 3 2 2 2 1 2 1 1 1 1 2 1 1 1 2 2 2 3 2 3 1 1 1 2 2 1 1 2 1 2 3 1 1 1 1 3 2 1 1 2 1 3 2 2 3 3 2 3 1 1 1 4 1 2 4 1 2 2 1 3 2 3 4 1 1 2 2 1 1 2 1 3 1 1 1 2 4 3 1 1 3 3 3 4 1 1 2 1 2 3 1 3 2 1 1 2 3 4 4 1 2 3 2 2 2 2 1 3 4 3 1 1 2 1 2 1 2 2 1 2 4 1 2 1 1 1 2 1 4 2 1 2 1 2 1 3 2 1 2 1 1 2 1 3 4 2 3 1 3 3 2 2 1 1 1 1 1 1 5 1 2 2 2 2 1 2 3 2 1 3 1 1 3 2 1 1 2 2 1 1 4 1 1 2 1 1 1 2 3 1 3 2 2 1 1 2 1 2 4 3 1 1 2 1 1 1 2 1 3 2 1 1 3 2 1 1 1 2 1 2 1 1 3 2 2 1 2 3 1 2 1 1 1 1 1 2 1 1 1 1 2 1 1 1 1 1 1 2 3 1 1 1 3 2 1 1 3 3 2 1 2 1 4 2 1 1 2 1 2 1 1 2 1 3 2 2 1 2 2 4 3 1 3 1 1 2 1 3 3 1 1 2 2 2 2 1 3 1 1 3 1 1 2 3 2 1 2 2 5 2 1 1 1 4 4 3 2 1 1 1 1 1 2 1 1 3 1 2 3 3 4 4 1 2 5 2 2 1 2 3 4 4 4 2 1 2 2 3 1 3 3 2 2 1 1 5 2 1 1 2 4 4 3 1 3 1 2 1 2 3 1 2 1 1 2 4 2 4 1 2 1 1 3 5 5 1 1 3 1 2 1 1 2 1 1 2 1 1 1 5 3 2 1 3 1 1 2 2 2 2 1 1 1 3 1 4 1 1 3 3 2 2 1 1 1 2 2 2 2 5 2 2 2 1 4 3 4 1 3 1 1 1 1 1 1 1 1 1 2 1 4 6 1 2 2 1 2 1 2 2 3 2 2 4 2 2 1 2 2 1 1 1 2 4 2 1 1 1 2 3 1 2 2 2 2 2 1 1 3 1 2 1 2 1 3 3 1 3 2 1 2 1 1 1 3 1 1 1 1 1 4 1 3 1 2 2 4 1 3 1 1 5 2 2 2 1 4 3 2 3 1 3 1 1 1 1 1 3 2 6 3 1 1 1 1 2 2 1 2 1 1 4 4 1 1 1 3 2 3 1 2 1 1 1 1 4 1 4 2 4 4 2 1 1 1 1 1 2 3 3 1 3 3 3 1 3 2 1 2 3 1 2 1 3 3 4 3 1 3 3 1 1 2 2 2 1 1 1 1 3 1 1 3 1 1 4 4 2 1 2 1 2 2 2 3 2 1 3 1 4 3 1 2 1 1 3 1 3 4 1 6 1 3 1 2 2 3 3 2 4 1 2 1 1 2 3 1 1 1 1 2 1 2 1 1 1 2 3 3 2 3 4 4 3 5 1 3 1 3 4 5 1 2 2 5 3 2 1 1 1 1 3 2 4 2 2 2 2 3 4 3 4 2 3 1 1 1 4 2 1 3 1 1 1 5 4 3 1 1 2 2 1 2 5 1 2 4 1 1 4 1 1 1 3 4 1 2 1 1 1 4 1 3 2 1 2 2 4 1 1 1 2 2 1 1 1 5 1 3 1 1 1 1 2 2 2 3 1 2 1 1 1 3 1 1 3 2 1 1 1 1 3 5 3 2 2 1 4 1 2 1 3 1 2 1 1 2 1 2 2 2 2 4 1 2 3 1 2 1 2 3 2 2 2 4 2 1 4 2 2 3 2 3 5 1 3 2 1 3 2 2 1 2 3 2 5 2 1 4 4 2 2 1 1 1 1 4 2 2 1 2 1 2 1 3 3 1 2 2 1 2 2 3 1 2 2 1 4 1 1 1 4 4 1 3 3 1 1 2 3 3 1 3 2 1 2 2 1 1 3 3 2 2 1 1 1 4 2 3 2 2 2 1 3 1 1 2 2 3 2 1 1 2 2 5 1 2 2 1 2 1 3 2 2 3 1 2 1 2 2 1 2 1 2 2 3 1 3 2 1 1 1 2 1 1 1 2 8 1 1 1 2 2 7 1 1 3 3 3 2 2 3 2 4 2 1 1 1 4 1 4 3 2 1 1 1 1 2 1 3 2 2 2 1 5 2 2 1 1 4 2 1 1 1 3 1 1 1 1 2 2 2 4 2 1 2 2 1 2 6 4 1 1 2 3 2 3 1 2 1 1 3 1 2 1 1 3 2 1 4 1 1 2 2 4 4 1 3 1 1 1 2 4 2 1 1 2 1 1 2 2 2 1 2 2 1 1 3 1 2 2 1 1 2 2 2 1 1 1 1 1 2 2 1 1 2 2 1 2 5 1 1 2 1 1 1 4 1 1 2 4 2 4 3 3 5 3 1 1 2 1 1 2 1 2 1 1 3 1 2 2 3 3 1 6 2 1 3 1 1 2 2 1 1 2 1 1 2 1 1 2 1 1 2 1 1 1 1 3 2 3 2 2 2 1 4 1 2 2 4 3 2 1 1 3 3 1 1 4 3 3 2 1 1 5 2 3 2 1 2 4 2 2 4 1 1 4 2 3 1 1 2 1 3 2 2 1 1 1 1 1 1 1 3 1 2 3 2 1 4 2 2 2 3 3 1 1 1 1 2 1 2 1 1 2 3 1 1 2 2 3 1 1 2 1 1 2 1 1 1 2 1 1 3 2 1 3 2 4 2 3 1 1 4 2 1 7 1 2 1 2 3 1 3 2 3 2 1 5 1 2 2 2 2 3 3 4 4 1 1 1 1 1 2 1 2 1 5 2 1 2 1 1 3 1 2 3 1 1 2 4 1 1 1 1 3 2 2 1 2 2 4 2 2 2 3 1 1 3 2 1 2 3 1 2 6 1 2 1 1 1 2 1 2 4 3 2 3 1 3 2 4 2 4 2 3 3 3 1 1 2 2 2 1 2 3 1 2 4 3 1 3 1 1 1 1 1 2 3 1 2 2 1 3 4 2 1 2 2 1 1 1 4 1 1 2 3 1 2 2 1 3 1 1 2 2 1 2 2 1 2 2 3 2 2 1 1 2 1 2 1 3 3 1 1 2 1 1 4 4 2 1 1 1 2 3 2 1 1 3 1 1 2 1 1 1 3 1 1 2 1 1 2 4 2 2 2 3 2 1 1 2 3 4 6 1 2 1 1 1 6 1 1 2 2 3 2 2 6 1 2 1 1 1 1 4 4 2 1 3 2 1 1 2 2 1 1 3 3 1 1 2 1 2 2 1 1 1 1 1 3 3 1 1 1 3 4 4 2 2 2 2 1 3 1 2 3 2 3 1 3 1 1 3 3 3 1 3 1 1 1 1 2 1 4 1 2 1 2 2 2 1 3 2 2 1 1 2 2 1 1 2 4 2 1 1 1 1 2 3 3 1 2 2 2 3 2 2 3 1 2 3 4 1 1 3 2 2 2 3 3 1 2 2 4 1 1 3 2 1 2 1 1 3 3 1 1 2 1 2 1 1 1 1 1 2 3 3 4 1 4 2 1 1 5 6 2 2 3 1 2 3 1 1 2 2 3 5 3 2 2 4 2 1 3 1 1 1 2 1 2 2 1 2 1 2 3 2 2 2 2 2 3 2 2 6 3 4 2 2 2 1 1 1 2 2 1 2 1 2 5 3 4 1 2 3 3 1 1 2 2 1 1 4 1 1 1 1 3 1 3 1 3 1 1 3 1 2 4 1 1 1 1 1 3 1 2 1 3 3 2 1 3 1 1 1 3 3 3 3 1 2 2 3 1 1 2 2 1 2 2 1 1 1 1 2 6 2 2 1 1 3 2 2 1 1 1 3 1 1 2 1 4 2 1 1 1 1 2 1 3 1 1 2 1 1 1 1 1 1 2 3 1 2 1 1 1 2 2 3 2 2 2 2 1 2 2 2 3 4 1 1 1 1 1 2 3 2 1 1 2 1 1 1 1 1 2 1 2 2 1 2 1 3 2 1 2 2 1 1 2 2 4 1 1 2 1 2 3 2 1 3 1 1 1 3 4 3 2 2 2 1 1 1 1 2 1 1 1 2 1 3 2 5 1 1 3 1 4 2 1 1 1 2 2 3 1 1 2 2 4 1 4 1 1 1 3 1 1 2 1 1 1 1 1 4 3 1 1 1 1 1 1 3 1 1 1 3 2 2 1 1 1 3 2 3 2 1 3 1 1 2 3 2 1 1 1 2 1 2 4 1 4 1 2 3 1 3 1 2 1 1 3 2 2 1 1 2 4 3 1 1 1 1 1 3 2 2 2 1 1 4 2 3 3 4 4 3 4 1 1 2 1 3 2 1 2 1 1 3 1 1 4 1 4 1 2 1 3 2 2 1 1 1 1 2 1 1 1 2 3 1 1 2 1 2 1 3 1 2 2 1 2 1 1 1 3 1 3 2 2 2 1 1 3 4 3 2 2 1 4 2 3 3 1 1 2 1 2 1 1 1 3 1 2 1 2 3 2 2 4 2 2 2 5 2 1 3 2 4 2 2 2 3 1 1 3 1 2 3 2 1 2 1 2 1 2 2 2 2 2 2 5 2 2 2 1 1 3 1 3 1 3 3 4 4 1 1 4 1 1 3 2 3 1 1 2 1 4 2 1 3 2 2 3 2 3 1 1 1 2 1 2 2 2 3 2 1 5 1 2 1 2 1 1 1 1 1 3 1 1 2 1 1 2 2 4 1 3 2 2 1 3 1 1 1 1 5 2 1 4 1 3 1 3 1 1 1 1 1 3 1 3 1 2 2 1 2 1 1 1 4 2 3 1 2 2 3 2 3 2 1 2 1 1 1 1 2 1 3 1 3 1 2 2 2 3 4 1 1 1 2 1 2 1 1 2 1 6 2 5 1 1 2 2 2 1 3 2 3 3 2 2 4 3 4 2 2 1 2 1 2 4 1 3 1 2 4 3 1 4 1 1 3 1 1 2 1 1 1 2 3 2 1 1 2 1 1 2 5 1 2 3 4 1 1 2 2 2 1 1 1 1 1 2 1 3 1 1 1 2 3 1 4 1 2 2 1 1 1 2 3 2 2 1 1 3 1 1 5 2 1 1 5 1 2 3 3 2 3 3 4 1 1 3 1 6 2 1 2 2 4 2 2 2 2 3 1 1 1 3 1 1 2 1 1 1 1 1 1 1 3 3 2 1 1 1 2 1 3 2 1 3 2 4 2 1 3 2 2 2 3 3 1 4 3 1 3 2 1 2 3 2 1 1 1 3 1 1 2 2 1 3 1 1 2 3 3 1 2 1 3 3 2 4 2 1 1 1 2 1 1 2 2 1 3 2 1 1 1 4 3 2 1 1 2 1 2 3 2 3 1 1 1 1 1 4 1 2 1 2 3 1 1 5 3 1 3 1 2 1 3 2 2 2 2 2 3 4 2 2 2 4 2 3 1 1 1 1 2 2 1 1 2 1 3 2 1 2 2 3 2 1 1 1 2 1 1 2 3 2 2 3 2 2 3 1 1 1 1 3 3 2 2 2 1 3 3 1 1 1 2 1 1 1 2 2 1 4 3 1 3 1 3 2 2 2 1 2 1 2 1 1 2 5 1 1 1 6 4 1 3 2 2 1 2 2 1 2 1 2 3 1 2 1 1 2 2 4 1 3 1 2 2 1 2 2 1 1 1 2 1 2 3 2 3 1 1 1 2 2 2 3 2 4 1 3 3 2 3 1 2 2 1 4 2 1 2 3 1 3 4 2 1 2 4 1 3 2 1 1 3 1 1 2 3 3 1 2 2 1 1 1 4 2 1 1 1 1 2 3 3 1 3 2 2 1 2 1 1 1 1 2 1 2 2 2 2 1 3 1 1 1 2 1 3 2 1 5 3 3 3 2 1 1 1 1 1 3 1 1 4 3 2 1 1 3 1 2 2 4 2 2 2 1 3 1 1 2 3 1 2 2 3 4 3 3 2 1 2 2 2 2 1 2 2 1 1 1 1 4 4 2 2 1 1 1 1 1 1 1 1 1 1 2 3 2 2 3 1 1 2 2 1 3 1 2 1 1 2 1 3 2 2 4 3 2 1 1 2 2 2 3 2 2 3 2 1 2 1 1 2 1 1 1 1 2 4 3 1 1 1 1 3 2 1 1 2 4 1 2 3 1 2 2 2 1 1 1 1 2 2 2 2 2 2 3 6 2 1 1 1 1 1 1 1 1 1 2 1 1 1 2 3 3 2 3 1 3 3 1 1 2 2 2 1 2 1 1 1 3 1 1 1 1 1 1 3 1 1 3 2 2 1 1 1 3 4 2 2 2 2 6 2 2 3 1 1 1 1 3 1 2 1 1 1 1 3 3 4 2 1 1 1 3 1 1 2 1 2 2 2 2 2 3 1 1 1 1 2 1 2 1 1 2 1 1 1 5 3 2 2 1 2 3 2 1 2 4 1 1 1 2 2 1 1 3 1 2 1 2 2 2 1 1 1 4 1 2 1 2 2 1 2 1 2 1 1 2 1 1 2 1 1 2 2 4 2 4 3 1 1 1 3 2 1 2 1 5 1 2 2 2 5 1 1 2 1 2 2 2 3 2 2 1 3 1 1 1 1 4 1 2 4 2 4 2 1 1 2 2 2 3 2 1 1 2 1 2 3 1 1 1 1 3 2 2 3 3 1 1 1 1 2 3 4 2 3 2 5 3 2 2 4 1 3 1 1 4 3 2 3 4 3 5 3 1 2 2 1 2 3 1 2 3 2 3 2 2 2 1 1 3 1 2 3 1 1 2 3 1 1 2 2 2 1 1 5 2 3 1 2 1 2 7 1 2 1 1 2 1 1 2 2 2 1 2 1 1 2 1 1 2 3 2 2 1 3 2 1 3 3 2 1 2 1 4 1 2 1 1 3 1 2 5 1 2 2 1 2 5 1 2 1 3 1 2 3 2 1 4 3 1 3 2 2 1 2 1 1 2 1 1 2 2 2 2 2 1 1 1 2 1 4 1 1 1 4 1 2 2 3 1 4 2 6 5 1 2 4 3 1 1 2 2 2 3 4 1 4 1 1 1 3 1 2 1 3 1 2 2 1 3 2 3 3 1 3 1 2 2 1 1 2 3 1 3 2 1 1 3 1 1 1 2 1 1 1 1 2 2 1 3 1 1 3 1 3 4 2 2 1 1 2 2 2 2 2 1 2 1 2 2 1 1 2 3 2 1 2 2 1 1 5 4 1 3 1 4 5 2 4 3 1 2 3 1 2 1 4 1 1 1 5 1 2 2 3 3 1 2 2 1 2 2 2 3 7 2 1 1 3 1 1 1 2 5 1 2 1 1 3 1 1 1 2 1 1 2 3 1 3 2 1 4 1 1 1 2 1 1 2 1 1 1 1 1 1 1 3 1 2 1 1 1 4 2 1 2 3 1 1 2 1 1 1 1 2 2 2 3 1 2 3 1 1 2 1 2 2 1 2 3 1 2 3 1 2 2 2 1 3 1 1 1 2 4 1 3 2 1 1 1 1 2 1 1 2 1 2 2 2 1 2 2 1 2 2 1 1 5 1 2 1 2 2 1 1 1 2 1 2 3 3 1 2 3 2 2 3 1 5 3 2 4 4 2 1 1 3 1 3 1 1 1 3 2 2 1 1 3 1 1 1 3 1 3 2 2 1 1 1 1 2 1 6 2 1 2 1 2 2 2 2 2 2 1 2 1 3 1 1 1 1 2 1 2 3 2 1 4 1 3 1 2 2 2 2 3 1 3 1 1 5 1 2 2 1 2 3 3 1 1 2 3 1 2 1 1 1 1 1 1 3 2 4 3 2 3 3 1 1 1 6 2 2 2 1 2 2 1 4 1 1 1 1 1 1 3 2 1 2 1 5 2 1 2 2 4 1 1 2 2 2 1 2 1 2 2 3 3 1 1 3 3 1 3 5 2 2 1 2 2 4 3 1 1 4 5 3 2 4 2 1 2 3 2 5 3 1 1 2 2 2 1 2 3 3 2 4 2 1 2 1 1 1 1 1 1 2 3 1 3 1 4 2 1 3 4 1 1 3 1 1 3 2 2 3 2 2 2 2 4 1 2 1 3 2 3 1 1 1 1 2 1 2 2 3 1 3 1 4 1 5 3 1 2 2 2 2 1 5 4 1 1 2 2 2 2 2 1 2 2 3 1 1 1 2 2 2 1 2 3 3 3 2 2 2 2 1 3 2 3 2 1 3 3 1 3 1 1 2 2 1 2 3 3 1 1 2 1 3 1 1 1 2 3 1 1 2 2 1 2 1 2 3 2 1 1 1 2 1 1 1 1 1 3 2 4 3 4 2 3 1 2 2 1 1 1 2 2 3 2 3 3 2 2 3 2 1 4 2 2 1 2 3 1 1 2 3 2 4 2 1 1 1 1 3 2 2 3 1 1 2 1 2 2 2 2 2 3 2 2 2 2 1 3 1 1 3 1 2 1 5 2 3 2 1 3 1 1 4 2 1 1 2 3 1 1 2 1 2 1 1 4 1 1 3 1 2 2 1 4 1 3 1 1 3 1 5 2 1 1 3 4 3 1 1 4 2 2 1 2 4 2 1 2 2 2 3 3 3 3 8 2 3 2 1 2 1 3 1 1 2 1 3 2 2 4 2 1 1 1 3 3 2 1 1 2 1 2 4 4 4 3 1 2 3 1 1 1 2 2 1 1 2 1 1 1 2 1 1 2 4 2 1 2 1 2 1 1 3 1 3 2 1 2 1 1 2 2 2 2 2 2 1 2 3 1 2 1 1 1 1 1 1 1 1 2 1 1 2 1 1 2 3 1 2 2 1 1 2 2 3 2 2 3 3 3 1 1 4 2 2 1 3 1 4 2 2 2 3 1 2 3 1 3 1 1 2 1 1 2 2 1 1 1 4 3 2 1 3 1 1 1 2 1 3 2 2 2 3 3 1 2 3 1 4 1 1 1 1 2 3 2 1 3 1 1 1 1 1 3 1 1 3 2 3 2 1 2 2 3 1 1 1 1 2 2 2 4 4 1 1 3 3 3 2 2 1 4 1 2 2 1 3 3 1 2 2 6 2 2 3 2 1 4 1 1 3 2 1 2 1 2 3 1 2 2 2 3 3 2 5 3 2 2 1 2 2 2 1 5 1 1 2 2 1 7 2 2 1 2 3 1 3 1 1 2 4 2 1 3 3 1 2 2 3 1 1 1 2 1 1 2 1 1 1 2 2 4 8 3 2 1 2 5 2 3 4 4 2 1 1 1 1 1 3 2 2 2 2 3 3 1 2 5 1 1 2 4 1 4 2 1 2 1 2 1 2 1 3 2 3 1 2 4 2 2 2 2 1 1 2 1 3 1 3 2 3 1 2 1 2 5 3 2 2 2 1 4 4 4 2 3 2 1 3 4 2 1 1 2 1 2 2 2 1 1 2 2 1 2 2 1 3 1 1 1 4 1 1 1 2 2 3 2 2 1 1 1 1 2 1 2 1 1 1 5 2 1 1 1 3 2 1 2 3 3 2 1 4 4 2 3 1 1 1 2 1 1 1 2 4 2 1 3 2 1 2 2 1 1 5 1 2 1 3 4 2 1 2 2 2 1 1 4 2 1 1 5 2 5 1 1 2 3 1 3 1 1 4 1 2 4 1 2 1 1 3 1 2 1 1 2 2 2 2 2 4 1 2 3 1 1 2 2 2 1 4 1 4 6 1 2 2 2 2 3 2 3 4 5 2 2 2 1 3 1 1 5 1 3 1 2 2 2 1 2 2 1 2 3 1 1 3 1 4 1 1 1 3 1 1 2 1 2 2 3 1 3 1 3 3 3 1 1 1 4 3 1 2 2 3 3 1 3 3 3 2 1 3 1 1 1 2 4 1 1 1 2 2 1 2 2 2 4 3 2 3 1 2 1 2 1 1 2 2 1 2 3 2 2 3 2 2 2 2 2 1 3 2 1 3 4 1 3 1 1 2 2 1 2 1 1 3 1 3 1 2 2 1 1 3 4 1 1 2 1 3 1 1 3 2 1 1 2 1 2 3 3 4 2 1 2 1 5 2 2 1 2 3 2 1 2 3 1 2 1 2 5 1 1 1 4 1 1 1 2 1 3 1 1 1 2 1 1 1 3 2 3 5 1 1 1 2 1 1 4 1 2 2 3 3 1 1 2 1 1 3 3 2 1 1 4 2 3 1 4 1 2 1 2 2 4 2 5 2 2 1 5 1 1 1 3 2 2 3 2 2 1 1 2 2 1 1 1 1 2 2 2 4 1 2 1 2 1 2 1 2 1 2 1 3 2 3 1 2 2 3 2 5 2 2 3 3 1 2 1 2 3 2 2 4 2 2 1 3 1 2 3 2 2 2 3 1 2 3 2 2 1 2 2 1 2 2 1 1 1 2 1 6 2 2 1 3 2 3 1 3 1 1 2 1 5 1 2 5 1 2 2 1 1 2 1 1 2 1 2 1 1 4 2 1 2 1 1 1 1 1 4 2 3 1 2 1 2 1 1 2 3 1 3 3 1 4 2 3 2 2 2 1 3 1 2 3 3 3 1 4 1 1 2 1 2 3 2 1 3 2 4 3 1 1 2 2 3 1 3 3 2 2 3 1 2 2 3 1 2 1 3 1 3 1 1 1 6 3 5 5 3 1 2 1 2 1 1 4 1 2 3 1 1 2 2 2 6 3 2 2 3 4 1 3 2 1 2 2 1 2 2 1 1 3 
  #Test Small 8495
  #Test Medium 14541
  #Test Large 23629
