00000000000000000000000000000000000000000000000000000000000000000000000000000000000000000000000000000000000000000000000000000000000000000000000000000000000000000000000000011111111111000000000000000000
00000000000000000000000000000001111111111111111100000000000000000000000000111111111100000000000000000000000000000000000000000000000000000000000000000000000000000000000000011111311111000000000000000000
00000000000000000000000000000001111111111111111100000011111111111111100000121211212100000000000000000000000000000000000000000000000000000000000000000000000000000000000000011211111211000000000000000000
00000000000001111111111111000001111111111111111100000011111111111111100000112111121100000000000000000000000000000000000000000000000000000000000000000000001111111000000000011111411111000000000000000000
00000000000001111111111111000001131212121212131100000011131212121411100000121211212100000000000000000000000000000000000000000000000000000000000000000111111112111000000000011111111111000000000000000000
00000000000001111111111111000001111111111111111100000011111111111111100000111111111111111111110000000000000000000000000000000000000000000000000000000121211121211000000000000000000000000000000000000000
00000000000001131313131311000001121111121111121100000011121111111211100000000000000011211112110000000000000000000000000000000000000000000000000000000112111212121000000000000000000000000000000000000000
00000000000001111111111111000001111111111111111100000011111111111111100000000000000011211112110000000000000000000000000000000000000000000000000000000121211121211000000000000000000000000000000000000000
00000000000001111111111111000001121111151111121100000011121111111211100000000000000011211112110000000000000000000000000000000000000000000000000000000111111112111000000000000000000000000000000000000000
00000000000001111111111111000001111111111111111100000011111111111111100000000000000011111111111111111111111111111111111111111111100000000000000000000000001111111000000000000000000000000000000000000000
00000000000001121212121211000001121111121111121100000011121215121211100000000000000000000000001111111111111111122222222222222222100000000000001111111111111110000000000000000000000000000000000000000000
00000000000001111111111111000001111111111111111100000011111111111111100000000000000000000000001111111111111111121111111111111112100000000000001111111111111110000000000000000000000000000000000000000000
00000000000001111111111111000001141212121212141100000011121111111211100000000000000000000000001111111111111111121111111111111112100000000000001113121212141110000000000000000000000000000000000000000000
00000000000001111111111111000001111111111111111100000011111111111111100000000000000000000000001111111111111111121111111111111112100000000000001111111111111110000000000000000000000000000000000000000000
00000000000001121212121211000001111111111111111100000011121111111211100000000000000000000000001111111111111111121111111111111112100000000000001112111111121110000000000000000000000000000000000000000000
00000000000001111111111111000001111111111111111100000011111111111111100000000000000000000000001111111111111111121111111111111112100000000000001111111111111110000000000000000000000000000000000000000000
00000000000001111111111111000000000000000000000000000011131212121411100000000000000000000000001111111111111111121111111111111112100000000000001112111111121110000000000000000000000000000000000000000000
00000000000001111111111111000000000000000000000000000011111111111111100000000000000000000000001111111111111111121111111111111112100000000000001111111111111110000000000000000000000000000000000000000000
00000000000001121212121211000000000000000000000000000011111111111111100000000000000000000000001111111111111111121111111111111112100000000000001112121512121110000000000000000000000000000000000000000000
00000000000001111111111111000000000000000000000000000000000000000000000000000000000000000000001111111111111111121111111111111112100000000000001111111111111110000000000000000000000000000000000000000000
00000000000001111111111111000001111111111111111111111111111111111111111111110000000000000000001111111111111111121111111111111112100000000000001112111111121110000000000000001111111111111110000000000000
00000000000001111111111111000001212111111112111311141211212121111141121131110000000000000000001111111111111111121111111111111112100000000000001111111111111110000000000000001111111111111110000000000000
00000000000001121212121211000001111121111111131111111111111111212111111111210000000000000000001111111111111111121111111111111112100000000000001112111111121110000000000000001222222222222210000000000000
00000000000001111111111111000001113111111112111411113121114121111121211211110000000000000000001111111111111111121111111111111112100000000000001111111111111110000000000000001211111111111210000000000000
00000000000001111111111111000001211121111211141111111111211111212111111111310000000000000000001111111111111111121111111111111112100000000000001113121212141110000000000000001211111111111210000000000000
00000000000001111111111111000001112111111111111111111211111211111112111211110000000000000000001111111111111111121111111111111112100000000000001111111111111110000000000000001214111112221210000000000000
00000000000001121212121211000001211111111312121111111112111112121111111111210000000000000000001111111111111111121111111111111112100000000000001111111111111110000000000000001211161111111210000000000000
00000000000001111111111111000001114141111111111111111211121111111211121211110000000000000000001111111111111111121111111111111112100000000000000000000000000000000000000000001213111112221210000000000000
00000000000001111111111111000001311111111111121121111113111312111112111112110000000000000000001111111111111111121111111111111112100000000000000000000000000000000000000000001211111111111210000000000000
00000000000001111111111111000001112111111111111111211111121111111211112111110000000000000000001111111111111111121111111111111112100000000000000000000000000000000000000000001211111111111210000000000000
00000000000001121212121211000001111121111111121111112131111121111111411121210000000000000000001111111111111111121111111111111112100000000000000000000000000000000000000000001211111111111210000000000000
00000000000001111111111111000001131111211121111111211111111111111111112111110000000000000000001111111111111111121111111111111112100000000011111111111111111111100000000000001211111111111210000000000000
00000000000001111111111111000001111411111111211111111121121111314121111121210000000000000000001111111111111111121111111111111112100000000011111111111111111111100000000000001211111111111210000000000000
00000000000001111111111111000001111111121211114121211111111211111111112111110000000000000000001111111111111111121111111111111112100000000012121212121212121212100000000000001211111111111210000000000000
00000000000001121212121211000001214111111113111111114121211112111112111112110000000000000000001111111111111111121111111111111112100000000011111111111111111111100000000000001211111111111210000000000000
00000000000001111111111111000001111111111111121111111111111111111211121111110000000000000000001111111111111111121111111111111112100000000011111111111111111112100000000000001211111111111210000000000000
00000000000001111111111111000001211211111212111111111211111121111111111121110000000000000000001111111111111111121111111111111112100000000011111111111111111111100000000000001211111111111210000000000000
00000000000001111111111111000001111111111111112121111112111111111412141111310000000000000000001111111111111111121111111111111112100000000011111111111111111112100000000000001211111111111210000000000000
00000000000001121212121211000001112111111212111111211111121212111111111211110000000000000000001111111111111111121111111111111112100000000011111111111111111111100000000000001211111111111210000000000000
00000000000001111111111111000001111111111111121111111212111111111112121112110000000000000000001111111111111111121111111111111112100000000011111111111111111112100000000000001211111111111210000000000000
00000000000001111111111111000001111121111212111111111111111111211111111111110000000000000000001111111111111111121111111111111112100000000011111111111111111111100000000000001211111111111210000000000000
00000000000001111111111111000001212111111111111111111312111121112111211212110000000000000000001111111111111111121111111111111112100000000011111111111111111112100000000000001211111111111210000000000000
00000000000001121212121211000001111121114121111111111111111111211111111111110000000000000000001222222222222222221111111111111112100000000011111111111111111111100000000000001211111111111210000000000000
00000000000001111111111111000001212111111111111111111211111211111111211121110000000000000000001211111111111111111111111111111112100000000011111111111111111112100000000000001211111111111210000000000000
00000000000001111111111111000001111111111111111111111111111113111111111111210000000000000000001211111111111111111111111111111112100000000011111111111111111111100000000000001211111111111210000000000000
00000000000001111111111111000001121111111121211111121111111211111111112111110000000000000000001211111111111111111111111111111112100000000011111111111111111112100000000000001211111111111210000000000000
00000000000001121212121211000001111212111111112121111211111112111111211141310000000000000000001211111111111111111111111111111112100000000011111111111111111111100000000000001211111111111210000000000000
00000000000001111111111111000001121111111111111111211111111111121111112111110000000000000000001211111111111111111111111111111112100000000011111111111111111112100000000000001211111111111210000000000000
00000000000001111111111111000001111112111111211111114111111121111113111121210000000000000000001211111111111111111111111111111112100000000011111111111111111111100000000000001211111111111210000000000000
00000000000001111111111111000001121111111111112121211111211111314111121111110000000000000000001211111111111111111111111111111112100000000011211111111111111112100000000000001211111111111210000000000000
00000000000001121212121211000001111112111111211111111111111111111131111311110000000000000000001211111111111111111111111111111112100000000011111111111111111111100000000000001211111111111210000000000000
00000000000001111111111111000001311111111211111111121211111211111111211112110000000000000000001211111111111111111111111111111112100000000012111111111111111112100000000000001211111111111210000000000000
00000000000001111111111111000001112121111112111111111111111112111111112111110000000000000000001211111111111111111111111111111112100000000011111111111111111111100000000000001211111111111210000000000000
00000000000001111111111111000001111111111111111111121211131211111111211121210000000000000000001211111111111111111111111111111112100000000011111111111111111111100000000000001211111111111210000000000000
00000000000001121212121211000001121121111141211211111111111112111111112111110000000000000000001211111111111111111111111111111112100000000011111111111111111111100000000000001211111111111210000000000000
00000000000001111111111111000001111111111111111111114121111111111111211121110000000000000000001211111111111111111111111111111112100000000011111111111111111111100000000000001211111111111210000000000000
00000000000001111111111111000001121111111121411131111111111112111111111111210000000000000000001211111111111111111111111111111112100000000011111111111111111111100000000000001211111111111210000000000000
00000000000001111111111111000001111112111111112111211212111411111111214121110000000000000000001211111111111111111111111111111112100000000011111111111111111111100000000000001211111111111210000000000000
00000000000001121212121211000001111211111212111111111111121112121111111111210000000000000000001211111111111111111111111111111112100000000011111111111111111111100000000000001211111111111210000000000000
00000000000001111111111111000001311111111111121212114141111211111412141111110000000000000000001211111111111111111111111111111112100000000011111111111111111111100000000000001211111111111210000000000000
00000000000001111111111111000001114111111212111111111111311112121111111111110000000000000000001211111111111111111111111111111112100000000011111111111111111111100000000000001211111111111210000000000000
00000000000001111111111111000001211141111111111121111131111111111112112121210000000000000000001211111111111111111111111111111112100000000011111111111111111111100000000000001211111111111210000000000000
00000000000001121212121211000001111111111121121111111111111141111111111111110000000000000000001211111111111111111111111111111112100000000012121212121212121212100000000000001211111111111210000000000000
00000000000001111111111111000001121111111111111112121111112111211131211111210000000000000000001211111111111111111111111111111112100000000011111111111111111111100000000000001211111111111210000000000000
00000000000001111111111111000001111113111111121211111211111121111111112121110000000000000000001211111111111111111111111111111112100000000011111111111111111112100000000000001211111111111210000000000000
00000000000001111111111111000001121111111111111111311112121111111112111111210000000000000000001211111111111111111111111111111112100000000011111111111111111111100000000000001211111111111210000000000000
00000000000001121212121211000001111112111111312111113111111212121111141211110000000000000000001211111111111111111111111111111112100000000011111111111111111112100000000000001211111111111210000000000000
00000000000001111111111111000001131111111211111121111121211111111212111111110000000000000000001211111111111111111111111111111112100000000011111111111111111111100000000000001211111111111210000000000000
00000000000001111111111111000001111114111111121111113111112121211111112111110000000000000000001211111111111111111111111111111112100000000011111111111111111112100000000000001211111111111210000000000000
00000000000001111111111111000001111111111111111111111111111111111111111111110000000000000000001211111111111111111111111111111112100000000011111111111111111111100000000000001211111111111210000000000000
00000000000001121212121211000001111111111111111111110000000000000000000000000000000000000000001211111111111111111111111111111112100000000011111111111111111112100000000000001211111111111210000000000000
00000000000001111111111111000001111111111111111111110000000000000000000000000000000000000000001211111111111111111111111111111112100000000011111111111111111111100000000000001211111111111210000000000000
00000000000001111111111111000001212121212121212121210000000000000000000000000000000000000000001211111111111111111111111111111112100000000011111111111111111112100000000000001211111111111210000000000000
00000000000001111111111111000001111111111111111111110000000000000000000000000000000000000000001211111111111111111111111111111112100000000011111111111111111111100000000000001211111111111210000000000000
00000000000001121212121211000001111111111111111111210000000000000000000000000000000000000000001211111111111111111111111111111112100000000011111111111111111112100000000000001212221111131210000000000000
00000000000001111111111111000001111111111111111111110000000000000000000111111110000000000000001222222222222222222222222222222222100000000011111111111111111111100000000000001211111116111210000000000000
00000000000001111111111111000001111111111111111111210000000000000000000111211210000000000000001111111111111111111111111111111111100000000011111111111111111112100000000000001212221111141210000000000000
00000000000001111111111111000001111111111111111111110000000000000000000112112110000000000000000000000000000000000000000000000000000000000011111111111111111111100000000000001211111111111210000000000000
00000000000001121212121211000001111111111111111111210000000000000000000121121110000000000000000000000000000001111111111111111111111111111111111111111111111112100000000000001211111111111210000000000000
00000000000001111111111111000001111111111111111111110000000000000000000211211310000000000000000000000000000001111111111111111111111111111111211111111111111111100000000000001222222222222210000000000000
00000000000001111111111111000001111111111111111111210000000000000000000121121110000000000000000000000000000001222121212121212121212121212111111111111111111112100000000000001111111111111110000000000000
00000000000001111111111111000001111111111111111111110000000000000000000112112110000000000000000000000000000001111111111111111111111111111112111111111111111111100000000000001111111111111110000000000000
00000000000001121212121211000001111111111111111111210000000000000000000111411210000000000000000000000000000001111111111111111111111111111111111111111111111111100000000000000000000000000000000000000000
00000000000001111111111111000001111111111111111111110000000000000000000112112110000000000000000000000000000001112121212121212121212121212111111111111111111111100000000000000000000000000000000000000000
00000000000001111111111111000001111111111111111111210000000000000000000121121110000000000000000000000000000001211111111111111111111111111111111111111111111111100000000000000000000000000000000000000000
00000000000001111111111111000001111111111111111111110000000000000000000211211310000000000000000000000000000001112111111111111111111111212111111111111111111111100000000000000000000000000000000000000000
00000000000001121212121211000001111111111111111111210000000000000000000121121110000000000000000000000000000001211111111111111111111111111111111111111111111111100000000000000000000000000000000000000000
00000000000001111111111111000001111111111111111111110000000000000000000112112110000000000000000000000000000001112111111111111111111111212111111111111111111111100000011111111111111111111111111111000000
00000000000001111111111111000001121111111111111111210000000000000000000111411210000000000000000000000000000001211111111111111111111111111111111111111111111111101111111111111111111111111111111111000000
00000000000001111111111111000001111111111111111111110000000000000000000112112110000000000000000000000000000001112111111111111111111111212111111111111111111111101111112221212121212121212121212121000000
00000001111101121212121211000001211111111111111111210000000000000000000121121110001111111111111110000000000001211111111111111111111111111111111111111111111111101222111111111111111111111111111111000000
00000001111101111111111111000001111111111111111111110000000000000000000211211310001111111111111110000000000001112111111111111111111111212112121212121212121212101111111111111111111111111111111111000000
00000001222101111111111111000001111111111111111111110000000000000000000121121110001111111111111110000000000001211111111111111111111111111111111111111111111111101111111121212121212121212121212121000000
00000001111101111111111111000001111111111111111111110000000000000000000112112110001131111311113110000000000001112111111111111111111111212111111111111111111112101111112111111111111111111111111111000000
00000001111101121212121211000001111111111111111111110000000000000000000111411210001111111111111110000000000001211111111111111111111111111111111111111111111111101111111121111111111111111111112121000000
00000001111101111111111111000001111111111111111111110000000000111111100112112110001211112111121110000000000001112111111111111111111111212111111111111111111112101222112111111111111111111111111111000000
00000001111101111111111111000001111111111111111111110000000000111112100121121110001111111111111110000000000001211111111111111111111111111111111111111111111111101111111121111111111111111111112121000000
00000001222101111111111111000001111111111111111111110000000000111121100211211310001211112111121110000000000001112111111111111111111111212111111111111111111112101111112111111111111111111111111111000000
00000001111101121212121211000001111111111111111111110000000000111211100121121110001111111111111110000000000001211111111111111111111111111111111111111111111111100000011121111111111111111111112121000000
00000001111101111111111111000001111111111111111111110000000000112112100112112110001112111121111210000000000001112111111111111111111111212111111111111111111112100000012111111111111111111111111111000000
00000000000001111111111111000001111111111111111111110000000000121121100111411210001111111111111110000000000001211111111111111111111111111111111111111111111111100000011121111111111111111111112121000000
00000000000001111111111111000001212121212121212121210000000000111211100112112110001112111121111210000000000001112111111111111111111111212111111111111111111112100000012111111111111111111111111111000000
00000000000001121212121211000001111111111111111111110000000000112112100121121110001111111111111110000000000001211111111111111111111111111111111111111111111111100000011121111111111111111111112121000000
00000000000001111111111111000001111111111111111111210000000000121121100211211310001121111211112110000000000001112111111111111111111111212111111111111111111112100000012111111111111111111111111111000000
00000000000001111111111111000001111111111111111111110000000000111211100121121110001111111111111110000000000001211111111111111111111111111111111111111111111111100000011121111111111111111111112121000000
00000000000001111111111111000001111111111111111111210000000000112112100112112110001121111211112110000000000001112111111111111111111111212111111111111111111112100000012111111111111111111111111111000000
00000000000001121212121211000001111111111111111111110000000000121121100111411210001111111111111110000000000001211111111111111111111111111111111111111111111111100000011121111111111111111111112121000000
00000000000001111111111111000001111111111111111111210000000000111211100112112110001121111211112110000000000001112111111111111111111111212111211111111111111112100000012111111111111111111111111111000000
00000000000001111111111111000001111111111111111111110000000000112111100121121110001111111111111110000000000001211111111111111111111111111111111111111111111111100000011121111111111111111111112121000000
00000000000001111111111111000001111111111111111111210000000000121111100211211310001121111211112110000000000001112111111111111111111111212112111111111111111112100000012111111111111111111111111111000000
00000000000001141414141411000001111111111111111111110000000000111111100121121110001111111111111110000000000001211111111111111111111111111111111111111111111111100000011121111111111111111111112121000000
00000000000001111111111111000001111111111111111111210000000000111111100112112110001211112111121110000000000001212121212121212121212121212111111111111111111111100000012111111111111111111111111111000000
00000000000001111111111111000001111111111111111111110000000000111112100111411210001111111111111110000000000001111111111111111111111111111100000000000000000000000000011121111111111111111111112121000000
00000000000001111111111111000001111111111111111111210000000000111121100112112110001211112111121110000000000001111111111111111111111111111100000000000000000000000000012111111111111111111111111111000000
00000000000000000000000000000001111111111111111111110000000000111211100121121110001111111111111110000000000001222121212121212121212121212100000000000000000000000000011121111111111111111111112121000000
00000000000000000000000000000001111111111111111111210000000000112112100211211310001112111121111210000000000001111111111111111111111111111100000000000000000000000000012111111111111111111111111111000000
00000000000000000000000000000001111111111111111111110000000000121121100121121110001111111111111110000000000001111111111111111111111111111100000000000000000000000000011121111111111111111111112121000000
00000000000000000000000000000001111111111111111111210000000000111211100112112110001111111111111110000000000000000000000000000000000000000000000000000000000000000000012111111111111111111111111111000000
00000000000000000000000000000001121111111111111111110000000000112112100111411210001112111121111210111111111111111111111111111111111111111111111111111111111111000000011121111111111111111111112121000000
00000000000000000000000000000001111111111111111111210000000000121121100112112110001111111111111110111111111111111111111111111111111111111111111111111111111111000000012111111111111111111111111111000000
00000000000000000000000000000001211111111111111111110000000000111211100121121110001121111211112110111111111111111111111111111111111111111111111111111111111111000000012121212121212121212121212121000000
00000000000000000000000000000001111111111111111111110000000000112112100211211110001111111111111110111111111111111111111111111111111111111111111111111111111111000000011111111111111111111111111111000000
00000000000000000000000000000001111111111111111111110000000000121121100111111110001121111211112110111111111111111111111111111111111111111111111111111111111111000000011111111111111111111111111111000000
00000000000000000000000000000001111111111111111111110000000000111211100122222220001111111111111110111111111111111111111111111111111111111111111111111111111111000000012221212121212121212121212121000000
00000000000000000000000000000001111111111111111111110000000000112111100222222220001121111211112110111111111111111111111111111111111111111111111111111111111111000000011111111111111111111111111111000000
00000000000000000000000000000001111111111111111111110000000000121111100222222220001111111111111110111111111111111111111111111111111111111111111111111111111111000000011111111111111111111111111111000000
00000000000000000000000000000001111111111111111111110000000000111111100111111110001111111111111110111111111111111111111111111111111111111111111111111111111111000000000000000000000000000000000000000000
00000000000000000000000000000001111111111111111111110000000000111111100111211210001121111211112110111111111111111111111111111111111111111111111111111111111111000000000000000000000000000000000000000000
00000000000000000000000000000001111111111111111111110000000000111112100112112110001111111111111110111111111111111111111111111111111111111111111111111111111111000000000000000000000000000000000000000000
00000000000000000000000000000001111111111111111111110000000000111121100121121110001211112111121110111111111111111111111111111111111111111111111111111111111111000000000000000000000000000000000000000000
00000000000000000000000000000001212121212121212121210000000000111211100211211310001111111111111110111111111111111111111111111111111111111111111111111111111111000000000000000000000000000000000000000000
00000000000000000000000000000001111111111111111111110000000000112112100121121110001211112111121110111111111111111111111111111111111111111111111111111111111111000000000000000000000000000000000000000000
00000000000000000000000000000001111111111111111111210000000000121121100112112110001111111111111110111111111111111111111111111111111111111111111111111111111111000000000000000000000000000000000000000000
00000000000000000000000000000001111111111111111111110000000000111211100111411210001112111121111210111111111111111111111111111111111111111111111111111111111111000000000000000000000000000000000000000000
00000000000000000000000000000001111111111111111111210000000000112112100112112110001111111111111110111111111111111111111111111111111111111111111111111111111111000000000000000000000000000000000000000000
00000000000000000000000000000001111111111111111111110000000000121121100121121110001112111121111210111111111111111111111111111111111111111111111111111111111111000000000000000000000000000000000000000000
00000000000000000000000000000001111111111111111111210000000000111211100211211310001111111111111110111111111111111111111111111111111111111111111111111111111111000000000000000000000000000000000000000000
00000000000000000000000000000001111111111111111111110000000000112112100121121110001121111211112110111111111111111111111111111111111111111111111111111111111111000000000000000000000000000000000000000000
00000000000000000000000000000001111111111111111111210000000000121121100112112110001111111111111110111111111111111111111111111111111111111111111111111111111111000000000000000000000000000000000000000000
00000000000000000000000000000001111111111111111111110000000000111211100111411210001121111211112110111111111111111111111111111111111111111111111111111111111111000000000000000000000000000000000000000000
00000000000000000000000000000001111111111111111111210000000000112111100112112110001111111111111110111111111111111111111111111111111111111111111111111111111111000000000000000000000000000000000000000000
00000000000000000000000000000001111111111111111111110000000000121111100121121110001121111211112110111111111111111111111111111111111111111111111111111111111111000000000000000000000000000000000000000000
00000000000000000000000000000001111111111111111111210000000000111111100211211310001111111111111110111111111111111111111111111111111111111111111111111111111111000000000000000000000000000000000000000000
00000000000000000000000000000001111111111111111111110000000000000000000121121110001121111211112110111111111111111111111111111111111111111111111111111111111111000000000000000000000000000000000000000000
00000000000000000000000000000001111111111111111111210000000000000000000112112110001111111111111110111111111111111111111111111111111111111111111111111111111111000000000000000000000000000000000000000000
00000000000000000000000000000001111111111111111111110000000000000000000111411210001211112111121110111111111111111111111111111111111111111111111111111111111111000000000000000000000000000000000000000000
00000000000000000000000000000001121111111111111111210000000000000000000112112110001111111111111110111111111111111111111111111111111111111111111111111111111111000000000000000000000000000000000000000000
00000000000000000000000000000001111111111111111111110000000000000000000121121110001211112111121110111111111111111111111111111111111111111111111111111111111111000000000000000000000000000000000000000000
00000000000000000000000000000001211111111111111111210000000000000000000211211310001111111111111110111111111111111111111111111111111111111111111111111111111111000000000000000000000000000000000000000000
00000000000000000000000000000001111111111111111111110000000000000000000121121110001112111121111210111111111111111111111111111111111111111111111111111111111111000000000000000000000000000000000000000000
00000000000000000000000000000001111111111111111111110000000000000000000112112110001111111111111110111111111111111111111111111111111111111111111111111111111111000000000000000000000000000000000000000000
00000000000000000000000000000000000000000000000000000000000000000000000111411210001112111121111210111111111111111111111111111111111111111111111111111111111111000000000000000000000000000000000000000000
00000000000000000000000000000000000000000000000000000000000000000000000112112110001111111111111110111111111111111111111111111111111111111111111111111111111111000000000000000000000000000000000000000000
00000000000000000000000000000000000000000000000000000000000000000000000121121110001121111211112110111111111111111111111111111111111111111111111111111111111111000000000000000000000000000000000000000000
00000000000000000000000000000000000000000000000000000000000000000000000211211310001111111111111110111111111111111111111111111111111111111111111111111111111111000000000000000000000000000000000000000000
00000000000000000000000000000000000000000000000000000000000000000000000121121110001121111211112110111111111111111111111111111111111111111111111111111111111111000000000000000000000000000000000000000000
00000000000000000000000000000000000000000000000000000000000000000000000112112110001111111111111110111111111111111111111111111111111111111111111111111111111111000000000000000000000000000000000000000000
00000000000000000000000000000000000000000000000000000000000000000000000111411210001121111211112110111111111111111111111111111111111111111111111111111111111111000000000000000000000000000000000000000000
00000000000000000000000000000000000000000000000000000000000000000000000112112110001111111111111110111111111111111111111111111111111111111111111111111111111111000000000000000000000000000000000000000000
00000000000000000000000000000000000000000000000000000000000000000000000121121110001121111211112110111111111111111111111111111111111111111111111111111111111111000000000000000000000000000000000000000000
00000000000000000000000000000000000000000000000000000000000000000000000211211310001111111111111110111111111111111111111111111111111111111111111111111111111111000000000000000000000000000000000000000000
00000000000000000000000000000000000000000000000000000000000000000000000121121110001211112111121110111111111111111111111111111111111111111111111111111111111111000000000000000000000000000000000000000000
00000000000000000000000000000000000000000000000000000000000000000000000112112110001111111111111110111111111111111111111111111111111111111111111111111111111111000000000000000000000000000000000000000000
00000000000000000000000000000000000000000000000000000000000000000000000111411210001211112111121110111111111111111111111111111111111111111111111111111111111111000000000000000000000000000000000000000000
00000000000000000000000000000000000000000000000000000000000000000000000112112110001111111111111110111111111111111111111111111111111111111111111111111111111111000000000000000000000000000000000000000000
00000000000000000000000000000000000000000000000000000000000000000000000121121110001112111121111210111111111111111111111111111111111111111111111111111111111111000000000000000000000000000000000000000000
00000000000000000000000000000000000000000000000000000000000000000000000211211310001111111111111110111111111111111111111111111111111111111111111111111111111111000000000000000000000000000000000000000000
00000000000000000000000000000000000000000000000000000000000000000000000121121110001112111121111210111111111111111111111111111111111111111111111111111111111111000000000000000000000000000000000000000000
00000000000000000000000000000000000000000000000000000000000000000000000112112110001111111111111110111111111111111111111111111111111111111111111111111111111111000000000000000000000000000000000000000000
00000000000000000000000000000000000000000000000000000000000000000000000111411210001121111211112110111111111111111111111111111111111111111111111111111111111111000000000000000000000000000000000000000000
00000000000000000000000000000000000000000000000000000000000000000000000112112110001111111111111110111111111111111111111111111111111111111111111111111111111111000000000000000000000000000000000000000000
00000000000000000000000000000000000000000000000000000000000000000000000121121110001121111211112110111111111111111111111111111111111111111111111111111111111111000000000000000000000000000000000000000000
00000000000000000000000000000000000000000000000000000000000000000000000211211110001111111111111110111111111111111111111111111111111111111111111111111111111111000000000000000000000000000000000000000000
00000000000000000000000000000000000000000000000000000000000000000000000111111110001111111111111110111111111111111111111111111111111111111111111111111111111111000000000000000000000000000000000000000000
00000000000000000000000000000000000000000000000000000000000000000000000000000000001121111211112110111111111111111111111111111111111111111111111111111111111111000000000000000000000000000000000000000000
00000000000000000000000000000000000000000000000000000000000000000000000000000000001111111111111110111111111111111111111111111111111111111111111111111111111111000000000000000000000000000000000000000000
00000000000000000000000000000000000000000000000000000000000000000000000000000000001121111211112110111111111111111111111111111111111111111111111111111111111111000000000000000000000000000000000000000000
00000000000000000000000000000000000000000000000000000000000000000000000000000000001111111111111110111111111111111111111111111111111111111111111111111111111111000000000000000000000000000000000000000000
00000000000000000000000000000000000000000000000000000000000000000000000000000000001211112111121110111111111111111111111111111111111111111111111111111111111111000000000000000000000000000000000000000000
00000000000000000000000000000000000000000000000000000000000000000000000000000000001111111111111110111111111111111111111111111111111111111111111111111111111111000000000000000000000000000000000000000000
00000000000000000000000000000000000000000000000000000000000000000000000000000000001211112111121110111111111111111111111111111111111111111111111111111111111111000000000000000000000000000000000000000000
00000000000000000000000000000000000000000000000000000000000000000000000000000000001111111111111110111111111111111111111111111111111111111111111111111111111111000000000000000000000000000000000000000000
00000000000000000000000000000000000000000000000000000000000000000000000000000000001112111121111210111111111111111111111111111111111111111111111111111111111111000000000000000000000000000000000000000000
00000000000000000000000000000000000000000000000000000000000000000000000000000000001111111111111110111111111111111111111111111111111111111111111111111111111111000000000000000000000000000000000000000000
00000000000000000000000000000000000000000000000000000000000000000000000000000000001112111121111210111111111111111111111111111111111111111111111111111111111111000000000000000000000000000000000000000000
00000000000000000000000000000000000000000000000000000000000000000000000000000000001111111111111110111111111111111111111111111111111111111111111111111111111111000000000000000000000000000000000000000000
00000000000000000000000000000000000000000000000000000000000000000000000000000000001141111411114110111111111111111111111111111111111111111111111111111111111111000000000000000000000000000000000000000000
00000000000000000000000000000000000000000000000000000000000000000000000000000000001111111111111110111111111111111111111111111111111111111111111111111111111111000000000000000000000000000000000000000000
00000000000000000000000000000000000000000000000000000000000000000000000000000000001111111111111110111111111111111111111111111111111111111111111111111111111111000000000000000000000000000000000000000000
00000000000000000000000000000000000000000000000000000000000000000000000000000000001111111111111110111111111111111111111111111111111111111111111111111111111111000000000000000000000000000000000000000000
00000000000000000000000000000000000000000000000000000000000000000000000000000000000000000000000000111111111111111111111111111111111111111111111111111111111111000000000000000000000000000000000000000000
00000000000000000000000000000000000000000000000000000000000000000000000000000000000000000000000000111111111111111111111111111111111111111111111111111111111111000000000000000000000000000000000000000000
00000000000000000000000000000000000000000000000000000000000000000000000000000000000000000000000000111111111111111111111111111111111111111111111111111111111111000000000000000000000000000000000000000000
00000000000000000000000000000000000000000000000000000000000000000000000000000000000000000000000000111111111111111111111111111111111111111111111111111111111111000000000000000000000000000000000000000000
00000000000000000000000000000000000000000000000000000000000000000000000000000000000000000000000000111111111111111111111111111111111111111111111111111111111111000000000000000000000000000000000000000000
00000000000000000000000000000000000000000000000000000000000000000000000000000000000000000000000000111111111111111111111111111111111111111111111111111111111111000000000000000000000000000000000000000000
00000000000000000000000000000000000000000000000000000000000000000000000000000000000000000000000000111111111111111111111111111111111111111111111111111111111111000000000000000000000000000000000000000000
00000000000000000000000000000000000000000000000000000000000000000000000000000000000000000000000000111111111111111111111111111111111111111111111111111111111111000000000000000000000000000000000000000000
00000000000000000000000000000000000000000000000000000000000000000000000000000000000000000000000000000000000000000000000000000000000000000000000000000000000000000000000000000000000000000000000000000000
00000000000000000000000000000000000000000000000000000000000000000000000000000000000000000000000000000000000000000000000000000000000000000000000000000000000000000000000000000000000000000000000000000000

