00000000000000000000000000000000000000000000000000000000000000000000000000000000000000000000000000000000000000000000000011111111111110000000000000000000000000000000000000000000000000000000000000000000
00000111111111100111110000000000000000000000000000000000000000000000000000000000000000000000000000000000000000000000000012111111111210000000000000000000000000000000000000000000000000000000000000000000
00000111121112100111110000000000000000000000000000000000000000000000000000000000000000000000000000000000000000000000000011211111112110000000000000000000000000000000000000000000000000000000000000000000
00000112112121100112110000000000000000000000000000000000000000000000000000000000000000000000000000000000000000000000000011121111121110000000000000000000000000000000000000000000000000000000000000000000
00000111211111100111110000000000000000000000000000000000000000000000000000000000000000000000000000000000000000000000000011112111211110000000000000000000000000000000000000000000000000000000000000000000
00000121121221100111110000000000000000000000000000000000000000000000000000000000000000000000000000000000000000000000000011111212111110000000000000000000000000000000000000000000000000000000000000000000
00000111111111100000000000111111111111111111111111111111111111111111111111111111111111111111111111111111110000000000000014111121111310000000000000000000000000000000000000000000000000000000000000000000
00000211211212100000000000111111111111111111111111111111111111111111111111111111111111111111111111111111110000000000000011111212111110000000000000000000000000000000000000000000000000000000000000000000
00000112121111100000000000111111111111111111111111111111111111111111111111111111111111111111111111111111110000000000000011112111211110000000000000000000000000000000000000000000000000000000000000000000
00000111112121100000000000111111111111111111111111111111111111111111111111111111111111111111111111111111110000000000000011121111121110000000000000000000000000000000000000000000000000000000000000000000
00000111111111100000000000111111111111111111111111111111111111111111111111111111111111111111111111111111110000000000000011211111112110000001111111111111111111111111111111111111111111111111111111111110
00000000000111110000000000111111111111111111111111111111111111111111111111111111111111111111111111111111110000000011111012111111111210000001111111111111111111111111111111111111111111111111111111111110
00000000000121210000000000111111111111111111111111111111111111111111111111111111111111111111111111111111110000000011111011111111111110000001111111111111111111111111111111111111111111111111111111111110
00000000000112110000000000111111111111111111111111111111111111111111111111111111111111111111111111111111110000000011111012222222222210000001111111111111111111111111111111111111111111111111111111111110
00000000000121210000000000111111111111111111111111111111111111111111111111111111111111111111111111111111110000000011311011111111111110000001111111111111111111111111111111111111111111111111111111111110
00000000000111110000000000111111111111111111111111111111111111111111111111111111111111111111111111111111110000000011111012111111111210000001111111111111111111111111111111111111111111111111111111111110
00000000000000000000000000111111111111111111111111111111111111111111111111111111111111111111111111111111110000000011111011211111112110000001111111111111111111111111111111111111111111111111111111111110
00000000000000000000000000111111111111111111111111111111111111111111111111111111111111111111111111111111110000000011111011121111121110000001111111111111111111111111111111111111111111111111111111111110
00000000000000000000000000111111111111111111111111111111111111111111111111111111111111111111111111111111110000000011211011112111211110000001111111111111111111111111111111111111111111111111111111111110
00000000000000000000000000111111111111111111111111111111111111111111111111111111111111111111111111111111110000000011111011111212111110000001111111111111111111111111111111111111111111111111111111111110
00000000000000000000000000111111111111111111111111111111111111111111111111111111111111111111111111111111110000000011111014111121111310000001111111111111111111111111111111111111111111111111111111111110
00000000000000000000000000111111111111111111111111111111111111111111111111111111111111111111111111111111110000000011111011111212111110000001111111111111111111111111111111111111111111111111111111111110
00000000000000000000000000111111111111111111111111111111111111111111111111111111111111111111111111111111110000000011211011112111211110000001111111111111111111111111111111111111111111111111111111111110
00000000000000000000000000111111111111111111111111111111111111111111111111111111111111111111111111111111110000000011111011121111121110000001111111111111111111111111111111111111111111111111111111111110
00000000000000000000000000111111111111111111111111111111111111111111111111111111111111111111111111111111110000000011111011211111112110000001111111111111111111111111111111111111111111111111111111111110
00000000000000000000000000111111111111111111111111111111111111111111111111111111111111111111111111111111110000000011111012111111111210000001111111111111111111111111111111111111111111111111111111111110
00000000000000000000000000111111111111111111111111111111111111111111111111111111111111111111111111111111110000000011211011111111111110000001111111111111111111111111111111111111111111111111111111111110
00000000000000000000000000111111111111111111111111111111111111111111111111111111111111111111111111111111110000000011111012222222222210000001111111111111111111111111111111111111111111111111111111111110
00000000000000000000000000111111111111111111111111111111111111111111111111111111111111111111111111111111110000000011111011111111111110000001111111111111111111111111111111111111111111111111111111111110
00000000000000000000000000111111111111111111111111111111111111111111111111111111111111111111111111111111110000000011111012111111111210000001111111111111111111111111111111111111111111111111111111111110
00000000000000000000000000111111111111111111111111111111111111111111111111111111111111111111111111111111110000000011211011211111112110000001111111111111111111111111111111111111111111111111111111111110
00000000000000000000000000111111111111111111111111111111111111111111111111111111111111111111111111111111110000000011111011121111121110000001111111111111111111111111111111111111111111111111111111111110
00000000000000000000000000111111111111111111111111111111111111111111111111111111111111111111111111111111110000000011111011112111211110000001111111111111111111111111111111111111111111111111111111111110
00000000000000000000000000111111111111111111111111111111111111111111111111111111111111111111111111111111110000000011111011111212111110000001111111111111111111111111111111111111111111111111111111111110
00000000000000000000000000111111111111111111111111111111111111111111111111111111111111111111111111111111110000000011211014111121111310000001111111111111111111111111111111111111111111111111111111111110
00000000000000000000000000111111111111111111111111111111111111111111111111111111111111111111111111111111110000000011111011111212111110000001111111111111111111111111111111111111111111111111111111111110
00000000000000000000000000111111111111111111111111111111111111111111111111111111111111111111111111111111110000000011111011112111211110000001111111111111111111111111111111111111111111111111111111111110
00000000000000000000000000111111111111111111111111111111111111111111111111111111111111111111111111111111110000000011111011121111121110000001111111111111111111111111111111111111111111111111111111111110
00000000000000000000000000111111111111111111111111111111111111111111111111111111111111111111111111111111110000000011211011211111112110000001111111111111111111111111111111111111111111111111111111111110
00000000000000000000000000111111111111111111111111111111111111111111111111111111111111111111111111111111110000000011111012111111111210000001111111111111111111111111111111111111111111111111111111111110
00000000000000000000000000111111111111111111111111111111111111111111111111111111111111111111111111111111110000000011111011111111111110000001111111111111111111111111111111111111111111111111111111111110
00000000000000000000000000111111111111111111111111111111111111111111111111111111111111111111111111111111110000000011111012222222222210000001111111111111111111111111111111111111111111111111111111111110
00000000000000000000000000111111111111111111111111111111111111111111111111111111111111111111111111111111110000000011211011111111111110000001111111111111111111111111111111111111111111111111111111111110
00000000000000000000000000111111111111111111111111111111111111111111111111111111111111111111111111111111110000000011111012111111111210000001111111111111111111111111111111111111111111111111111111111110
00000000000000000000000000111111111111111111111111111111111111111111111111111111111111111111111111111111110000000011111011211111112110000001111111111111111111111111111111111111111111111111111111111110
00000000000000000000000000111111111111111111111111111111111111111111111111111111111111111111111111111111110000000011111011121111121110000001111111111111111111111111111111111111111111111111111111111110
00000000000000000000000000000000000000000000001111111111111111111111111111111111111111110000000000000000000000000011211011112111211110000001111111111111111111111111111111111111111111111111111111111110
00000000000000000000000000000000000000000000001111111111111111111111111111111111111111110000000000000000000000000011111011111212111110000001111111111111111111111111111111111111111111111111111111111110
00000000000000000000000000000000000000000000001111111111111111111111111111111111111111110111111111110000000000000011111014111121111310000001111111111111111111111111111111111111111111111111111111111110
00000000111111111110000000000000000000000000001111111111111111111111111111111111111111110121113111210000000000000011111011111212111110000001111111111111111111111111111111111111111111111111111111111110
00000000121113111210000000000000000000000000001111412121212121212111121212121212121211110112111112110000000000000011211011112111211110001111111111111111111111111111111111111111111111111111111111110000
00000000112111112110000000000000000000000000001111111111111111111111111111111111111111110111211121110000000000000011111011121111121110001111111111111111111111111111111111111111111111111111111111110000
00000000111211121110000000000000000000000000001111212121212121212111121212121212121211110111121211110000000000000011111011211111112110001111111111111111111111111111111111111111111111111111111111110000
00000000111121211110000000000000000000000000001111111111111111111111111111111111111111110131112111410000000000000011111012111111111210001111111111111111111111111111111111111111111111111111111111110000
00000000141112111310000000000000000000000000001111212121212121212111121212121212121211110111121211110000000000000011211011111111111110001111111111111111111111111111111111111111111111111111111111110000
00000000111121211110000000000000000000000000001111111111111111111111111111111111111111110111211121110000000000000011111011111111111110001111111111111111111111111111111111111111111111111111111111110000
00000000111211121110000000000000000000000000001111212121212121212111121212121212121211110112111112110000000000000011111011111111111110001111111111111111111111111111111111111111111111111111111111110000
00000000112111112110000000000000000000000000001111111111111111111111111111111111111111110121114111210000000000000011111012111111111210001111111111111111111111111111111111111111111111111111111111110000
00000000121114111210000000000000000000000000001111212121212121212111121212121212121211110111111111110000000000000011211011211111112110001111111111111111111111111111111111111111111111111111111111110000
00000000111111111110000000000000000000000000001111111111111111111111111111111111111111110000000000000000000000000011111011121111121110001111111111111111111111111111111111111111111111111111111111110000
00000000000000000000000000000000000000000000001111212121212121212111121212121212121211110000000000000000000000000011111011112111211110001111111111111111111111111111111111111111111111111111111111110000
00000000000000000000000000000000000000000000001111111111111111111111111111111111111111110000000000000000000000000011111011111212111110001111111111111111111111111111111111111111111111111111111111110000
00000000000000000000000000000000000000000000001111212121212121212111121212121212121211110000000000000000000000000011211014111121111310001111111111111111111111111111111111111111111111111111111111110000
00000000000000000000000000000000000000000000001111111111111111111111111111111111111111110000000000000000000000000011111011111212111110001111111111111111111111111111111111111111111111111111111111110000
00000000000000000000000000000000000000000000001111212121212121212111121212121212121211110000000000000000000000000011111011112111211110001111111111111111111111111111111111111111111111111111111111110000
00000000000000000000000000000000000000000000001111111111111111111111111111111111111111110000000000000000000000000011111011121111121110001111111111111111111111111111111111111111111111111111111111110000
00000000000000000000000000000000000000000000001111212121212121212111121212121212121211110000000000000000000000000011211011211111112110001111111111111111111111111111111111111111111111111111111111110000
00000000000000000000000000000000000000000000001111111111111111111111111111111111111111110000000000000000000000000011111012111111111210001111111111111111111111111111111111111111111111111111111111110000
00000000000000000000000000000000000000000000001111212121212121212111121212121212121211110000000000000000000000000011111011111111111110001111111111111111111111111111111111111111111111111111111111110000
00000000000000000000000000000000000000000000001111111111111111111111111111111111111111110000000000000000000000000011111012222222222210001111111111111111111111111111111111111111111111111111111111110000
00000000000000000000000000000000000000000000001111212121212121212111121212121212121211110000000000000000000000000011211011111111111110001111111111111111111111111111111111111111111111111111111111110000
00000000000000000000000000000000000000000000001111111111111111111111111111111111111111110000000000000000000000000011111012111111111210001111111111111111111111111111111111111111111111111111111111110000
00000000000000000000000000000000000000000000001111212121212121212111121212121212121211110000000000000000000000000011111011211111112110001111111111111111111111111111111111111111111111111111111111110000
00000000000000000000000000000000000000000000001111111111111111111111111111111111111111110000000000000000000000000011111011121111121110001111111111111111111111111111111111111111111111111111111111110000
00000000000000000000000000000000000000000000001111212121212121212111121212121212121311110000000000000000000000000011211011112111211110001111111111111111111111111111111111111111111111111111111111110000
00000000000000000000000000000000000000000000001111111111111111111111111111111111111111110000000000000000000000000011111011111212111110001111111111111111111111111111111111111111111111111111111111110000
00000000000000000000000000000000000000000000001111111111111111111111111111111111111111110000000000000000000000000011111014111121111310001111111111111111111111111111111111111111111111111111111111110000
00000000000000000000000000000000000000000000001111111111111111111111111111111111111111110000000000000000000000000011111011111212111110001111111111111111111111111111111111111111111111111111111111110000
00000000000000000000000000000000000000000000001111111111111111111111111111111111111111110000000000000000000000000011211011112111211110001111111111111111111111111111111111111111111111111111111111110000
00000000000000000000000000000000111111111111111121111111111111111111111111111111111000000000000000000000000000000011111011121111121110001111111111111111111111111111111111111111111111111111111111110000
00000000000000000000000000000000121121111111111211211111111112111111111112111116111000000000000000000000000000000011111011211111112110001111111111111111111111111111111111111111111111111111111111110000
00000000000000000000000000000000121111211111111111112111111121112111111121121111111000000000000000000000000000000011111012111111111210001111111111111111111111111111111111111111111111111111111111110000
00000000000000000000000000000000121111112111112111111112121211111121212111112111111000000000000000000000000000000011211011111111111110001111111111111111111111111111111111111111111111111111111111110000
00000000000000000000000000000000121111111121121111111111111111111111111111111121111000000000000000000000000000000011111012222222222210001111111111111111111111111111111111111111111111111111111111110000
00000000000000000000000000000000121111211111211111111111111111211211111111111111211000000000000000000000000000000011111011111111111110001111111111111111111111111111111111111111111111111111111111110000
00000000000000000000000000000000121111111111111111111111111111111111111111111111211000000000000000000000000000000011111012111111111210001111111111111111111111111111111111111111111111111111111111110000
00000000000000000000000000000000121111111111111111111111111111211211111111211111211000000000000000000000000000000011211011211111112110001111111111111111111111111111111111111111111111111111111111110000
00000000000000000000000000000000121211111111111111111111111111111111111111111111111000000000000000000000000000000011111011121111121110001111111111111111111111111111111111111111111111111111111111110000
00000000000000000000000000000000111122111112111113111114111111111111111121211111221000000000000000000000000000000011111011112111211110001111111111111111111111111111111111111111111111111111111111110000
00000000000000000000000000000000111121111111111111111111111111111111111111111111121000000000000000000000000000000011111011111212111110001111111111111111111111111111111111111111111111111111111111110000
00000000000000000000000000000000111112221111111111111111111111111111111111111111221000000000000000000000000000000011211014111121111310001111111111111111111111111111111111111111111111111111111111110000
00000000000000000000000000000000111121111111111111111111111111111111111111111111211000000000000000000000000000000011111011111212111110001111111111111111111111111111111111111111111111111111111111110000
00000000000000000000000000000000111121111111211111111111111111111111121111111111221000000000000000000000000000000011111011112111211110001111111111111111111111111111111111111111111111111111111111110000
00000000000000000000000000000000111121111111111111211111111111111111211211111111121000000000000000000000000000000011111011121111121110001111111111111111111111111111111111111111111111111111111111110000
00000000000000000000000000000000111222222212111112112111111111111112111112111111111000000000000000000000000000000011211011211111112110001111111111111111111111111111111111111111111111111111111111110000
00000000000000000000000000000000111111111221111121111211111111121211111111121211111000000000000000000000000000000011111012111111111210001111111111111111111111111111111111111111111111111111111111110000
00000000000000000000000000000000111122111111211111111112111111211111111111111112111000000000000000000000000000000011111011111111111110001111111111111111111111111111111111111111111111111111111111110000
00000000000000000000000000000000111112111111121211131111121112111111141111111111211000000000000000000000000000000011111012222222222210001111111111111111111111111111111111111111111111111111111111110000
00000000000000000000000000000000111112211111112111111111111211111111111111111111221000000000000000000000000000000011211011111111111110001111111111111111111111111111111111111111111111111111111111110000
00000000000000000000000000000000-2512-48-48-48-48-48-48-48-48-48-48-48-48-48-328212293-11839-48-482-48-48-48-48-48-48-482-48-48-48-48-48-48-48-48-48-48-48-48-48-48-483282122000000000000000000000000000000011111012111111111210001111111111111111111111111111111111111111111111111111111111110000
0000000000000000000000000000000011111111111111111111111111111111111111111111111111-48000000000000000000000000000000011111011211111112110001111111111111111111111111111111111111111111111111111111111110000
0000000000000000000000000000000011113111111111111311111111311111111111111212111111-48000000000000000000000000000000011111011121111121110001111111111111111111111111111111111111111111111111111111111110000
0000000000000000000000000000000011111111111111111111111111111111111111111111111111-48000000000000000000000000000000011211011112111211110001111111111111111111111111111111111111111111111111111111111110000
0000000000000000000000000000000013111111111111111111111111411111111111111211211111-48000000000000000000000000000000011111011111212111110001111111111111111111111111111111111111111111111111111111111110000
0000000000000000000000000000000011111111111111111111111111111131111111111111111111-48000000000000000000000000000000011111014111121111310001111111111111111111111111111111111111111111111111111111111110000
0000000000000000000000000000000011111111111111111111111111111111111114111211211121-48000000000000000000000000000000011111011111212111110001111111111111111111111111111111111111111111111111111111111110000
0000000000000000000000000000000011111111111111111411111111111111111111141111114111-48000000000000000000000000000000011211011112111211110001111111111111111111111111111111111111111111111111111111111110000
0000000000000000000000000000000011111111114111111111111111111111111112111112111111-48000000000000000000000000000000011111011121111121110001111111111111111111111111111111111111111111111111111111111110000
0000000000000000000000000000000011111111111111111111111111113111111111111211121211-48000000000000000000000000000000011111011211111112110001111111111111111111111111111111111111111111111111111111111110000
0000000000000000000000000000000014121111111121111111121112111131111111111113111111-48000000000000000000000000000000011111012111111111210001111111111111111111111111111111111111111111111111111111111110000
0000000000000000000000000000000011111111121111121412111111121111112111141111111111-48000000000000000000000000000000011211011111111111110001111111111111111111111111111111111111111111111111111111111110000
0000000000000000000000000000000011212111111141111111121211111411111111111111111111-48000000000000000000000000000000011111011111111111110001111111111111111111111111111111111111111111111111111111111110000
0000000000000000000000000000000011111121121111212121111112111111111111111111111111-48000000000000000000000000000000011111000000000000000001111111111111111111111111111111111111111111111111111111111110000
0000000000000000000000000000000011212111111131111111212111111311111111111112111111-48000000000000000000000000000000011111000000000000000001111111111111111111111111111111111111111111111111111111111110000
0000000000000000000000000000000011111111111111111111111131111111111111111111111111-48000000000000000000000000000000011211000000000000000001111111111111111111111111111111111111111111111111111111111110000
0000000000000000000000000000000011121111112111112111121111112111111111111141111111-48000000000000000000000000000000011111000000000000000001111111111111111111111111111111111111111111111111111111111110000
0000000000000000000000000000000011111211311112111121111111111111111114111111111111-48000000000000000000000000000000011111000000000000000001111111111111111111111111111111111111111111111111111111111110000
0000000000000000000000000000000011141111111111121111111111111111111111111111111111-48000000000000000000000000000000011111000000000000000001111111111111111111111111111111111111111111111111111111111110000
0000000000000000000000000000000011111111111111111111111111111111131111111111111111-48000000000000000000000000000000011411000000000000000001111111111111111111111111111111111111111111111111111111111110000
0000000000000000000000000000000012111111111111111111111111111111111111113111111111-48000000000000000000000000000000011111000000000000000001111111111111111111111111111111111111111111111111111111111110000
0000000000000000000000000000000011111121311111111212121211111111111111111111111111-48000000000000000000000000000000011111000000000000000001111111111111111111111111111111111111111111111111111111111110000
0000000000000000000000000000000011111111113121211111111111111111111211141311111211-48000000000000000000000000000000011111000000000000000001111111111111111111111111111111111111111111111111111111111110000
0000000000000000000000000000000011111111111111111111131111111112121112111111211111-48000000000000000000000000000000000000000000000000000001111111111111111111111111111111111111111111111111111111111110000
0000000000000000000000000000000011131111112121411111111111114111111411141211113131-48000000000000000000000000000000000000000000000000000001111111111111111111111111111111111111111111111111111111111110000
0000000000000000000000000000000014111212111111111111111111111111111111111111111111-48000000000000000000000000000000000000000000000000000001111111111111111111111111111111111111111111111111111111111110000
0000000000000000000000000000000011111111111111111111111111111111111111111111131111-48000000000000000000000000000000000000000000000000000001111111111111111111111111111111111111111111111111111111111110000
0000000000000000000000000000000011111111111111111111111111111111111111111111111111-48000000000000000000000000000000000000000000000000000001111111111111111111111111111111111111111111111111111111111110000
0000000000000000000000000000000011111111111111111111111111111111111131111111111111-48011111111111111111111111111111111111100000000000000001111111111111111111111111111111111111111111111111111111111110000
0000000000000000000000000000000013141111111111111111111111111111111111111111111111-48011111111111111111111111111111111111100000000000000001111111111111111111111111111111111111111111111111111111111110000
0000000000000000000000000000000011111111111114111111111111111111111111111111111111-48011111111111111111111111111111111111100000000000000001111111111111111111111111111111111111111111111111111111111110000
0000000000000001111100000000000011314111111111111111111111111111111111111111111111-48011111111111111111111111111111111111100000000000000000000000000000000000000000000000000000000000000000000000000000000
0000000000000001111100000000000011111111111121111111111112112121111141111111113111-48011112121211111177777777777777771111100000000000000000000000000000000000000000000000000000000000000000000000000000000
0000000000000001121100000000000011121121111111311111111111111111111111212111211121-48011111111111111171111111111111171111100000000000000000000000000000000000000000000000000000000000000000000000000000000
0000000000000001111100000000000011111111211211111111112112111111114121111111111111-48011111212111111171111111111111171111100000000000000000000000000000000000000000000000000000000000000000000000000000000
0000000000000001111100000000000011111131111111111111111111111111111111111111111111-48011111111111111171111111111111171111100000000000000000000000000000000000000000000000000000000000000000000000000000000
0000000000000000000000000000000012111111211211111111114112121111121211111111111111-48011112121211111171111111111111171111100000000000000000000000000000000000000000000000000000000000000000000000000000000
0000000000000000000000000000000011111111111111111111111111111111111111111111111111-48011111111111111171111111111111171111100000000000000000000000000000000000000000000000000000000000000000000000000000000
0000000000000000000000000000000012121112121211111111111111111111111211111121111111-48011111212111111171111111111111171111100000000000000000000000000000000000000000000000000000000000000000000000000000000
0000000000000000000000000000000011111111111111111111111111111111111111111111311141-48011111111111111171111111111111171111100000000000000000000000000000000000000000000000000000000000000000000000000000000
0000000000000000000000000000000011212114112111111111212111111111212111111411111111-48011112121211111171111111111111171111100000000000000000000000000000000000000000000000000000000000000000000000000000000
0000000000000000000000000000000011111111111141111111111111111111111111111111111111-48011111111111111171111111111111171111100000000000000000000000000000000000000000000000000000000000000000000000000000000
0000000000000000000000000000000012131214121111411121121211111111211111114111111111-48011111212111111171111111111111171111100000000000000000000000000000000000000000000000000000000000000000000000000000000
0000000000000000000000000000000011111111111311111111111112121211112111111111111311-48011111111111111171111111111111171111100000000000000000000000000000000000000000000000000000000000000000000000000000000
0000000000000000000000000000000012111111311111112111121211111113111111131211111111-48011112121211111171111111111111171111100000000000000000000000000000000000000000000000000000000000000000000000000000000
0000000000000000000000000000000011111111111111111111111111111111111111111111111111-48011111111111111171111111111111171111100000000000000000000000000000000000000000000000000000000000000000000000000000000
00000000000000000000000000000000000000000000000000000000000000000000000000000000000011111212111111171111111111111171111100000000000000000000000000000000000000000000000000000000000000000000000000000000
11111111111111111111111111111111111111111111111111111111111111111111111111111111000011111111111111171111111111111171111100000000000000000000000000000000000000000000000000000000000000000000000000000000
11111111111111111111111111111111111111111111111111111111111111111111111111111111000011112121211111171111111111111171111100000000000000000000000000000000000000000000000000000000000000000000000000000000
11111111111111111111111111111111111111111111111111111111111111111111111111111111000011111111111111171111111111111171111100000000000000000000000000000000000000000000000000000000000000000000000000000000
11111111111111111111111111111111111111111111111111111111111111111111111111111111000011111212111111171111111111111171111100000000000000000000000000000000000000000000000000000000000000000000000000000000
11111111111111111111111111111111111111111111111111111111111111111111111111111111000011111111111111171111111111111171111100000000000000000000000000000000000000000000000000000000000000000000000000000000
11111111111111111111111111111111111111111111111111111111111111111111111111111111000011112121211111171111111111111171111100000000000000000000000000000000000000000000000000000000000000000000000000000000
11111111111111111111111111111111111111111111111111111111111111111111111111111111000011111111111111171111111111111171111100000000000000000000000000000000000000000000000000000000000000000000000000000000
11111111111111111111111111111111111111111111111111111111111111111111111111111111000011111212111111171111111111111171111100000000000000000000000000000000000000000000000000000000000000000000000000000000
11111111111111111111111111111111111111111111111111111111111111111111111111111111000011111111111111171111111111111171111100000000000000000000000000000000000000000000000000000000000000000000000000000000
11111111111111111111111111111111111111111111111111111111111111111111111111111111000011112121211111171111111111111171111100000000000000000000000000000000000000000000000000000000000000000000000000000000
11111111111111111111111111111111111111111111111111111111111111111111111111111111000011111111111111171111111111111171111100000000000000000000000000000000000000000000000000000000000000000000000000000000
11111111111111111111111111111111111111111111111111111111111111111111111111111111000011111212111111171111111111111171111100000000000000000000000000000000000000000000000000000000000000000000000000000000
11111111111111111111111111111111111111111111111111111111111111111111111111111111000011111111111111171111111111111171111100000000000000000000000000000000000000000000000000000000000000000000000000000000
11111111111111111111111111111111111111111111111111111111111111111111111111111111000011112121211111171111111111111171111100000000000000000000000000000000000000000000000000000000000000000000000000000000
11111111111111111111111111111111111111111111111111111111111111111111111111111111000011111111111111171111111111111171111100000000000000000000000000000000000000000000000000000000000000000000000000000000
11111111111111111111111111111111111111111111111111111111111111111111111111111111000011111212111111171111111111111171111100000000000000000000000000000000000000000000000000000000000000000000000000000000
11111111111111111111111111111111111111111111111111111111111111111111111111111111000011111111111111171111111111111171111100000000000000000000000000000000000000000000000000000000000000000000000000000000
11111111111111111111111111111111111111111111111111111111111111111111111111111111000011112121211111171111111111111171111100000000000000000000000000000000000000000000000000000000000000000000000000000000
11111111111111111111111111111111111111111111111111111111111111111111111111111111000011111111111111171111111111111171111100000000000000000000000000000000000000000000000000000000000000000000000000000000
11111111111111111111111111111111111111111111111111111111111111111111111111111111000011111111111111171111111111111171111100000000000000000000000000000000000000000000000000000000000000000000000000000000
11111111111111111111111111111111111111111111111111111111111111111111111111111111000011111212111111171111111111111171111100000000000000000000000000000000000000000000000000000000000000000000000000000000
11111111111111111111111111111111111111111111111111111111111111111111111111111111000011111111111111171111111111111171111100000000000000000000000000000000000000000000000000000000000000000000000000000000
11111111111111111111111111111111111111111111111111111111111111111111111111111111000011112121211111171111111111111171111100000000000000000000000000000000000000000000000000000000000000000000000000000000
11111111111111111111111111111111111111111111111111111111111111111111111111111111000011111111111111171111111111111171111100000000000000000000000000000000000000000000000000000000000000000000000000000000
11111111111111111111111111111111111111111111111111111111111111111111111111111111000011111212111111171111111111111171111100000000000000000000000000000000000000000000000000000000000000000000000000000000
11111111111111111111111111111111111111111111111111111111111111111111111111111111000011111111111111171111111111111171111100000000000000000000000000000000000000000000000000000000000000000000000000000000
11111111111111111111111111111111111111111111111111111111111111111111111111111111000011112121211111171111111111111171111100000000000000000000000000000000000000000000000000000000000000000000000000000000
11111111111111111111111111111111111111111111111111111111111111111111111111111111000011111111111111171111111111111171111100000000000000000000000000000000000000000000000000000000000000000000000000000000
11111111111111111111111111111111111111111111111111111111111111111111111111111111000011111212111111171111111111111171111100000000000000000000000000000000000000000000000000000000000000000000000000000000
11111111111111111111111111111111111111111111111111111111111111111111111111111111000011111111111111171111111111111171111100000000000000000000000000000000000000000000000000000000000000000000000000000000
11111111111111111111111111111111111111111111111111111111111111111111111111111111000011113111411111177777777777777771111100000000000000000000000000000000000000000000000000000000000000000000000000000000
11111111111111111111111111111111111111111111111111111111111111111111111111111111000011111111111111111111111111111111111100000000000000000000000000000000000000000000000000000000000000000000000000000000
11111111111111111111111111111111111111111111111111111111111111111111111111111111000011111111111111111111111111111111111100000000000000000000000000000000000000000000000000000000000000000000000000000000
11111111111111111111111111111111111111111111111111111111111111111111111111111111000011111111111111111111111111111111111100000000000000000000000000000000000000000000000000000000000000000000000000000000
11111111111111111111111111111111111111111111111111111111111111111111111111111111000011111111111111111111111111111111111100000000000000000000000000000000000000000000000000000000000000000000000000000000
11111111111111111111111111111111111111111111111111111111111111111111111111111111000000000000000000000000000000000000000000000000000000000000000000000000000000000000000000000000000000000000000000000000
11111111111111111111111111111111111111111111111111111111111111111111111111111111000000000000000000000000000000000000000000000000000000000000000000000000000000000000000000000000000000000000000000000000
11111111111111111111111111111111111111111111111111111111111111111111111111111111000000000000000000000000000000000000000000000000000000000000000000000000000000000000000000000000000000000000000000000000
11111111111111111111111111111111111111111111111111111111111111111111111111111111000000000000000000000000000000000000000000000000000000000000000000000000000000000000000000000000000000000000000000000000
11111111111111111111111111111111111111111111111111111111111111111111111111111111000000000000000000000000000000000000000000000000000000000000000000000000000000000000000000000000000000000000000000000000
00000000000000000000000000000000000000000000000000000000000000000000000000000000000000000000000000000000000000000000000000000000000000000000000000000000000000000000000000000000000000000000000000000000
00000000000000000000000000000000000000000000000000000000000000000000000000000000000000000000000000000000000000000000000000000000000000000000000000000000000000000000000000000000000000000000000000000000
00000000000000000000000000000000000000000000000000000000000000000000000000000000000000000000000000000000000000000000000000000000000000000000000000000000000000000000000000000000000000000000000000000000
00000000000000000000000000000000000000000000000000000000000000000000000000000000000000000000000000000000000000000000000000000000000000000000000000000000000000000000000000000000000000000000000000000000
00000000000000000000000000000000000000000000000000000000000000000000000000000000000000000000000000000000000000000000000000000000000000000000000000000000000000000000000000000000000000000000000000000000
00000000000000000000000000000000000000000000000000000000000000000000000000000000000000000000000000000000000000000000000000000000000000000000000000000000000000000000000000000000000000000000000000000000
00000000000000000000000000000000000000000000000000000000000000000000000000000000000000000000000000000000000000000000000000000000000000000000000000000000000000000000000000000000000000000000000000000000
00000000000000000000000000000000000000000000000000000000000000000000000000000000000000000000000000000000000000000000000000000000000000000000000000000000000000000000000000000000000000000000000000000000
00000000000000000000000000000000000000000000000000000000000000000000000000000000000000000000000000000000000000000000000000000000000000000000000000000000000000000000000000000000000000000000000000000000
00000000000000000000000000000000000000000000000000000000000000000000000000000000000000000000000000000000000000000000000000000000000000000000000000000000000000000000000000000000000000000000000000000000
00000000000000000000000000000000000000000000000000000000000000000000000000000000000000000000000000000000000000000000000000000000000000000000000000000000000000000000000000000000000000000000000000000000
00000000000000000000000000000000000000000000000000000000000000000000000000000000000000000000000000000000000000000000000000000000000000000000000000000000000000000000000000000000000000000000000000000000
00000000000000000000000000000000000000000000000000000000000000000000000000000000000000000000000000000000000000000000000000000000000000000000000000000000000000000000000000000000000000000000000000000000
00000000000000000000000000000000000000000000000000000000000000000000000000000000000000000000000000000000000000000000000000000000000000000000000000000000000000000000000000000000000000000000000000000000

