Board size [mm] 125x325

Stats side 1
  #Components with background 60
  #Components with points 241
  #Components nofly 3
  #Components notouch 5
  #Pins 45904
  #GNDs 1586
  #VDDs 1297
  #Clock 22
  #NoFly points 544
  #NoTouch points 816
  #Points [total] 50169

Stats side 2
  #Components with background 61
  #Components with points 267
  #Components nofly 3
  #Components notouch 1
  #Pins 44088
  #GNDs 1929
  #VDDs 1428
  #Clock 20
  #NoFly points 396
  #NoTouch points 232
  #Points [total] 48093

Stats board (side 1 + side 2)
  #Components with background 121
  #Components with points 508
  #Components nofly 6
  #Components notouch 6
  #Pins 89992
  #GNDs 3515
  #VDDs 2725
  #Clock 42
  #NoFly points 940
  #NoTouch points 1048
  #Points [total] 98262
  #Nets 5362
    Net Size: 3515 2725 42 1 2 2 3 1 1 1 2 1 2 1 2 1 2 3 2 1 2 2 2 1 2 1 2 2 1 1 1 2 2 2 1 1 1 1 2 1 1 1 2 3 2 1 1 3 1 5 1 1 2 1 1 1 1 2 1 3 1 2 4 1 1 4 1 1 1 2 1 2 4 2 2 1 1 1 1 3 3 2 1 2 2 1 2 2 1 2 4 1 2 2 2 3 1 2 2 3 2 3 2 3 1 1 3 2 3 2 4 1 2 4 1 2 1 1 1 3 4 2 1 3 1 2 1 2 1 1 1 4 1 3 2 1 1 2 2 1 1 1 2 3 2 2 2 3 1 1 3 1 2 2 1 1 2 1 1 1 1 1 1 1 1 1 1 1 1 1 3 2 1 1 2 1 2 4 3 1 2 2 1 2 2 3 2 3 2 2 1 2 1 1 1 2 1 1 2 2 2 1 2 1 2 1 2 2 1 1 1 1 1 1 2 2 3 2 1 1 2 2 2 1 2 1 1 1 1 2 1 2 1 1 1 2 1 2 2 2 1 1 2 1 1 1 2 1 1 2 2 1 3 1 2 3 1 3 1 1 3 1 1 2 2 2 1 2 1 1 2 3 1 2 2 1 1 2 3 1 2 1 2 1 3 3 1 1 2 1 1 1 3 1 1 1 1 2 2 2 3 1 1 1 1 3 3 2 2 2 1 2 1 1 2 1 1 1 2 1 1 1 3 2 1 1 2 1 2 7 2 1 1 2 2 1 2 2 1 1 3 3 1 1 3 1 2 1 2 1 1 3 2 2 2 1 1 2 2 2 2 2 1 1 1 1 2 1 1 2 1 2 1 2 2 1 1 1 1 2 3 1 2 1 1 2 2 2 3 1 2 2 2 2 2 1 1 1 2 1 2 2 2 1 1 1 2 3 1 2 1 1 2 1 1 1 3 3 1 5 2 1 3 2 3 1 1 3 2 1 1 2 2 2 1 1 1 2 1 2 2 2 1 1 1 1 2 2 1 2 2 3 2 1 1 2 1 1 2 2 1 1 3 1 1 1 1 1 1 1 1 2 2 1 1 2 2 1 1 2 1 2 2 2 4 2 1 1 2 2 1 2 1 1 2 1 3 2 2 1 2 1 3 1 2 2 2 1 2 1 1 2 2 1 1 1 3 3 2 2 3 1 1 1 1 2 1 1 2 2 1 3 1 1 3 1 1 2 2 1 3 1 1 2 2 1 2 2 3 2 2 1 2 2 1 2 3 2 3 1 1 2 1 1 1 3 1 1 1 5 3 1 5 3 2 4 1 3 1 2 3 1 1 1 2 1 2 1 2 1 3 2 1 1 2 2 4 1 5 1 1 2 2 2 1 4 2 2 1 2 1 3 1 1 1 2 1 1 2 1 1 2 1 1 1 4 1 1 1 2 1 1 2 2 1 2 1 1 1 2 1 1 1 2 1 1 1 4 2 1 3 2 1 2 1 2 1 1 1 1 2 4 1 1 2 1 1 1 1 1 1 1 2 3 2 2 1 1 1 3 1 1 2 1 3 2 1 1 4 4 4 2 2 1 1 2 1 1 2 4 1 2 1 2 1 1 1 2 3 2 1 1 1 3 1 1 1 2 3 1 1 4 1 2 1 1 1 1 1 3 1 2 1 1 1 2 3 1 1 1 1 2 1 1 1 1 2 2 1 1 2 3 1 1 1 1 1 1 3 1 1 1 2 1 2 2 1 3 1 5 1 1 1 1 2 4 2 1 2 2 2 1 2 1 3 2 1 1 3 3 1 2 1 2 3 2 1 1 3 3 1 2 3 1 3 1 1 1 2 1 1 1 1 5 4 1 2 1 1 1 2 1 1 2 3 2 3 2 1 3 2 2 1 1 1 1 3 2 2 1 1 4 2 1 1 1 1 1 3 1 1 1 2 1 1 2 2 2 1 1 3 1 2 1 2 2 1 1 3 1 1 2 2 2 2 1 2 1 3 2 1 1 1 3 2 1 2 2 2 1 1 1 2 3 3 3 1 1 2 1 2 3 1 2 1 4 1 1 1 2 1 3 2 1 1 1 2 1 1 1 1 2 1 4 1 1 3 2 2 1 2 1 1 2 1 1 1 2 2 3 1 3 1 1 2 3 3 2 2 2 3 2 1 2 2 3 1 2 1 2 2 2 2 1 1 2 2 1 1 1 1 3 2 1 2 3 1 2 1 1 1 1 3 2 1 1 3 2 3 1 3 1 1 3 5 1 1 1 3 1 2 4 1 1 2 1 3 1 3 2 2 2 1 1 1 1 2 3 1 1 2 1 1 2 2 2 1 2 1 1 2 3 2 2 2 1 1 1 2 2 1 1 2 1 1 1 1 2 1 1 2 1 2 2 1 1 1 2 3 1 1 3 2 2 3 1 1 1 2 2 1 1 1 3 1 2 1 2 1 3 2 2 1 2 1 3 1 1 1 2 2 2 2 1 1 1 1 2 3 1 1 4 2 2 1 1 1 2 1 1 1 2 2 2 1 1 3 1 2 2 1 2 1 2 5 1 1 1 2 2 1 2 1 2 1 1 1 1 2 1 1 3 1 2 2 4 2 2 2 1 1 3 1 2 3 3 1 2 1 2 1 3 1 2 4 6 2 2 1 1 1 3 1 1 1 1 1 1 3 2 2 1 2 1 1 2 1 1 1 1 1 2 2 2 3 2 1 1 1 1 2 1 2 2 1 1 2 2 1 2 3 3 2 1 1 1 2 2 2 3 1 1 1 2 1 1 1 1 2 1 2 3 1 3 1 3 3 1 2 1 2 4 1 1 1 1 2 2 1 2 2 1 1 2 2 1 3 3 1 1 2 2 1 1 1 2 1 1 2 1 2 1 1 1 1 2 1 2 1 1 2 1 1 2 3 2 2 1 1 1 1 2 2 1 4 1 1 4 1 2 2 3 1 3 1 1 3 2 1 2 2 2 3 1 3 4 1 1 1 1 3 1 2 3 3 2 2 2 2 2 1 1 3 4 1 1 1 2 2 1 1 1 2 1 3 1 3 1 3 1 2 1 2 1 1 2 1 2 2 2 1 1 1 2 1 1 2 1 2 1 1 3 2 4 2 1 2 1 1 1 2 1 1 3 1 1 2 5 4 1 2 3 1 2 2 1 1 1 2 1 1 2 1 1 1 1 1 1 1 1 1 2 1 1 1 3 3 2 1 2 3 1 1 3 2 1 1 4 1 1 1 2 1 1 2 3 1 2 2 1 1 2 5 2 1 1 1 1 1 2 1 1 1 1 1 2 1 2 2 3 4 1 1 2 1 3 1 3 1 1 1 3 2 3 1 2 2 3 1 2 1 1 2 1 1 2 2 2 2 2 3 1 1 1 1 1 3 1 4 3 2 1 1 3 1 3 1 3 1 2 1 1 1 1 1 1 1 4 3 1 3 2 2 1 3 1 3 5 1 1 1 2 3 1 2 1 1 2 5 4 1 1 1 2 3 1 3 1 1 4 1 2 1 2 2 2 3 2 2 1 1 1 2 1 1 1 1 1 2 2 2 1 2 2 3 2 1 2 1 2 3 1 2 1 2 2 1 2 2 2 1 1 1 1 2 4 1 1 1 2 1 1 1 1 1 2 3 3 1 5 1 2 2 1 2 1 1 2 3 2 1 1 1 1 4 2 1 3 2 1 2 1 2 1 1 2 2 3 3 3 1 1 1 1 2 2 1 4 2 1 1 2 1 1 3 2 3 1 1 1 1 1 2 1 3 4 2 1 1 1 3 1 1 1 2 2 1 2 2 1 1 4 1 1 2 1 2 2 2 1 3 1 2 3 1 3 1 1 1 2 1 1 1 2 1 1 1 4 1 2 3 2 1 1 3 3 3 1 1 2 2 2 1 2 1 2 1 1 2 2 3 3 2 3 2 1 2 1 1 1 2 2 2 1 2 1 1 1 1 1 1 1 2 2 2 2 2 1 1 1 1 1 3 4 2 2 1 1 2 1 1 2 3 3 1 2 1 2 1 1 1 1 1 2 4 2 1 1 2 1 1 1 1 1 1 1 1 1 1 3 3 1 2 2 1 2 2 2 4 1 1 2 4 2 1 2 2 2 2 1 2 1 3 1 1 2 3 1 1 2 3 1 3 1 4 1 1 3 4 1 2 1 1 1 2 2 3 1 2 2 1 2 2 2 1 2 1 1 1 1 2 1 2 1 3 4 2 1 2 2 3 4 4 1 1 3 1 2 2 1 1 1 1 3 1 4 4 1 4 1 1 2 2 3 4 2 3 1 1 1 4 1 1 3 1 1 1 1 3 2 1 1 1 1 2 1 2 2 1 1 2 2 2 2 2 1 2 1 1 2 1 1 1 2 1 1 3 2 2 3 1 3 3 2 2 5 3 2 2 2 2 2 1 2 2 1 4 1 3 2 2 1 3 2 2 2 1 1 1 1 1 1 2 1 4 4 1 2 1 1 1 1 1 2 1 2 3 3 1 3 2 1 2 3 1 1 2 1 2 2 2 2 1 1 2 1 2 1 2 3 2 1 1 2 2 3 3 1 1 1 1 2 3 3 1 2 2 5 2 1 1 1 3 2 1 1 3 1 2 2 1 1 1 1 1 2 1 1 2 4 1 2 1 2 1 1 1 2 1 1 2 1 1 1 2 2 1 1 1 2 2 1 3 4 1 1 1 1 2 2 1 3 1 1 1 4 1 2 1 1 1 2 4 3 3 1 2 1 2 2 1 2 2 1 2 1 1 2 1 2 2 1 2 2 2 1 2 2 2 5 2 1 1 1 2 2 1 1 1 4 2 2 3 1 1 3 1 3 1 1 1 2 2 1 1 3 1 1 2 1 2 2 1 3 2 2 1 3 1 1 4 2 2 1 2 2 2 3 1 1 1 1 4 3 2 2 1 1 2 1 1 4 1 1 2 3 1 2 1 2 1 1 2 2 2 2 1 3 2 2 1 2 2 3 2 3 1 3 1 1 1 1 2 3 3 1 3 1 1 1 1 1 2 2 1 2 1 1 1 3 2 2 2 1 1 1 1 2 2 1 1 2 1 1 2 2 1 2 2 1 2 2 1 2 1 2 1 4 1 2 2 1 1 2 1 2 1 1 1 1 2 3 1 1 1 3 2 1 1 3 2 1 1 3 3 1 2 2 1 2 2 3 3 1 1 1 1 3 1 3 3 1 1 2 2 1 2 1 1 3 1 1 2 3 2 1 1 2 1 3 2 1 1 1 1 1 1 1 3 1 5 1 1 1 1 1 2 2 1 2 1 1 1 1 2 1 1 2 2 1 1 3 1 1 1 1 1 1 1 3 2 2 1 2 1 4 3 1 5 2 1 1 2 1 2 2 3 1 1 6 2 2 1 1 1 1 2 2 2 2 2 1 1 1 1 2 1 2 1 1 1 2 1 2 1 1 2 2 2 1 2 3 1 2 1 1 1 1 2 1 1 1 1 2 2 1 1 2 2 1 1 1 2 2 3 2 1 2 1 1 1 3 2 1 2 1 1 2 1 2 2 1 4 4 2 2 1 2 1 1 1 2 1 1 3 2 2 1 3 1 1 2 1 3 4 3 2 3 1 2 4 1 2 1 2 2 2 1 1 2 3 2 1 2 1 2 2 1 2 1 4 1 1 1 1 2 2 4 2 1 4 1 1 1 3 1 1 1 1 1 2 1 2 2 1 1 1 1 1 1 4 1 1 1 5 1 1 1 1 1 1 1 2 1 4 1 2 2 3 1 2 2 2 1 1 2 1 1 1 1 3 2 1 2 1 1 3 1 2 1 1 2 3 1 1 3 1 2 2 3 3 3 1 1 2 4 1 1 1 2 1 1 1 1 2 1 4 1 2 2 3 1 6 2 2 1 1 2 5 1 3 1 1 2 2 2 1 1 1 2 1 2 1 3 3 1 1 1 1 1 2 1 3 2 1 1 1 1 3 2 1 2 2 3 7 2 1 1 1 1 3 2 3 2 2 1 2 1 3 1 3 1 1 3 3 1 3 2 3 3 2 1 5 2 1 1 3 3 2 2 1 4 2 1 1 1 1 1 3 2 2 4 2 2 2 1 1 1 1 1 1 3 3 1 1 2 1 3 2 1 1 1 1 2 2 1 2 2 2 2 1 1 4 1 2 3 1 1 3 4 2 1 1 1 1 2 1 3 2 2 3 3 2 2 1 3 2 1 1 1 1 3 2 2 2 2 2 1 1 2 1 1 2 2 2 1 1 1 2 1 1 1 2 1 1 1 3 1 1 1 2 2 2 3 2 1 1 2 2 2 1 1 2 2 1 2 2 1 2 1 2 3 1 3 2 2 1 1 1 3 2 2 2 1 2 2 1 2 1 2 1 1 2 1 3 1 3 1 1 1 1 1 1 1 2 1 4 1 1 1 1 1 2 2 1 1 2 1 3 2 2 1 1 4 2 1 3 1 3 2 2 4 1 2 1 1 1 1 2 1 1 1 1 2 2 1 3 1 1 1 1 1 1 1 4 1 2 3 2 2 1 2 1 1 2 1 3 3 1 4 1 3 1 3 2 2 1 3 2 2 1 1 1 1 2 1 1 1 1 2 1 1 1 1 1 2 3 1 2 2 1 1 1 1 1 1 2 1 2 1 1 2 4 1 1 1 1 2 1 2 3 2 1 2 1 2 1 2 3 3 2 2 2 1 1 2 2 2 1 1 2 1 1 2 2 2 3 5 3 1 2 1 3 1 2 3 1 1 2 2 1 2 2 1 3 2 1 1 1 3 3 1 2 4 1 1 1 1 1 1 1 3 3 2 1 2 4 1 1 3 1 4 1 1 1 1 1 3 2 1 2 2 2 1 1 3 1 1 3 1 1 4 2 1 1 2 1 1 1 3 1 4 2 1 1 3 1 2 3 2 1 1 1 1 1 1 1 1 1 1 1 3 3 1 1 2 1 2 1 1 3 1 2 1 2 1 3 2 3 1 1 1 1 1 3 1 3 2 2 1 2 4 2 4 1 1 1 2 1 1 2 1 1 1 2 1 1 2 1 3 1 1 1 1 1 1 3 1 2 1 1 2 4 1 2 1 1 1 1 1 3 1 2 1 1 1 1 1 2 2 1 3 2 1 3 1 3 1 2 2 2 3 1 2 1 1 1 1 2 1 1 1 1 1 1 1 1 2 1 1 1 2 2 2 3 4 1 3 1 1 3 1 1 2 1 2 1 4 1 1 3 5 1 3 3 2 1 1 2 2 1 1 1 2 1 2 2 1 3 1 2 1 1 2 4 1 1 1 1 1 1 3 1 2 4 1 1 3 3 2 1 1 1 3 1 1 1 3 1 1 2 1 1 4 3 1 3 2 4 1 5 2 3 1 2 3 1 3 2 3 1 1 3 2 1 2 2 2 2 1 1 3 2 3 2 2 3 1 1 2 1 1 1 3 1 1 2 1 3 1 1 2 1 1 1 1 2 2 1 1 1 1 2 1 1 1 4 1 2 1 1 2 2 1 2 1 1 1 1 1 1 1 1 1 1 2 3 3 1 1 2 1 3 1 2 2 1 4 2 2 2 1 2 1 2 1 4 1 2 2 2 1 1 1 1 1 3 2 1 2 2 1 1 1 1 2 7 2 1 1 2 2 1 1 1 1 1 2 2 1 3 4 2 1 1 3 2 1 1 2 2 1 2 2 2 1 3 1 3 1 2 1 1 1 1 1 1 2 1 2 2 4 2 3 4 3 1 1 1 5 2 1 2 2 1 1 2 1 1 3 1 1 1 1 1 2 2 1 2 3 3 1 1 2 1 2 2 2 2 2 1 1 3 3 1 1 1 3 1 2 1 2 1 1 2 1 2 1 1 2 1 2 2 1 3 3 1 1 2 2 1 1 1 1 1 1 2 1 3 3 1 2 2 3 1 2 1 1 1 1 1 1 1 3 2 2 4 3 1 1 1 1 2 1 1 3 2 1 2 3 2 1 3 3 2 1 1 1 1 1 1 2 2 2 1 1 1 1 2 1 1 2 1 1 4 2 1 1 1 1 1 2 2 3 1 2 1 3 2 3 1 1 1 1 3 1 3 1 2 1 1 2 1 4 3 3 2 3 1 2 1 2 2 1 1 1 1 2 1 1 2 2 3 1 1 1 5 2 1 1 2 2 1 2 2 1 1 1 1 2 3 1 1 1 1 2 1 1 1 4 2 2 1 2 1 2 3 2 2 2 1 1 1 1 1 1 1 1 1 1 2 1 1 2 1 2 1 1 1 3 1 1 1 3 1 2 3 2 2 2 2 1 1 1 2 1 1 3 2 1 2 3 1 1 1 1 1 2 1 2 1 1 1 4 1 1 2 1 2 2 3 2 1 2 2 5 1 1 2 3 1 2 1 1 2 1 1 1 1 2 3 1 1 4 1 3 2 1 1 2 1 1 3 2 2 1 2 1 2 1 2 4 4 1 2 2 2 1 1 1 2 1 1 1 2 1 1 1 2 1 1 1 3 5 1 2 2 2 1 1 1 2 2 2 1 3 1 2 1 1 1 1 2 1 1 1 3 2 3 2 1 2 3 2 3 1 1 1 1 1 1 2 3 2 3 1 1 1 1 3 2 3 2 1 1 1 1 2 1 1 1 1 1 1 2 1 1 2 1 3 3 1 2 1 1 1 1 5 1 1 1 1 1 2 2 1 1 1 2 2 3 1 2 2 1 2 2 2 1 3 1 1 1 1 4 3 2 1 1 2 2 5 2 1 3 2 1 1 2 2 2 2 4 1 1 1 3 2 1 1 1 1 2 4 2 1 2 4 1 2 1 2 2 2 2 2 1 1 1 1 1 3 1 2 1 2 2 2 2 2 1 2 2 2 3 1 2 1 4 2 1 1 1 3 2 1 1 1 1 3 2 4 3 1 1 1 2 2 1 2 1 1 2 3 2 1 3 2 3 1 4 1 1 1 1 2 2 1 2 2 1 1 1 1 1 1 1 1 2 2 1 1 3 2 3 1 1 1 1 1 2 1 1 3 1 1 1 2 1 1 2 1 4 1 1 3 2 2 1 2 1 1 2 1 1 1 3 3 2 2 1 3 1 1 1 2 4 1 1 1 1 1 4 1 2 1 2 2 3 1 1 1 1 4 4 1 1 1 2 1 1 1 1 1 3 1 4 1 1 2 1 1 1 3 1 1 1 1 1 1 1 2 2 5 1 2 2 1 2 1 2 1 1 2 1 2 1 2 2 1 1 3 1 3 2 1 3 1 1 2 1 1 1 1 1 2 1 2 1 3 2 2 1 1 1 2 1 2 3 1 1 5 3 2 1 2 1 1 1 3 1 2 2 3 2 1 1 2 4 1 1 1 2 2 1 1 1 4 2 1 1 2 2 1 1 3 2 1 1 1 2 4 1 2 3 1 3 1 1 2 1 3 3 1 1 1 1 3 1 1 2 1 2 1 2 1 2 2 2 1 3 2 2 2 3 2 2 1 1 1 1 1 1 1 1 1 1 2 1 1 1 1 1 2 1 1 3 1 2 1 1 1 1 1 2 1 2 1 4 1 2 1 2 1 2 1 2 1 2 1 1 1 1 1 1 1 3 1 3 1 1 1 1 1 4 2 1 2 3 1 1 1 2 2 2 1 4 2 3 1 1 2 1 2 1 1 2 1 2 2 1 2 1 2 3 2 2 1 1 1 1 2 2 4 2 1 1 3 1 1 2 2 1 2 2 3 2 1 1 1 1 2 4 1 1 2 2 1 1 1 2 2 2 1 2 1 2 3 1 1 1 1 3 1 2 3 2 4 1 2 3 2 1 5 1 1 2 2 1 2 1 1 1 4 2 1 1 3 1 1 1 1 1 2 1 1 2 1 1 3 3 2 1 2 2 1 3 1 1 1 1 2 3 3 3 3 2 1 1 3 2 4 1 1 6 1 3 1 2 1 1 1 1 1 3 1 1 1 1 1 1 3 2 1 1 3 1 1 2 2 1 2 1 1 3 2 3 1 2 2 1 1 1 4 1 1 1 1 1 2 1 3 1 1 3 1 1 2 3 1 1 2 3 1 2 1 1 1 1 2 2 1 2 1 1 1 1 1 2 4 2 2 1 2 3 2 1 3 1 1 1 2 1 1 1 2 3 1 1 1 2 1 3 2 3 2 1 1 2 2 1 1 1 2 3 3 5 1 1 2 1 3 1 3 1 1 1 2 3 1 2 1 1 1 1 1 1 2 2 1 2 1 2 1 2 2 1 1 3 2 1 1 1 3 6 2 1 1 1 1 1 2 4 1 2 2 3 2 3 1 2 2 1 3 1 1 1 1 1 1 1 2 2 2 1 2 1 2 2 1 4 1 3 1 1 1 1 1 1 1 1 2 4 1 1 2 2 2 2 1 1 1 1 2 1 2 3 2 2 1 3 1 2 1 2 1 1 1 1 1 1 1 3 1 2 1 2 1 1 1 1 3 1 1 1 1 1 2 1 2 1 2 1 1 1 2 1 1 1 1 2 3 2 3 1 1 1 1 2 1 1 1 1 2 1 1 2 1 2 2 2 2 3 1 1 1 1 3 1 2 1 1 2 1 1 1 1 1 1 1 1 2 2 1 1 1 1 2 1 1 1 1 1 2 1 2 1 1 3 1 1 4 2 1 1 1 2 1 3 2 2 1 1 2 1 5 2 2 1 1 2 1 1 1 1 1 1 4 1 2 4 2 1 2 3 1 2 1 2 1 2 1 5 2 2 3 1 2 1 2 1 1 1 2 2 1 1 2 1 3 2 3 1 2 3 2 2 3 1 1 1 2 1 1 2 1 1 1 2 3 1 1 1 3 4 1 3 1 3 1 2 2 4 2 2 2 1 1 1 2 1 3 3 3 3 2 1 2 3 3 1 3 1 1 2 1 2 1 1 1 2 1 2 2 2 2 3 1 1 1 1 4 1 1 1 1 1 1 1 1 1 2 1 1 1 2 3 1 3 1 2 2 3 3 1 2 1 1 2 3 1 1 1 1 2 1 4 1 1 3 2 2 1 1 1 1 1 2 1 2 1 2 1 1 2 2 1 1 4 1 4 1 1 1 1 1 2 2 1 1 2 3 1 2 3 2 2 2 2 1 3 1 1 2 1 1 3 1 2 4 2 2 1 2 2 1 2 1 3 1 2 1 1 2 1 2 1 2 2 1 1 1 1 1 3 2 3 2 2 2 2 1 2 1 1 1 2 1 2 1 1 1 2 1 2 2 1 2 1 1 3 1 2 1 1 1 3 1 1 1 2 1 1 2 1 1 1 3 2 1 1 1 2 1 2 2 1 1 2 2 1 1 1 4 1 1 1 1 1 2 1 2 2 2 2 1 1 1 2 2 3 2 2 1 1 1 2 3 2 1 3 1 1 1 3 1 5 1 1 1 4 1 1 2 1 3 3 1 2 1 1 2 2 2 1 3 1 1 2 1 2 1 3 3 3 1 2 1 1 1 1 2 1 1 2 1 2 1 1 1 1 2 2 1 1 1 2 1 2 2 2 1 2 2 1 1 2 1 3 1 3 2 1 2 1 3 1 2 1 1 1 2 1 1 3 1 2 1 1 1 3 2 5 2 1 2 2 1 1 1 1 2 2 2 1 2 1 3 3 1 1 2 2 2 1 1 2 1 4 1 4 1 1 1 3 1 3 1 1 2 1 1 1 2 1 2 2 2 5 2 1 1 3 2 1 5 1 1 1 1 1 2 1 1 2 3 1 2 1 1 1 2 1 1 1 1 1 1 2 3 1 1 2 2 2 4 3 3 1 1 2 1 1 2 1 1 3 1 1 3 1 2 1 2 2 3 2 1 3 3 4 1 1 1 1 2 2 1 5 1 3 2 2 1 1 2 1 2 1 1 1 1 3 2 2 1 1 2 1 1 2 1 1 1 2 1 1 1 1 2 1 1 5 1 2 2 1 2 2 1 2 1 1 1 1 6 1 1 3 3 3 1 2 2 1 1 1 1 2 1 1 2 2 2 1 1 1 1 1 1 1 1 2 2 1 1 3 2 1 1 2 2 1 2 1 2 1 3 4 1 1 2 1 1 2 2 1 4 2 1 2 3 2 1 1 1 4 1 1 1 1 1 
  #Test Small 6127
  #Test Medium 16759
  #Test Large 21938
