Board size [mm] 225x325

Stats side 1
  #Components with background 125
  #Components with points 443
  #Components nofly 6
  #Components notouch 6
  #Pins 83636
  #GNDs 3986
  #VDDs 3065
  #Clock 37
  #NoFly points 940
  #NoTouch points 1048
  #Points [total] 92712

Stats side 2
  #Components with background 104
  #Components with points 589
  #Components nofly 0
  #Components notouch 0
  #Pins 98830
  #GNDs 3102
  #VDDs 2563
  #Clock 53
  #NoFly points 0
  #NoTouch points 0
  #Points [total] 104548

Stats board (side 1 + side 2)
  #Components with background 229
  #Components with points 1032
  #Components nofly 6
  #Components notouch 6
  #Pins 182466
  #GNDs 7088
  #VDDs 5628
  #Clock 90
  #NoFly points 940
  #NoTouch points 1048
  #Points [total] 197260
  #Nets 9464
    Net Size: 7088 5628 90 3 4 1 2 3 1 2 1 1 2 2 1 3 2 2 5 1 1 1 2 2 2 2 3 1 1 2 2 4 6 1 2 2 2 3 1 1 1 1 1 1 1 2 4 1 1 1 2 2 2 2 1 2 2 1 1 1 4 1 2 1 1 3 1 1 1 2 2 2 2 3 1 2 4 1 1 1 2 2 1 1 2 1 2 2 4 2 1 2 4 3 2 1 3 1 1 1 1 1 1 4 1 2 1 1 1 1 2 1 2 1 1 1 2 3 2 1 1 1 2 3 4 1 2 2 1 2 5 1 1 3 2 1 2 1 1 1 2 3 1 1 2 1 2 2 1 2 2 3 2 2 1 1 3 1 2 3 2 1 1 5 4 2 5 4 1 4 2 1 1 2 2 3 2 2 1 4 1 1 2 1 4 1 3 2 2 4 2 1 3 2 1 1 3 3 4 1 3 2 1 4 1 4 3 3 2 1 2 2 3 2 3 2 2 2 1 1 1 2 1 1 1 3 2 3 2 2 4 1 1 1 3 2 3 2 1 1 2 2 3 2 1 2 2 2 3 2 1 2 1 1 1 2 1 3 1 2 1 2 4 1 1 1 2 1 3 3 1 1 1 1 2 3 4 2 2 4 1 5 1 2 3 3 1 1 3 3 2 2 1 3 1 3 1 4 5 1 1 4 3 1 3 3 1 2 2 1 1 1 1 1 1 1 2 1 1 1 2 2 3 3 2 4 2 4 4 1 1 3 1 1 2 1 1 1 1 5 1 1 1 2 2 1 1 1 1 1 1 4 4 1 1 1 2 1 2 2 1 2 1 1 1 2 2 2 3 2 1 2 1 2 2 2 2 4 3 3 2 1 1 4 2 1 2 6 3 2 3 1 1 1 1 2 2 2 2 2 1 2 2 1 2 1 1 2 3 2 2 1 1 3 2 4 2 2 5 3 2 2 1 1 1 2 1 2 1 1 3 1 1 1 1 1 1 2 2 1 3 2 2 4 2 3 3 2 1 1 1 3 3 1 1 2 1 1 1 1 3 1 1 6 4 2 3 1 2 2 2 2 2 1 2 2 2 1 2 1 1 2 2 1 3 1 1 1 2 2 1 2 5 2 2 1 1 2 1 2 1 1 2 2 3 2 2 2 4 3 3 3 3 3 1 1 1 4 1 1 1 2 4 1 3 2 2 3 2 2 4 2 4 1 2 3 1 2 2 2 6 2 1 1 1 3 1 1 3 2 3 2 1 2 1 4 5 3 2 2 1 2 3 3 4 2 2 2 2 3 1 1 2 3 3 1 2 1 2 2 2 2 2 1 1 3 1 1 4 2 2 1 3 2 1 1 1 1 2 5 2 1 2 4 2 1 2 2 1 4 1 2 2 2 1 2 1 1 1 1 3 1 1 1 1 2 1 2 3 3 1 3 2 1 2 2 3 1 1 2 1 1 1 1 2 1 2 1 2 1 2 2 1 5 1 2 2 1 4 3 4 2 1 2 2 1 1 1 2 2 1 3 1 1 1 1 1 2 1 2 1 2 1 1 1 1 6 1 4 1 1 4 4 4 2 1 3 1 4 3 3 2 2 1 1 2 1 1 3 1 1 2 3 1 1 1 4 2 1 3 1 1 1 3 1 1 1 1 4 1 2 3 2 1 2 1 6 1 1 1 1 3 1 1 1 1 1 2 2 2 1 1 1 1 1 3 2 1 3 1 1 2 1 2 2 4 1 2 2 1 2 1 1 2 3 2 1 2 1 3 2 1 1 3 1 2 1 2 1 1 1 1 1 1 2 2 1 1 1 1 1 1 1 1 5 2 1 3 1 1 1 4 1 4 2 1 2 2 3 1 2 2 1 2 4 3 2 1 1 1 1 1 2 1 5 2 1 1 2 5 2 2 1 2 1 1 1 1 4 2 3 1 2 1 3 4 1 1 3 1 3 1 2 4 1 1 1 2 2 2 1 1 2 3 6 1 4 2 1 2 1 1 1 2 1 3 1 1 1 4 1 2 2 1 1 1 2 3 2 2 1 1 1 4 4 1 1 1 2 2 1 1 1 1 2 1 2 3 1 1 1 1 1 2 2 3 2 2 2 2 1 5 1 4 3 2 2 1 1 2 1 4 2 2 3 5 1 2 4 1 1 4 1 1 1 3 2 1 1 1 4 3 2 2 2 1 2 1 3 1 2 2 1 1 3 7 2 3 2 2 2 2 4 1 2 3 3 2 1 1 2 1 1 1 1 1 1 3 2 1 1 1 1 1 1 1 2 1 1 1 3 2 1 2 2 3 1 1 5 2 2 1 1 1 2 1 3 1 2 2 2 1 2 1 1 2 2 3 2 1 1 2 1 1 3 1 1 2 3 1 3 3 1 5 3 2 1 2 1 4 2 3 1 3 3 2 4 2 2 3 3 2 2 1 4 3 3 2 4 1 2 1 1 2 1 3 3 2 2 1 2 2 2 1 2 1 1 1 1 3 5 4 1 2 1 2 2 4 1 1 2 1 1 1 4 2 2 3 1 2 3 1 2 2 3 2 2 4 3 2 2 1 1 1 4 1 1 2 1 1 1 1 2 1 2 1 2 2 2 3 3 2 4 1 2 3 1 1 3 4 1 1 6 1 2 3 1 1 1 2 1 1 1 1 1 3 1 2 2 1 4 1 2 1 1 2 3 1 1 5 2 3 2 1 3 1 2 1 2 1 1 1 2 1 3 4 1 2 1 2 1 3 3 1 1 1 1 1 1 1 4 3 4 1 1 1 3 1 2 1 2 1 3 1 1 1 1 3 2 1 1 3 2 2 1 1 5 3 2 2 1 3 1 4 1 1 3 1 1 2 2 1 3 4 3 1 1 4 1 2 2 2 2 1 3 2 2 1 3 5 1 1 1 2 2 1 1 1 2 2 2 1 1 2 3 3 4 1 1 4 1 1 2 1 2 1 1 5 1 4 3 5 2 2 1 1 3 6 3 1 2 1 2 1 1 1 2 1 1 1 1 1 2 4 2 3 4 5 1 2 1 3 2 3 1 1 4 1 3 4 1 1 2 4 2 1 1 2 1 2 3 3 3 3 1 2 1 1 2 2 3 1 2 1 2 1 3 3 3 1 1 4 4 2 1 1 1 2 2 1 1 2 1 1 1 1 4 3 1 1 3 1 3 3 1 3 2 3 2 3 2 2 1 4 1 2 3 1 2 3 2 1 3 1 2 3 3 2 3 2 1 1 6 3 1 2 3 1 2 2 2 2 2 1 2 3 3 1 1 1 1 1 2 2 1 2 1 1 2 1 1 1 4 2 3 3 1 1 3 2 1 2 2 1 3 3 4 3 3 3 3 2 1 2 1 1 1 4 3 1 1 2 3 1 2 2 1 4 1 1 3 3 2 1 1 3 2 3 3 4 2 2 3 2 1 1 3 1 1 1 1 4 4 2 4 3 3 4 1 2 1 3 1 3 1 1 2 2 3 2 1 2 1 4 2 1 5 1 2 2 3 2 1 2 4 3 2 3 1 2 1 2 2 2 2 1 2 1 1 1 2 2 4 1 1 1 4 1 1 1 2 5 2 2 1 3 3 1 2 1 1 1 5 4 1 2 2 3 3 1 2 2 6 1 1 2 3 4 1 2 2 3 1 1 2 2 2 3 3 1 4 1 2 1 1 3 2 2 3 1 4 2 1 2 2 2 2 2 3 2 3 1 3 1 2 1 1 3 2 1 1 2 2 2 1 3 1 1 3 2 1 1 1 2 1 1 1 4 3 4 1 1 3 2 1 3 1 1 4 1 2 2 2 2 4 1 1 1 1 1 1 2 3 2 1 1 5 1 2 1 3 3 2 1 2 1 1 2 1 1 3 1 1 2 1 1 2 1 3 1 3 4 1 1 2 3 2 1 1 3 1 2 1 1 1 3 1 2 1 3 2 4 4 2 1 2 1 1 1 1 3 1 3 1 2 5 2 1 4 1 3 2 2 1 1 1 4 3 3 2 1 2 1 1 1 1 1 2 2 1 5 2 2 2 3 4 1 2 3 3 4 2 3 2 2 1 4 1 1 1 3 4 1 2 2 1 1 3 1 4 1 1 2 1 3 3 2 1 2 3 2 4 1 1 4 1 1 1 2 3 1 2 3 1 1 1 2 2 3 2 1 3 1 2 2 2 1 1 1 3 1 1 1 1 2 1 2 2 1 3 3 1 2 3 1 2 2 3 1 2 1 1 1 1 4 1 2 1 2 4 4 1 1 1 1 1 2 2 3 2 1 1 2 6 2 1 1 1 1 1 6 1 2 1 3 2 4 1 3 1 1 1 1 1 2 4 1 1 2 1 2 5 1 2 2 2 3 1 4 1 2 3 2 2 2 2 3 2 2 3 6 3 3 2 1 2 1 2 2 3 4 4 2 1 3 1 1 2 2 1 1 1 1 6 2 2 1 2 1 1 2 1 5 3 1 1 3 1 1 1 2 2 1 1 1 4 2 1 2 3 1 2 2 2 5 3 1 1 1 2 1 2 1 2 1 2 1 1 2 3 1 1 2 1 3 5 1 1 3 2 2 2 3 2 1 1 2 3 2 3 4 2 3 1 1 3 1 1 1 2 1 1 1 2 3 4 2 1 4 6 3 3 5 3 1 2 2 1 1 1 2 1 2 1 1 3 1 3 3 1 1 4 2 1 1 1 3 3 1 1 2 1 2 1 3 1 3 5 1 4 4 3 2 2 1 4 2 2 1 1 2 2 1 4 1 1 1 2 1 2 4 2 4 1 3 3 4 3 2 3 1 1 2 2 1 2 1 2 3 2 4 1 2 1 1 1 1 2 2 1 3 3 3 1 1 1 3 1 1 1 3 1 1 3 1 5 1 4 2 1 1 1 4 1 3 3 3 3 2 1 1 1 1 2 1 1 1 1 1 2 3 3 1 1 3 1 1 1 2 1 1 4 2 2 1 3 4 1 1 3 1 2 3 1 2 1 4 2 2 4 2 1 4 3 6 1 2 3 1 1 2 1 2 1 1 3 1 1 2 1 2 2 1 2 1 2 3 3 1 1 6 1 5 1 3 2 2 1 1 1 1 1 1 2 3 2 1 1 1 2 2 1 1 1 4 1 2 1 1 2 2 2 1 3 2 2 1 2 1 2 1 3 1 3 1 1 1 2 1 1 1 2 1 3 2 1 3 3 1 1 3 1 4 5 2 5 3 2 1 2 1 1 2 2 1 1 4 3 1 3 2 3 1 2 2 3 3 1 1 2 2 3 1 2 1 2 4 2 1 3 3 1 1 1 2 1 2 1 1 3 1 1 2 1 1 3 1 3 1 2 3 1 1 2 2 3 1 1 1 2 3 1 1 1 1 3 2 1 5 2 3 1 5 3 1 2 1 3 2 3 2 5 4 1 3 1 2 2 2 1 2 3 2 2 1 2 1 1 2 3 2 1 3 1 3 3 1 4 3 2 3 2 1 1 2 2 4 2 1 2 2 2 2 2 3 3 2 3 3 2 1 4 2 1 3 1 2 2 1 2 1 3 1 3 2 4 1 3 3 3 2 2 2 5 4 3 1 1 2 2 1 2 1 1 2 1 1 4 1 1 2 3 2 1 2 1 2 3 2 1 3 3 1 1 2 2 2 2 1 3 1 2 2 3 2 5 2 3 1 2 4 2 4 2 1 2 1 5 3 4 1 2 2 3 1 2 1 3 3 2 2 3 1 3 1 1 2 3 3 5 4 2 4 1 1 2 3 1 1 2 5 1 1 4 1 2 1 1 1 1 1 1 1 2 4 1 1 1 2 2 2 1 1 2 2 2 1 2 3 1 2 1 1 2 1 2 1 1 3 1 1 3 1 2 1 3 1 1 4 3 3 2 2 2 1 2 1 4 2 1 4 2 2 3 3 2 3 1 4 2 1 1 2 1 3 1 1 2 1 1 2 1 3 1 3 1 1 1 2 1 2 2 2 1 2 1 3 1 1 2 4 1 2 2 3 2 1 1 1 1 2 2 3 2 1 4 2 2 2 3 2 1 4 2 1 1 2 6 3 1 2 2 2 2 6 1 1 1 1 1 1 1 3 3 2 1 3 1 3 1 1 2 2 1 1 1 1 1 1 1 3 3 2 3 1 4 5 2 1 1 2 3 1 1 2 2 1 1 1 3 1 1 4 1 1 4 1 1 1 2 1 1 3 1 1 2 1 2 2 1 2 5 2 1 3 4 1 1 1 3 3 1 2 1 2 3 2 2 2 2 8 3 1 1 1 3 1 2 2 2 2 3 2 2 3 2 2 1 1 2 2 1 1 1 3 2 1 2 1 3 2 2 1 1 3 2 1 2 2 2 3 1 2 2 2 3 1 2 2 3 1 1 2 2 6 1 1 3 1 3 3 5 3 1 2 1 4 5 5 3 1 2 3 1 3 1 2 3 2 2 3 1 3 1 1 1 1 1 2 1 4 3 4 2 1 2 1 2 3 3 2 2 1 3 1 2 1 2 3 1 2 4 2 2 1 1 1 3 1 1 1 1 2 3 2 1 3 2 5 1 1 1 1 1 1 2 4 1 2 1 1 2 1 2 1 3 1 1 1 3 2 1 1 4 1 1 2 1 1 1 2 1 1 1 1 1 2 1 3 1 1 2 2 4 1 1 1 1 1 2 2 1 4 2 2 3 2 3 1 6 1 3 5 1 2 2 2 1 2 1 1 1 2 1 1 1 2 3 3 1 3 4 2 2 1 4 1 5 1 1 5 3 3 1 2 2 1 2 3 2 1 1 2 1 1 2 1 1 2 2 2 1 3 3 1 2 2 3 2 5 2 2 4 1 1 3 4 2 1 1 2 1 1 1 1 2 3 1 4 2 2 2 2 1 3 4 1 3 1 3 1 1 2 1 3 3 3 2 1 3 3 1 2 1 1 1 2 3 2 1 2 3 2 1 2 1 4 1 1 1 1 1 2 3 1 2 2 1 1 1 2 1 2 1 1 1 1 1 2 2 1 1 3 1 1 5 2 1 4 2 2 3 2 1 3 1 1 1 1 1 2 4 2 4 1 1 2 1 1 1 2 1 1 3 1 3 1 1 1 1 4 5 3 3 1 2 1 2 3 1 2 3 1 1 3 2 4 3 2 2 1 2 1 2 2 1 1 1 2 1 1 2 1 1 3 4 3 2 1 1 2 3 4 1 2 2 1 1 1 2 1 1 4 1 3 1 2 3 1 2 2 1 2 2 3 3 1 3 1 1 1 2 2 3 1 4 1 1 1 1 2 2 2 1 2 1 2 2 1 1 1 2 1 2 1 1 2 1 2 1 3 2 1 2 1 2 2 5 1 3 3 2 1 1 2 1 1 1 2 3 2 1 1 1 2 2 4 3 3 1 2 2 1 2 1 3 2 1 4 1 1 1 3 1 1 1 2 3 2 1 1 1 4 3 2 2 1 1 1 3 1 1 1 2 2 2 1 3 1 3 4 3 1 2 1 1 1 1 1 2 1 1 2 1 1 3 1 6 3 2 1 2 2 1 2 1 2 1 1 5 1 1 1 1 2 3 2 1 4 1 1 1 2 3 1 1 1 1 1 1 1 3 3 1 1 3 2 2 2 1 3 2 1 2 1 1 1 1 2 2 5 1 1 2 2 1 3 1 2 5 2 1 2 3 1 2 2 1 1 1 2 2 1 1 2 2 3 2 1 3 3 2 1 2 2 2 1 1 1 2 2 2 2 2 3 3 3 1 3 2 3 1 2 1 1 1 1 3 2 1 1 2 1 2 1 2 1 1 4 2 3 1 4 1 3 3 1 1 2 1 4 1 1 1 1 1 1 4 2 2 2 2 2 2 1 1 1 2 2 2 3 3 3 2 2 1 2 1 1 2 1 1 2 3 2 1 2 1 2 1 2 1 1 3 2 1 4 2 2 3 1 1 3 1 2 2 1 2 1 1 4 1 3 1 2 1 1 2 2 1 3 2 6 2 2 1 1 6 1 3 2 1 2 2 1 2 1 2 1 2 3 3 1 1 1 1 1 2 3 3 2 2 1 1 1 2 2 4 1 1 1 2 1 2 3 1 4 3 1 1 2 1 2 1 1 1 4 2 1 1 2 1 1 1 1 1 1 2 1 4 1 1 3 2 1 4 2 1 2 2 4 2 1 2 1 1 3 2 3 1 2 1 2 1 1 2 2 1 1 6 1 3 1 1 1 1 1 2 1 3 2 1 2 1 1 2 2 2 1 3 3 3 1 4 2 1 1 3 1 2 1 2 2 1 2 1 2 2 1 2 2 3 5 1 3 1 3 2 2 1 1 1 2 1 2 3 1 2 2 3 1 1 1 1 1 1 2 1 3 3 4 4 3 3 1 2 1 1 1 2 3 1 3 1 4 1 1 1 1 1 2 3 2 2 4 1 3 2 3 1 1 2 3 2 3 3 1 3 1 2 1 3 3 1 2 2 1 1 1 3 3 2 1 2 3 4 2 2 1 1 3 2 1 1 2 1 1 3 2 1 1 1 1 2 1 3 5 3 1 1 3 1 2 1 4 2 1 1 1 3 3 1 2 4 2 2 2 3 2 2 2 1 2 1 1 4 5 1 1 1 3 2 2 1 1 5 1 1 2 1 3 2 1 1 2 4 2 1 2 2 2 1 1 3 4 1 3 1 2 1 1 1 3 1 3 2 1 1 1 1 3 2 1 1 1 2 3 1 1 3 2 1 3 1 1 2 1 2 3 2 1 1 1 1 2 1 2 2 2 1 1 1 2 1 2 4 4 1 1 1 1 1 1 1 3 2 1 1 1 2 3 3 2 2 2 1 2 1 2 1 3 3 2 1 1 2 4 3 2 3 2 1 1 1 5 2 3 1 4 2 3 3 1 1 2 1 2 3 1 1 1 1 2 1 1 1 2 3 1 3 4 1 2 5 1 2 4 1 1 1 4 1 1 1 1 1 3 2 1 3 4 1 2 2 1 2 3 2 3 1 2 3 2 2 5 3 1 3 2 2 5 2 1 1 3 6 1 2 1 2 4 1 1 3 5 3 3 3 4 1 2 1 3 3 4 3 3 1 2 3 2 2 1 1 3 3 1 2 1 4 4 3 3 1 2 1 2 1 2 1 2 1 6 3 2 1 2 3 1 1 1 2 1 2 1 3 1 1 2 1 2 1 2 1 2 2 1 2 3 2 4 2 3 1 2 4 1 4 3 1 1 2 1 3 1 1 2 2 1 1 4 1 2 1 4 2 2 1 1 1 1 2 1 1 5 2 1 3 1 1 3 3 2 1 1 2 3 1 3 2 1 3 1 1 1 1 3 1 3 2 1 2 2 1 1 2 1 1 1 2 1 2 2 1 1 1 3 3 1 2 1 2 3 2 2 2 2 1 1 2 2 2 2 1 3 1 1 2 1 3 3 1 2 3 2 2 1 2 1 4 2 2 1 2 1 1 3 1 1 1 3 1 1 2 3 1 1 2 2 2 2 2 2 2 1 1 1 1 2 2 1 3 2 1 4 2 2 2 3 1 2 1 1 1 2 1 2 2 3 1 2 2 3 2 5 2 3 1 5 1 1 1 1 3 1 1 4 1 2 1 5 1 2 3 1 5 1 4 1 3 1 2 3 3 2 1 4 2 3 2 1 3 1 2 2 1 4 4 2 1 3 2 4 1 2 3 1 1 1 1 1 1 4 1 1 1 1 3 1 1 1 1 1 1 1 1 5 1 2 1 1 2 5 1 1 2 2 4 1 1 4 1 1 3 2 2 1 1 1 1 1 2 2 2 1 1 2 2 1 2 1 1 1 1 4 5 1 2 2 1 1 3 1 1 1 4 3 2 2 4 1 1 1 4 2 4 1 3 1 3 3 1 2 2 1 2 1 2 1 3 2 1 1 1 2 4 3 2 2 1 4 2 2 4 1 2 3 2 2 2 2 1 5 1 2 2 3 2 2 1 2 1 1 1 1 2 3 1 1 1 1 2 4 2 4 1 2 1 1 5 1 1 3 2 2 1 4 5 1 1 1 4 3 1 2 1 1 3 1 3 3 1 2 2 3 1 2 3 1 3 1 2 1 3 3 1 1 3 3 1 2 1 2 3 1 1 1 1 2 1 4 2 2 2 1 1 1 2 2 1 2 2 1 2 2 2 1 3 2 2 2 3 4 1 1 1 1 1 2 1 3 2 1 3 1 2 2 2 1 2 3 1 2 2 1 1 1 1 1 1 1 3 3 3 1 3 3 4 3 1 3 3 2 1 1 2 3 2 1 1 3 3 2 1 1 1 1 1 3 1 4 3 1 3 2 1 3 1 2 1 1 2 1 2 2 1 3 2 2 3 3 2 3 3 1 1 2 2 2 2 2 2 2 2 2 1 3 3 3 3 2 1 2 5 2 1 3 1 1 2 1 2 1 2 1 1 1 3 3 2 1 1 4 1 1 3 2 1 1 1 1 1 1 1 2 2 2 2 1 3 2 4 1 1 2 1 3 3 2 1 2 2 2 2 1 1 3 2 2 1 1 2 2 1 2 3 2 2 1 4 1 3 3 1 1 2 1 1 4 1 2 3 2 1 1 1 1 1 2 2 1 1 1 2 2 1 1 2 3 1 2 1 2 2 2 2 4 1 2 3 1 1 1 3 2 5 3 4 1 1 1 4 3 1 4 4 3 1 1 1 2 1 1 2 3 3 3 1 3 1 2 2 1 1 1 2 2 1 2 2 2 1 2 1 3 2 1 2 3 3 2 1 1 2 2 4 1 2 2 1 1 3 2 1 1 3 2 1 1 1 1 3 2 2 1 3 1 3 3 4 1 3 2 3 2 1 1 1 1 4 1 2 5 1 2 4 1 2 1 1 1 1 2 2 3 2 2 1 2 1 1 2 1 3 3 3 5 3 1 2 1 2 4 2 1 3 1 1 5 4 1 2 1 2 2 1 1 3 2 3 3 1 3 1 1 3 2 1 2 1 2 1 1 1 2 4 2 2 5 2 2 2 3 1 2 2 2 1 4 3 2 3 2 2 2 3 1 2 1 2 3 1 2 1 1 1 2 1 1 1 2 4 1 1 3 1 1 1 1 2 1 5 3 2 1 1 3 1 1 2 1 3 1 3 3 1 1 3 1 1 1 2 1 1 1 1 2 2 3 3 2 2 3 1 1 1 1 3 1 3 1 5 1 1 1 2 2 2 2 2 2 1 3 1 1 2 2 3 1 2 1 4 1 2 1 2 4 2 2 2 1 1 4 3 1 1 2 1 1 1 3 4 1 4 2 2 1 3 1 2 2 2 1 1 1 1 1 2 3 1 1 1 4 3 1 2 2 1 1 1 2 1 4 3 1 3 3 1 1 1 1 1 1 2 1 3 2 1 1 2 2 4 1 2 1 2 1 4 1 2 2 5 1 1 4 2 3 1 3 1 1 1 1 5 1 1 2 1 4 2 2 2 2 1 1 1 3 3 3 1 1 1 2 2 3 3 2 3 3 1 3 1 1 1 3 2 2 2 2 2 3 1 1 1 1 2 1 4 1 1 1 3 2 2 1 2 2 3 1 2 2 1 2 1 2 3 2 2 1 2 1 2 1 3 1 2 2 7 4 2 1 1 3 1 3 3 2 2 1 2 3 2 4 2 2 3 3 2 1 2 3 2 1 3 1 1 2 1 1 2 2 1 2 2 1 1 4 2 1 1 1 3 2 2 3 1 2 3 1 3 4 2 3 2 2 2 1 2 2 2 2 2 1 3 1 2 4 3 3 1 5 2 2 1 4 1 4 1 4 4 1 2 4 4 2 1 3 1 2 4 1 1 2 1 3 3 1 2 2 4 2 2 3 1 3 1 1 2 2 2 1 2 1 2 2 1 2 1 2 2 2 1 2 2 3 2 1 1 3 1 2 1 1 1 1 2 3 1 1 2 2 2 2 1 1 1 1 1 1 3 1 1 3 3 2 1 1 3 2 1 1 2 1 2 3 3 1 4 3 2 4 2 1 5 2 1 2 2 2 1 1 2 2 1 2 3 2 1 1 2 3 1 3 3 1 3 2 2 2 1 1 2 2 1 1 2 5 2 1 2 1 2 1 3 3 4 1 1 2 2 2 2 2 2 2 2 1 3 1 1 1 1 1 1 2 1 1 1 3 2 3 2 3 1 1 2 1 2 1 1 1 4 2 1 3 6 1 1 1 3 1 4 1 2 3 1 1 1 1 2 1 2 4 3 1 2 4 1 4 1 1 2 2 2 5 1 3 2 1 4 1 3 3 3 2 2 3 1 1 2 1 1 1 2 1 2 3 1 3 4 1 3 4 1 1 4 3 1 1 1 2 1 1 3 2 1 1 2 3 1 2 1 1 1 2 3 2 1 1 1 1 1 2 3 2 1 5 1 2 1 1 2 2 1 3 3 2 1 1 4 1 1 3 3 2 4 2 1 3 1 2 1 2 1 1 2 3 1 3 3 2 1 1 1 4 1 3 1 2 1 1 2 2 1 1 1 2 2 3 2 2 4 3 2 4 2 2 1 2 2 2 1 1 1 1 3 2 3 3 1 4 1 2 3 2 1 1 1 1 2 2 1 2 2 2 1 4 3 3 3 1 2 1 2 4 1 1 1 1 1 1 1 4 2 2 2 2 2 2 3 2 3 3 3 1 1 2 4 2 1 2 1 2 4 1 3 2 2 3 3 1 1 4 2 2 1 1 2 3 3 2 2 3 3 3 4 1 2 1 2 1 1 2 2 1 1 4 1 2 2 1 2 1 3 1 4 3 2 3 4 3 1 3 2 3 2 3 3 4 2 2 5 1 1 2 2 2 3 3 3 4 4 3 1 4 4 1 2 2 1 3 3 2 3 1 3 1 1 2 2 1 3 5 3 4 3 1 1 1 2 2 2 1 2 2 1 4 1 2 2 2 1 2 1 2 4 2 3 1 2 1 3 2 1 2 3 2 3 4 1 1 1 2 1 2 3 3 1 3 3 1 2 2 1 2 2 2 1 2 5 7 2 1 1 2 4 1 2 1 1 1 1 3 2 2 2 4 1 2 2 1 1 1 2 1 1 1 1 4 1 1 1 2 1 3 2 5 2 1 3 1 3 1 3 1 1 3 1 1 2 1 2 2 1 4 2 1 2 2 3 2 2 2 3 1 2 3 2 1 1 3 1 1 1 4 2 2 4 1 1 2 3 3 2 3 1 2 1 3 4 1 3 2 1 1 3 3 1 3 2 3 2 2 3 2 2 2 1 4 1 1 3 4 1 1 1 1 2 1 1 1 1 3 1 1 2 3 3 2 1 1 3 2 1 3 1 3 2 1 1 5 3 3 3 1 1 1 1 3 2 2 1 1 3 2 1 1 1 5 2 2 1 3 3 2 2 3 4 1 3 1 1 3 2 1 1 1 1 2 1 1 4 3 2 2 1 1 1 1 2 1 1 1 2 2 1 4 1 1 2 1 1 2 2 2 3 1 2 1 1 2 1 3 1 2 1 1 1 3 1 1 4 1 4 3 1 1 1 2 5 1 1 2 1 2 3 1 1 2 1 2 3 1 2 1 2 6 1 3 2 1 2 2 2 2 1 2 1 2 1 3 3 2 2 1 1 3 3 2 2 1 1 2 1 2 2 1 1 2 1 2 1 2 2 1 2 1 1 1 1 4 2 3 2 1 2 5 1 1 3 3 1 1 1 1 2 1 1 2 1 2 3 2 1 1 1 3 3 4 2 2 1 1 2 4 2 3 1 1 2 2 2 2 1 2 1 1 1 2 1 3 1 1 3 2 1 4 1 1 1 1 2 2 1 2 1 1 2 2 2 2 1 2 2 2 4 2 1 5 1 1 1 1 2 1 3 3 4 2 1 2 2 1 1 1 1 2 3 1 2 1 2 1 3 2 2 1 3 2 2 2 2 1 1 1 2 1 3 2 4 1 2 3 1 2 2 1 1 1 1 1 2 1 3 2 1 1 1 3 1 1 3 4 1 4 2 3 3 2 3 1 1 1 1 4 1 1 3 2 1 1 4 2 2 2 2 3 5 2 2 4 1 1 4 1 3 3 2 3 2 1 1 2 1 2 2 5 2 2 1 1 2 1 1 1 1 1 1 3 2 1 1 3 2 2 2 3 2 2 1 3 2 1 1 1 1 1 2 1 1 1 4 1 5 1 3 1 2 2 3 4 1 2 1 4 3 3 2 2 2 1 1 2 2 3 2 2 2 4 2 5 1 2 1 2 1 1 5 2 2 4 2 3 2 1 1 1 3 4 2 2 2 2 4 1 1 1 2 1 1 4 2 3 1 1 1 2 1 2 1 1 3 3 1 1 3 2 1 4 1 3 1 1 1 3 1 3 2 3 3 1 3 1 2 1 2 3 2 1 1 2 3 1 1 2 3 1 2 2 2 4 1 1 1 4 2 3 1 2 2 3 3 1 2 1 2 1 2 3 3 1 4 3 1 1 3 2 2 1 2 1 1 1 1 1 1 2 4 1 1 1 3 1 2 1 2 4 3 1 5 3 1 1 2 1 1 1 1 2 2 1 1 1 1 8 3 3 1 2 3 2 1 2 1 4 1 1 2 1 2 2 1 2 4 2 3 1 1 2 1 3 8 2 3 1 2 3 2 1 1 1 1 1 3 2 4 1 2 1 2 3 2 1 4 2 1 2 2 1 3 1 3 1 1 3 3 1 1 1 5 2 3 2 2 1 1 1 1 2 1 1 2 2 2 3 2 2 1 1 3 3 1 4 2 5 1 3 1 1 1 1 2 1 3 4 1 1 1 3 1 3 2 2 1 4 1 3 2 1 1 1 3 2 2 3 2 1 1 1 1 3 1 1 2 2 1 3 1 4 1 1 2 4 1 2 1 2 1 4 1 1 1 1 2 1 3 1 1 3 1 1 3 2 4 3 2 1 4 1 1 1 1 1 2 2 1 2 2 2 1 1 6 1 2 4 2 2 2 1 4 1 2 1 1 1 3 1 2 2 1 1 1 4 1 4 1 2 2 1 3 3 2 1 2 2 1 2 2 2 2 2 4 1 3 1 1 2 1 2 4 2 1 2 2 4 2 1 2 2 1 2 1 1 5 1 1 3 3 3 1 2 1 1 2 3 4 2 3 1 2 2 1 1 3 3 5 3 1 3 1 1 4 3 1 1 1 1 1 2 2 2 1 1 1 1 1 1 1 3 1 1 1 1 1 1 4 1 3 1 3 2 1 1 2 2 2 3 1 3 2 2 2 1 1 2 3 2 4 1 1 1 4 1 2 3 4 2 2 1 2 1 2 1 3 2 2 1 1 2 1 2 3 1 1 4 3 1 3 1 4 3 1 2 3 2 1 2 1 1 2 2 2 2 4 3 1 3 3 2 2 1 1 1 2 1 3 1 1 2 1 1 3 1 3 1 1 1 3 2 1 3 3 2 1 4 2 3 1 1 2 2 3 2 2 2 2 1 1 2 1 2 1 3 4 1 3 1 1 1 3 2 1 1 3 3 1 2 2 1 2 1 2 3 1 1 1 1 2 1 5 6 1 2 1 1 3 3 1 1 3 2 1 3 2 3 1 2 3 2 1 2 3 4 1 2 2 3 2 2 1 1 3 3 1 2 2 2 1 2 2 1 1 2 3 2 2 3 1 1 1 1 1 1 1 2 1 1 2 1 2 3 1 1 3 2 1 1 1 2 3 1 3 3 4 2 1 1 1 1 2 2 1 2 2 2 1 1 2 1 4 4 1 2 1 2 3 2 1 1 2 3 4 1 2 2 1 2 1 1 1 1 2 1 3 2 5 2 1 2 1 1 2 3 2 1 2 1 2 2 2 2 2 2 2 5 4 2 1 4 1 3 1 5 1 2 1 1 4 3 1 2 4 1 1 1 3 1 1 2 3 3 1 1 1 2 1 2 1 2 1 1 1 2 1 2 3 1 1 1 2 4 1 2 3 2 1 1 1 2 1 3 2 2 1 1 2 3 1 4 3 2 2 2 4 2 2 2 1 1 1 2 3 1 1 3 2 3 3 2 3 1 2 1 1 2 2 2 2 2 2 1 2 2 1 1 2 3 1 1 4 2 3 1 3 2 1 2 4 1 1 2 3 2 4 1 1 3 1 2 2 1 2 2 2 1 1 1 1 2 3 1 3 4 1 3 1 1 3 2 1 1 1 2 2 4 2 1 1 1 2 2 1 2 1 3 1 2 1 1 4 4 1 1 2 1 2 3 3 3 1 3 2 1 1 2 2 2 3 2 1 2 1 1 3 1 3 1 1 2 1 1 4 1 1 2 2 2 2 2 3 1 1 2 2 2 2 2 2 1 3 2 1 2 4 2 3 3 4 1 2 5 1 4 1 2 2 3 1 2 1 3 2 1 1 2 3 2 1 1 1 2 2 2 4 3 1 3 2 3 1 2 3 5 1 1 1 2 4 1 2 1 2 1 1 4 1 1 1 1 1 2 3 1 1 3 1 3 1 2 3 1 1 1 3 1 2 2 1 1 1 1 1 3 1 2 1 1 3 1 1 1 1 4 5 2 3 3 2 1 3 1 1 3 1 1 2 1 3 4 2 5 4 1 2 1 3 2 2 1 1 1 2 6 2 3 2 4 3 1 1 3 2 2 1 2 3 1 3 2 1 3 2 2 4 3 2 2 2 1 4 1 1 1 2 2 3 4 1 4 2 1 1 6 1 4 1 2 3 1 1 1 1 1 3 1 1 1 3 1 1 1 3 2 1 3 2 1 1 2 2 2 1 1 1 1 2 2 1 1 3 3 3 2 1 1 2 1 1 1 3 1 4 3 2 1 2 4 1 3 1 1 1 1 1 1 1 2 1 2 1 1 2 1 2 4 1 1 1 1 2 1 4 1 2 2 1 1 1 2 2 5 1 3 3 2 2 1 1 3 1 2 1 2 1 1 2 4 2 3 1 1 1 1 2 1 1 1 3 2 1 2 2 1 1 3 1 2 1 1 1 3 2 2 2 2 2 2 2 2 2 3 1 2 2 3 3 1 3 3 2 3 2 3 1 1 2 2 1 3 2 1 1 2 1 1 1 1 4 1 1 4 2 1 2 1 2 1 2 2 1 1 3 2 1 1 2 3 3 2 1 2 4 2 1 2 3 1 1 3 2 1 3 1 4 1 1 3 2 1 1 2 1 2 1 1 3 2 4 2 2 2 3 1 1 2 1 2 1 1 1 1 1 3 2 2 2 1 2 2 3 2 1 1 3 2 1 1 1 2 2 3 3 1 1 2 1 1 4 2 1 1 2 2 3 2 2 1 2 1 2 4 3 2 1 1 1 2 1 1 1 2 2 2 1 2 2 2 3 2 2 1 2 2 2 1 1 1 2 1 1 1 2 2 3 1 1 1 3 3 2 1 2 2 2 1 2 1 2 3 6 2 3 2 3 1 3 1 2 2 1 3 3 1 2 2 1 1 1 1 1 1 3 4 2 1 1 1 3 1 2 3 2 2 4 1 2 3 2 3 1 3 2 2 1 1 2 2 1 1 1 2 2 1 2 2 2 1 2 1 2 1 2 1 2 4 1 2 2 4 3 3 2 3 1 2 1 1 3 1 1 2 2 2 2 2 4 1 2 2 1 1 1 1 2 1 3 2 2 2 1 1 2 2 1 6 1 3 1 2 2 1 1 2 1 1 2 2 2 3 3 1 2 2 1 2 1 1 2 2 1 3 1 1 1 1 1 3 3 2 4 3 1 2 2 2 2 4 1 2 6 1 1 2 4 4 2 1 1 1 1 2 2 2 1 1 2 1 2 2 1 3 1 1 4 2 1 5 1 1 2 2 2 2 1 1 2 2 5 1 3 1 1 1 2 1 4 2 2 1 2 1 1 2 2 4 2 1 1 2 2 3 2 1 2 1 1 2 1 4 2 3 3 3 3 4 1 2 2 3 2 2 5 2 2 1 1 1 1 2 1 1 3 3 2 2 1 3 1 1 1 1 1 2 3 2 1 2 2 1 3 1 2 2 3 2 4 1 2 1 1 3 1 3 2 1 1 2 3 2 1 1 3 4 1 1 1 2 1 2 3 2 1 1 3 3 4 3 1 2 2 2 2 1 2 2 2 1 1 2 2 1 2 4 3 1 3 1 1 1 3 1 1 2 1 1 2 1 1 2 4 2 2 1 2 2 1 3 2 3 1 4 3 2 2 3 3 3 7 1 1 1 1 1 1 2 1 1 5 2 4 2 1 1 1 3 4 2 3 1 3 1 1 4 1 2 2 3 2 2 1 2 1 2 2 2 3 3 1 2 2 2 3 4 1 1 1 3 2 2 1 1 1 3 2 2 1 1 2 3 5 2 2 1 3 1 2 1 1 4 1 4 2 2 2 1 1 2 2 3 4 3 2 1 1 2 3 1 2 1 1 1 1 1 1 1 1 2 3 1 1 1 5 2 1 1 2 2 1 1 1 1 2 1 1 1 3 1 5 1 2 3 1 1 2 1 2 1 1 2 2 1 1 2 4 2 1 1 2 1 1 1 3 1 1 6 2 2 4 4 5 4 2 4 1 2 2 1 1 2 2 2 3 2 1 3 1 1 2 1 1 1 3 2 2 1 1 2 3 2 2 1 1 1 3 2 1 2 1 2 1 3 1 1 2 2 4 2 3 2 2 1 1 4 3 1 1 2 1 1 1 2 2 2 1 1 2 2 2 1 1 2 3 2 1 2 1 3 3 1 3 2 4 3 2 2 1 1 3 2 1 1 2 3 2 1 2 1 2 1 3 4 2 1 1 2 1 1 5 2 3 1 1 2 1 2 2 1 2 1 3 2 2 3 2 2 2 2 1 1 2 2 1 2 2 1 5 1 1 2 3 1 1 1 1 2 1 1 4 2 2 2 4 1 1 1 1 1 1 1 1 1 4 1 3 2 4 2 2 4 4 3 2 2 1 1 2 1 2 1 3 1 1 2 1 1 1 1 3 2 3 1 3 2 4 3 1 2 1 3 2 2 2 3 1 1 2 1 3 1 2 1 1 1 2 1 1 1 3 1 1 2 1 2 5 1 3 1 1 3 1 2 1 2 1 1 2 1 2 3 2 1 1 1 1 3 1 1 2 2 1 1 2 3 2 1 2 1 1 1 3 1 2 5 1 3 2 1 2 2 1 2 1 1 2 1 1 1 3 1 1 2 6 1 2 4 1 1 4 3 1 1 2 3 2 1 2 1 1 2 1 2 1 3 2 2 1 1 1 1 2 3 2 1 1 3 3 1 2 3 2 1 5 1 4 1 2 2 1 1 1 3 1 1 2 1 4 3 1 1 2 1 2 1 1 2 5 1 3 2 2 2 1 1 2 2 1 2 1 1 1 1 1 2 2 1 2 3 1 3 1 4 3 3 1 1 2 2 1 1 1 1 1 2 1 2 1 1 1 3 1 1 1 1 3 1 1 1 5 1 3 1 1 1 2 1 1 2 1 3 1 3 1 1 2 1 1 3 1 5 2 1 1 2 3 1 1 3 2 2 1 1 1 3 3 3 3 1 2 3 2 2 1 3 3 2 1 4 3 2 2 3 2 3 3 3 4 1 3 1 1 1 2 1 1 1 2 2 1 1 1 5 3 1 2 2 1 1 2 1 3 1 2 2 1 1 2 2 1 3 1 1 1 1 1 1 2 2 2 1 3 1 2 2 1 2 2 2 1 2 1 1 1 3 1 2 1 3 1 1 2 2 2 1 1 3 2 3 3 3 4 1 1 3 2 3 3 5 2 1 1 3 1 1 5 1 2 2 3 2 5 2 3 2 2 1 2 2 2 3 4 1 2 1 2 1 2 1 1 1 2 1 2 2 1 3 1 2 2 1 2 1 1 2 4 1 1 1 1 4 2 4 3 2 3 1 1 1 1 1 1 1 1 1 3 1 1 2 2 4 2 4 1 2 2 1 2 4 3 2 3 2 3 1 2 1 3 2 1 1 4 1 1 1 2 3 1 3 1 6 2 1 4 1 1 2 1 4 3 1 1 1 1 3 1 1 2 3 3 1 3 3 2 2 4 3 3 1 3 2 1 2 2 1 1 2 3 1 5 1 1 2 2 3 1 1 2 1 2 2 4 1 2 1 1 1 2 1 4 1 2 1 2 1 2 4 1 3 2 2 1 3 2 1 1 2 3 2 2 1 2 1 1 3 1 1 2 2 3 1 1 1 1 1 3 1 3 3 3 1 1 1 3 2 1 1 1 3 1 3 1 2 1 2 1 1 1 6 2 1 2 3 3 2 1 4 1 2 1 1 2 1 1 3 2 1 3 1 1 1 1 2 1 1 1 3 2 1 1 3 5 1 2 1 3 2 4 1 3 2 1 1 3 1 1 3 1 1 2 2 4 3 2 1 1 1 2 2 2 2 1 1 2 2 3 2 1 1 1 3 1 2 4 1 1 3 1 3 2 1 1 1 3 2 2 2 1 3 1 1 2 1 2 1 3 2 2 2 3 3 1 1 2 1 1 1 3 2 1 1 2 2 1 1 1 1 3 2 4 2 1 3 1 1 2 1 2 1 2 1 3 1 2 3 3 1 2 2 1 4 3 5 2 1 1 3 2 2 1 1 1 1 4 2 2 1 1 2 1 3 3 2 1 2 1 1 1 1 5 4 1 1 1 1 1 1 1 2 2 3 1 3 2 3 3 1 4 2 2 3 2 3 1 2 1 3 2 3 2 1 1 3 2 3 2 2 2 2 3 3 3 2 3 1 1 2 2 2 3 4 1 2 1 1 1 4 2 2 1 1 3 1 1 2 2 3 2 1 2 3 2 3 2 3 1 2 1 3 1 4 3 1 1 3 2 2 2 5 3 1 1 1 1 3 3 3 2 1 2 1 1 1 2 2 1 2 3 4 2 1 1 2 1 1 1 2 2 4 3 3 4 1 2 3 2 1 1 4 1 1 3 1 1 2 3 2 4 2 1 1 1 2 1 1 1 1 1 2 4 2 3 1 1 2 2 1 4 2 3 2 1 4 2 4 3 3 2 1 1 2 2 2 3 3 1 2 2 2 2 3 2 3 1 2 2 2 2 3 2 1 1 2 2 2 1 3 3 2 2 1 2 2 3 1 5 2 3 1 3 1 3 2 3 1 1 1 1 3 3 1 4 3 3 4 3 4 2 1 1 2 1 1 1 3 1 2 2 2 5 2 2 3 2 1 1 2 1 1 2 2 2 1 1 2 1 1 1 1 3 2 1 1 1 3 2 1 3 2 4 1 3 2 1 4 3 3 4 4 1 1 1 3 1 3 5 3 2 2 1 2 1 3 1 4 1 3 3 2 1 1 2 1 4 6 3 1 2 3 5 1 2 2 4 2 1 1 1 4 2 1 2 1 3 3 1 
  #Test Small 18874
  #Test Medium 33406
  #Test Large 49066
