Board size [mm] 350x250

Stats side 1
  #Components with background 50
  #Components with points 450
  #Components nofly 6
  #Components notouch 6
  #Pins 121809
  #GNDs 2976
  #VDDs 2424
  #Clock 41
  #NoFly points 940
  #NoTouch points 1048
  #Points [total] 129238

Stats side 2
  #Components with background 56
  #Components with points 456
  #Components nofly 0
  #Components notouch 0
  #Pins 125515
  #GNDs 2957
  #VDDs 2420
  #Clock 38
  #NoFly points 0
  #NoTouch points 0
  #Points [total] 130930

Stats board (side 1 + side 2)
  #Components with background 106
  #Components with points 906
  #Components nofly 6
  #Components notouch 6
  #Pins 247324
  #GNDs 5933
  #VDDs 4844
  #Clock 79
  #NoFly points 940
  #NoTouch points 1048
  #Points [total] 260168
  #Nets 239012
    Net Size: 5933 4844 79 2 1 1 2 2 1 3 1 3 1 1 1 2 3 1 2 2 2 1 1 2 1 1 3 2 1 1 1 1 4 1 2 1 2 2 2 2 2 2 1 2 2 2 3 2 2 1 1 1 1 5 1 2 2 2 2 3 1 1 1 2 2 2 1 2 3 2 1 2 1 3 4 2 1 2 1 1 1 2 3 1 1 1 1 3 2 2 3 2 2 2 4 3 1 2 2 2 2 1 2 2 1 1 1 1 1 4 3 3 3 3 1 3 2 1 1 1 2 1 1 3 1 1 1 2 3 1 2 4 2 1 1 1 1 2 3 2 1 1 2 3 1 1 1 1 2 2 3 1 2 1 3 2 2 1 1 4 2 3 1 3 1 1 1 1 1 1 1 2 1 1 1 2 1 2 3 2 2 1 1 2 1 2 1 1 1 2 3 2 2 1 1 3 2 1 3 1 2 2 1 1 2 2 2 2 1 1 5 2 2 2 1 1 1 2 1 2 2 2 2 2 1 2 1 5 2 1 3 2 1 1 5 2 1 1 2 3 1 2 2 1 1 2 3 2 2 1 2 1 2 3 3 1 1 1 1 1 2 1 2 3 1 2 1 1 1 1 2 1 1 3 1 2 3 1 2 3 1 2 1 3 1 3 1 1 1 2 1 2 1 1 1 1 1 1 2 1 1 1 1 1 1 1 2 1 1 1 2 1 2 2 1 3 2 2 1 3 1 3 1 2 2 1 2 1 1 1 1 1 2 3 1 2 1 2 1 1 3 1 1 1 1 2 1 2 1 3 1 3 3 1 1 3 3 1 3 2 1 1 2 2 1 1 1 1 2 2 1 2 1 1 3 1 1 2 2 1 1 3 2 2 1 2 1 2 4 5 1 4 1 1 1 2 1 1 1 3 1 1 2 2 4 1 2 1 1 2 3 2 2 2 2 1 1 1 1 1 1 2 2 2 1 1 1 2 1 2 3 1 1 1 2 2 2 2 1 1 3 1 2 1 1 1 2 2 2 2 2 2 3 1 1 2 2 1 1 1 2 1 1 1 3 1 1 2 2 2 2 1 1 2 5 2 1 1 1 1 1 1 1 2 2 1 3 1 1 2 2 2 1 1 2 3 1 1 1 1 2 4 2 2 1 4 2 1 2 2 2 1 1 1 1 1 1 1 1 1 1 1 1 2 3 2 1 5 1 1 3 2 1 2 1 1 1 3 3 1 4 1 2 3 2 1 2 1 1 3 1 1 1 1 1 1 1 4 4 1 1 1 2 2 1 1 1 3 1 2 2 2 7 1 2 3 1 2 1 1 2 1 2 3 1 1 1 1 3 1 2 1 1 2 1 2 2 1 1 3 2 1 1 2 3 1 1 1 2 1 1 1 5 1 1 4 2 2 2 1 2 1 1 2 2 1 2 1 3 2 2 1 3 3 2 1 1 3 1 1 2 1 2 1 1 1 2 2 1 2 2 1 1 1 1 2 3 1 2 3 3 1 3 1 1 3 2 4 1 1 3 1 1 2 1 1 1 2 1 2 1 1 1 1 1 1 2 1 2 1 1 1 2 1 1 2 2 1 3 1 4 1 1 1 2 2 1 3 2 1 2 1 1 1 2 2 1 2 1 3 2 1 1 2 1 1 2 2 2 2 1 1 4 2 1 1 3 1 1 1 1 2 2 2 2 2 1 2 1 2 2 3 2 3 1 3 3 1 4 1 1 2 2 3 1 1 2 3 2 3 1 2 1 1 1 3 3 1 2 2 1 2 2 1 1 1 1 1 1 1 1 1 1 3 3 1 1 1 3 4 2 2 1 2 1 1 2 1 2 1 1 2 1 1 2 2 1 1 3 1 1 1 1 2 1 1 2 2 2 1 1 2 1 1 1 1 4 2 2 2 1 2 1 3 3 2 2 1 1 1 3 3 1 3 1 1 1 1 1 1 1 1 1 2 2 2 3 2 3 1 4 1 2 1 1 3 2 1 1 4 2 2 1 1 2 2 1 2 1 1 2 1 1 2 1 1 2 1 2 1 4 2 2 6 1 1 1 2 1 2 2 2 2 1 2 2 2 2 1 3 2 2 1 1 3 1 1 2 1 1 1 2 3 2 1 1 2 4 1 1 1 2 1 2 1 1 1 2 3 2 2 1 1 3 2 1 1 2 1 1 1 1 2 1 1 2 1 2 1 1 2 3 1 3 1 2 1 2 2 5 1 1 1 2 1 1 1 1 1 1 2 1 2 1 2 3 2 3 1 1 3 1 1 2 1 2 1 3 3 5 2 1 1 2 1 2 2 2 2 3 4 3 1 3 2 2 1 1 1 1 2 2 1 1 2 4 1 1 1 2 1 1 2 2 1 2 3 2 1 1 1 5 2 3 1 3 2 1 3 1 2 1 2 2 1 1 1 4 2 2 1 1 2 1 1 1 1 1 2 1 5 1 4 2 4 1 3 1 3 1 1 1 4 1 2 1 1 1 1 1 1 1 1 1 2 2 1 3 3 1 1 1 2 3 2 1 2 6 1 3 1 4 1 1 2 2 1 2 1 1 2 4 2 1 2 1 4 1 1 2 3 1 1 1 1 3 2 1 4 1 1 2 1 2 2 1 1 1 1 1 1 3 1 1 1 1 2 2 3 2 3 1 2 2 4 1 2 1 3 2 2 2 1 2 3 1 2 1 1 1 1 1 2 1 2 2 2 1 1 2 2 1 1 1 1 1 3 2 2 1 2 1 1 1 1 3 3 1 1 1 1 2 2 1 1 3 1 2 2 3 1 1 3 2 1 2 1 2 1 1 2 2 2 2 1 3 4 1 1 1 1 1 1 1 1 1 2 1 1 2 2 1 3 1 1 1 1 3 1 2 2 1 1 2 1 3 1 1 1 2 2 1 2 3 3 4 1 1 1 1 1 1 1 2 1 1 1 2 2 2 2 1 1 2 1 1 1 3 1 2 1 2 2 2 2 1 3 1 2 3 1 2 2 1 4 1 2 3 1 2 2 1 3 1 2 2 2 1 1 2 1 2 6 2 4 2 1 2 1 1 2 2 2 1 1 1 2 2 2 3 1 3 1 2 2 1 2 1 1 3 1 1 1 1 1 2 1 1 1 2 1 2 3 1 2 1 2 1 2 2 2 2 1 1 2 3 2 2 1 1 1 1 1 1 1 1 3 1 1 2 4 1 3 1 1 2 1 1 4 2 1 3 2 1 1 3 1 2 2 1 2 3 2 1 2 1 2 2 1 1 1 4 1 1 3 2 4 2 1 1 2 4 1 1 2 3 1 1 2 2 1 1 2 1 3 1 2 2 1 2 2 1 2 2 1 1 1 1 1 2 1 1 1 4 1 2 1 2 2 1 2 3 3 2 3 1 1 1 2 2 1 1 1 5 1 1 1 3 3 3 2 4 1 1 1 6 2 4 1 2 1 1 1 1 2 2 2 2 1 1 1 2 1 1 1 1 1 4 2 1 2 1 2 2 1 1 1 2 1 1 3 1 2 2 1 1 1 2 2 5 2 1 1 1 2 1 1 3 4 1 4 1 1 1 2 4 2 3 1 1 3 1 1 1 1 3 1 2 1 2 3 1 7 1 1 1 2 2 1 1 1 1 1 1 2 1 1 1 2 2 1 2 3 1 2 1 4 2 1 1 2 5 1 2 1 2 4 1 2 2 1 2 3 1 1 1 1 1 1 1 2 3 3 1 3 1 2 1 2 3 2 2 1 2 1 3 2 1 1 4 1 3 1 2 1 3 2 3 2 1 3 2 1 2 2 2 3 1 3 1 1 2 1 1 1 1 1 1 3 1 2 2 1 3 1 3 1 1 1 2 3 2 2 1 4 3 1 1 2 2 2 4 2 2 1 3 1 4 3 2 2 3 2 1 8 4 1 2 2 3 2 2 2 1 2 2 1 1 2 1 2 1 2 2 1 1 4 2 2 3 1 1 1 3 3 1 2 1 1 3 1 2 1 2 3 2 1 1 1 2 1 2 2 2 4 2 1 1 1 1 1 2 2 1 2 2 3 1 2 2 2 3 2 2 1 1 1 3 5 2 1 1 1 1 2 2 2 1 1 2 1 1 1 2 3 4 2 1 3 1 1 1 1 3 2 2 4 1 4 1 2 3 2 4 3 2 2 2 2 2 3 1 1 3 3 1 2 1 2 1 1 3 1 1 2 1 2 2 1 1 1 1 2 1 1 1 1 2 2 5 1 1 1 2 1 1 1 1 2 2 1 2 2 2 1 3 1 1 3 1 1 5 2 3 2 1 3 5 1 1 1 4 3 2 1 4 3 1 1 1 1 3 1 2 2 5 1 1 2 1 1 2 1 1 2 1 1 2 1 1 1 1 2 1 2 5 1 1 1 1 3 1 2 4 2 1 1 2 2 1 2 2 1 2 2 3 2 1 1 2 5 1 1 1 1 3 1 1 1 1 2 3 1 3 2 3 1 6 6 2 2 1 1 1 3 3 3 1 3 2 4 1 1 3 1 2 1 2 1 3 2 1 2 4 1 2 2 2 1 2 2 2 1 1 3 2 1 1 2 2 1 2 2 1 1 3 4 1 3 1 1 2 4 3 1 1 2 2 1 3 2 1 2 1 2 1 3 4 3 1 2 2 4 2 2 1 2 3 2 1 2 2 1 3 2 1 1 1 1 2 2 1 2 1 1 2 2 1 1 2 1 2 1 2 1 2 2 1 1 2 1 2 2 2 1 2 2 6 1 1 2 1 2 3 1 2 3 1 1 1 1 1 1 3 3 2 3 2 1 1 2 2 1 3 2 3 2 2 1 1 4 2 2 1 1 1 1 1 1 1 1 2 2 1 1 1 1 1 1 3 3 4 1 1 2 1 2 3 2 1 2 1 3 1 1 4 2 1 3 1 4 2 3 3 2 1 1 3 2 1 2 1 3 2 3 1 1 2 2 2 1 1 2 2 1 2 2 1 3 1 1 2 2 1 2 3 3 2 2 3 1 2 2 3 3 1 1 1 2 1 1 1 1 1 1 2 1 1 2 1 1 1 1 2 1 3 2 2 2 2 1 1 2 1 4 1 3 1 2 2 1 3 2 1 1 2 1 2 1 2 1 2 1 3 2 1 2 1 1 1 1 2 2 2 1 3 1 1 2 2 2 1 1 1 1 1 1 2 1 2 1 2 3 2 1 3 1 2 2 1 2 3 1 5 2 1 1 1 2 1 4 1 2 1 4 1 4 2 1 1 1 1 1 1 1 2 2 2 1 1 3 1 1 1 2 1 1 1 1 1 5 1 2 2 2 1 2 1 1 3 3 2 2 1 1 2 1 2 1 1 2 2 2 2 4 1 2 1 4 2 1 2 1 2 1 1 1 1 1 1 1 1 2 2 2 1 1 2 1 2 1 1 1 2 1 1 2 2 1 2 1 1 2 1 1 2 1 2 1 3 2 1 1 1 1 2 2 3 2 3 1 1 2 1 2 2 1 3 2 2 1 2 2 2 3 2 2 2 2 2 4 1 2 1 1 4 3 1 1 2 2 2 4 2 1 1 3 2 1 1 2 1 1 1 1 1 1 1 1 1 2 4 4 1 2 2 1 1 4 1 2 3 2 1 2 2 1 1 2 1 3 2 2 1 1 3 1 2 2 1 1 2 1 3 1 2 2 1 2 3 1 1 3 1 1 1 1 1 1 1 1 2 3 4 4 1 1 1 1 2 1 1 4 1 1 2 1 1 1 1 2 1 2 3 2 1 1 1 2 1 2 3 1 2 2 2 1 1 1 1 2 2 1 1 1 1 1 2 2 1 1 1 1 2 4 3 1 2 1 1 2 1 1 1 3 2 2 1 2 2 1 2 4 1 4 1 2 1 1 1 1 1 2 1 2 2 1 2 2 3 3 1 3 3 5 3 1 3 2 2 1 1 3 1 3 2 1 2 1 1 2 3 1 1 2 3 1 1 1 3 1 1 3 1 2 1 1 2 1 1 1 3 1 2 1 3 1 1 2 2 1 1 1 1 1 2 1 1 2 1 1 3 2 2 1 1 1 2 1 1 1 1 1 2 2 4 2 1 2 4 2 1 1 1 1 2 2 1 2 1 4 3 1 1 2 1 3 3 2 2 1 1 1 1 1 4 2 2 1 2 4 1 1 1 2 1 1 1 1 2 2 3 2 3 1 1 2 3 3 1 1 1 1 2 1 1 4 2 3 2 1 3 1 1 1 2 1 1 1 2 2 1 2 3 1 3 1 2 1 1 1 6 1 1 1 1 1 1 2 1 1 1 2 1 2 1 1 1 2 1 2 2 2 1 1 2 3 1 1 2 3 2 2 1 2 3 2 1 2 1 1 3 2 1 1 2 1 3 1 2 1 1 1 1 2 2 1 1 2 5 1 2 1 2 1 2 1 3 2 2 1 2 2 1 3 2 2 1 2 2 1 2 3 1 2 4 3 2 2 1 1 1 2 1 1 2 3 1 3 1 2 1 6 1 2 1 2 1 1 2 1 2 1 1 3 3 3 3 3 2 2 2 4 3 1 1 1 1 1 3 1 2 3 2 1 1 1 1 2 1 2 2 1 2 1 1 2 1 3 1 1 1 1 1 2 1 1 2 1 1 1 1 1 2 1 1 2 3 1 3 1 3 1 1 3 2 2 2 1 3 1 1 1 1 1 1 1 1 1 2 1 1 2 3 1 2 1 1 1 2 1 1 1 1 1 1 1 1 1 1 1 2 1 2 6 1 1 3 3 1 2 1 1 1 1 2 3 1 2 3 1 1 2 2 3 3 1 1 1 1 2 3 1 1 1 1 1 1 4 2 1 1 5 1 1 1 1 2 3 2 1 1 2 2 2 2 1 1 1 2 1 1 1 2 2 3 2 3 1 1 1 1 1 1 3 1 2 2 1 2 2 1 2 2 1 1 1 2 1 1 2 1 1 1 1 1 1 3 1 1 2 1 1 1 1 2 2 2 2 1 1 2 2 4 1 3 1 1 2 3 1 2 2 1 2 1 2 1 2 2 1 1 1 2 2 1 1 1 1 2 2 1 1 4 2 1 1 3 1 1 2 1 1 2 1 3 1 4 4 2 1 2 1 3 1 1 2 1 1 2 2 1 2 1 1 1 2 1 3 2 2 1 1 2 1 2 1 1 2 2 2 1 2 2 1 2 2 1 2 1 1 2 2 1 1 4 1 3 1 2 1 1 1 3 2 1 1 1 1 1 1 3 2 1 2 2 1 3 1 2 1 1 1 2 1 4 1 1 2 2 4 2 2 2 2 2 2 1 3 1 1 1 1 2 1 1 1 2 1 2 1 2 2 3 1 1 2 1 3 3 1 2 2 2 2 2 1 1 3 1 1 1 4 1 1 2 3 1 3 1 4 1 3 1 2 1 1 3 2 1 1 1 3 3 1 1 2 2 1 2 1 1 1 3 3 1 4 1 2 2 1 1 2 3 2 3 4 1 2 1 1 3 1 1 1 2 2 3 1 4 1 1 2 2 1 1 4 2 1 2 2 3 5 1 1 1 3 1 1 4 1 3 2 1 4 1 1 3 1 1 1 1 1 2 3 2 2 1 4 1 2 1 1 1 1 1 2 2 1 1 2 2 1 1 1 1 1 1 2 4 1 1 1 2 2 2 1 1 3 1 1 2 3 1 3 2 2 2 2 1 2 1 1 1 1 2 2 1 1 1 1 2 3 1 2 3 2 1 1 1 3 1 2 3 1 1 1 1 1 1 1 4 1 1 1 2 1 2 1 2 3 2 1 1 3 3 1 1 2 2 2 2 1 2 1 2 2 3 2 1 3 1 2 1 2 1 2 1 1 1 1 4 2 2 2 2 1 2 1 2 1 1 2 2 4 2 1 1 2 4 3 1 1 1 2 3 1 2 2 1 1 1 1 1 2 2 2 1 2 1 1 1 1 3 4 1 5 1 1 3 3 3 1 2 1 3 3 1 2 1 1 1 1 2 2 1 1 1 2 1 1 1 2 2 2 1 2 1 2 1 2 1 1 2 1 1 1 3 4 2 1 1 1 1 1 2 1 1 1 1 1 1 2 3 1 1 1 1 1 1 1 1 1 1 1 3 2 2 1 1 2 1 4 2 1 2 3 1 1 2 2 1 1 3 2 1 3 2 3 1 1 3 1 2 1 2 1 1 1 2 1 4 2 2 2 1 1 4 1 1 2 1 2 2 1 2 3 3 2 1 2 2 1 3 1 1 3 1 1 1 1 1 2 1 2 2 1 2 1 1 3 2 1 4 1 2 1 1 3 3 1 3 3 1 1 1 1 1 1 1 1 1 1 2 1 3 1 1 1 1 2 2 1 1 2 4 1 3 1 1 1 1 1 1 2 3 1 1 1 1 1 1 2 1 1 1 3 1 1 1 1 1 1 6 2 1 1 2 1 1 2 4 2 1 1 1 6 2 1 2 2 1 1 1 1 1 2 1 2 2 1 2 3 2 3 2 2 1 1 1 1 4 1 2 2 1 1 2 1 2 1 2 2 1 3 2 3 1 2 3 4 3 2 1 1 1 1 1 1 1 2 3 1 1 1 2 1 4 2 2 1 1 1 1 4 1 1 2 1 1 2 2 2 3 1 1 1 2 1 1 2 1 4 1 1 2 1 1 2 1 1 2 2 1 1 2 1 2 3 2 2 1 3 1 1 2 1 1 3 1 3 4 3 1 2 1 1 1 1 4 2 2 3 4 1 1 2 1 1 1 4 2 1 3 1 2 3 1 1 1 2 1 2 3 1 1 3 1 1 2 2 1 1 1 2 1 1 1 1 3 3 5 3 2 1 1 1 2 2 4 3 2 2 2 1 1 3 1 1 1 1 1 1 5 1 1 2 1 2 1 2 2 1 5 1 2 2 3 2 1 2 1 2 2 1 1 1 1 2 2 2 1 1 3 3 1 1 1 1 1 1 2 2 1 1 1 1 1 1 2 1 1 5 2 1 3 4 1 2 4 1 3 1 1 1 2 3 2 1 1 2 1 2 1 2 1 1 2 1 1 1 1 1 1 2 1 2 2 2 2 1 1 1 1 1 1 1 1 1 2 1 1 1 2 1 2 3 2 2 3 3 1 1 1 2 1 1 1 1 1 1 3 2 1 3 1 1 1 1 3 3 2 1 5 4 1 1 1 2 2 1 2 5 1 1 1 2 2 3 2 2 1 2 4 3 4 2 1 1 2 1 1 2 1 3 2 1 3 1 2 1 1 2 4 2 2 3 1 2 1 2 1 1 1 1 1 2 1 1 1 2 1 2 1 1 2 3 1 1 1 1 1 1 3 2 1 1 1 2 2 3 1 2 4 1 1 3 1 4 1 2 1 1 1 1 1 1 3 3 1 3 2 3 1 1 2 1 2 1 3 3 1 2 1 3 1 2 2 3 1 1 1 1 3 1 1 1 2 2 2 1 3 2 1 1 2 1 2 1 1 1 4 1 1 2 2 3 4 1 1 1 1 4 4 5 1 1 1 2 1 2 4 2 2 2 2 1 1 2 1 1 4 1 2 1 3 3 2 3 2 3 3 1 3 2 1 1 3 2 3 2 1 1 1 2 1 1 2 3 2 1 1 2 1 2 1 1 3 1 2 1 1 1 3 2 1 1 2 3 1 1 1 1 1 1 2 1 2 1 1 1 1 2 3 1 2 2 1 1 2 3 2 1 1 1 1 2 3 3 1 3 1 3 6 2 2 4 2 1 1 4 2 1 2 1 1 1 1 1 1 1 1 3 1 1 1 2 1 1 1 3 2 1 2 1 3 1 3 3 2 2 2 1 3 1 1 3 2 1 1 2 2 1 3 1 2 1 2 1 1 2 2 1 2 2 1 2 1 1 2 1 1 1 1 1 1 1 2 2 1 2 2 2 1 1 1 1 1 3 1 3 2 1 1 1 2 1 1 2 1 1 2 2 1 1 2 4 2 1 1 3 1 1 3 2 3 2 1 3 1 3 3 1 3 3 1 1 1 4 2 1 2 1 5 1 4 1 2 2 1 4 5 2 2 1 2 1 1 1 2 1 1 1 1 1 1 1 2 1 1 3 1 4 3 1 1 1 1 2 1 2 2 2 1 4 2 1 1 1 3 2 1 3 1 2 1 3 1 1 1 1 1 1 2 1 3 1 2 2 2 5 2 3 2 2 1 1 1 1 1 3 1 1 1 3 4 2 4 2 3 1 2 2 3 1 2 1 1 3 1 1 1 1 2 1 1 2 1 2 1 1 1 1 1 2 2 2 3 1 2 2 3 1 1 2 2 1 2 1 4 2 2 3 2 2 2 1 2 1 3 3 2 2 2 2 1 1 2 2 2 1 2 2 2 2 1 2 2 1 2 4 2 1 2 1 1 3 1 2 2 2 2 2 1 1 1 3 3 2 2 1 2 1 5 1 3 1 2 2 2 2 2 5 3 1 1 4 2 1 1 1 3 1 2 2 1 1 1 3 1 1 1 1 2 4 3 3 3 1 1 2 1 1 3 2 2 1 2 2 3 3 2 1 1 3 1 1 1 3 1 2 1 2 1 1 3 2 1 1 2 1 2 2 1 5 3 1 1 1 2 1 1 1 2 1 1 4 1 1 2 2 1 1 1 2 2 3 1 2 1 3 2 1 1 2 1 1 1 1 3 1 1 1 1 1 2 3 1 1 2 1 1 1 2 4 1 1 1 2 3 2 1 1 2 2 1 1 1 1 2 2 1 2 1 1 1 3 2 1 2 2 1 1 1 2 1 1 1 1 3 1 2 1 1 1 1 2 2 5 1 1 2 1 2 1 1 3 1 1 1 1 1 1 1 4 2 1 1 1 2 2 2 1 2 1 1 2 3 2 1 1 1 1 2 1 2 2 3 2 2 2 3 4 3 1 1 2 2 4 2 1 2 1 1 2 2 2 2 2 3 1 1 1 1 1 1 2 1 4 1 1 2 1 3 1 1 2 3 2 1 2 1 1 1 3 2 2 1 1 1 1 1 1 2 1 3 2 1 1 1 1 2 2 2 1 2 3 2 4 1 1 1 2 3 2 3 1 2 2 1 2 4 1 4 1 1 1 3 1 3 1 1 2 2 2 5 3 2 1 1 1 1 2 1 1 1 1 1 1 3 4 1 2 1 2 3 2 4 3 1 1 1 2 1 2 1 1 3 1 1 2 3 1 2 5 3 1 3 1 1 1 2 1 4 1 3 4 3 2 1 1 1 1 4 1 2 2 2 1 2 3 2 1 1 4 2 3 3 1 3 1 1 1 1 2 1 1 2 1 1 1 4 1 1 1 1 1 1 3 1 1 3 2 1 1 1 1 1 3 3 6 2 2 1 2 1 3 1 3 1 2 1 1 1 1 2 2 4 3 1 1 2 2 1 2 4 3 3 1 1 1 1 2 2 2 1 1 1 1 1 1 1 2 2 1 1 2 1 1 4 1 1 2 1 1 3 2 2 1 1 5 3 2 6 1 1 2 1 3 3 4 2 1 1 2 1 1 3 1 1 1 2 2 2 1 2 4 2 2 2 1 1 1 1 2 1 1 2 2 1 2 1 3 1 1 1 2 2 2 1 2 1 2 1 1 2 1 1 1 3 1 1 2 2 2 1 2 1 3 1 2 2 3 2 2 1 1 4 1 1 1 2 1 2 2 1 2 1 2 1 1 2 2 2 5 1 3 1 5 1 1 2 2 2 4 3 1 2 1 1 2 2 1 1 1 1 4 2 2 1 1 1 2 2 1 4 3 2 1 1 2 2 4 2 1 1 1 2 1 1 3 2 1 4 2 3 1 2 3 3 1 1 3 2 1 3 2 2 1 1 1 1 3 1 1 1 1 1 2 1 1 3 1 1 2 2 1 1 3 1 1 4 1 2 3 3 2 3 1 3 2 2 1 2 2 3 2 1 3 2 1 1 3 2 2 1 1 3 1 2 1 2 1 3 2 1 1 2 2 2 1 2 1 2 2 3 1 2 1 2 1 2 1 1 2 1 2 1 1 2 2 2 2 2 2 2 1 2 2 1 5 2 3 1 1 2 4 1 1 2 1 2 2 2 4 2 1 1 2 1 2 2 1 2 1 2 1 1 3 1 2 1 1 1 2 1 1 1 1 5 4 2 2 2 1 3 1 1 1 1 1 3 1 1 3 2 1 4 2 3 1 2 1 2 3 3 1 3 2 4 2 1 1 1 3 1 1 1 2 1 2 1 6 2 3 1 1 5 2 3 5 1 3 1 3 3 1 2 3 1 2 3 1 1 2 1 1 3 2 2 1 1 1 2 3 2 1 3 1 3 1 1 1 1 2 1 1 1 1 1 4 2 4 1 3 1 2 1 1 2 2 1 2 1 1 2 2 1 1 1 2 4 1 1 5 1 1 1 1 2 1 1 1 1 1 1 1 2 1 1 1 1 1 1 1 2 2 1 3 2 1 1 2 1 1 2 1 1 2 2 1 1 3 1 3 5 1 2 1 2 1 2 1 1 2 2 1 2 3 4 2 2 2 1 1 1 2 1 1 2 1 1 3 1 2 2 1 1 1 2 1 1 1 3 1 2 2 1 1 1 1 1 1 3 1 2 1 1 3 4 1 1 1 1 1 2 1 1 2 1 3 3 1 4 1 2 1 4 1 3 3 1 1 4 2 1 2 1 1 1 4 1 2 1 1 1 1 1 1 4 1 2 1 1 1 2 1 1 1 3 1 1 1 1 2 1 3 1 2 1 2 2 1 2 1 3 1 1 2 2 1 1 2 3 1 1 2 1 1 3 2 1 1 1 1 1 3 1 2 1 1 1 1 2 1 1 2 2 1 2 3 1 1 2 2 2 1 6 1 2 2 3 1 2 1 5 2 1 1 2 1 3 1 3 3 2 1 1 1 2 1 1 1 1 4 3 1 1 1 1 1 2 2 3 2 1 3 2 1 2 1 1 1 3 1 1 1 2 1 1 3 1 1 2 2 3 1 2 1 1 2 1 2 2 2 2 1 1 3 1 1 1 4 1 1 4 2 1 1 1 1 1 2 1 1 1 1 2 1 1 4 2 1 2 1 3 1 1 1 1 1 1 1 3 1 1 1 1 1 1 2 2 3 2 2 2 3 3 1 1 2 1 3 1 1 1 2 3 2 1 1 4 5 2 1 4 2 2 2 3 1 1 1 1 4 1 3 1 2 3 1 2 1 1 2 1 3 1 2 2 2 1 3 1 2 3 2 1 1 1 2 2 4 2 4 3 2 2 1 1 1 1 1 1 2 3 2 1 1 1 1 2 3 2 2 1 1 1 2 2 2 1 2 2 1 3 2 1 2 2 1 1 1 1 1 2 2 4 4 1 2 1 1 1 1 5 2 4 2 2 1 1 1 1 1 1 3 3 4 2 3 2 2 1 2 1 1 1 1 1 1 1 2 1 2 2 1 3 1 1 1 1 1 1 1 1 1 1 3 1 1 1 2 2 2 1 1 3 1 2 2 1 1 1 2 1 2 1 2 1 2 3 1 1 3 2 2 2 2 1 1 2 1 1 3 3 1 2 2 2 1 1 1 1 1 1 2 1 1 3 4 2 1 1 2 1 1 1 1 3 1 1 1 2 3 2 3 1 1 1 2 2 2 1 2 3 1 4 2 1 1 2 3 1 2 1 1 1 1 1 1 1 2 1 1 1 2 2 3 3 2 2 2 1 1 1 1 1 2 2 1 1 1 1 1 1 1 1 2 2 1 1 4 3 2 4 2 1 2 2 1 2 1 1 1 1 3 1 2 1 2 2 4 4 1 6 1 1 1 1 2 1 1 1 1 1 1 1 1 3 1 1 3 2 2 2 1 2 1 3 1 2 2 2 2 2 2 2 2 1 1 2 3 2 1 3 1 1 1 2 1 3 1 1 1 1 2 4 1 2 1 1 2 1 2 1 2 2 2 2 2 2 2 3 1 1 1 1 1 3 2 4 1 1 2 1 1 1 1 1 3 1 1 1 1 1 1 4 1 1 1 3 1 1 1 1 2 1 3 4 1 1 2 1 1 1 1 1 2 1 2 1 1 1 2 1 1 1 1 2 2 3 1 3 2 4 1 1 1 1 1 2 1 3 1 2 4 1 1 2 1 2 3 1 2 1 5 2 1 1 2 1 2 3 1 2 1 2 1 1 1 2 1 2 1 1 1 2 1 3 1 1 4 2 2 1 2 1 1 1 1 2 1 2 1 3 1 3 1 1 2 2 1 1 1 4 1 3 1 2 1 1 2 2 1 1 1 1 1 1 1 1 3 2 2 2 1 2 1 1 4 4 2 1 1 2 1 1 1 2 1 1 3 1 2 4 1 1 2 2 1 1 2 1 2 2 3 1 2 3 1 1 2 2 2 1 2 1 3 1 2 1 2 2 3 2 1 1 1 2 4 2 1 1 1 1 1 3 2 2 2 1 2 1 1 1 1 4 3 1 2 1 2 2 2 1 2 5 2 2 2 1 1 1 2 2 2 5 1 1 4 3 3 1 2 3 2 1 2 1 1 2 2 1 1 2 1 1 2 2 2 2 1 1 1 1 4 2 1 1 1 1 1 3 1 1 1 1 1 1 3 2 3 1 3 1 1 2 1 1 1 1 1 1 2 1 1 1 2 1 4 2 1 2 1 2 2 3 5 1 2 1 4 2 2 3 2 3 2 3 1 1 1 1 2 2 3 1 4 3 2 3 1 1 2 1 1 1 1 3 3 2 1 1 1 1 2 2 2 1 2 3 2 1 1 2 2 2 1 3 2 2 2 1 2 2 1 1 2 1 2 2 2 2 1 1 1 2 3 1 1 1 1 1 3 2 2 1 2 1 2 1 1 1 2 1 1 1 1 1 3 1 1 2 2 1 2 1 2 1 3 1 1 3 1 3 2 1 2 2 2 2 2 2 2 2 2 2 1 1 1 5 1 1 1 2 2 2 1 2 3 1 1 3 3 2 2 4 1 1 2 2 1 1 2 1 1 4 1 1 3 2 1 2 1 1 1 2 1 3 1 2 2 1 1 1 2 2 2 1 1 2 3 2 1 1 1 3 2 3 1 6 2 1 1 1 1 2 1 1 1 1 1 1 1 2 3 1 1 2 2 2 1 1 1 1 2 1 2 2 1 2 1 2 1 2 1 2 1 1 1 3 1 1 2 2 1 1 4 1 1 5 1 1 2 1 2 4 3 1 1 1 1 3 1 2 1 1 3 3 3 2 2 2 1 1 3 1 1 1 2 4 1 1 3 1 2 1 1 2 1 3 2 2 2 2 1 1 3 4 2 6 3 1 3 2 1 1 2 4 2 1 1 1 2 2 2 2 3 1 2 2 1 1 1 1 3 1 3 1 1 1 1 4 3 1 3 1 1 2 1 1 1 1 2 3 2 3 1 1 1 3 3 1 3 1 1 5 1 1 1 1 1 2 2 1 2 1 1 2 3 2 1 1 2 2 1 2 1 1 1 1 1 2 1 2 6 3 1 3 1 2 1 1 3 2 1 2 1 2 2 1 1 1 1 2 1 1 2 1 2 3 1 1 1 1 2 1 1 2 1 1 1 1 1 1 1 3 2 1 3 4 1 2 1 2 1 2 2 2 1 1 1 2 2 1 1 2 2 1 1 2 1 2 2 1 3 1 2 1 1 2 2 1 1 3 1 2 1 1 1 1 4 1 3 3 1 1 4 2 1 2 4 1 1 1 3 1 2 1 2 2 2 1 2 1 2 2 2 2 3 3 2 1 1 5 1 2 4 1 1 2 2 1 1 1 1 2 1 1 1 2 1 1 2 3 1 3 1 1 3 2 1 1 2 1 1 3 3 1 2 1 1 1 1 3 2 2 1 2 5 1 1 4 1 2 1 1 2 1 2 2 1 1 3 1 1 3 1 2 2 1 2 1 2 1 2 2 1 1 2 3 1 1 1 2 1 1 2 1 2 1 1 1 5 2 2 4 2 2 1 3 1 2 1 1 1 1 1 1 2 1 3 1 1 1 3 2 1 2 2 2 3 1 1 1 1 3 1 2 1 1 3 2 1 1 2 2 1 1 1 2 2 1 2 2 1 3 2 1 3 1 1 4 1 1 5 3 1 1 2 4 2 1 1 4 1 1 1 3 4 2 2 1 1 3 1 3 1 3 1 4 1 1 2 2 1 2 1 1 2 1 1 1 3 1 3 2 2 1 1 1 2 2 2 1 1 2 1 3 1 2 1 2 1 1 1 3 2 1 2 2 1 1 2 3 2 3 2 2 1 1 1 2 1 1 4 4 1 1 1 1 1 3 1 1 2 1 4 2 1 1 1 2 2 2 1 1 3 3 1 2 3 1 2 1 4 2 3 2 1 2 1 2 2 1 1 2 1 2 2 2 1 2 3 1 1 1 2 1 3 1 1 3 1 2 3 1 2 1 1 2 2 2 1 3 1 1 1 2 2 2 1 2 3 2 2 1 1 3 1 2 1 3 1 2 1 1 2 2 1 1 1 2 1 1 1 1 1 2 1 1 1 1 3 1 4 3 1 1 3 1 2 3 1 2 1 3 1 4 1 3 2 4 1 1 2 2 1 2 2 1 2 3 1 1 1 1 1 3 2 2 2 2 2 3 1 3 3 2 1 2 1 1 3 1 4 2 2 2 1 1 3 2 1 3 2 3 1 1 3 2 2 1 1 1 1 1 2 1 2 3 1 1 2 3 2 2 3 1 2 1 2 1 3 1 1 3 1 2 1 1 3 1 2 2 1 4 3 1 1 2 1 2 3 2 2 1 1 2 1 1 2 2 1 6 2 2 3 2 3 2 1 2 1 3 3 1 2 2 1 1 3 5 1 1 1 3 1 3 1 1 2 3 1 1 3 1 1 1 3 2 1 2 1 1 1 1 2 1 3 1 1 1 3 2 1 1 1 1 3 3 1 3 3 2 1 1 2 1 1 1 2 3 1 1 1 3 2 2 3 1 1 2 2 1 1 1 2 2 4 3 2 2 2 4 3 1 1 1 2 1 1 3 1 3 1 1 3 2 1 2 1 1 1 1 2 2 1 2 3 1 1 1 4 1 1 2 2 1 2 1 4 1 1 3 2 2 1 2 1 2 2 4 3 3 3 1 3 3 1 1 1 2 2 2 2 3 1 2 1 1 1 1 1 3 1 1 1 1 1 2 2 1 1 3 2 2 1 1 1 1 2 3 3 4 3 2 1 1 1 1 2 2 1 3 2 1 3 2 2 3 1 3 1 2 1 1 2 1 1 2 1 3 1 2 1 2 2 1 1 1 2 1 1 1 1 1 1 1 2 1 2 4 1 3 2 4 1 4 2 1 2 1 1 2 1 1 2 1 1 3 2 3 1 1 1 3 2 2 1 1 2 2 1 4 3 1 1 2 1 4 1 1 1 1 3 3 3 2 2 2 1 2 1 2 2 2 2 1 2 2 3 2 2 1 2 1 2 1 2 1 1 1 1 2 1 1 3 1 2 2 2 2 3 1 2 1 1 3 1 1 1 2 1 1 1 2 3 1 1 1 2 1 1 1 1 1 1 2 2 1 2 2 2 3 5 1 1 1 3 3 1 3 2 1 1 1 1 1 1 1 1 1 1 1 1 2 1 2 2 5 1 1 1 1 2 1 2 2 1 2 1 1 2 2 1 2 5 1 3 1 2 2 3 4 3 1 1 1 1 2 1 1 1 3 1 1 1 1 2 4 1 2 1 1 1 1 4 1 2 1 2 2 1 1 2 1 3 1 1 1 1 2 1 3 1 1 1 1 1 2 1 1 1 2 1 3 4 2 3 1 1 1 2 1 2 1 2 2 2 2 2 1 2 1 2 1 2 1 2 2 1 1 3 1 1 2 3 1 2 1 1 2 1 1 5 2 1 1 1 2 1 2 4 1 1 2 1 2 4 3 2 1 1 1 2 2 1 1 2 1 1 1 1 2 3 3 1 1 2 1 2 2 3 2 1 1 1 1 1 1 4 4 1 1 3 1 1 1 1 1 1 2 1 2 1 3 1 1 1 1 2 2 2 1 3 3 1 1 3 3 2 2 1 2 1 1 1 3 3 1 3 2 1 2 1 2 1 3 1 5 2 4 1 1 2 1 1 1 2 1 1 1 2 1 3 2 1 1 2 2 3 1 4 3 3 1 1 1 1 2 1 2 1 3 1 3 3 1 1 3 1 4 4 2 2 1 1 1 1 1 1 2 1 1 1 1 1 1 1 3 1 1 3 1 2 4 3 1 1 2 2 1 1 1 1 1 1 1 4 3 1 2 2 4 2 1 2 4 1 1 3 1 1 2 2 2 6 1 2 1 2 3 2 2 1 1 1 1 2 3 1 4 1 3 2 2 2 3 2 1 3 1 4 1 2 1 1 1 1 1 2 2 1 1 1 3 1 1 1 2 2 1 1 2 2 1 2 1 1 2 4 1 1 1 3 2 1 1 1 2 2 1 2 1 2 1 1 1 1 3 2 2 2 1 2 1 2 1 2 2 2 2 1 1 2 1 3 2 2 4 1 1 1 1 1 2 1 1 1 4 1 2 4 3 1 2 3 2 3 2 2 2 1 2 2 1 3 2 2 2 1 3 1 4 1 2 1 2 2 1 2 2 3 2 2 2 2 2 1 1 2 1 3 2 1 1 1 2 2 3 1 1 1 1 1 1 1 1 2 1 2 3 3 2 2 2 3 1 2 4 1 1 3 1 3 1 2 1 1 1 1 2 4 3 3 3 1 2 1 1 1 1 2 2 1 2 2 2 1 2 3 1 2 3 2 2 2 1 1 1 1 3 1 1 3 1 1 1 2 1 1 2 2 1 1 1 1 1 1 1 1 1 1 1 2 1 1 1 1 1 2 2 1 1 1 1 1 1 2 3 2 1 1 3 1 1 1 1 1 1 2 1 2 2 2 1 1 1 3 2 2 3 1 1 3 2 3 3 1 1 3 1 2 1 2 2 1 2 3 1 1 1 2 1 1 2 1 1 1 1 3 1 1 2 1 1 4 1 1 1 1 4 2 2 1 1 2 1 1 1 4 2 2 2 1 1 2 3 1 3 1 1 2 1 1 1 2 2 2 1 1 1 2 1 2 1 1 2 1 1 2 2 3 1 1 1 2 3 1 1 1 2 1 2 4 1 2 4 2 1 1 1 1 1 2 1 2 1 2 2 1 2 1 2 1 4 1 2 1 4 3 3 1 2 1 1 1 1 2 3 1 3 1 4 1 2 1 2 2 1 1 2 2 1 2 1 1 1 3 1 1 2 1 1 2 1 1 1 4 1 3 1 4 1 2 3 1 2 1 1 1 3 1 1 2 1 1 2 3 2 1 2 2 2 1 2 1 1 1 1 3 2 2 2 2 2 2 1 1 2 1 3 1 2 1 1 4 2 2 2 1 1 2 1 3 2 1 1 2 4 1 1 1 1 1 1 1 1 1 2 3 2 1 1 1 1 1 1 2 2 1 1 1 1 1 1 1 1 1 1 1 3 1 1 1 2 1 3 1 2 1 2 2 2 1 3 1 1 2 2 2 2 2 1 2 1 1 1 2 1 1 1 2 3 5 1 2 1 1 1 3 2 2 1 2 1 2 1 3 1 3 2 1 1 3 3 2 4 1 1 3 3 1 1 2 1 1 1 1 1 2 1 3 2 2 1 1 1 1 3 2 2 4 3 1 2 2 2 3 1 2 3 3 1 1 2 2 2 3 1 3 3 1 1 2 1 1 1 3 2 1 1 1 1 2 4 1 3 1 2 2 2 1 1 2 1 1 1 3 1 1 2 1 1 1 1 2 2 3 4 1 1 1 2 1 3 2 1 1 1 4 2 1 2 2 1 3 1 1 2 1 4 2 2 2 1 2 1 2 1 2 1 3 1 1 3 1 2 1 2 1 2 1 1 2 2 1 1 2 3 2 1 2 1 3 2 2 3 1 3 1 1 1 1 2 2 2 2 2 1 1 1 3 1 1 4 1 1 2 2 2 1 1 1 1 1 3 2 1 2 1 1 2 2 2 1 1 2 1 2 3 1 1 2 3 1 1 2 2 5 1 1 3 3 2 1 1 1 2 2 1 1 1 2 2 1 1 3 2 1 2 1 1 1 2 3 1 1 1 3 2 1 1 3 1 3 2 1 1 1 3 2 1 1 3 1 3 2 1 2 3 1 1 1 1 1 1 3 1 1 2 2 2 2 1 3 2 1 2 3 1 3 2 1 2 1 1 1 4 1 2 1 1 3 2 2 1 3 1 2 1 2 1 2 1 1 1 2 3 1 2 1 2 1 1 2 2 2 1 1 2 3 3 1 1 1 2 1 1 1 4 3 1 3 1 3 1 1 1 3 2 1 3 1 1 1 3 2 2 1 2 4 1 3 2 1 2 1 1 1 3 1 5 2 1 1 1 1 1 1 1 1 1 2 1 3 2 1 1 1 2 2 1 2 3 3 1 2 3 1 2 1 1 1 3 1 2 1 1 1 1 1 2 2 2 1 3 1 2 1 1 5 2 3 1 2 3 1 1 1 1 2 2 2 3 3 3 1 1 2 1 1 1 2 1 2 2 3 1 1 1 1 2 2 2 2 3 2 1 1 3 1 3 1 2 1 1 2 2 2 1 2 1 2 1 2 1 2 3 2 1 1 2 2 3 4 1 2 1 1 3 1 1 2 1 1 2 3 2 3 1 4 3 1 1 1 3 1 2 1 2 1 3 3 1 1 2 1 1 1 1 2 1 2 3 2 1 2 1 1 2 1 3 2 1 1 1 4 1 2 1 2 1 4 1 1 1 1 1 1 1 1 1 2 4 1 1 2 2 2 1 7 1 1 2 1 3 3 1 3 3 1 2 3 2 2 1 1 1 1 2 3 2 1 1 1 1 1 1 2 1 2 2 2 1 1 1 1 1 2 3 1 3 1 1 2 2 1 2 1 3 5 1 1 1 2 1 1 2 1 1 1 1 3 4 2 1 1 1 1 1 2 2 1 1 2 1 3 2 2 1 4 1 1 5 2 1 3 1 1 1 1 1 1 1 1 1 1 1 1 3 1 1 1 1 1 5 2 2 1 3 2 1 3 2 2 2 2 1 1 1 2 2 2 3 1 2 2 1 2 1 1 2 1 3 3 3 1 2 2 2 1 1 1 3 2 2 1 2 1 2 1 2 1 1 2 2 2 1 2 1 1 1 1 3 2 1 1 4 2 1 1 1 2 1 2 1 1 1 1 1 1 1 1 1 1 3 1 2 3 1 2 3 3 1 1 2 1 1 1 1 1 1 1 2 2 2 1 3 2 1 1 1 2 1 2 1 1 1 1 4 1 3 2 1 2 2 1 2 3 2 1 1 2 1 1 2 4 1 1 1 1 1 2 2 1 2 1 2 1 1 2 3 1 1 1 1 1 4 1 2 1 3 2 3 1 3 1 2 2 2 3 2 1 3 3 1 1 2 1 3 1 3 1 2 2 1 2 2 2 3 1 3 4 1 1 3 3 1 1 1 3 2 2 1 3 1 1 1 2 1 1 1 1 3 1 3 1 1 1 2 2 1 1 1 1 1 3 1 1 1 2 1 1 2 4 2 2 1 1 2 3 2 2 2 1 1 1 3 3 1 1 3 2 4 1 2 2 1 1 3 2 2 1 1 1 1 3 1 1 1 5 1 2 3 2 1 2 1 1 2 1 1 2 2 3 1 1 2 3 1 3 1 1 2 4 1 2 1 2 3 2 2 3 1 1 2 1 1 3 2 2 1 2 1 1 1 2 1 2 2 1 1 3 1 2 2 2 1 1 2 4 2 1 2 2 2 2 2 3 1 2 1 1 1 1 2 3 2 3 1 2 1 3 1 1 3 1 2 1 1 1 1 2 2 1 2 2 3 1 2 1 2 2 3 3 1 2 1 1 1 1 3 3 1 2 2 1 3 2 1 1 1 2 3 1 2 1 1 1 1 1 1 1 2 3 1 1 2 1 1 3 1 2 1 5 3 1 1 2 2 1 3 1 1 1 2 1 1 2 1 1 2 1 2 1 2 1 1 2 2 3 4 2 2 2 1 1 3 1 1 2 1 2 1 1 1 1 3 2 1 1 1 2 1 1 1 2 2 1 1 2 1 1 2 1 2 1 1 2 1 1 2 1 1 3 2 4 1 2 1 2 1 3 1 1 1 2 1 3 1 1 2 1 1 2 2 2 1 3 2 1 3 1 1 1 2 1 2 1 2 2 2 2 1 1 2 2 3 1 1 2 1 2 5 2 4 1 1 2 1 1 1 2 2 2 2 2 3 1 1 2 1 1 2 2 1 4 1 2 1 1 1 3 2 3 3 1 2 1 2 2 2 2 1 1 2 1 1 5 2 1 2 2 1 1 1 3 1 1 1 1 3 1 1 1 2 2 2 1 1 1 1 1 2 1 2 2 1 2 1 1 1 1 1 1 1 3 1 1 1 4 2 2 2 2 2 2 1 3 1 1 2 2 1 1 1 3 1 1 1 2 2 1 2 1 1 1 1 2 2 2 2 1 1 1 1 2 1 2 2 1 2 2 2 2 1 1 2 1 1 4 2 2 2 1 3 3 2 3 2 2 1 2 1 1 1 2 1 1 1 1 2 2 2 1 1 1 3 1 1 2 2 1 1 2 1 2 1 1 2 2 2 2 1 3 2 2 2 2 1 1 1 1 1 2 1 1 3 3 1 1 2 2 1 2 1 1 2 3 1 2 1 2 3 2 1 3 1 2 1 2 3 3 1 3 1 4 2 1 2 1 2 2 1 3 4 2 2 1 1 2 4 2 1 1 2 1 1 1 3 4 1 1 1 2 4 2 1 2 2 1 1 1 1 1 4 1 2 1 3 1 2 1 1 1 1 1 2 1 2 4 1 1 3 2 1 4 1 1 1 2 2 1 2 2 2 1 1 1 1 1 2 3 1 1 1 2 2 1 2 1 1 2 2 2 3 3 3 1 1 2 1 2 1 1 2 3 2 1 1 2 1 3 3 2 4 1 1 1 2 2 2 2 2 2 2 2 1 1 1 1 1 2 1 1 2 3 2 1 1 1 2 2 7 1 1 1 1 3 3 1 1 1 1 1 2 1 2 1 1 1 3 1 1 1 1 4 2 1 2 2 1 2 3 1 1 4 3 3 2 2 1 2 2 1 2 2 1 1 1 1 2 1 2 1 1 2 3 1 1 4 1 1 1 2 1 1 2 1 2 3 1 1 1 1 3 1 2 2 1 1 1 2 2 1 2 1 1 1 1 1 2 2 3 3 1 1 1 1 2 4 5 1 2 1 1 2 1 3 1 1 1 1 1 1 1 1 1 1 1 1 2 3 2 1 1 1 2 3 1 3 2 2 1 1 6 1 2 1 2 2 2 1 2 1 2 2 1 2 4 1 1 1 2 2 1 1 2 2 3 1 3 1 1 2 1 2 1 1 1 2 1 1 2 1 2 1 2 1 2 3 1 1 2 3 1 1 1 2 2 3 1 1 3 1 2 3 1 1 1 2 4 1 2 1 1 1 3 2 3 2 2 1 2 1 1 1 1 3 1 2 1 1 2 2 1 2 2 2 2 1 5 2 2 2 2 4 1 1 2 1 2 1 1 2 2 2 2 3 1 1 2 1 1 1 1 2 2 1 3 1 1 5 1 2 1 3 3 2 1 2 2 1 1 2 2 1 2 2 2 2 1 1 1 2 2 1 1 1 3 1 2 2 1 1 3 2 1 3 2 1 3 1 2 1 3 2 2 1 3 2 2 3 1 1 1 2 1 3 1 1 1 2 3 1 3 1 1 2 2 1 1 1 1 2 2 1 1 1 1 4 2 2 1 1 2 3 2 1 1 2 4 3 2 1 3 1 1 2 1 1 3 2 1 1 2 5 2 1 2 1 1 1 1 2 2 3 2 4 1 1 1 1 2 2 1 3 2 1 3 2 1 1 2 2 1 2 1 2 1 1 2 2 2 1 1 3 2 1 1 1 1 1 1 1 1 2 2 2 1 4 2 3 3 2 2 1 2 1 1 1 2 3 1 1 2 1 2 1 2 1 2 1 1 1 1 2 1 1 1 1 4 2 1 3 2 1 2 4 1 1 2 2 2 2 3 2 1 3 1 1 3 3 2 2 1 2 2 1 1 1 2 1 1 2 1 2 1 3 1 1 2 2 2 2 1 1 3 3 1 3 1 1 1 1 1 2 1 3 2 1 1 1 1 1 2 1 1 2 1 1 3 1 2 3 2 1 3 2 3 4 1 2 1 4 1 3 1 8 1 2 4 2 1 1 1 2 2 1 1 1 2 2 1 2 1 1 1 1 1 2 1 4 3 1 1 2 2 2 3 1 1 1 1 1 1 2 4 1 1 1 1 1 3 1 3 2 1 2 1 3 2 3 1 1 4 1 1 1 2 2 2 2 1 2 2 1 1 2 2 2 1 2 2 2 1 2 2 1 1 3 2 3 2 3 2 1 1 1 1 2 1 2 2 1 1 1 1 2 3 3 1 1 3 4 3 1 2 1 1 1 2 2 2 1 2 2 3 1 1 2 1 3 1 4 1 1 1 2 2 1 2 1 2 1 1 1 3 2 3 1 2 1 1 1 1 3 2 2 4 1 2 1 1 1 1 1 1 2 1 1 3 2 3 1 2 2 1 1 2 1 1 2 2 1 2 2 2 1 2 1 1 2 1 1 1 2 1 1 1 1 5 2 1 2 1 1 2 4 2 1 1 1 1 1 1 1 3 1 1 1 2 3 1 2 1 1 1 1 3 2 1 2 2 1 7 2 3 1 2 1 1 2 1 3 3 2 2 3 3 1 2 1 1 2 3 3 2 2 2 3 2 1 2 1 1 2 2 1 2 2 1 2 1 1 4 4 1 1 1 1 2 2 1 3 3 1 2 2 1 1 1 2 1 1 1 1 3 3 4 2 1 2 1 1 1 3 1 1 5 1 2 1 1 4 2 2 1 1 1 1 2 2 1 1 1 1 1 3 1 1 1 2 2 3 1 2 3 1 1 1 4 2 2 3 1 2 1 2 2 2 2 2 1 1 1 1 1 2 1 1 2 4 2 3 2 2 2 1 3 1 2 2 1 1 1 2 3 1 3 1 1 1 1 1 1 1 1 1 1 1 1 3 1 1 1 2 3 2 1 1 1 2 1 1 2 2 1 5 1 1 1 1 1 1 2 1 1 2 2 1 1 2 3 1 1 2 3 1 2 2 1 1 1 1 1 1 1 2 1 1 2 1 2 1 2 1 1 1 1 2 1 2 1 1 4 1 1 1 3 1 1 1 1 1 1 2 2 1 2 2 1 2 2 2 4 1 1 2 2 3 2 3 1 1 1 1 2 1 1 2 1 2 1 1 1 1 1 4 1 1 1 3 2 1 1 3 2 2 1 1 2 2 3 3 1 1 1 1 3 2 2 2 1 1 2 1 1 2 1 2 1 2 1 3 2 1 3 1 2 2 1 1 2 1 2 1 2 1 2 5 1 1 2 1 1 1 1 1 3 4 1 2 1 2 1 1 2 1 1 1 1 1 2 1 1 1 1 2 1 1 2 1 1 2 4 3 2 1 2 2 2 1 1 4 1 2 2 2 1 1 1 1 1 3 2 1 1 2 3 1 1 2 1 5 2 2 1 2 1 4 1 1 5 2 1 1 3 1 1 1 3 3 1 1 2 2 2 1 1 1 1 2 1 1 1 1 3 1 1 2 2 2 3 1 2 2 1 1 4 3 3 2 2 1 1 1 1 3 2 1 1 3 3 1 1 2 3 1 3 1 1 3 2 1 3 2 1 2 1 1 1 1 1 1 1 1 1 2 1 4 1 1 2 2 2 2 1 1 2 2 1 1 1 2 3 1 4 1 1 1 1 1 2 2 2 2 1 1 1 2 4 1 2 3 1 1 1 3 2 1 1 1 2 1 1 2 1 1 1 2 3 1 2 1 2 2 4 2 2 3 1 1 4 3 2 2 1 2 1 2 1 1 2 2 1 1 1 1 2 3 1 1 2 4 2 2 1 3 2 1 2 1 2 1 2 1 2 1 2 2 1 1 1 2 1 2 1 1 3 1 1 1 1 2 2 1 4 4 1 1 1 1 2 1 1 3 2 1 2 1 1 3 1 1 1 1 2 5 1 1 2 1 1 1 2 2 1 1 1 3 1 1 2 1 2 4 1 3 2 2 1 1 1 3 1 1 2 3 1 2 3 1 1 1 2 2 1 4 1 2 1 3 2 1 1 1 1 1 1 1 4 1 1 3 3 1 2 1 1 1 1 2 2 3 1 1 1 1 1 3 2 1 1 1 1 2 1 2 1 2 1 1 2 2 1 2 2 1 2 2 1 1 1 3 1 1 1 2 1 3 2 1 1 1 1 1 4 1 1 1 1 2 1 1 1 2 1 3 3 1 2 1 1 3 2 2 2 1 1 1 1 3 4 1 4 1 2 1 2 1 3 4 2 2 1 1 2 1 2 2 1 2 2 1 2 3 1 1 2 1 1 2 2 2 1 2 1 1 2 1 1 1 1 1 1 2 2 1 1 2 2 1 1 3 2 1 1 1 3 4 1 2 3 1 1 1 2 1 3 2 1 2 3 1 1 3 2 2 2 1 2 1 1 3 2 1 1 1 3 2 2 1 1 1 1 2 1 1 1 3 1 1 2 3 2 1 1 3 1 1 1 2 2 2 1 3 2 1 2 1 1 1 1 2 1 1 1 2 2 3 2 2 4 2 2 3 1 1 1 1 1 4 1 1 3 2 1 3 1 1 1 2 1 2 2 3 1 1 2 1 2 1 2 1 2 3 3 4 1 1 1 1 1 2 1 2 1 1 1 2 1 2 1 3 1 1 1 2 3 1 2 1 1 1 1 3 4 4 5 3 3 2 1 1 2 2 2 1 4 1 3 1 2 2 1 2 1 1 3 3 2 2 3 1 3 1 1 3 1 4 3 1 3 2 1 2 2 1 1 4 2 1 1 2 1 2 1 1 1 1 4 1 1 1 2 2 1 1 1 1 1 3 1 2 1 1 2 2 1 4 4 1 2 2 1 2 1 2 1 1 1 1 1 5 1 1 1 1 3 1 2 1 1 1 1 4 1 2 2 2 1 1 1 1 1 1 2 1 1 3 2 2 1 3 5 3 2 2 3 1 3 2 2 1 1 1 3 1 1 2 1 1 2 1 1 1 1 2 1 3 3 1 2 1 2 5 1 1 1 1 1 1 4 1 1 2 2 3 1 1 1 2 1 1 1 3 2 1 1 1 3 1 2 1 2 2 1 4 4 4 2 3 6 1 1 1 1 1 2 1 2 2 1 1 1 1 1 1 2 1 1 1 1 1 1 1 2 2 2 2 2 1 1 1 2 1 2 3 2 2 3 1 1 1 2 1 1 1 1 1 1 4 1 3 1 2 2 1 2 2 1 2 1 4 3 1 1 1 1 2 2 1 2 1 3 1 2 2 4 1 7 2 1 1 2 2 1 2 2 2 2 2 2 2 1 1 1 1 1 1 1 1 2 1 1 2 1 1 1 2 3 2 2 1 2 3 1 1 1 3 1 1 1 1 1 1 2 2 1 2 1 1 1 2 3 1 4 1 4 2 1 2 1 3 1 2 1 1 1 1 1 1 1 2 1 1 2 3 1 2 1 1 1 3 1 2 1 2 1 1 2 2 1 2 1 1 1 2 1 2 1 3 1 2 1 1 1 2 1 1 1 1 2 1 1 1 1 1 2 1 2 2 2 1 2 3 1 1 1 1 2 1 1 2 2 2 2 2 2 1 1 3 2 1 4 3 1 2 2 1 2 2 2 1 1 1 1 1 1 3 2 2 1 1 1 1 1 2 2 1 3 1 1 1 1 1 2 2 1 2 1 2 1 1 2 2 2 1 4 1 1 3 1 2 3 4 2 1 3 1 2 1 3 2 1 1 4 1 2 2 1 1 2 1 1 2 1 1 3 3 1 1 2 1 2 1 1 1 4 2 2 2 1 2 3 1 1 1 3 3 2 2 1 1 2 2 1 1 1 2 1 1 1 2 3 3 2 1 1 1 1 2 2 2 1 1 1 1 1 1 2 1 1 1 3 1 2 3 2 1 1 1 4 1 1 3 1 2 2 3 2 3 1 2 2 1 3 1 1 1 1 1 1 1 1 2 2 2 5 2 3 2 2 1 1 1 3 1 2 2 1 1 2 1 1 2 1 3 3 1 1 1 1 1 1 3 1 3 2 1 2 1 1 2 1 1 2 2 3 3 1 1 1 1 2 3 2 1 1 1 3 2 1 1 1 1 2 1 1 2 1 2 1 1 1 1 3 1 2 3 2 3 3 1 1 1 3 1 1 4 1 3 2 3 1 1 3 1 1 2 1 1 1 1 1 3 1 4 1 1 2 3 2 1 1 5 1 2 1 2 1 2 2 1 2 3 2 3 2 2 1 1 2 1 2 1 2 1 1 1 3 1 2 3 2 2 3 2 2 3 1 1 3 1 3 1 1 3 2 1 2 3 3 1 1 2 1 2 1 1 1 2 1 2 1 2 1 1 1 1 1 1 1 2 1 2 2 2 2 2 2 1 1 3 1 2 2 2 1 2 1 1 1 1 1 3 1 1 3 2 1 5 1 2 1 2 1 1 1 1 1 3 4 2 1 1 1 1 1 1 1 4 1 3 1 2 1 2 1 5 1 4 2 2 2 1 1 2 2 1 2 1 1 1 1 3 2 2 2 1 2 1 3 2 3 1 3 1 2 1 1 2 1 1 4 2 1 2 1 2 1 2 1 1 2 2 1 5 1 1 2 1 2 2 1 1 2 2 1 2 3 1 1 2 3 2 1 1 1 1 1 1 1 1 1 4 1 1 1 2 1 4 2 1 4 1 1 1 1 1 2 2 1 2 1 2 2 1 3 1 1 1 1 1 1 2 3 2 1 1 4 1 2 2 2 1 1 2 2 1 2 1 1 1 1 1 1 3 2 2 3 1 2 3 1 1 1 1 1 1 2 1 1 1 1 3 1 1 1 2 2 3 1 1 2 2 2 3 1 1 3 1 1 1 1 2 1 3 1 2 3 2 3 2 3 2 2 1 1 1 1 1 4 1 2 3 1 3 2 2 1 2 3 1 1 2 1 2 1 1 1 1 3 4 4 1 1 1 2 1 1 1 2 1 1 1 6 2 1 2 2 1 1 1 2 1 3 1 1 1 1 1 1 2 1 1 2 1 3 1 2 1 1 3 1 1 2 3 1 4 1 3 2 1 5 2 4 2 1 2 3 1 1 3 2 2 1 1 1 1 2 1 2 2 4 2 2 2 1 2 3 1 1 2 1 2 1 1 4 2 3 1 2 2 1 4 1 1 1 1 1 1 1 1 2 2 1 2 1 1 1 1 1 1 2 1 1 1 2 2 2 2 1 1 1 2 2 2 1 1 1 2 1 1 3 2 2 2 2 1 2 2 2 1 1 2 1 3 2 2 2 1 1 3 3 1 1 2 2 2 2 3 1 1 2 1 2 1 1 1 4 1 1 2 3 1 2 1 2 2 1 4 2 4 2 3 2 1 2 1 1 1 1 3 1 3 2 2 3 5 2 1 1 1 1 1 1 1 1 2 1 4 1 2 1 2 1 1 4 1 1 1 2 1 2 2 1 3 4 1 2 1 2 4 1 1 2 1 2 3 1 4 1 1 1 1 1 1 3 1 2 2 3 1 1 1 1 2 1 1 1 2 2 1 2 1 1 2 1 1 2 2 1 1 2 2 2 1 2 2 4 4 1 3 3 3 3 1 1 1 2 2 2 1 2 1 1 1 4 1 1 3 2 4 1 2 1 3 1 2 1 1 1 1 1 2 2 1 4 2 4 2 1 1 3 3 1 3 1 1 2 1 1 1 2 2 1 2 1 1 1 4 1 1 1 3 1 1 2 2 4 1 2 3 5 4 1 1 2 1 1 2 1 1 2 1 1 3 1 1 1 3 1 4 1 1 3 1 2 1 1 1 2 2 1 4 1 2 2 2 1 2 1 3 3 1 1 1 2 1 1 1 1 1 1 1 2 1 2 2 4 3 2 1 1 2 1 4 2 1 1 1 1 1 1 1 1 2 2 1 1 1 3 1 1 2 2 1 4 1 1 1 1 2 2 2 3 4 1 3 1 1 2 2 1 1 1 2 2 1 1 1 1 1 2 3 2 1 1 1 3 1 2 1 1 3 2 3 1 2 1 1 2 1 2 3 1 1 4 1 1 1 1 1 2 1 1 3 2 1 2 1 1 1 3 3 1 1 2 1 1 2 2 1 1 2 1 2 1 2 1 4 1 2 1 1 2 1 1 1 2 1 3 1 2 1 2 5 2 1 1 2 3 3 3 1 3 1 1 1 1 2 1 1 1 2 2 1 1 2 1 1 2 1 2 2 1 2 2 1 1 1 2 1 2 2 2 2 5 1 3 2 1 2 1 2 2 2 2 1 1 1 2 1 3 2 2 3 3 1 1 1 2 1 3 1 3 1 1 1 1 1 1 2 1 1 1 2 1 2 2 1 2 2 3 1 1 1 1 2 1 2 1 1 1 3 1 2 5 2 1 2 2 1 1 2 1 1 1 3 1 3 3 1 2 1 2 1 1 2 1 3 2 1 1 1 1 1 1 1 1 1 2 2 3 3 4 1 1 2 1 2 3 3 1 1 1 3 3 1 2 1 2 2 3 1 1 1 2 2 1 2 1 2 3 3 3 2 1 2 2 1 1 1 2 1 1 1 3 1 1 2 3 2 1 3 1 2 1 4 1 1 1 2 4 2 2 2 1 1 2 1 2 1 1 2 3 1 1 1 2 1 3 1 1 4 1 2 2 1 1 2 1 1 2 3 1 1 1 1 4 2 1 1 1 4 2 3 1 2 3 1 1 3 1 3 2 1 3 1 3 1 1 2 4 1 2 1 1 1 1 1 2 2 1 1 1 1 1 3 1 2 3 1 2 1 2 1 2 1 2 2 2 1 2 1 1 2 2 1 1 2 2 1 1 1 1 2 2 3 1 2 2 1 2 1 1 2 1 1 1 1 2 1 1 1 1 2 1 1 1 1 2 3 2 1 2 2 3 1 2 2 2 2 3 2 2 2 3 2 2 1 3 1 1 1 4 2 3 1 2 1 1 2 1 1 2 1 2 2 3 2 3 1 1 2 1 1 2 1 1 4 2 2 3 1 5 2 3 1 2 2 1 1 1 2 2 3 2 1 2 1 2 4 1 2 1 1 1 1 1 1 2 1 1 2 1 1 1 1 1 1 2 2 1 1 2 1 1 1 1 1 2 3 6 3 3 1 2 3 2 1 2 1 1 1 3 1 1 2 2 1 1 3 1 1 2 2 1 2 2 4 1 1 2 1 3 2 2 3 1 1 1 3 1 1 2 1 1 2 1 2 1 1 1 2 2 2 1 3 1 2 2 2 1 1 1 1 4 2 1 1 3 3 1 2 1 2 1 3 1 2 1 2 2 1 2 3 1 3 3 1 1 2 1 1 1 3 1 3 1 2 1 1 1 2 1 2 1 2 2 3 1 3 1 2 1 1 3 1 3 1 1 2 3 2 5 2 1 1 3 1 1 2 1 4 3 1 2 2 3 2 2 3 2 1 7 1 1 6 2 2 1 1 2 1 3 2 3 2 2 1 3 1 1 1 2 3 2 3 3 2 2 1 1 1 2 1 2 1 2 2 1 2 2 1 3 1 3 1 1 1 2 2 1 2 2 2 3 1 2 1 1 2 2 1 1 4 1 4 1 1 2 3 1 1 1 2 4 1 1 1 3 1 2 2 3 1 2 2 2 1 4 1 1 1 1 4 1 1 1 1 1 1 2 1 2 1 3 3 1 1 1 1 2 1 4 1 3 2 2 2 1 2 1 3 1 2 1 3 2 3 2 2 1 4 2 2 1 1 2 1 1 3 1 1 2 1 1 1 2 1 1 1 2 2 2 1 1 2 1 1 1 1 2 1 2 3 2 3 2 2 2 2 2 1 2 2 2 2 1 1 1 1 2 3 2 2 1 1 5 1 1 2 1 2 1 2 4 2 1 2 1 1 1 1 1 3 4 2 1 1 1 1 2 1 1 1 1 1 1 1 1 3 1 4 4 1 1 1 1 1 1 1 1 3 1 4 1 4 2 1 1 1 2 4 3 1 2 1 1 2 1 1 2 1 3 1 1 1 2 2 1 1 2 4 1 1 2 1 2 1 1 1 2 1 1 2 2 1 2 1 3 3 1 1 2 2 2 2 3 1 3 1 2 1 1 3 1 2 4 1 2 1 2 3 3 2 2 3 1 1 1 3 1 1 1 1 1 5 2 1 1 2 1 1 1 2 1 1 1 1 3 1 1 1 1 1 1 1 2 2 2 1 1 1 1 1 2 1 1 1 1 2 1 2 3 1 2 3 5 3 1 4 1 1 5 1 1 1 2 2 2 1 4 1 1 3 2 1 1 3 2 2 3 2 4 1 1 1 2 1 2 1 4 2 2 3 1 4 1 2 2 2 1 2 1 2 1 1 3 1 1 2 2 1 4 1 2 3 1 2 2 1 3 2 4 2 3 1 2 1 1 1 2 1 2 3 1 1 3 1 2 1 3 1 3 2 1 2 1 1 1 1 1 1 1 1 2 2 2 1 2 4 1 1 3 1 1 2 2 2 2 2 3 1 1 1 2 1 1 1 1 1 2 4 1 2 4 2 2 2 1 2 2 2 1 2 1 2 1 1 1 1 1 2 2 1 2 1 1 2 1 3 1 1 4 1 1 1 1 1 1 2 2 1 1 2 1 1 2 3 2 5 2 3 1 2 2 1 1 3 1 2 1 1 2 
  #Test Small 17848
  #Test Medium 37102
  #Test Large 64102
