Board size [mm] 325x75

Stats side 1
  #Components with background 27
  #Components with points 184
  #Components nofly 4
  #Components notouch 4
  #Pins 28371
  #GNDs 1227
  #VDDs 1026
  #Clock 11
  #NoFly points 700
  #NoTouch points 584
  #Points [total] 31919

Stats side 2
  #Components with background 37
  #Components with points 182
  #Components nofly 1
  #Components notouch 2
  #Pins 28910
  #GNDs 1321
  #VDDs 1096
  #Clock 27
  #NoFly points 120
  #NoTouch points 464
  #Points [total] 31938

Stats board (side 1 + side 2)
  #Components with background 64
  #Components with points 366
  #Components nofly 5
  #Components notouch 6
  #Pins 57281
  #GNDs 2548
  #VDDs 2122
  #Clock 38
  #NoFly points 820
  #NoTouch points 1048
  #Points [total] 63857
  #Nets 2971
    Net Size: 2548 2122 38 2 1 2 1 2 1 1 2 1 2 1 2 2 2 2 2 1 1 2 1 1 1 1 1 1 1 1 2 3 2 1 3 2 4 3 5 2 2 2 1 3 6 2 3 5 1 4 1 3 3 2 1 2 1 1 1 2 1 1 2 1 2 2 1 2 5 1 1 1 4 3 3 1 1 1 4 2 3 1 2 1 2 1 1 2 3 2 1 3 1 2 3 3 1 2 2 2 3 1 1 3 4 2 3 2 1 5 2 1 1 2 2 2 2 2 2 3 2 1 1 1 1 2 5 3 2 1 2 3 2 2 2 1 2 2 3 3 1 1 3 1 1 1 5 1 1 5 2 1 2 1 1 3 5 1 3 1 1 3 1 2 2 1 3 2 1 2 2 1 1 3 1 2 1 2 2 1 1 4 3 1 6 4 2 4 3 2 1 2 3 2 1 1 1 2 2 2 2 3 2 2 2 1 1 1 1 1 2 1 5 2 1 4 1 2 2 1 2 3 1 2 1 2 2 2 2 2 1 2 4 1 2 3 2 2 1 1 4 3 2 2 2 2 1 1 1 1 2 1 1 1 1 1 1 1 1 2 2 3 2 1 2 1 1 1 3 2 1 4 5 3 1 1 1 3 1 3 2 1 1 5 3 1 1 1 1 2 2 2 2 1 1 1 1 1 3 1 1 1 4 4 4 2 5 1 1 2 2 1 2 1 1 3 1 3 2 1 1 1 3 1 3 3 3 1 1 2 3 1 2 2 1 2 2 1 1 1 1 2 3 3 1 2 2 3 1 1 2 1 2 2 2 1 2 3 1 2 3 1 1 2 1 1 3 1 1 2 1 2 1 2 1 1 2 1 3 2 3 3 2 3 1 1 4 1 1 3 2 2 1 2 1 1 2 3 2 2 1 2 2 3 2 4 2 1 1 3 1 1 3 1 2 2 2 1 3 2 2 3 3 1 1 3 6 3 4 3 1 2 1 2 1 4 2 1 3 1 1 2 3 1 3 4 3 3 2 1 1 1 1 2 2 5 1 2 1 1 1 2 1 1 2 3 2 3 3 2 2 2 1 1 4 2 1 2 3 1 1 2 2 2 1 1 5 2 1 2 2 2 5 4 1 1 5 3 1 2 4 1 1 1 1 1 3 1 2 2 1 2 3 1 1 4 2 1 2 1 1 3 4 1 2 2 2 1 1 2 1 1 1 1 1 2 1 3 1 2 1 1 2 1 3 2 1 2 1 1 1 1 2 4 1 1 1 1 2 1 6 1 1 1 2 1 1 1 2 1 2 3 1 2 1 3 2 1 1 1 1 1 2 2 5 3 2 2 4 2 3 1 2 1 1 2 3 1 2 3 1 2 3 1 1 4 1 1 1 2 1 4 1 1 3 2 1 2 3 1 2 2 5 2 1 3 3 1 4 3 3 2 2 2 1 2 1 6 2 2 1 2 1 3 2 3 2 1 2 4 1 1 4 2 1 1 1 2 1 1 2 2 1 1 3 3 4 1 3 1 2 1 1 2 2 4 2 3 3 1 4 2 1 2 4 1 2 3 2 4 2 3 4 1 2 1 4 4 1 1 2 2 1 2 2 1 2 1 3 2 1 5 1 4 2 3 1 1 1 2 1 1 1 5 1 1 1 1 2 2 2 2 2 1 2 4 1 1 2 1 3 1 2 4 3 1 1 1 1 1 1 1 2 3 2 1 1 2 1 1 2 3 4 3 1 1 1 3 3 1 3 1 1 2 2 4 3 4 6 1 3 2 4 1 6 1 1 2 3 1 2 2 1 5 1 1 5 1 2 1 1 2 2 3 1 1 1 2 2 2 1 1 2 2 1 1 1 2 1 3 4 2 5 2 2 1 2 4 5 1 1 1 3 2 1 4 1 1 1 1 1 1 3 4 3 1 2 2 1 3 1 2 2 2 1 5 2 3 1 1 3 5 1 3 4 2 2 4 1 3 2 4 2 2 2 2 1 1 3 4 1 2 3 1 4 2 3 1 2 2 1 1 2 4 1 5 2 1 2 1 1 2 3 1 2 1 1 1 2 3 2 1 1 1 1 2 3 1 1 2 4 2 3 2 1 1 1 1 1 1 3 3 2 1 2 2 2 1 1 2 1 2 3 1 4 3 2 2 2 2 3 1 1 2 3 3 1 1 1 1 2 3 3 2 2 1 6 1 2 1 2 2 2 2 1 2 2 6 2 2 4 3 2 2 4 3 1 1 4 3 4 1 3 2 3 1 1 2 2 2 2 3 1 2 2 1 1 3 1 1 1 1 3 1 1 1 3 2 4 2 1 3 3 3 1 2 2 1 2 2 3 4 3 1 3 1 1 1 2 3 3 3 1 3 1 3 2 1 2 3 4 3 2 1 4 3 2 3 1 4 4 1 4 4 2 1 1 1 3 2 2 1 1 2 2 1 1 1 1 1 2 2 1 2 1 3 1 1 1 1 1 1 1 2 2 4 3 1 2 4 2 3 1 6 1 1 1 1 2 1 6 1 2 2 3 2 1 4 3 2 2 1 2 1 2 1 1 1 1 2 2 2 1 5 1 1 1 1 2 1 1 2 1 2 2 2 2 3 1 1 4 1 1 1 2 3 1 3 1 2 2 1 2 3 2 5 1 1 1 1 2 2 1 1 1 1 2 1 1 3 1 3 3 1 2 2 1 4 1 1 3 3 3 5 1 1 1 1 2 3 3 1 2 1 2 2 1 2 2 1 2 3 4 2 4 2 1 1 3 1 2 2 3 2 1 2 2 1 2 2 1 2 5 3 1 1 2 1 1 2 1 1 2 1 3 3 1 1 1 1 2 2 3 1 3 3 1 1 3 3 1 3 3 3 1 2 1 3 1 1 2 2 1 2 1 1 2 2 3 2 4 1 4 2 1 1 3 1 2 1 1 2 2 2 3 1 4 2 6 2 3 1 1 2 3 2 2 1 2 2 1 1 3 1 1 4 4 2 3 1 2 3 2 2 5 1 2 1 1 1 1 1 2 2 1 3 3 2 1 1 1 3 2 1 2 2 2 1 1 3 1 1 1 2 1 2 1 2 1 2 2 1 1 1 2 1 1 2 1 2 1 2 3 2 4 2 5 1 2 2 3 5 2 1 3 3 2 2 2 1 1 1 3 3 1 4 1 2 2 1 1 1 5 1 2 1 1 4 1 1 1 1 2 2 1 1 2 1 1 2 1 2 3 4 4 1 1 2 2 2 1 1 2 2 1 1 2 2 1 1 1 2 1 1 1 1 1 2 2 1 1 1 4 2 1 1 2 1 4 2 1 3 3 1 2 1 1 3 2 4 2 2 1 3 4 1 1 1 1 1 4 2 2 1 1 2 1 2 2 4 2 1 1 2 2 1 1 2 1 3 3 1 3 1 1 1 1 1 1 2 3 2 1 6 1 1 1 1 1 2 1 2 2 1 3 7 1 1 1 1 1 2 2 2 2 1 1 3 2 2 1 3 2 2 2 1 1 1 1 2 3 1 1 2 4 2 2 2 3 2 2 1 2 1 1 1 2 1 2 1 1 3 1 1 3 1 1 3 3 2 2 2 3 1 1 1 3 3 4 3 5 1 2 2 2 2 2 4 1 2 2 2 1 2 1 2 1 1 2 2 4 2 2 3 3 2 2 1 2 1 1 2 1 2 2 1 1 1 2 2 1 1 1 3 3 1 1 1 1 3 4 2 1 2 2 1 3 1 1 1 1 1 3 2 1 3 1 1 1 1 2 1 2 1 3 2 1 2 3 1 2 1 3 1 4 1 1 1 3 2 2 2 1 3 5 2 1 1 1 1 1 1 1 1 3 3 3 4 1 4 1 4 1 2 2 1 1 1 1 1 1 1 4 2 2 2 2 1 2 1 1 2 2 3 1 2 2 3 3 2 2 3 2 2 2 1 1 1 1 2 1 1 3 2 1 3 3 2 1 2 2 1 2 2 1 2 1 3 1 1 3 3 1 3 3 2 1 3 3 1 1 3 1 1 4 1 1 1 1 3 1 3 2 3 2 1 1 1 2 2 3 1 1 5 1 3 3 3 2 3 2 1 2 2 1 2 2 1 5 1 2 1 4 1 2 1 1 1 2 1 4 3 3 2 1 1 3 3 1 3 2 2 2 2 1 1 3 2 3 2 1 3 3 2 3 2 1 1 1 2 2 3 3 2 1 4 1 1 3 2 2 1 1 1 1 2 3 3 4 2 2 6 2 1 2 1 1 2 1 2 1 3 2 1 1 2 4 1 4 1 3 2 2 2 1 1 1 2 3 2 1 2 2 2 3 4 1 2 1 1 2 2 1 3 2 3 2 1 3 2 1 1 3 3 3 4 3 3 3 1 1 2 1 2 1 1 1 1 1 2 1 1 3 1 1 2 1 2 1 2 2 1 1 1 1 1 1 1 1 2 1 1 4 5 2 1 2 4 1 3 1 1 1 2 1 3 1 1 2 2 2 1 1 3 1 2 2 4 1 1 1 1 3 2 2 2 1 1 2 3 1 3 3 4 2 3 2 1 2 1 1 1 1 1 3 2 2 1 2 1 2 1 4 4 1 3 2 1 2 3 1 2 1 2 1 1 1 2 3 3 2 2 2 2 2 3 4 2 3 3 4 1 3 2 2 1 1 1 2 3 1 2 2 1 2 1 4 3 2 2 1 2 2 2 1 1 3 2 1 2 2 1 4 4 1 2 2 2 1 1 2 3 3 1 1 3 1 2 1 2 1 4 3 4 1 5 1 1 3 2 1 2 1 1 3 1 2 2 3 2 4 4 1 5 2 1 1 1 1 2 2 2 1 2 3 1 2 3 2 1 1 1 1 3 3 1 1 1 1 2 2 2 3 1 1 2 1 1 1 3 3 3 1 2 1 2 2 3 2 5 3 1 3 2 2 1 1 2 1 1 1 4 1 1 1 1 1 1 2 2 4 1 1 1 1 4 2 4 2 1 3 1 3 2 4 1 2 5 3 1 1 1 1 1 2 2 1 2 2 2 2 2 1 1 1 1 2 1 3 1 2 3 1 1 1 1 1 4 3 2 1 2 2 6 1 3 1 1 1 2 4 2 1 2 1 2 1 2 1 3 1 2 2 1 3 2 4 4 2 5 1 1 2 4 2 1 1 2 5 2 2 4 3 3 2 3 1 1 1 1 1 2 2 1 1 2 2 2 2 2 2 2 1 1 1 2 3 2 4 1 2 1 3 2 3 2 3 3 3 1 1 3 2 3 2 2 3 4 3 2 3 2 2 2 1 1 2 1 2 3 4 2 1 2 1 2 1 1 3 2 1 1 3 1 1 1 1 2 2 2 1 2 1 4 1 1 1 3 1 2 1 1 2 1 3 2 1 3 3 2 1 3 4 4 1 1 2 1 1 1 3 1 1 2 1 1 1 2 1 1 2 1 1 1 2 1 1 5 1 2 1 3 2 4 1 1 3 1 3 1 1 1 4 2 1 1 3 1 3 3 2 2 1 1 1 2 4 1 3 2 3 2 1 3 3 4 1 1 2 3 3 3 1 2 1 1 3 2 2 1 1 1 4 2 1 3 1 2 2 2 1 1 2 1 1 2 2 2 2 2 1 1 2 3 3 1 1 1 2 3 2 2 1 1 2 1 2 5 1 2 2 3 1 2 2 1 1 1 2 3 1 1 3 1 1 4 4 1 1 3 3 2 2 4 1 1 1 3 1 1 2 2 2 2 1 4 1 1 2 1 4 4 3 2 7 2 2 1 1 1 1 2 1 2 1 2 2 2 3 1 1 1 3 1 1 3 1 1 1 4 1 2 1 2 1 2 2 6 3 2 1 2 3 1 1 3 3 1 1 2 1 1 1 3 1 2 6 2 2 2 2 3 1 1 1 3 3 2 1 1 1 1 1 2 2 2 1 2 2 2 2 1 1 1 1 3 1 1 2 1 1 5 2 1 3 2 3 2 1 1 1 1 1 3 5 3 1 3 2 5 1 2 3 1 2 3 2 1 1 2 4 2 2 2 2 3 4 3 2 2 1 3 1 2 1 2 3 2 3 1 2 1 2 2 1 2 1 1 2 2 3 2 2 1 1 2 1 2 3 4 1 2 4 2 2 3 1 1 1 2 3 2 1 3 1 1 2 1 3 2 1 2 2 1 2 1 1 2 1 2 2 2 2 3 1 2 1 1 1 4 2 3 1 4 2 2 1 3 3 2 1 3 1 1 1 1 2 1 1 2 1 3 2 2 1 1 2 1 1 2 5 3 4 3 2 1 1 3 2 1 1 3 1 1 1 1 2 2 3 1 1 1 2 1 2 1 3 4 1 2 1 4 1 4 1 1 3 1 4 3 1 1 4 1 1 1 1 2 1 2 2 3 3 2 1 3 2 2 2 1 1 2 1 1 3 2 1 1 1 2 1 2 1 2 1 1 5 2 2 2 3 3 1 2 1 1 2 3 1 1 2 1 1 2 1 1 2 2 2 1 2 3 2 4 2 2 1 1 2 2 1 2 3 2 1 2 2 2 3 1 3 1 1 1 2 1 1 2 2 3 2 1 3 2 3 1 3 1 2 5 2 1 3 2 3 2 2 1 2 1 1 2 2 1 1 3 2 1 1 4 2 2 1 3 2 2 2 2 2 1 3 2 2 1 3 2 2 1 1 2 4 3 1 3 2 2 1 1 2 2 1 1 2 4 4 2 3 1 2 4 1 
  #Test Small 3956
  #Test Medium 9893
  #Test Large 15275
