Board size [mm] 325x175

Stats side 1
  #Components with background 96
  #Components with points 364
  #Components nofly 5
  #Components notouch 6
  #Pins 65689
  #GNDs 3267
  #VDDs 2522
  #Clock 36
  #NoFly points 728
  #NoTouch points 1048
  #Points [total] 73290

Stats side 2
  #Components with background 73
  #Components with points 374
  #Components nofly 1
  #Components notouch 0
  #Pins 72232
  #GNDs 2382
  #VDDs 1997
  #Clock 32
  #NoFly points 212
  #NoTouch points 0
  #Points [total] 76855

Stats board (side 1 + side 2)
  #Components with background 169
  #Components with points 738
  #Components nofly 6
  #Components notouch 6
  #Pins 137921
  #GNDs 5649
  #VDDs 4519
  #Clock 68
  #NoFly points 940
  #NoTouch points 1048
  #Points [total] 150145
  #Nets 7431
    Net Size: 5649 4519 68 1 3 2 3 2 2 1 2 2 2 2 2 2 2 1 1 1 1 1 2 1 4 1 2 3 1 1 2 1 3 5 1 1 1 2 1 1 2 1 1 1 6 1 2 2 3 1 2 3 1 1 1 2 3 2 2 1 2 1 1 2 3 4 1 2 3 1 4 1 2 3 2 1 3 1 3 1 2 2 3 2 1 1 1 3 1 2 2 2 1 1 2 3 1 2 3 2 1 1 2 1 2 1 2 4 4 1 3 2 3 3 4 1 1 1 2 3 3 2 2 1 2 1 2 2 5 1 1 3 2 1 1 5 1 1 1 2 2 2 2 1 1 2 1 1 3 3 1 2 1 1 2 3 1 1 1 1 1 2 1 3 2 1 2 2 2 1 4 1 3 1 1 3 1 3 1 1 1 4 1 1 2 3 3 2 3 2 4 1 2 2 2 1 2 1 4 2 1 1 2 2 1 3 1 2 1 5 2 3 1 2 4 2 3 4 3 2 1 3 1 1 1 1 1 1 2 1 2 1 2 1 4 4 3 1 2 2 1 1 1 1 3 1 2 1 1 2 3 1 3 2 2 5 1 1 1 1 1 4 2 1 1 1 3 2 2 1 1 1 4 2 1 2 1 2 1 3 2 1 2 1 6 1 2 1 2 2 1 1 2 2 2 2 1 1 1 3 2 1 2 3 1 1 2 3 1 2 3 1 1 3 1 1 1 1 5 1 2 1 1 1 2 1 1 3 4 2 2 6 2 1 2 1 1 2 2 1 1 3 1 1 1 2 3 2 2 1 2 3 2 1 3 2 1 3 1 1 3 1 2 1 2 1 1 1 2 2 1 3 2 1 3 2 3 1 4 4 2 3 1 1 2 1 2 1 2 2 1 3 4 1 2 3 4 1 1 2 2 2 5 1 1 1 1 2 1 4 2 3 1 4 1 1 2 1 1 2 3 1 2 2 2 1 1 1 2 1 2 5 1 2 1 1 2 2 1 1 1 1 2 3 1 2 1 1 3 1 1 2 2 1 3 2 2 2 1 3 1 1 1 2 3 3 1 1 1 1 1 2 1 3 1 1 1 2 2 1 1 1 1 2 4 2 1 1 1 2 3 2 3 1 1 1 2 1 2 2 4 3 1 1 3 3 4 2 1 2 1 1 4 1 1 2 4 2 1 2 3 3 4 3 1 2 1 1 3 1 2 3 2 2 2 1 1 2 1 1 1 1 1 2 2 2 1 1 1 3 3 2 1 1 2 1 2 3 3 2 3 5 4 3 1 1 2 1 2 2 1 3 1 1 2 2 3 2 1 3 1 1 3 2 2 1 4 2 2 1 2 1 1 2 1 4 1 2 2 3 1 3 2 2 1 1 2 1 3 1 2 2 1 2 2 1 2 1 1 3 1 1 3 1 2 1 1 1 2 3 1 1 3 2 2 1 2 1 1 3 3 3 1 2 1 3 1 2 1 3 2 2 2 2 1 1 1 3 1 2 2 2 2 1 2 1 1 4 2 2 1 1 3 1 4 1 3 1 4 1 2 3 1 2 2 2 2 3 3 1 2 1 1 3 1 1 2 2 2 3 1 3 1 4 2 1 5 1 1 2 1 1 3 3 2 3 1 1 5 2 4 1 3 1 2 2 2 1 3 2 2 2 1 2 2 1 1 1 2 3 1 1 1 3 2 1 1 1 2 3 2 2 1 2 2 4 1 1 1 3 2 3 1 2 4 2 1 2 1 4 2 4 3 1 1 2 1 2 5 2 1 1 1 3 1 1 1 3 1 2 2 1 2 2 2 3 2 2 3 2 2 1 3 4 3 2 1 2 1 2 1 1 1 3 2 1 1 1 1 1 3 1 2 4 2 1 5 2 1 1 1 2 2 3 2 3 1 2 2 1 1 1 1 2 1 2 1 3 3 1 2 1 1 2 4 1 2 1 2 2 1 1 3 1 2 1 3 1 2 1 1 2 1 2 1 2 2 1 1 1 3 1 1 1 1 1 1 1 1 1 3 3 1 2 4 2 2 3 2 2 2 2 1 1 2 1 1 1 3 1 1 2 2 2 3 3 1 4 3 1 1 1 2 1 2 3 1 4 1 1 1 1 2 1 2 1 2 3 2 1 1 5 1 2 1 1 2 1 2 3 2 3 1 1 3 2 2 1 2 3 3 3 1 3 1 2 1 1 2 2 1 2 1 3 1 1 1 2 2 1 2 2 2 3 2 1 2 3 1 4 1 1 2 4 1 1 1 5 3 1 1 1 2 4 1 1 2 3 1 3 2 2 1 2 1 1 2 3 2 3 1 1 1 2 2 1 3 2 1 3 1 1 1 1 1 2 1 1 1 2 2 1 3 1 1 1 4 2 3 4 2 2 4 1 3 1 6 1 3 1 1 3 2 1 1 3 1 1 1 2 2 1 3 1 1 3 1 1 3 1 3 2 2 1 3 1 1 2 2 2 1 1 3 1 4 1 1 1 2 2 3 1 1 2 2 3 2 1 1 1 1 2 1 2 2 4 1 1 3 2 2 1 2 3 1 1 2 1 2 2 2 1 1 1 3 2 3 3 1 1 1 1 1 2 1 2 3 3 3 2 3 1 1 1 1 3 3 1 1 2 2 2 1 2 1 3 1 1 3 2 1 1 3 2 3 1 1 3 1 3 2 3 2 3 1 2 2 1 2 1 1 1 2 2 2 1 3 1 1 1 3 1 1 3 1 1 1 1 2 1 1 1 1 2 1 4 2 4 3 3 1 2 3 1 2 1 2 2 3 2 1 3 2 2 1 3 1 2 1 1 1 2 5 1 3 5 2 1 1 2 2 2 2 1 2 1 1 1 5 2 2 1 2 2 1 3 1 3 2 4 3 1 2 2 2 1 1 1 3 1 2 4 1 1 2 1 1 1 4 1 1 1 2 3 5 2 1 1 2 5 4 2 1 3 2 1 1 3 2 2 1 1 1 3 4 1 1 1 1 1 2 1 2 4 2 3 2 1 1 3 2 4 3 3 1 1 1 1 1 1 1 1 1 1 2 1 1 3 2 2 1 1 1 1 1 2 1 1 5 2 1 1 3 4 1 3 1 2 1 2 2 2 1 2 1 1 3 1 1 2 3 3 2 3 1 3 4 2 2 1 1 1 1 3 1 1 3 2 1 1 2 2 1 2 2 3 2 1 2 1 5 1 1 1 3 2 1 1 1 5 2 2 2 1 1 1 1 3 2 1 1 1 2 2 3 2 2 3 1 1 3 1 2 1 3 4 3 1 3 2 4 1 1 2 2 3 1 1 2 1 1 3 2 1 2 1 1 1 2 3 1 2 3 1 2 3 2 1 1 1 2 2 2 1 2 1 2 4 1 3 2 2 1 2 1 2 2 1 2 3 1 1 1 1 2 2 2 1 1 3 2 1 2 1 1 3 5 7 5 1 1 1 1 1 1 2 1 1 1 1 1 1 1 4 5 1 3 1 2 3 1 2 2 3 1 3 2 1 1 3 1 2 4 3 2 2 1 1 3 1 1 2 4 1 2 3 3 1 2 2 1 1 1 2 3 2 1 2 2 5 1 1 1 1 2 1 2 1 1 2 2 1 1 1 2 2 3 2 2 1 4 1 2 1 2 1 2 1 2 1 3 1 3 1 3 2 3 2 3 2 1 1 1 2 1 2 1 3 1 2 1 3 1 1 1 1 3 2 4 1 1 3 3 1 3 2 1 1 3 2 1 1 4 3 1 1 4 1 1 1 5 1 3 1 2 3 2 3 1 4 1 1 1 1 3 1 1 2 2 2 1 1 1 2 4 1 1 1 1 3 1 3 3 1 2 3 2 1 2 2 1 1 1 1 1 2 1 2 2 2 2 1 2 2 1 2 1 1 2 3 3 1 1 4 4 1 1 1 3 3 1 1 4 1 3 1 1 1 3 2 1 1 1 2 2 1 1 2 1 2 1 2 3 2 1 2 1 1 2 2 1 2 1 1 4 2 1 2 2 2 1 2 1 3 2 1 2 6 1 1 1 1 2 2 1 2 1 2 6 1 4 2 1 4 2 1 5 5 2 1 2 1 2 1 1 2 2 1 1 2 1 4 4 1 1 2 2 2 2 1 3 2 3 3 3 1 3 2 1 2 2 2 4 2 1 1 2 2 1 3 3 1 1 4 2 3 1 2 1 2 1 1 4 1 2 2 2 1 2 2 2 1 1 1 3 1 1 4 1 3 1 2 4 2 2 1 3 1 2 2 4 2 2 1 1 1 3 1 3 1 1 1 1 5 1 1 1 1 4 1 4 1 3 1 1 2 2 1 2 2 2 1 3 2 1 1 1 3 2 1 1 1 1 1 2 1 2 3 1 2 2 1 1 1 3 3 2 2 1 1 1 1 1 3 1 1 4 1 1 2 1 4 1 4 4 1 2 1 1 2 2 1 1 1 1 1 1 1 1 1 1 1 3 3 2 2 1 1 1 3 1 2 1 2 2 1 2 1 1 1 2 2 2 2 1 1 4 2 2 1 3 2 2 1 1 1 4 2 2 2 1 1 1 2 1 1 1 1 2 4 2 1 2 1 4 1 1 1 1 2 1 1 1 1 2 4 2 1 1 2 2 1 3 1 1 1 1 2 1 2 2 2 1 1 2 2 1 2 1 1 1 1 1 1 1 1 1 2 1 1 1 2 1 1 1 3 3 1 1 2 1 2 2 1 2 3 2 1 1 1 1 2 3 1 1 3 1 4 1 2 4 1 3 1 1 4 3 3 2 4 1 1 1 1 1 1 2 3 2 5 1 3 1 1 2 2 1 2 1 1 1 1 3 3 3 3 3 1 2 2 1 3 3 2 2 2 1 1 1 5 3 1 2 1 2 2 2 3 3 4 1 3 1 1 2 2 2 2 1 2 2 2 1 2 1 1 1 1 1 1 2 1 3 2 2 2 1 2 2 1 2 1 1 3 2 1 1 1 1 1 1 3 2 2 1 2 1 3 1 2 3 1 1 2 3 1 3 1 1 1 1 2 1 1 1 1 1 2 2 4 1 4 2 1 2 2 1 1 2 1 2 1 1 2 1 1 1 2 1 1 4 1 2 4 1 3 1 2 1 1 2 2 2 4 1 1 3 2 4 1 1 4 1 2 3 1 1 1 1 2 4 1 1 2 1 1 1 2 1 2 1 2 5 1 1 1 1 2 2 2 1 3 1 4 2 5 3 2 1 1 1 1 2 4 2 1 5 1 2 1 1 3 2 5 1 4 2 1 1 2 2 1 2 3 2 2 1 2 1 2 1 1 3 1 2 1 1 1 1 3 1 1 3 5 1 2 3 2 1 2 2 3 1 2 2 2 4 3 1 3 1 1 1 3 2 3 2 1 1 2 2 2 1 2 2 2 1 1 2 2 4 1 2 2 2 4 2 1 1 2 1 2 1 1 1 1 1 2 1 2 1 2 5 5 1 1 2 1 2 2 2 1 2 4 1 1 1 1 1 2 1 2 2 2 1 3 2 2 2 2 1 1 1 2 1 1 1 2 2 2 1 2 1 2 1 1 1 1 1 2 2 1 1 1 4 1 1 2 1 3 1 3 4 3 4 2 2 3 1 2 4 1 3 1 1 1 2 3 1 3 2 1 1 1 2 1 2 2 2 3 1 4 1 3 3 1 2 1 1 2 1 3 1 1 3 2 2 2 3 3 2 4 2 2 3 2 1 4 7 2 2 4 2 1 2 2 2 1 2 1 2 2 2 1 3 3 1 2 1 2 3 3 1 1 2 1 1 4 1 2 3 1 1 2 1 5 3 2 5 2 1 2 1 2 3 1 2 4 1 2 3 1 2 1 3 2 1 2 1 2 1 1 1 4 1 1 2 2 1 2 1 1 2 1 1 1 2 1 1 1 2 2 2 1 2 2 4 1 2 1 2 3 3 2 1 1 2 3 2 3 2 2 2 1 2 1 1 2 3 2 2 2 3 1 2 3 2 3 3 1 1 2 2 2 2 1 2 1 1 1 2 3 1 2 1 2 1 2 2 1 2 2 2 1 1 1 2 1 2 1 3 3 1 2 2 2 3 1 1 3 3 4 4 1 1 3 1 1 2 3 1 2 2 1 1 1 1 4 1 2 2 1 1 3 1 2 1 1 1 2 3 2 2 2 1 2 1 2 2 3 2 1 1 2 1 3 1 2 1 1 2 4 1 1 2 5 3 2 2 1 1 1 2 1 3 3 4 3 3 1 1 1 2 2 3 3 2 2 1 1 1 1 3 2 1 3 2 2 1 1 3 3 3 3 1 1 1 5 1 2 4 1 2 1 1 1 2 2 2 1 1 1 1 3 2 2 3 1 3 1 5 1 1 4 2 4 3 2 4 1 3 1 1 2 2 3 1 1 3 2 2 1 3 2 1 1 2 2 2 3 2 4 2 1 1 1 1 1 1 6 2 2 1 5 2 3 1 1 1 1 2 2 1 3 3 1 1 1 1 3 1 1 1 1 3 3 1 3 3 1 3 3 1 1 2 1 4 2 2 1 1 2 1 1 1 1 3 1 1 2 3 4 1 1 1 1 4 3 1 2 1 4 1 1 1 1 1 1 2 1 1 3 2 2 2 1 2 2 1 2 2 4 1 2 1 2 2 4 2 2 1 1 2 3 3 2 3 2 4 1 2 3 3 1 1 1 3 2 2 1 2 1 3 1 2 2 3 3 2 1 3 2 1 1 3 1 3 2 1 2 3 1 1 2 1 2 3 2 2 2 1 1 3 3 1 2 1 2 2 3 4 2 2 3 2 1 2 1 3 1 1 3 2 2 1 2 4 1 1 2 2 1 1 3 1 3 2 4 2 2 3 1 2 1 4 1 1 5 3 3 4 2 2 1 2 1 1 2 2 3 1 2 3 1 3 2 2 2 2 2 1 2 1 4 1 4 2 1 2 1 1 3 1 1 2 2 3 3 4 3 1 4 1 3 2 2 3 2 2 3 3 2 2 3 2 2 2 4 2 1 1 2 1 1 2 2 1 1 2 2 3 4 1 2 3 1 1 2 3 2 1 4 3 1 1 1 1 1 2 2 1 2 1 7 2 4 4 2 2 1 5 1 1 2 1 2 4 4 1 4 1 2 1 2 1 2 3 1 3 1 2 3 1 2 3 1 1 4 1 2 1 1 2 1 1 1 5 1 3 1 2 3 5 1 1 1 1 1 2 1 1 1 1 2 2 1 2 2 3 1 1 2 3 1 3 2 1 1 2 1 1 2 2 1 1 2 2 1 1 1 1 2 1 1 2 1 2 1 2 1 3 3 1 2 2 2 2 1 4 1 4 1 1 3 3 2 1 1 1 1 1 4 2 2 2 3 1 1 2 2 3 2 1 2 2 3 2 2 1 1 1 1 2 2 1 2 2 1 2 2 2 2 2 2 1 1 1 2 1 2 1 2 1 3 1 4 1 1 1 1 1 4 1 1 1 1 3 2 1 2 3 1 1 1 1 2 4 2 5 3 1 4 4 2 2 1 1 1 4 3 1 2 3 1 2 6 2 1 1 1 2 4 1 2 2 2 3 1 1 3 2 2 1 1 2 5 1 2 1 1 5 1 2 1 2 2 1 1 2 2 1 3 3 1 1 2 1 1 1 1 1 1 2 3 2 2 2 2 1 3 2 1 3 1 2 3 2 1 3 2 1 1 1 1 3 1 4 2 2 3 2 1 3 3 1 1 1 1 2 2 2 2 1 5 1 2 2 2 1 2 2 1 2 4 3 2 3 2 1 1 1 2 4 2 4 1 3 1 2 1 1 1 1 1 2 1 2 3 3 4 1 2 3 3 4 1 1 2 4 1 1 4 2 2 2 2 3 1 3 1 2 1 1 1 1 1 1 1 2 1 2 1 1 2 4 1 2 2 2 1 3 1 2 2 2 3 3 1 1 1 1 1 2 4 1 1 2 3 2 1 1 1 3 2 2 1 1 1 3 1 3 1 1 1 1 3 3 1 1 3 3 3 2 3 2 4 4 2 4 2 1 1 3 3 1 1 1 2 2 1 1 1 3 2 3 1 1 1 2 2 1 1 3 1 1 3 1 2 2 2 1 1 3 4 2 3 2 1 1 1 1 2 2 2 2 2 2 4 2 1 1 1 2 1 3 2 3 1 1 1 3 4 2 2 1 3 1 2 4 1 4 2 1 4 1 1 4 1 2 2 1 3 2 1 1 4 3 1 2 4 2 1 2 1 2 1 3 1 2 2 1 1 2 1 2 1 2 1 2 2 1 2 1 2 1 2 4 5 1 1 2 1 1 2 2 1 1 2 4 2 2 1 3 1 1 1 2 2 1 1 1 3 2 1 3 1 2 1 3 1 4 4 2 3 2 2 1 4 1 1 1 1 3 1 1 1 3 3 1 7 2 2 3 1 1 1 2 3 1 1 1 1 1 1 1 1 2 1 3 2 4 1 1 4 2 2 2 1 2 3 3 1 4 1 4 1 3 1 3 3 2 3 3 1 3 1 4 2 1 2 4 3 2 2 3 4 1 2 3 4 2 4 4 1 1 2 1 1 1 3 1 2 2 1 1 1 3 2 1 3 2 1 3 2 1 2 2 2 5 3 2 2 2 2 2 1 2 1 1 1 2 2 1 2 2 1 1 1 1 1 1 2 2 2 1 2 3 3 1 2 3 4 3 1 2 3 1 1 1 1 3 1 4 1 1 2 1 2 1 1 1 3 2 2 1 3 2 1 1 2 1 2 2 3 1 4 1 3 2 3 1 1 2 1 1 3 1 1 1 3 3 3 1 1 4 2 1 4 1 1 2 1 1 1 2 1 2 1 2 2 1 3 1 1 1 1 2 1 3 3 4 5 2 1 3 3 1 2 1 4 2 1 3 4 2 3 1 3 2 2 3 1 3 3 2 1 1 3 1 2 5 2 3 3 3 2 3 3 4 3 1 1 1 3 4 1 2 4 2 2 2 1 2 3 1 3 1 2 3 3 1 1 1 2 1 3 2 2 1 1 1 2 1 1 4 1 1 1 1 1 1 2 3 1 1 1 5 1 1 1 3 1 3 2 3 2 3 1 3 5 2 2 4 3 1 1 1 3 1 4 2 1 2 1 1 2 2 3 3 2 3 3 3 1 1 2 1 1 5 2 1 1 1 1 2 1 2 1 1 2 2 3 1 3 1 2 2 1 4 2 1 2 1 1 3 1 2 2 1 2 3 2 2 1 1 2 1 2 2 4 1 2 2 2 2 1 2 2 4 1 1 2 2 1 2 1 2 3 3 3 1 1 2 2 1 1 3 2 1 1 1 1 1 1 1 1 1 2 5 1 2 1 1 4 1 1 4 3 3 1 3 3 2 3 1 3 2 1 2 3 1 2 2 3 1 2 3 2 3 2 2 3 2 2 3 2 1 3 4 2 1 1 4 1 2 1 1 1 1 3 1 1 3 1 2 2 3 2 1 2 3 3 3 2 4 1 1 1 1 1 1 3 2 3 1 1 1 1 1 2 8 3 2 4 2 2 1 1 2 3 4 3 2 1 1 2 1 1 3 1 1 2 3 1 1 2 2 4 1 1 1 2 2 3 2 1 4 2 3 1 1 1 1 1 1 3 2 3 2 1 2 4 2 1 2 1 1 2 2 3 4 3 2 3 5 1 2 1 3 3 5 2 2 1 2 2 2 2 5 1 1 2 1 1 2 2 1 1 1 1 3 1 3 2 2 2 1 3 1 2 4 1 4 2 1 2 1 1 1 1 1 3 4 2 1 3 3 2 3 1 1 4 1 4 3 3 3 1 1 1 2 1 3 1 2 2 1 2 2 1 3 1 1 2 6 1 2 3 1 2 1 1 3 1 2 3 2 1 1 1 1 1 1 1 3 1 2 1 1 2 1 2 3 1 4 1 2 2 3 2 6 2 1 2 4 2 2 1 2 1 1 1 1 3 2 1 2 1 2 2 4 1 1 1 2 2 2 2 1 5 3 3 3 2 1 3 2 4 2 1 1 5 1 1 2 4 1 6 2 2 2 2 1 1 2 1 1 1 1 1 1 4 2 2 2 1 1 1 2 2 1 2 1 1 1 3 2 1 4 2 1 2 1 1 2 1 1 2 2 3 1 1 2 2 1 2 1 1 2 1 2 2 1 3 2 1 1 2 1 3 4 4 1 3 2 1 2 3 1 1 3 1 2 2 3 3 1 3 2 1 3 2 1 2 1 3 1 2 3 2 2 3 1 2 3 1 1 1 1 3 1 2 5 2 2 2 1 2 4 2 2 5 2 1 2 3 1 1 2 2 2 2 1 1 2 1 1 1 1 4 2 2 3 1 1 1 1 1 1 1 1 1 1 1 2 1 1 2 2 2 4 2 2 2 1 1 4 5 1 1 2 1 2 1 3 1 2 1 2 2 2 2 3 3 1 1 1 2 1 2 3 2 2 4 2 2 1 2 3 3 4 2 2 1 3 1 2 2 2 3 2 1 3 3 1 2 1 2 1 3 3 1 3 1 2 4 1 1 1 4 3 1 1 2 2 2 2 2 1 5 1 5 1 1 4 1 1 2 2 3 2 3 1 1 1 1 3 1 3 2 3 1 3 3 2 1 3 2 5 3 1 1 1 3 1 1 1 1 2 3 1 4 1 2 1 2 3 1 3 1 2 2 1 1 1 4 2 2 4 1 2 3 1 1 3 5 1 1 2 1 3 1 2 1 2 1 1 1 1 2 3 4 1 4 2 4 2 1 3 1 1 1 1 1 4 3 1 1 1 2 3 1 1 1 1 5 1 2 1 3 3 3 2 1 1 3 1 2 2 1 1 1 2 1 1 1 2 1 2 1 2 1 1 1 2 1 3 1 2 1 1 1 1 1 2 1 1 2 1 1 2 1 2 3 1 2 2 2 3 1 6 1 2 1 3 1 2 1 1 3 1 2 3 1 1 2 1 3 1 1 1 1 2 3 2 1 3 2 4 1 1 1 3 4 1 2 2 3 1 1 1 4 2 3 1 3 3 2 2 1 3 3 1 1 3 2 1 1 2 3 2 5 3 1 1 3 1 2 3 1 1 3 1 2 2 3 2 1 1 1 3 1 3 3 1 1 3 1 2 3 2 2 3 1 2 2 1 1 1 2 4 3 1 1 2 1 1 1 2 1 1 1 2 1 1 2 3 1 3 1 2 1 2 2 2 3 1 2 4 2 1 3 2 3 1 1 1 1 2 1 1 1 2 1 2 3 2 1 1 3 1 1 3 2 1 1 1 2 2 2 1 1 1 2 1 7 2 3 1 1 3 3 2 1 1 3 1 2 1 1 1 1 1 2 2 1 1 1 1 3 2 1 1 1 4 3 2 1 4 3 4 2 2 2 2 1 3 1 3 1 2 1 4 2 1 1 1 3 2 3 1 3 3 3 3 2 3 1 2 2 1 1 1 3 3 2 1 3 1 1 3 1 3 1 4 2 2 3 1 2 1 1 2 1 2 3 1 3 2 3 2 3 4 1 2 1 2 1 2 3 1 1 2 3 1 2 1 3 2 2 1 1 1 1 1 1 2 1 1 1 2 1 2 2 2 1 1 1 1 1 2 1 1 1 3 1 2 1 2 4 2 1 4 2 1 2 2 1 1 2 1 1 2 3 1 1 1 1 1 3 1 1 2 1 2 2 1 1 1 3 1 1 2 2 2 1 3 3 1 1 1 2 5 1 2 2 1 2 2 4 1 2 1 2 2 4 2 4 2 3 2 1 1 4 1 3 2 2 3 3 4 1 3 1 2 1 3 4 5 1 1 1 4 2 1 1 1 2 2 1 1 1 1 2 3 1 2 1 2 2 2 3 1 1 2 1 1 1 3 1 4 3 2 2 2 1 1 1 3 2 1 1 2 1 2 3 1 1 1 1 1 2 5 1 4 3 2 1 1 2 2 2 4 3 1 3 1 2 3 2 1 1 1 1 1 2 1 1 1 1 2 1 2 1 3 1 2 3 2 2 1 1 1 2 1 2 1 3 1 1 1 3 1 3 1 2 2 2 2 2 1 2 2 2 2 1 3 2 3 1 3 1 1 1 3 1 2 1 1 2 1 1 1 1 3 3 1 3 2 1 1 2 3 1 2 1 1 2 2 2 1 1 1 2 2 1 2 1 2 2 2 1 1 2 1 4 2 1 1 3 4 1 2 1 2 2 1 3 1 2 2 1 2 3 1 2 1 1 3 2 2 2 2 1 2 1 2 2 2 1 1 2 2 4 1 1 1 2 1 2 2 1 2 3 1 1 3 1 3 2 1 2 2 2 1 2 1 2 2 1 1 1 1 2 3 3 1 3 1 1 2 1 2 1 1 1 2 3 1 2 3 4 1 1 2 4 1 4 1 2 2 2 2 1 2 1 4 3 1 1 2 3 2 1 1 3 1 2 2 1 2 3 1 1 3 1 2 4 2 4 2 3 1 1 2 1 1 2 3 2 3 2 1 1 1 2 2 1 1 3 1 1 1 4 3 2 4 1 1 1 1 3 1 1 1 1 1 3 1 2 3 1 5 2 1 2 2 3 2 1 3 4 2 1 1 1 1 2 2 1 1 1 1 3 1 1 3 2 4 1 2 3 3 1 2 3 1 2 1 2 1 1 1 3 2 2 2 2 3 1 1 2 2 3 1 1 1 1 3 1 2 1 1 2 2 2 2 1 2 1 3 1 1 2 2 1 3 2 4 1 1 1 2 2 1 3 1 1 3 1 4 3 2 2 2 4 1 4 1 2 1 4 2 1 2 3 2 3 1 2 1 2 1 3 4 1 3 4 1 1 1 3 1 2 1 1 1 1 3 4 2 2 2 2 1 2 2 2 1 3 1 2 2 3 1 1 1 2 2 3 1 1 1 2 1 2 1 2 1 2 1 1 4 1 2 1 2 3 3 2 1 1 2 1 2 5 1 2 1 2 1 1 1 3 2 3 1 4 2 1 1 1 2 2 2 3 3 3 1 1 1 3 2 2 3 1 1 1 1 2 4 1 1 1 3 2 1 1 2 1 1 1 2 2 3 1 1 3 2 2 1 1 3 4 2 4 1 1 2 3 2 1 2 2 1 1 1 1 1 1 2 2 2 1 2 2 3 2 2 1 2 2 1 1 3 4 1 2 1 1 1 3 1 1 1 1 4 1 2 3 2 2 1 3 1 2 3 2 1 2 3 4 1 3 4 2 1 1 1 1 1 5 3 3 5 3 1 2 5 3 4 1 1 1 1 1 3 2 2 3 1 2 1 4 3 2 2 4 1 1 1 2 1 1 2 1 1 1 2 2 1 1 2 2 2 1 2 2 1 1 1 1 1 1 2 1 1 2 2 2 2 3 1 6 3 1 5 1 2 2 3 5 2 1 1 1 2 2 2 2 1 1 1 1 2 3 2 1 2 1 1 3 2 6 2 1 4 2 1 3 1 2 4 1 2 2 1 1 1 3 3 2 2 3 1 1 4 1 2 2 1 3 1 1 2 2 3 2 1 3 1 2 1 2 1 2 2 3 1 2 3 2 1 1 2 3 2 3 2 2 1 1 1 2 2 1 2 3 1 2 3 2 2 1 1 2 2 1 1 5 2 1 1 4 3 2 1 1 1 1 2 3 3 1 1 1 1 5 2 3 3 3 1 2 1 1 4 1 1 2 2 2 1 1 1 1 2 1 2 3 1 3 2 2 2 1 3 2 1 2 1 1 2 2 2 1 1 3 2 3 3 3 1 2 2 3 1 1 2 1 1 2 1 1 2 3 2 2 3 2 1 2 1 1 1 1 1 2 4 2 1 1 1 3 1 1 1 2 3 2 2 2 1 2 1 5 1 1 3 3 1 1 3 2 2 1 2 3 1 2 2 2 3 1 4 1 1 1 2 3 2 1 1 1 1 2 2 5 1 1 1 1 4 1 1 2 3 1 1 1 1 2 2 2 2 1 2 1 4 3 3 2 3 1 1 1 4 4 3 1 3 1 2 2 1 1 1 4 1 1 2 1 1 2 1 1 2 5 2 1 1 2 2 2 2 1 1 1 1 1 1 2 1 3 2 1 1 3 2 1 1 2 2 1 2 1 2 4 1 2 1 4 3 3 2 3 1 1 2 1 2 2 1 1 1 1 4 2 1 1 2 2 2 1 2 2 1 1 8 1 1 1 1 3 1 1 2 1 1 1 2 1 2 1 2 2 2 3 4 1 1 1 2 1 4 4 1 3 4 3 1 1 1 4 1 1 1 3 1 4 1 1 3 1 3 2 1 1 2 1 3 1 3 4 2 1 2 2 2 1 1 1 1 2 1 1 2 1 1 1 1 1 2 4 3 1 1 2 1 2 3 1 2 5 2 1 1 1 2 1 1 3 1 1 2 1 3 1 1 2 1 1 2 3 2 2 1 2 1 4 2 1 2 1 1 3 3 2 1 1 2 3 1 3 3 1 3 1 2 1 2 2 1 1 3 2 3 2 2 3 3 3 2 1 1 1 1 1 1 4 3 2 3 2 1 1 1 1 1 1 2 1 1 2 2 1 3 2 1 2 1 1 3 2 2 2 1 4 1 1 2 1 2 1 1 3 4 1 2 4 3 1 3 2 2 2 1 1 1 3 2 2 2 1 2 1 1 2 2 1 3 3 1 1 2 2 1 3 4 1 1 2 1 1 4 1 1 3 2 1 1 2 4 2 1 1 1 2 3 4 1 2 3 2 4 2 1 1 1 2 2 3 1 2 3 2 2 1 1 2 2 1 3 1 1 1 2 4 3 2 3 2 1 3 2 2 2 1 3 1 1 1 1 2 3 1 1 2 1 1 2 2 1 2 3 1 1 3 3 1 1 1 5 1 2 1 1 3 2 2 1 4 2 1 3 2 3 1 3 2 3 3 2 2 1 2 1 1 2 1 1 2 1 1 3 1 1 1 2 2 3 2 1 2 1 1 3 5 1 1 1 4 1 3 2 2 1 2 1 1 3 2 1 2 2 3 2 1 1 2 1 1 3 1 1 6 2 2 2 1 1 4 1 1 3 1 2 3 2 3 1 4 1 1 2 2 2 3 1 1 2 2 1 3 4 2 1 2 3 2 1 1 2 3 1 3 2 3 2 2 2 1 2 2 1 1 4 1 2 2 1 1 4 2 1 1 2 3 1 3 1 1 1 1 1 2 1 4 1 3 2 1 1 1 1 2 1 2 3 2 2 2 2 1 2 3 3 2 1 1 1 1 2 2 3 3 1 1 1 1 1 1 1 2 3 1 2 1 3 3 2 1 2 1 1 2 1 1 1 2 2 4 1 2 1 2 2 2 2 1 1 3 2 2 1 2 1 1 2 1 1 1 1 2 2 1 1 1 1 2 2 1 3 1 2 1 1 1 2 1 2 1 1 3 2 1 1 1 2 1 1 1 1 1 2 2 1 1 2 1 1 1 3 1 2 2 4 1 2 2 2 1 2 4 1 5 3 3 1 2 3 3 2 2 1 3 3 4 1 1 2 1 1 2 2 4 2 1 1 1 1 1 3 1 1 1 1 2 1 1 2 1 2 2 3 2 1 2 3 1 1 3 1 1 1 4 2 1 3 1 1 1 2 3 3 2 1 1 1 1 3 1 1 2 2 1 1 3 1 1 2 2 1 1 3 1 1 1 1 2 3 3 2 1 1 2 1 2 1 1 1 2 3 2 1 3 2 1 1 2 2 2 3 3 2 2 1 2 2 1 1 2 1 1 6 1 2 1 2 4 3 2 1 1 3 3 3 1 2 3 4 2 2 1 5 1 2 1 3 4 3 1 3 1 1 3 3 2 2 1 1 1 1 1 1 2 2 3 1 1 1 2 1 5 2 3 1 3 1 1 1 5 1 2 2 3 2 3 1 1 4 1 2 4 1 1 3 1 2 1 2 4 1 2 1 2 1 4 2 3 2 1 2 2 2 1 1 3 3 1 1 5 2 1 3 2 2 2 3 2 2 3 2 1 1 1 2 3 4 1 2 2 2 1 1 1 1 1 2 1 3 1 1 2 1 3 3 1 2 2 1 1 1 1 2 2 1 1 1 2 6 1 1 2 1 1 3 4 1 2 4 1 1 2 1 3 1 1 1 1 2 2 2 3 4 1 2 2 2 2 1 1 3 3 2 2 1 2 2 2 1 2 2 1 1 2 1 1 2 3 1 1 5 3 1 2 1 2 3 1 2 1 1 2 1 3 2 1 2 3 2 2 3 2 1 3 1 1 1 2 1 1 1 4 3 1 4 1 1 1 5 1 1 2 2 2 4 1 1 3 2 1 2 3 3 2 1 3 1 2 2 1 2 2 1 6 2 2 6 1 2 2 1 4 3 2 4 1 4 3 2 1 2 1 1 1 3 5 3 2 1 2 2 1 4 3 2 2 3 1 1 3 1 2 1 3 1 4 1 1 1 2 2 3 2 2 1 2 2 1 1 2 1 2 2 2 2 3 1 2 2 1 2 2 1 3 1 2 1 2 2 1 1 3 3 1 3 1 3 1 2 1 1 3 3 3 2 2 3 3 3 2 2 1 1 1 3 1 4 3 1 1 2 1 2 1 3 1 3 2 1 1 2 1 1 1 1 1 1 4 3 1 3 1 4 2 2 1 1 1 2 1 3 1 1 1 1 2 1 4 5 1 1 2 1 1 1 3 1 2 1 3 1 1 5 3 2 3 1 4 3 1 1 3 3 2 1 1 1 2 2 1 2 2 1 2 3 2 1 1 3 2 2 2 2 1 2 2 2 1 2 2 1 1 2 1 2 2 2 2 1 
  #Test Small 10661
  #Test Medium 24478
  #Test Large 32701
