.c
111111111111111111111111111111111111111111111111111111111111111111111111111111111111111111111111111111111111111111111111111111111111111111111111111111111111111111111111111111111111111111111111111111111111111111
111111111111111111111111111111111111111111111111111111111111111111111111111111121212121212111111111111111111111111111111111111111111111111111111111111111111111111111111111111111111111121212121212111111111111111
111111112122222211111111111111111111111111111111111111111111111111111111111111212121212122111111111111111111111112122222211111111111111111111111111111111111111111111111111111111111111212121212122111111111111111
111111111111122222111111111111111111111111111111111111111111111111111111111112122222222222211111111111111111111111111122222111111111111111111111111111111111111111111111111111111111112122222222222211111111111111
111111111222111122211111111111111111111111111111111111111111111111111111111121211111111122121111111111111111111111222111122211111111111111111111111111111111111111111111111111111111121211111111122121111111111111
111111111111222211122212111111111111111111111111111111111111111111111111111112211111111122211111111111111111111111111222211122212111111111111111111111111111111111111111111111111111112211111111122211111111111111
111111111111111122111121211111111111111211111121111112111111111111111111111121211111111122121111111111111111111111111111122111121211111111111111211111121111112111111111111111111111121211111111122121111111111111
111111111111222211122212111111111111111111111111111111111111111111111111111112211111111122211111111111111111111111111222211122212111111111111111111111111111111111111111111111111111112211111111122211111111111111
111111111111111122111121211111111111111211111121111112111111111111111111111121211111111122121111111111111111111111111111122111121211111111111111211111121111112111111111111111111111121211111111122121111111111111
111311411111111111111211121111112111112111111212111121111111111111111111111112211111111122211111111111111111311411111111111111211121111112111112111111212111121111111111111111111111112211111111122211111111111111
111111111111111122111121211111111111111211111121111112111111111111111111111121211111111122121111111111111111111111111111122111121211111111111111211111121111112111111111111111111111121211111111122121111111111111
111311411111111111111211121111112111112111111212111121111111111111111111111112211111111122211111111111111111311411111111111111211121111112111112111111212111121111111111111111111111112211111111122211111111111111
111111111111111111212111112111121211121121112111111111111111111111111111111121222222222222121111111111111111111111111111111212111112111121211121121112111111111111111111111111111111121222222222222121111111111111
111311411111111111121111111211211121211112121111212211111111111111111111111111121212121211111111112111111111311411111111111121111111211211121211112121111212211111111111111111111111111121212121211111111112111111
111111111111111111111111111122111112111111211111121111111111111111111111111111212121212122121111121211111111111111111111111111111111122111112111111211111121111111111111111111111111111212121212122121111121211111
111311411111111111111111111111111111111111111111111111111111111111111111111111111111111111112111211111111111311411111111111111111111111111111111111111111111111111111111111111111111111111111111111112111211111111
111111111111111111111111111111111111111111111111111111111111111111111111111111111111111111111212111111111111111111111111111111111111111111111111111111111111111111111111111111111111111111111111111111212111111111
111311411111111111111111111111111111111111111111111111111111211111111111111111111111111111111121111111111111311411111111111111111111111111111111111111111111111111111211111111111111111111111111111111121111111111
111111111111111111111111111211111121212121111211121222121111211121111211111111111111111111111122121211111111111111111111111111111111211111121212121111211121222121111211121111211111111111111111111111122121211111
111311411111111111111111111121121111121121121121211211212212111211121211211111111111111111112121212211111111311411111111111111111111121121111121121121121211211212212111211121211211111111111111111112121212211111
111111111111111111111111111121211212121121211211112221111121121112111211111111111111111111121212121211111111111111111111111111111111121211212121121211211112221111121121112111211111111111111111111121212121211111
111111111111111111111111112121121121121211112111111111112111112121112121111111111111111111212121212121111111111111111111111111111112121121121121211112111111111112111112121112121111111111111111111212121212121111
111111111111111111111111111121121121211121121111111111112112112111121112111121111111111122121212112111111111111111111111111111111111121121121211121121111111111112112112111121112111121111111111122121212112111111
111111111111111111111111111112112112111211212111111111121121121121121112111111111111111111111111111111111111111111111111111111111111112112112111211212111111111121121121121121112111111111111111111111111111111111
111111111111111111111111111111111111111112111111111111111111111211111111111111111111111111111111111111111111111111111111111111111111111111111111112111111111111111111111211111111111111111111111111111111111111111
111311411111111111111111111111111111111111111111111111111111111111111111111111111111111111111111111111111111311411111111111111111111111111111111111111111111111111111111111111111111111111111111111111111111111111
111111111111111111111111111111111111111111111111111122222111111111112111111111211111111121111111121111111111111111111111111111111111111111111111111111111111122222111111111112111111111211111111121111111121111111
111212121212121212121211111111111111111111111111111121111221111111111111111121112111111111111111211111111111212121212121212121211111111111111111111111111111121111221111111111111111121112111111111111111211111111
111212121212121212121211111212121212121212121212111121111122211111112111112111111121111121111121111111111111212121212121212121211111212121212121212121212111121111122211111112111112111111121111121111121111111111
111121212121212121212121112121212121212121212121211121111112222111111111211111111111211111112111111111111111121212121212121212121112121212121212121212121211121111112222111111111211111111111211111112111111111111
111121212121212121212121111111111111111111111111111121111111122222111121111111111111112111211111111111111111121212121212121212121111111111111111111111111111121111111122222111121111111111111112111211111111111111
111111111111111111111111111111111212121212111111111122222222222222212111111111111111111121111111111111111111111111111111111111111111111111212121212111111111122222222222222212111111111111111111121111111111111111
111111111111111111111111111111111111111111111111111111111111111111111111111111111111111111111111111111111111111111111111111111111111111111111111111111111111111111111111111111111111111111111111111111111111111111
111111111111111111111111111111111111111111111111111111111111111111111111111111111111111111111111111111111111111111111111111111111111111111111111111111111111111111111111111111111111111111111111111111111111111111
.c
11111111111111111111111111111111111111111111111111111111111111111111111111111111111111111111111111111111111111111111111
12121212121212121212121212121212121212121212121212121212121212121212121212121212121212121212121212121212121212121212121
12121212121212121212121212121212121212121212121212121212121212121212121212121212121212121212121212121212121212121212121
12121212121212121212121212121212121212121212121212121212121212121212121212121212121212121212121212121212121212121212121
12121212121212121212121212121212121212121212121212121212121212121212121212121212121212121212121212121212121212121212121
12121212121212121212121212121212121212121212121212121212121212121212121212121212121212121212121212121212121212121212121
12121212121212121212121212121212121212121212121212121212121212121212121212121212121212121111111111111111111111111111111
12121212121212121212121212121212121212121212121212121212121212121212121212121212121212121111111111111111111111111111111
12121212121212121212121212121212121212121212121212121212121212121212121212121212121212121111111111111111111111111111111
12121212121212121212121212121212121212121212121212121212121212121212121212121212121212121111111111111111111111111111111
12121212121212121212121212121212121212121212121212121212121212121212121212121212121212121111111111111111111111111111111
12121212121212121212121212121212121212121212121212121212121211111111111111111111111111111111111111111111111111111111111
12121212121212121212121212121212121212121212121212121212121211111111111111111111111111111111111111111111111111111111111
12121212121212121212121212121212121212121212121212121212121211111111111111111111111111111111111111111111111111111111111
12121212121212121212121212121212121212121212121212121212121211111111111111111111111111111111111111111111111111111111111
12121212121212121212121212121212121212121212121212121212121211111111111111111111111111111111111111111111111111111111111
12121212121212121212121212121212121211111111111111111111111111111111111111111111111111111111111111111111111111111111111
12121212121212121212121212121212121211111111111111111111111111111111111111111111111111111111111111111111111111111111111
12121212121212121212121212121212121211111111111111111111111111111111111111111111111111111111111111111111111111111111111
12121212121212121212121212121212121211111111111111111111111111111111111111111111111111111111111111111111111111111111111
12121212121212121212121212121212121211111111111111111111111111111111111111111111111111111111111111111111111111111111111
12121212121212121111111111111111111111111111111111111111111111111111111111111111111111111111111111111111111111111111111
12121212121212121111111111111111111111111111111111111111111111111111111111111111111111111111111111111111111111111111111
12121212121212121111111111111111111111111111111111111111111111111111111111111111111111111111111111111111111111111111111
12121212121212121111111111111111111111111111111111111111111111111111111111111111111111111111111111111111111111111111111
11111111111111111111111111111111111111111111111111111111111111111111111111111111111111111111111111111111111111111111111
.c
111111111111111111111111111111111111111111111111111111111111111111111111111111111111111111111111111111111111111111111111111111111111111111111111111111111111111111111
111111111111111111111111111111111111111111111111111111111111111111111111111111111111111111111111111111111111111111111111111111111111111111111111111111111111111111111
111111111111111111111111111111111111111111111111111111111111111111111111111111111111111111111111111111111111111111111111111111111111111111111111111111111111111111111
111112222222222222222222222211111111112222222222212222222222211111111112222212222212222212222211111111112212212212212212212212211111111112222212222212222212222211111
111112222222222222222222222211111111112222222222212222222222211111111112222212222212222212222211111111112212212212212212212212211111111112121212121212121212121211111
111112222222222222222222222211111111112222222222212222222222211111111112222212222212222212222211111111111111111111111111111111111111111112121212121212121212121211111
111112222222222222222222222211111111112222222222212222222222211111111112222212222212222212222211111111112212212212212212212212211111111112121212121212121212121211111
111112222222222222222222222211111111112222222222212222222222211111111112222212222212222212222211111111112212212212212212212212211111111112222212222212222212222211111
111112222222222222222222222211111111112222222222212222222222211111111111111111111111111111111111111111111111111111111111111111111111111111111111111111111111111111111
111112222222222222222222222211111111112222222222212222222222211111111112222212222212222212222211111111112212212212212212212212211111111112222212222212222212222211111
111112222222222222222222222211111111112222222222212222222222211111111112222212222212222212222211111111112212212212212212212212211111111112121212121212121212121211111
111112222222222222222222222211111111112222222222212222222222211111111112222212222212222212222211111111111111111111111111111111111111111112121212121212121212121211111
111112222222222222222222222211111111112222222222212222222222211111111112222212222212222212222211111111112212212212212212212212211111111112121212121212121212121211111
111112222222222222222222222211111111112222222222212222222222211111111112222212222212222212222211111111112212212212212212212212211111111112222212222212222212222211111
111112222222222222222222222211111111111111111111111111111111111111111111111111111111111111111111111111111111111111111111111111111111111111111111111111111111111111111
111112222222222222222222222211111111112222222222212222222222211111111112222212222212222212222211111111112212212212212212212212211111111112222212222212222212222211111
111112222222222222222222222211111111112222222222212222222222211111111112222212222212222212222211111111112212212212212212212212211111111112121212121212121212121211111
111112222222222222222222222211111111112222222222212222222222211111111112222212222212222212222211111111111111111111111111111111111111111112121212121212121212121211111
111112222222222222222222222211111111112222222222212222222222211111111112222212222212222212222211111111112212212212212212212212211111111112121212121212121212121211111
111112222222222222222222222211111111112222222222212222222222211111111112222212222212222212222211111111112212212212212212212212211111111112222212222212222212222211111
111112222222222222222222222211111111112222222222212222222222211111111111111111111111111111111111111111111111111111111111111111111111111111111111111111111111111111111
111112222222222222222222222211111111112222222222212222222222211111111112222212222212222212222211111111112212212212212212212212211111111112222212222212222212222211111
111112222222222222222222222211111111112222222222212222222222211111111112222212222212222212222211111111112212212212212212212212211111111112121212121212121212121211111
111112222222222222222222222211111111112222222222212222222222211111111112222212222212222212222211111111111111111111111111111111111111111112121212121212121212121211111
111112222222222222222222222211111111112222222222212222222222211111111112222212222212222212222211111111112212212212212212212212211111111112121212121212121212121211111
111112222222222222222222222211111111112222222222212222222222211111111112222212222212222212222211111111112212212212212212212212211111111112222212222212222212222211111
111111111111111111111111111111111111111111111111111111111111111111111111111111111111111111111111111111111111111111111111111111111111111111111111111111111111111111111
111111111111111111111111111111111111111111111111111111111111111111111111111111111111111111111111111111111111111111111111111111111111111111111111111111111111111111111
111111111111111111111111111111111111111111111111111111111111111111111111111111111111111111111111111111111111111111111111111111111111111111111111111111111111111111111
.c
11111111111111111111111111111111111111111111111111111111111111111111111111111111111111111111111111111111111111111111111111111111111111111
11111111111111111111111111111111111111111111111111111111111111111111111111111111111111111111111111111111111111111111111111111111111111111
11111111111111111111111111111111111111111111111111111111111111111111111111111111111111111111111111111111111111111111111111111111111111111
11112121212121212121212121212121211111111112222222222222221111111111212122212121222111111111122212221222122211111111122212221222122211111
11112121212121212121212121212121211111111112121212121212121111111111212122212121222111111111121212121212121211111111111111111111111111111
11112121212121212121212121212121211111111112212121212121211111111111212122212121222111111111122212221222122211111111122212221222122211111
11112121212121212121212121212121211111111112121212121212121111111111111111111111111111111111111111111111111111111111111111111111111111111
11112121212121212121212121212121211111111112212121212121221111111111212122212121222111111111122212221222122211111111122212221222122211111
11112121212121212121212121212121211111111112121212121212121111111111212122212121222111111111121212121212121211111111111111111111111111111
11112121212121212121212121212121211111111112212121212121221111111111212122212121222111111111122212221222122211111111122212221222122211111
11112121212121212121212121212121211111111112121212121212121111111111111111111111111111111111111111111111111111111111111111111111111111111
11112121212121212121212121212121211111111112121212122121211111111111212122212121222111111111122212221222122211111111122212221222122211111
11112121212121212121212121212121211111111112121212121212121111111111212122212121222111111111121212121212121211111111111111111111111111111
11112121212121212121212121212121211111111112212121212121221111111111212122212121222111111111122212221222122211111111122212221222122211111
11112121212121212121212121212121211111111112121212121212121111111111111111111111111111111111111111111111111111111111111111111111111111111
11112121212121212121212121212121211111111112212121212121221111111111212122212121222111111111122212221222122211111111122212221222122211111
11112121212121212121212121212121211111111112212121212121221111111111212122212121222111111111121212121212121211111111111111111111111111111
11112121212121212121212121212121211111111112222222222222221111111111212122212121222111111111122212221222122211111111122212221222122211111
11111111111111111111111111111111111111111111111111111111111111111111111111111111111111111111111111111111111111111111111111111111111111111
11111111111111111111111111111111111111111111111111111111111111111111111111111111111111111111111111111111111111111111111111111111111111111
11111111111111111111111111111111111111111111111111111111111111111111111111111111111111111111111111111111111111111111111111111111111111111
.c
11111111111111111111111111111111111111111111111111111111111111111111111111111111111111111111111111111111111111111111111111111111111111111111111111111111111
11111111111111111111111111111111111111111111111111111111111111111111111111111111111111111111111111111111111111111111111111111111111111111111111111111111111
11111322222222211111222222222211111222222222211111222222222211111222222222211111222222222211111222222222211111222222222211111222222222211111222222222411111
11111111111111111111111111111111111111111111111111111111111111111111111111111111111111111111111111111111111111111111111111111111111111111111111111111111111
11111322222222211111222222222211111222222222211111222222222211111222222222211111222222222211111222222222211111222222222211111222222222211111222222222411111
11111111111111111111111111111111111111111111111111111111111111111111111111111111111111111111111111111111111111111111111111111111111111111111111111111111111
11111322222222211111222222222211111222222222211111222222222211111222222222211111222222222211111222222222211111222222222211111222222222211111222222222411111
11111111111111111111111111111111111111111111111111111111111111111111111111111111111111111111111111111111111111111111111111111111111111111111111111111111111
11111322222222211111222222222211111222222222211111222222222211111222222222211111222222222211111222222222211111222222222211111222222222211111222222222411111
11111111111111111111111111111111111111111111111111111111111111111111111111111111111111111111111111111111111111111111111111111111111111111111111111111111111
11111322222222211111222222222211111222222222211111222222222211111222222222211111222222222211111222222222211111222222222211111222222222211111222222222411111
11111111111111111111111111111111111111111111111111111111111111111111111111111111111111111111111111111111111111111111111111111111111111111111111111111111111
11111322222222211111222222222211111222222222211111222222222211111222222222211111222222222211111222222222211111222222222211111222222222211111222222222411111
11111111111111111111111111111111111111111111111111111111111111111111111111111111111111111111111111111111111111111111111111111111111111111111111111111111111
11111322222222211111222222222211111222222222211111222222222211111222222222211111222222222211111222222222211111222222222211111222222222211111222222222411111
11111111111111111111111111111111111111111111111111111111111111111111111111111111111111111111111111111111111111111111111111111111111111111111111111111111111
11111322222222211111222222222211111222222222211111222222222211111222222222211111222222222211111222222222211111222222222211111222222222211111222222222411111
11111111111111111111111111111111111111111111111111111111111111111111111111111111111111111111111111111111111111111111111111111111111111111111111111111111111
11111322222222211111222222222211111222222222211111222222222211111222222222211111222222222211111222222222211111222222222211111222222222211111222222222411111
11111111111111111111111111111111111111111111111111111111111111111111111111111111111111111111111111111111111111111111111111111111111111111111111111111111111
.c
1111111111111111111111111111111111111111111111111111111111111111111111111111111111111111111111111111111111111111111111111111111111111111111111111111
1111111111111111111111111111111111111111111111111111111111111111111111111111111111111111111111111111111111111111111111111111111111111111111111111111
1111111111111311111111113111111111131111111111311111111113111111111131111111111311111111113111111111131111111111311111111113111111111131111111111111
1112222222222222222222222222222222222222222222222222222222222222222222222222222222222222222222222222222222222222222222222222222222222222222222222111
1111111111111211111111112111111111121111111111211111111112111111111121111111111211111111112111111111121111111111211111111112111111111121111111111111
1112222222222222222222222222222222222222222222222222222222222222222222222222222222222222222222222222222222222222222222222222222222222222222222222111
1111111111111211111111112111111111121111111111211111111112111111111121111111111211111111112111111111121111111111211111111112111111111121111111111111
1112222222222222222222222222222222222222222222222222222222222222222222222222222222222222222222222222222222222222222222222222222222222222222222222111
1111111111111211111111112111111111121111111111211111111112111111111121111111111211111111112111111111121111111111211111111112111111111121111111111111
1112222222222222222222222222222222222222222222222222222222222222222222222222222222222222222222222222222222222222222222222222222222222222222222222111
1111111111111211111111112111111111121111111111211111111112111111111121111111111211111111112111111111121111111111211111111112111111111121111111111111
1112222222222222222222222222222222222222222222222222222222222222222222222222222222222222222222222222222222222222222222222222222222222222222222222111
1111111111111211111111112111111111121111111111211111111112111111111121111111111211111111112111111111121111111111211111111112111111111121111111111111
1112222222222222222222222222222222222222222222222222222222222222222222222222222222222222222222222222222222222222222222222222222222222222222222222111
1111111111111211111111112111111111121111111111211111111112111111111121111111111211111111112111111111121111111111211111111112111111111121111111111111
1112222222222222222222222222222222222222222222222222222222222222222222222222222222222222222222222222222222222222222222222222222222222222222222222111
1111111111111211111111112111111111121111111111211111111112111111111121111111111211111111112111111111121111111111211111111112111111111121111111111111
1112222222222222222222222222222222222222222222222222222222222222222222222222222222222222222222222222222222222222222222222222222222222222222222222111
1111111111111211111111112111111111121111111111211111111112111111111121111111111211111111112111111111121111111111211111111112111111111121111111111111
1112222222222222222222222222222222222222222222222222222222222222222222222222222222222222222222222222222222222222222222222222222222222222222222222111
1111111111111211111111112111111111121111111111211111111112111111111121111111111211111111112111111111121111111111211111111112111111111121111111111111
1111111111111111111111111111111111111111111111111111111111111111111111111111111111111111111111111111111111111111111111111111111111111111111111111111
1111111111111111111111111111111111111111111111111111111111111111111111111111111111111111111111111111111111111111111111111111111111111111111111111111
.c
1111111111111111111111111111111111111111111111111111111111111111111111111111111111111111111111111111111111
1122112211221111221122112211112211221122111122112211221111221122112211221122112211221122112211221122112211
1111221122111111112211221111111122112211111111221122111111112211221111112211221111112211221111112211221111
1122112211221111221122112211112211221122111122112211221111221122112211221122112211221122112211221122112211
1111221122111111112211221111111122112211111111221122111111112211221111112211221111112211221111112211221111
1122112211221111221122112211112211221122111122112211221111221122112211221122112211221122112211221122112211
1111221122111111112211221111111122112211111111221122111111112211221111112211221111112211221111112211221111
1122112211221111221122112211112211221122111122112211221111221122112211221122112211221122112211221122112211
1111221122111111112211221111111122112211111111221122111111112211221111112211221111112211221111112211221111
1122112211221111221122112211112211221122111122112211221111221122112211221122112211221122112211221122112211
1111221122111111112211221111111122112211111111221122111111112211221111112211221111112211221111112211221111
1122112211221111221122112211112211221122111122112211221111221122112211221122112211221122112211221122112211
1111221122111111112211221111111122112211111111221122111111112211221111112211221111112211221111112211221111
1122112211221111221122112211112211221122111122112211221111221122112211221122112211221122112211221122112211
1111221122111111112211221111111122112211111111221122111111112211221111112211221111112211221111112211221111
1122112211221111221122112211112211221122111122112211221111221122112211221122112211221122112211221122112211
1111221122111111112211221111111122112211111111221122111111112211221111112211221111112211221111112211221111
1122112211221111221122112211112211221122111122112211221111221122112211221122112211221122112211221122112211
1111221122111111112211221111111122112211111111221122111111112211221111112211221111112211221111112211221111
1122112211221111221122112211112211221122111122112211221111221122112211221122112211221122112211221122112211
1111221122111111112211221111111122112211111111221122111111112211221111112211221111112211221111112211221111
1122112211221111221122112211112211221122111122112211221111221122112211221122112211221122112211221122112211
1111221122111111112211221111111122112211111111221122111111112211221111112211221111112211221111112211221111
1122112211221111221122112211112211221122111122112211221111221122112211221122112211221122112211221122112211
1111221122111111112211221111111122112211111111221122111111112211221111112211221111112211221111112211221111
1122112211221111221122112211112211221122111122112211221111221122112211221122112211221122112211221122112211
1111111111111111111111111111111111111111111111111111111111111111111111111111111111111111111111111111111111
