.c
11111111111111111111111111111111111111111111111111111111111111111111
12222222222222222222222222222222222222222222222222222222222222222221
12111111111111111111111111111111111111111111111111111111111111111121
12111111111111111111111111111111111111111111111111111111111111111121
12111111111111111111111111111111111111111111111111111111111111111121
12111111111111111111111111111111111111111111111111111111111111111121
12111111111111111111111111111111111111111111111111111111111111111121
12111111111111111111111111111111111111111111111111111111111111111121
12111111111111111111111111111111111111111111111111111111111111111121
12111111111111111111111111111111111111111111111111111111111111111121
12111111111111111111111111111111111111111111111111111111111111111121
12111111111111111111111111111111111111111111111111111111111111111121
12111111111111111111111111111111111111111111111111111111111111111121
12111111111111111111111111111111111111111111111111111111111111111121
12111111111111111111111111111111111111111111111111111111111111111121
12111111111111111111111111111111111111111111111111111111111111111121
12111111111111111111111111111111111111111111111111111111111111111121
12222222222222222222222222222222221111111111111111111111111111111121
11111111111111111111111111111111121111111111111111111111111111111121
11111111111111111111111111111111121111111111111111111111111111111121
11111111111111111111111111111111121111111111111111111111111111111121
11111111111111111111111111111111121111111111111111111111111111111121
11111111111111111111111111111111121111111111111111111111111111111121
11111111111111111111111111111111121111111111111111111111111111111121
11111111111111111111111111111111121111111111111111111111111111111121
11111111111111111111111111111111121111111111111111111111111111111121
11111111111111111111111111111111121111111111111111111111111111111121
11111111111111111111111111111111121111111111111111111111111111111121
11111111111111111111111111111111121111111111111111111111111111111121
11111111111111111111111111111111121111111111111111111111111111111121
11111111111111111111111111111111121111111111111111111111111111111121
11111111111111111111111111111111121111111111111111111111111111111121
11111111111111111111111111111111121111111111111111111111111111111121
11111111111111111111111111111111122222222222222222222222222222222221
11111111111111111111111111111111111111111111111111111111111111111111
.c
1111111111111111111111111111111111111111111111111111111111111111111111111111111111111111111111111111111111111111
1211113111121212111131111212121111311112121211113111121112111131111212121111311112121211113111121212111131111211
1121111111211211211111112112112111111121121121111111211111211111112112112111111121121121111111211211211111112111
1112111112111211121111121112111211111211121112111112111111121111121112111211111211121112111112111211121111121111
1111211121111211112111211112111121112111121111211121111111112111211112111121112111121111211121111211112111211111
1111121211111211111212111112111112121111121111121211111111111212111112111112121111121111121211111211111212111111
1111112111111211111121111112111111211111121111112111111111111121111112111111211111121111112111111211111121111111
1111121211111211111212111112111112121111121111121211111111111212111112111112121111121111121211111211111212111111
1111211121111211112111211112111121112111121111211121111111112111211112111121112111121111211121111211112111211111
1112111112111211121111121112111211111211121112111112111111121111121112111211111211121112111112111211121111121111
1121111111211211211111112112112111111121121121111111211111211111112112112111111121121121111111211211211111112111
1211114111121212111141111212121111411112121211114111121112111141111212121111411112121211114111121212111141111211
1111111111111111111111111111111111111111111111111111111111111111111111111111111111111111111111111111111111111111
.c
111111111111111111111111111111111111111111111111111111111111111111
111211211111111211211111121121111111121121111112112111111112112111
111111111131411111111111111111113141111111111111111111314111111111
111211211111111211211111121121111111121121111112112111111112112111
111111111111111111111111111111111111111111111111111111111111111111
111111111111111111111111111111111111111111111111111111111111111111
111211211111111211211111121121111111121121111112112111111112112111
111111111131411111111111111111113141111111111111111111314111111111
111211211111111211211111121121111111121121111112112111111112112111
111111111111111111111111111111111111111111111111111111111111111111
111111111111111111111111111111111111111111111111111111111111111111
111211211111111211211111121121111111121121111112112111111112112111
111111111131411111111111111111113141111111111111111111314111111111
111211211111111211211111121121111111121121111112112111111112112111
111111111111111111111111111111111111111111111111111111111111111111
111111111111111111111111111111111111111111111111111111111111111111
111211211111111211211111121121111111121121111112112111111112112111
111111111131411111111111111111113141111111111111111111314111111111
111211211111111211211111121121111111121121111112112111111112112111
111111111111111111111111111111111111111111111111111111111111111111
111111111111111111111111111111111111111111111111111111111111111111
111211211111111211211111121121111111121121111112112111111112112111
111111111131411111111111111111113141111111111111111111314111111111
111211211111111211211111121121111111121121111112112111111112112111
111111111111111111111111111111111111111111111111111111111111111111
111111111111111111111111111111111111111111111111111111111111111111
111211211111111211211111121121111111121121111112112111111112112111
111111111131411111111111111111113141111111111111111111314111111111
111211211111111211211111121121111111121121111112112111111112112111
111111111111111111111111111111111111111111111111111111111111111111
.c
11111111111111111111111111111111111111111111111111111111111111111111111111111111111111111111111111111111111111111111111111111111111
12111111111114111111111112121111111111141111111111121211111111111411111111111212111111111114111111111112121111111111141111111111121
11211111111111111111111121112111111111111111111111211121111111111111111111112111211111111111111111111121112111111111111111111111211
12121111111111111111111212121211111111111111111112121212111111111111111111121212121111111111111111111212121211111111111111111112121
11212111111113111111112121112121111111131111111121211121211111111311111111212111212111111113111111112121112121111111131111111121211
12121211111111111111121212121212111111111111111212121212121111111111111112121212121211111111111111121212121212111111111111111212121
11212121111111111111212121112121211111111111112121211121212111111111111121212111212121111111111111212121112121211111111111112121211
12121212111111111112121211121212121111111111121212111212121211111111111212121112121212111111111112121211121212121111111111121212121
11212121211111111121212121112121212111111111212121211121212121111111112121212111212121211111111121212121112121212111111111212121211
12121212121111111212121212121212121211111112121212121212121212111111121212121212121212121111111212121212121212121211111112121212121
11111111111111111111111111111111111111111111111111111111111111111111111111111111111111111111111111111111111111111111111111111111111
21212121212111112121212121212121212121111121212121212121212121211111212121212121212121212111112121212121212121212121111121212121211
21212121212121212121212121212121212121212121212121212121212121212121212121212121212121212121212121212121212121212121212121212121211
11111111111111111111111111111111111111111111111111111111111111111111111111111111111111111111111111111111111111111111111111111111111
12111111111114111111111112121111111111141111111111121211111111111411111111111212111111111114111111111112121111111111141111111111121
11211111111111111111111121112111111111111111111111211121111111111111111111112111211111111111111111111121112111111111111111111111211
12121111111111111111111212121211111111111111111112121212111111111111111111121212121111111111111111111212121211111111111111111112121
11212111111113111111112121112121111111131111111121211121211111111311111111212111212111111113111111112121112121111111131111111121211
12121211111111111111121212121212111111111111111212121212121111111111111112121212121211111111111111121212121212111111111111111212121
11212121111111111111212121112121211111111111112121211121212111111111111121212111212121111111111111212121112121211111111111112121211
12121212111111111112121211121212121111111111121212111212121211111111111212121112121212111111111112121211121212121111111111121212121
11212121211111111121212121112121212111111111212121211121212121111111112121212111212121211111111121212121112121212111111111212121211
12121212121111111212121212121212121211111112121212121212121212111111121212121212121212121111111212121212121212121211111112121212121
11111111111111111111111111111111111111111111111111111111111111111111111111111111111111111111111111111111111111111111111111111111111
21212121212111112121212121212121212121111121212121212121212121211111212121212121212121212111112121212121212121212121111121212121211
21212121212121212121212121212121212121212121212121212121212121212121212121212121212121212121212121212121212121212121212121212121211
.c
111111111111111111111111111111111111111111111111111111111111111
121111111141111111121121111111141111111121121111111141111111121
112111111111111111211112111111111111111211112111111111111111211
121211111111111112121121211111111111112121121211111111111112121
112121111131111121211112121111131111121211112121111131111121211
121212111111111212121121212111111111212121121212111111111212121
112121211111112121211112121211111112121211112121211111112121211
121212121111121212121121212121111121212121121212121111121212121
112121212111212121211112121212111212121211112121212111212121211
121212121212121212121121212121212121212121121212121212121212121
112121212111212121211112121212111212121211112121212111212121211
121212121212121212121121212121212121212121121212121212121212121
111111111111111111111111111111111111111111111111111111111111111
111111111111111111111111111111111111111111111111111111111111111
111111111111111111111111111111111111111111111111111111111111111
121111111141111111121121111111141111111121121111111141111111121
112111111111111111211112111111111111111211112111111111111111211
121211111111111112121121211111111111112121121211111111111112121
112121111131111121211112121111131111121211112121111131111121211
121212111111111212121121212111111111212121121212111111111212121
112121211111112121211112121211111112121211112121211111112121211
121212121111121212121121212121111121212121121212121111121212121
112121212111212121211112121212111212121211112121212111212121211
121212121212121212121121212121212121212121121212121212121212121
112121212111212121211112121212111212121211112121212111212121211
121212121212121212121121212121212121212121121212121212121212121
111111111111111111111111111111111111111111111111111111111111111
111111111111111111111111111111111111111111111111111111111111111
111111111111111111111111111111111111111111111111111111111111111
121111111141111111121121111111141111111121121111111141111111121
112111111111111111211112111111111111111211112111111111111111211
121211111111111112121121211111111111112121121211111111111112121
112121111131111121211112121111131111121211112121111131111121211
121212111111111212121121212111111111212121121212111111111212121
112121211111112121211112121211111112121211112121211111112121211
121212121111121212121121212121111121212121121212121111121212121
112121212111212121211112121212111212121211112121212111212121211
121212121212121212121121212121212121212121121212121212121212121
.c
111111111111111111111111111111111111111111111111111111111111111
121212121212121212121121212121212121212121121212121212121212121
111111111111111111111111111111111111111111111111111111111111111
121111111111111111121121111111111111111121121111111111111111121
112111111111111111111112111111111111111111112111111111111111111
121211111111111111121121211111111111111121121211111111111111121
112121111111111111111112121111111111111111112121111111111111111
121212111111111111121121212111111111111121121212111111111111121
112121211111111111111112121211111111111111112121211111111111111
121212121111111111121121212121111111111121121212121111111111121
112121212111111111111112121212111111111111112121212111111111111
121212121211111111121121212121211111111121121212121211111111121
112121212121111111111112121212121111111111112121212121111111111
121212121212111111121121212121212111111121121212121212111111121
112121212121211111111112121212121211111111112121212121211111111
121212121212121111121121212121212121111121121212121212121111121
112121212121212111111112121212121212111111112121212121212111111
121212121212121211121121212121212121211121121212121212121211121
112121212121212121211112121212121212121211112121212121212121211
121212121212121212121121212121212121212121121212121212121212121
111111111111111111111111111111111111111111111111111111111111111
.c
1111111111111111111111111111111111111111111111111111111111111111111111111111111111111111111111111111111111111111
1122222222111111222222221111112222222211111122222222111111222222221111112222222211111122222222111111222222221111
1121111111111111211111111111112111111111111121111111111111211111111111112111111111111121111111111111211111111111
1121111111121111211111111211112111111112111121111111121111211111111211112111111112111121111111121111211111111211
1121111111121111211111111211112111111112111121111111121111211111111211112111111112111121111111121111211111111211
1121111111121111211111111211112111111112111121111111121111211111111211112111111112111121111111121111211111111211
1121111111121111211111111211112111111112111121111111121111211111111211112111111112111121111111121111211111111211
1121111111121111211111111211112111111112111121111111121111211111111211112111111112111121111111121111211111111211
1121111111121111211111111211112111111112111121111111121111211111111211112111111112111121111111121111211111111211
1111111111121111111111111211111111111112111111111111121111111111111211111111111112111111111111121111111111111211
1111222222221111112222222211111122222222111111222222221111112222222211111122222222111111222222221111112222222211
1111111111111111111111111111111111111111111111111111111111111111111111111111111111111111111111111111111111111111
1111111111111111111111111111111111111111111111111111111111111111111111111111111111111111111111111111111111111111
1122222222111111222222221111112222222211111122222222111111222222221111112222222211111122222222111111222222221111
1121111111111111211111111111112111111111111121111111111111211111111111112111111111111121111111111111211111111111
1121111111121111211111111211112111111112111121111111121111211111111211112111111112111121111111121111211111111211
1121111111121111211111111211112111111112111121111111121111211111111211112111111112111121111111121111211111111211
1121111111121111211111111211112111111112111121111111121111211111111211112111111112111121111111121111211111111211
1121111111121111211111111211112111111112111121111111121111211111111211112111111112111121111111121111211111111211
1121111111121111211111111211112111111112111121111111121111211111111211112111111112111121111111121111211111111211
1121111111121111211111111211112111111112111121111111121111211111111211112111111112111121111111121111211111111211
1111111111121111111111111211111111111112111111111111121111111111111211111111111112111111111111121111111111111211
1111222222221111112222222211111122222222111111222222221111112222222211111122222222111111222222221111112222222211
1111111111111111111111111111111111111111111111111111111111111111111111111111111111111111111111111111111111111111
.c
11111111111111111111111111111111111111111111111111111111111111111111
11222222222222211112222222222222111122222222222221111222222222221111
11211111111111211112111111111112111121111111111121111222222222221111
11211111111111211112111111111112111121111111111121111222222222221111
11211111111111211112111111111112111121111111111121111222222222221111
11211111111111211112111111111112111121111111111121111222222222221111
11211111111111211112111111111112111122222222222221111111111111111111
11211111111111211112222222222222111111111111111111111222222222221111
11211111111111211111111111111111111122222222222221111212121212121111
11211111111111211111111111111111111122222222222221111221212121221111
11211111111111211112222222222222111111111111111111111222222222221111
11211111111111211112111111111112111122222222222221111111111111111111
11211111111111211112111111111112111121111111111121111222222222221111
11211111111111211112111111111112111121111111111121111222222222221111
11211111111111211112111111111112111121111111111121111222222222221111
11211111111111211112111111111112111121111111111121111222222222221111
11222222222222211112222222222222111122222222222221111222222222221111
11111111111111111111111111111111111111111111111111111111111111111111
11111111111111111111111111111111111111111111111111111111111111111111
11222222222222211112222222222222111122222222222221111222222222221111
11211111111111211112111111111112111121111111111121111222222222221111
11211111111111211112111111111112111121111111111121111222222222221111
11211111111111211112111111111112111121111111111121111222222222221111
11211111111111211112111111111112111121111111111121111222222222221111
11211111111111211112111111111112111122222222222221111111111111111111
11211111111111211112222222222222111111111111111111111222222222221111
11211111111111211111111111111111111122222222222221111212121212121111
11211111111111211111111111111111111122222222222221111221212121221111
11211111111111211112222222222222111111111111111111111222222222221111
11211111111111211112111111111112111122222222222221111111111111111111
11211111111111211112111111111112111121111111111121111222222222221111
11211111111111211112111111111112111121111111111121111222222222221111
11211111111111211112111111111112111121111111111121111222222222221111
11211111111111211112111111111112111121111111111121111222222222221111
11222222222222211112222222222222111122222222222221111222222222221111
11111111111111111111111111111111111111111111111111111111111111111111
.c
11111111111111111111111111111111111111111111111111111111111111
11222222222222222222222222222222222222222222222222222222222211
11211111111111111111111111111111111111111111111111111111111211
11211212111111111111111111111111111111111111111111111131411211
11211212111111111111111111111111111111111111111111111111111211
11211212111111111111111111111111111111111111111111111116111211
11211111111111111111111111111111111111111111111111111111111211
11211111111111111111111111111111111111111111111111111111111211
11211111111111111111111111111111111111111111111111111111111211
11211161111111111111111111111111111111111111111111111121211211
11211111111111111111111111111111111111111111111111111121211211
11211413111111111111111111111111111111111111111111111121211211
11211111111111111111111111111111111111111111111111111111111211
11222222222222222222222222222222222222222222222222222222222211
11111111111111111111111111111111111111111111111111111111111111
.c
111111111111111111111111111111111111111
112112121212121212121212121212121211211
111111111111111111111111111111111111111
112112121212121212121212121212121211211
111111111111111111111111111111111111111
112112111111111111111111111111111211211
111111111111111111111111111111111111111
112112111111111111111111111111111211211
111111111111111111111111111111111111111
112112111111111111111111111111111211211
111111111111111111111111111111111111111
112112111111111111111111111111111211211
111111111111111111111111111111111111111
112112111111111111111111111111111211211
111111111111111111111111111111111111111
112112111111111111111111111111111211211
111111111111111111111111111111111111111
112112111111111111111111111111111211211
111111111111111111111111111111111111111
112112111111111111111111111111111211211
111111111111111111111111111111111111111
112112111111111111111111111111111211211
111111111111111111111111111111111111111
112112111111111111111111111111111211211
111111111111111111111111111111111111111
112112121212121212121212121212121211211
112111111111111111111111111111111111211
112111212121212121212121212121212211211
111111111111111111111111111111111111111
.c
1111111111111111111111111111111111111111111111111111111111111111111111
1122222222222222111111111112222222222222211111111111222222222222221111
1121111111111111111121211112111111111111111112121111211111111111111111
1121111111111111121112111112111111111111112111211111211111111111111211
1121111111111111121121211112111111111111112112121111211111111111111211
1121111111111111121112111112111111111111112111211111211111111111111211
1121111111111111121121211112111111111111112112121111211111111111111211
1121111111111111121112111112111111111111112111211111211111111111111211
1121111111111111121121211112111111111111112112121111211111111111111211
1121111111111111121112111112111111111111112111211111211111111111111211
1121111111111111121121211112111111111111112112121111211111111111111211
1121111111111111121112111112111111111111112111211111211111111111111211
1121111111111111121121211112111111111111112112121111211111111111111211
1121111111111111121112111112111111111111112111211111211111111111111211
1121111111111111121121211112111111111111112112121111211111111111111211
1121111111111111121112111112111111111111112111211111211111111111111211
1121111111111111121121211112111111111111112112121111211111111111111211
1111111111111111121112111111111111111111112111211111111111111111111211
1111222222222222221111111111122222222222222111111111112222222222222211
1111111111111111111111111111111111111111111111111111111111111111111111
.c
1111111111111111111111111111111111111111111111111111111111111
1121212121211111212121212121111121212121212111112121212121211
1111111111211111211111111111111111111111112111112111111111111
1121212121211111212121212121111121212121212111112121212121211
1111111111211111211111111111111111111111112111112111111111111
1111111111211111211111111111111111111111112111112111111111111
1111111111211111211111111111111111111111112111112111111111111
1111111111211111211111111111111111111111112111112111111111111
1111111111211111211111111111111111111111112111112111111111111
1111111111211111211111111111111111111111112111112111111111111
1111111111211111211111111111111111111111112111112111111111111
1111111111211111211111111111111111111111112111112111111111111
1111111111211111211111111111111111111111112111112111111111111
1111111111211111211111111111111111111111112111112111111111111
1111111111211111211111111111111111111111112111112111111111111
1131111111211111211111111141111131111111112111112111111111411
1111111111111111111111111111111111111111111111111111111111111
.c
111111111111111111111111111111111111111111111111111111111111111111111111111111111
112121212121212121212111111111121212121212121212121111111111212121212121212121211
111111111111111111111111111111111111111111111111111111111111111111111111111111111
112111111111111111111111111111121111111111111111111111111111211111111111111111111
111111111111111111111111111111111111111111111111111111111111111111111111111111111
112111111111111111111111111111121111111111111111111111111111211111111111111111111
111111111111111111111111111111111111111111111111111111111111111111111111111111111
112111111111111111111111111111121111111111111111111111111111211111111111111111111
111111111111111111111111111111111111111111111111111111111111111111111111111111111
112111111111111111111111111111121111111111111111111111111111211111111111111111111
111111111111111111111111111111111111111111111111111111111111111111111111111111111
112111111111111111111111111111121111111111111111111111111111211111111111111111111
111111111111111111111111111111111111111111111111111111111111111111111111111111111
112111111111111111111111111111121111111111111111111111111111211111111111111111111
111111111111111111111111111111111111111111111111111111111111111111111111111111111
112111111111111111111111111111121111111111111111111111111111211111111111111111111
111111111111111111111111111111111111111111111111111111111111111111111111111111111
112111111111111111111111111111121111111111111111111111111111211111111111111111111
111111111111111111211111111111111111111111111111211111111111111111111111111121111
112111111111111111112111111111121111111111111111112111111111211111111111111111211
111111111111111111111111111111111111111111111111111111111111111111111111111111111
.c
111111111111111111111111111111111111111111111111111111
111111111111111111111111111111111111111111111111111111
111111111111111111111111111111111111111111111111111111
111141121121121121121121121121121121121121121121121111
111111111111111111111111111111111111111111111111111111
111121111111111111111111111111111111111111111111121111
111111111111111111111111111111111111111111111111111111
111121121121121121121121121121121121121121121121131111
111111111111111111111111111111111111111111111111111111
111111111111111111111111111111111111111111111111111111
111111111111111111111111111111111111111111111111111111
.c
11111111111111
11111111111111
11411211211211
11111111111111
11211211211211
11111111111111
11211211211211
11111111111111
11211211211211
11111111111111
11211211211311
11111111111111
11111111111111
.c
111111111111111
111111111111111
111312121214111
111111111111111
111211111112111
111111111111111
111211111112111
111111111111111
111212151212111
111111111111111
111211111112111
111111111111111
111211111112111
111111111111111
111312121214111
111111111111111
111111111111111
.c
111111111111111111111111111111111111111111
111111111111111111111111111111111111111111
111111111111111111111111111111111111111111
111111111111111111111111111111111111111111
111141212121212121211112121212121212121111
111111111111111111111111111111111111111111
111121212121212121211112121212121212121111
111111111111111111111111111111111111111111
111121212121212121211112121212121212121111
111111111111111111111111111111111111111111
111121212121212121211112121212121212121111
111111111111111111111111111111111111111111
111121212121212121211112121212121212121111
111111111111111111111111111111111111111111
111121212121212121211112121212121212121111
111111111111111111111111111111111111111111
111121212121212121211112121212121212121111
111111111111111111111111111111111111111111
111121212121212121211112121212121212121111
111111111111111111111111111111111111111111
111121212121212121211112121212121212121111
111111111111111111111111111111111111111111
111121212121212121211112121212121212121111
111111111111111111111111111111111111111111
111121212121212121211112121212121212121111
111111111111111111111111111111111111111111
111121212121212121211112121212121212121111
111111111111111111111111111111111111111111
111121212121212121211112121212121212131111
111111111111111111111111111111111111111111
111111111111111111111111111111111111111111
111111111111111111111111111111111111111111
111111111111111111111111111111111111111111
.c
111111111111111111111111111111111111111111111111111111111111
111111111111111111111111111111111111111111111111111111111111
111111111111111111111111111111111111111111111111111111111111
111111111111111111111111111111111111111111111111111111111111
111112121212121212121212121212121212121212121212121212111111
111111111111111111111111111111111111111111111111111111211111
111112111111141212121212121211112121212121212121111111111111
111111111111111111111111111111111111111111111111111111211111
111112111111121212121212121211112121212121212121111111111111
111111111111111111111111111111111111111111111111111111211111
111112111111121212121212121211112121212121212121111111111111
111111111111111111111111111111111111111111111111111111211111
111112111111121212121212121211112121212121212121111111111111
111111111111111111111111111111111111111111111111111111211111
111112111111121212121212121211112121212121212121111111111111
111111111111111111111111111111111111111111111111111111211111
111112111111121212121212121211112121212121212121111111111111
111111111111111111111111111111111111111111111111111111211111
111112111111121212121212121211112121212121212121111111111111
111111111111111111111111111111111111111111111111111111211111
111112111111121212121212121211112121212121212121111111111111
111111111111111111111111111111111111111111111111111111211111
111112111111121212121212121211112121212121212121111111111111
111111111111111111111111111111111111111111111111111111211111
111112111111121212121212121211112121212121212121111111111111
111111111111111111111111111111111111111111111111111111211111
111112111111121212121212121211112121212121212121111111111111
111111111111111111111111111111111111111111111111111111211111
111112111111121212121212121211112121212121212121111111111111
111111111111111111111111111111111111111111111111111111211111
111112111111121212121212121211112121212121212121111111111111
111111111111111111111111111111111111111111111111111111211111
111112111111121212121212121211112121212121212121111111111111
111111111111111111111111111111111111111111111111111111211111
111112111111121212121212121211112121212121212121111111111111
111111111111111111111111111111111111111111111111111111211111
111112111111121212121212121211112121212121212121111111111111
111111111111111111111111111111111111111111111111111111211111
111112111111121212121212121211112121212121212121111111111111
111111111111111111111111111111111111111111111111111111211111
111112111111121212121212121211112121212121212121111111111111
111111111111111111111111111111111111111111111111111111211111
111112111111121212121212121211112121212121212121111111111111
111111111111111111111111111111111111111111111111111111211111
111112111111141212121212121211112121212121212131111111111111
111111111111111111111111111111111111111111111111111111211111
111112121212121212121212121212121212121212121212121212111111
111111111111111111111111111111111111111111111111111111111111
111111111111111111111111111111111111111111111111111111111111
111111111111111111111111111111111111111111111111111111111111
111111111111111111111111111111111111111111111111111111111111
.c
1111111111111111111111111111111111111111111111111
1111111111111111111111111111111111111111111111111
1111111111111111111111111111111111111111111111111
1111111111111111111111111111111111111111111111111
1111412121212121212121212121212121212121212121111
1111111111111111111111111111111111111111111111111
1111211111111111111111111111111111111111111121111
1111111111111111111111111111111111111111111111111
1111211111111111111111111111111111111111111121111
1111111111111111111111111111111111111111111111111
1111211111111111111111111111111111111111111121111
1111111111111111111111111111111111111111111111111
1111211111111111111111111111111111111111111121111
1111111111111111111111111111111111111111111111111
1111211111111121212121212121212121211111111121111
1111111111111111111111111111111111111111111111111
1111211111111121111111111111111111211111111121111
1111111111111111111111111111111111111111111111111
1111211111111121111111111111111111211111111121111
1111111111111111111111111111111111111111111111111
1111211111111121212121212121212121211111111121111
1111111111111111111111111111111111111111111111111
1111211111111111111111111111111111111111111121111
1111111111111111111111111111111111111111111111111
1111211111111111111111111111111111111111111121111
1111111111111111111111111111111111111111111111111
1111211111111111111111111111111111111111111121111
1111111111111111111111111111111111111111111111111
1111211111111111111111111111111111111111111121111
1111111111111111111111111111111111111111111111111
1111212121212121212121212121212121212121212141111
1111111111111111111111111111111111111111111111111
1111111111111111111111111111111111111111111111111
1111111111111111111111111111111111111111111111111
1111111111111111111111111111111111111111111111111
.c
1111111111111111111111111111111111111111111111111
1112121212121212121212121212121212121212121212111
1211111111111111111111111111111111111111111111211
1111412121212121212121212121212121212121212121111
1211111111111111111111111111111111111111111111211
1111211111111111111111111111111111111111111121111
1211121212121212121212121212121212121212121211211
1111211111111111111111111111111111111111111121111
1211121212121212121212121212121212121212121211211
1111211111111111111111111111111111111111111121111
1211111111111111111111111111111111111111111111211
1111211111111121212121212121212121211111111121111
1211111111111111111111111111111111111111111111211
1111211111111121111111111111111111211111111121111
1211111111111111111111111111111111111111111111211
1111211111111121111111111111111111211111111121111
1211111111111111111111111111111111111111111111211
1111211111111121212121212121212121211111111121111
1211111111111111111111111111111111111111111111211
1111211111111111111111111111111111111111111121111
1211121212121212121212121212121212121212121211211
1111211111111111111111111111111111111111111121111
1211121212121212121212121212121212121212121211211
1111211111111111111111111111111111111111111121111
1211121112111112121212121212121212121212121111211
1111111111111111111111111111111111111111111111111
1212121212121212121212121211212121212121212121111
1111111111111111111111111111111111111111111111111
1111111111111111111111111111111111111111111111111
1111111111111111111111111111111111111111111111111




