.c                         
1111111111111111111111111111111111111111111111111111111111111111111111
1111777777777777777771111121112121211121214111117777777777777777711111
1111711111111111111171111121212111212121112111117111111111111111711111
1111711111111111111171111121112121211121212111117111111111111111711111
1111711111111111111171111121212111212121112111117111111111111111711111
1111711111111111111171111121112121211121212111117111111111111111711111
1111711111111111111171111121212111212121112111117111111111111111711111
1111711111111111111171111121112121211121212111117111111111111111711111
1111711111111111111171111121212111212121112111117111111111111111711111
1111711111111111111171111121112121211121212111117111111111111111711111
1111711111111111111171111121212111212121112111117111111111111111711111
1111711111111111111171111121112121211121212111117111111111111111711111
1111711111111111111171111121212111212121112111117111111111111111711111
1111711111111111111171111121112121211121212111117111111111111111711111
1111711111111111111171111121212111212121112111117111111111111111711111
1111711111111111111171111121112121211121212111117111111111111111711111
1111711111111111111171111121212111212121112111117111111111111111711111
1111711111111111111171111121112121211121212111117111111111111111711111
1111711111111111111171111121212111212121112111117111111111111111711111
1111711111111111111171111121112121211121212111117111111111111111711111
1111711111111111111171111121212111212121112111117111111111111111711111
1111711111111111111171111121112121211121212111117111111111111111711111
1111711111111111111171111121212111212121112111117111111111111111711111
1111711111111111111171111121112121211121212111117111111111111111711111
1111711111111111111171111121212111212121112111117111111111111111711111
1111711111111111111171111121112121211121212111117111111111111111711111
1111711111111111111171111121212111212121112111117111111111111111711111
1111711111111111111171111121112121211121212111117111111111111111711111
1111711111111111111171111121212111212121112111117111111111111111711111
1111711111111111111171111121112121211121212111117111111111111111711111
1111711111111111111171111121212111212121112111117111111111111111711111
1111711111111111111171111121112121211121212111117111111111111111711111
1111711111111111111171111121212111212121112111117111111111111111711111
1111711111111111111171111121112121211121212111117111111111111111711111
1111711111111111111171111121212111212121112111117111111111111111711111
1111711111111111111171111121112121211121212111117111111111111111711111
1111711111111111111171111121212111212121112111117111111111111111711111
1111711111111111111171111121112121211121212111117111111111111111711111
1111777777777777777771111131113121311131212111117777777777777777711111
1111111111111111111111111111111111111111111111111111111111111111111111
.c
111111111111111111111111111111111111
111111111111111111111111111111111111
111111111111111111111111111111111111
111111111111111111111111111111111111
111121212111111777777777777777711111
111111111111111711111111111111711111
111112121111111711111111111111711111
111111111111111711111111111111711111
111121212111111711111111111111711111
111111111111111711111111111111711111
111112121111111711111111111111711111
111111111111111711111111111111711111
111121212111111711111111111111711111
111111111111111711111111111111711111
111112121111111711111111111111711111
111111111111111711111111111111711111
111121212111111711111111111111711111
111111111111111711111111111111711111
111112121111111711111111111111711111
111111111111111711111111111111711111
111121212111111711111111111111711111
111111111111111711111111111111711111
111112121111111711111111111111711111
111111111111111711111111111111711111
111121212111111711111111111111711111
111111111111111711111111111111711111
111112121111111711111111111111711111
111111111111111711111111111111711111
111121212111111711111111111111711111
111111111111111711111111111111711111
111112121111111711111111111111711111
111111111111111711111111111111711111
111121212111111711111111111111711111
111111111111111711111111111111711111
111112121111111711111111111111711111
111111111111111711111111111111711111
111121212111111711111111111111711111
111111111111111711111111111111711111
111111111111111711111111111111711111
111112121111111711111111111111711111
111111111111111711111111111111711111
111121212111111711111111111111711111
111111111111111711111111111111711111
111112121111111711111111111111711111
111111111111111711111111111111711111
111121212111111711111111111111711111
111111111111111711111111111111711111
111112121111111711111111111111711111
111111111111111711111111111111711111
111131114111111777777777777777711111
111111111111111111111111111111111111
111111111111111111111111111111111111
111111111111111111111111111111111111
111111111111111111111111111111111111
.c
111111111111111111111111111111111111111111
111111111111111111111111111111111111111111
111111111111111111111111111111111111111111
111111111111111111111111111111111111111111
111121212111177777777777777777777777711111
111111111111171111111111111111111111711111
111121212111171111111111111111111111711111
111111111111171111111111111111111111711111
111121212111171111111111111111111111711111
111111111111171111111111111111111111711111
111121212111171111111111111111111111711111
111111111111171111111111111111111111711111
111121212111171111111111111111111111711111
111111111111171111111111111111111111711111
111121212111177777777777111111111111711111
111111111111111111111117111111111111711111
111121212111111211111117111111111111711111
111111111111111121111117111111111111711111
111121212111111111211117111111111111711111
111111111111111121111117111111111111711111
111111111111111121111117111111111111711111
111121212111111111211117111111111111711111
111111111111111121111117111111111111711111
111111111111111121111117111111111111711111
111121212111111111211117111111111111711111
111111111111111121111117111111111111711111
111121212111111211111117111111111111711111
111111111111111111111117111111111111711111
111121212111177777777777111111111111711111
111111111111171111111111111111111111711111
111121212111171111111111111111111111711111
111111111111171111111111111111111111711111
111121212111171111111111111111111111711111
111111111111171111111111111111111111711111
111121212111171111111111111111111111711111
111111111111171111111111111111111111711111
111121212111171111111111111111111111711111
111111111111171111111111111111111111711111
111121212111171111111111111111111111711111
111111111111171111111111111111111111711111
111121212111177777777777777777777777711111
111111111111111111111111111111111111111111
111111111111111111111111111111111111111111
111111111111111111111111111111111111111111
111111111111111111111111111111111111111111
