.c
1111111111111111111111111111111111111111111111111111111111111
1111111111111111111111111111111111111111111111111111111111111
1111111111111111111111111111111111111111111111111111111111111
1111131212121212121212121212121212121212121212121212121211111
1111121212121212121212121212121212121212121212121212121411111
1111111111111111111111111111111111111111111111111111111111111
1111131212121212121212121212121212121212121212121212121211111
1111121212121212121212121212121212121212121212121212121411111
1111111111111111111111111111111111111111111111111111111111111
1111111111111111111111111111111111111111111111111111111111111
1111188888888888888888888888888888888888888888888888888811111
1111181111111111111111111111111111111111111111111111111811111
1111181111111111111111111111111111111111111111111111111811111
1111181111111111111111111111111111111111111111111111111811111
1111181111111111111111111111111111111111111111111111111811111
1111181111111111111111111111111111111111111111111111111811111
1111181111111111111111111111111111111111111111111111111811111
1111181111111111111111111111111111111111111111111111111811111
1111181111111111111111111111111111111111111111111111111811111
1111181111111111111111111111111111111111111111111111111811111
1111181111111111111111111111111111111111111111111111111811111
1111188888888888888888888888888888888888888888888888888811111
1111111111111111111111111111111111111111111111111111111111111
1111111111111111111111111111111111111111111111111111111111111
1111111111111111111111111111111111111111111111111111111111111
.c                         
11111111111111111111111111111111111111111111111111111111111111111111111111
11118888888888888888888888111112111211121411111888888888888888888888811111
11118111111111111111111118111112121112111211111811111111111111111111811111
11118111111111111111111118111112111211121211111811111111111111111111811111
11118111111111111111111118111112121112111211111811111111111111111111811111
11118111111111111111111118111112111211121211111811111111111111111111811111
11118111111111111111111118111112121112111211111811111111111111111111811111
11118111111111111111111118111112111211121211111811111111111111111111811111
11118111111111111111111118111112121112111211111811111111111111111111811111
11118111111111111111111118111112111211121211111811111111111111111111811111
11118111111111111111111118111112121112111211111811111111111111111111811111
11118111111111111111111118111112111211121211111811111111111111111111811111
11118111111111111111111118111112121112111211111811111111111111111111811111
11118111111111111111111118111112111211121211111811111111111111111111811111
11118111111111111111111118111112121112111211111811111111111111111111811111
11118111111111111111111118111112111211121211111811111111111111111111811111
11118111111111111111111118111112121112111211111811111111111111111111811111
11118111111111111111111118111112111211121211111811111111111111111111811111
11118111111111111111111118111112121112111211111811111111111111111111811111
11118111111111111111111118111112111211121211111811111111111111111111811111
11118111111111111111111118111112121112111211111811111111111111111111811111
11118111111111111111111118111112111211121211111811111111111111111111811111
11118111111111111111111118111112121112111211111811111111111111111111811111
11118111111111111111111118111112111211121211111811111111111111111111811111
11118111111111111111111118111112121112111211111811111111111111111111811111
11118111111111111111111118111112111211121211111811111111111111111111811111
11118111111111111111111118111112121112111211111811111111111111111111811111
11118111111111111111111118111112111211121211111811111111111111111111811111
11118111111111111111111118111112121112111211111811111111111111111111811111
11118111111111111111111118111112111211121211111811111111111111111111811111
11118111111111111111111118111112121112111211111811111111111111111111811111
11118111111111111111111118111112111211121211111811111111111111111111811111
11118111111111111111111118111112121112111211111811111111111111111111811111
11118111111111111111111118111112111211121211111811111111111111111111811111
11118111111111111111111118111112121112111211111811111111111111111111811111
11118111111111111111111118111112111211121211111811111111111111111111811111
11118111111111111111111118111112121112111211111811111111111111111111811111
11118111111111111111111118111112111211121211111811111111111111111111811111
11118888888888888888888888111113111211121211111888888888888888888888811111
11111111111111111111111111111111111111111111111111111111111111111111111111
.c
11111111111111111111111111111111111111111111111111
11111111111111111111111111111111111111111111111111
11111111111111111111111111111111111111111111111111
11111111111111111111111111111111111111111111111111
11111888888888888888888888888888888888888888811111
11111811111111111111111111111111111111111111811111
11111811111111111111111111111111111111111111811111
11111811111111111111111111111111111111111111811111
11111811111111111111111111111111111111111111811111
11111811111111111111111111111111111111111111811111
11111811111111111111111111111111111111111111811111
11111811111111111111111111111111111111111111811111
11111811111111111111111111111111111111111111811111
11111811111111111111111111111111111111111111811111
11111811111111111111111111111111111111111111811111
11111811111111111111111111111111111111111111811111
11111888888888888888888881111111111111111111811111
11111111111111111111111181111111111111111111811111
11111111111111111111111181111111111111111111811111
11111111111111111111111181111111111111111111811111
11111111111111111111111181111111111111111111811111
11111111111111111111111181111111111111111111811111
11111111111112111111111181111111111111111111811111
11111111111111111111111181111111111111111111811111
11111111111212121111111181111111111111111111811111
11111111111111111111111181111111111111111111811111
11111111121112111211111181111111111111111111811111
11111111111111111111111181111111111111111111811111
11111111121112111211111181111111111111111111811111
11111111111111111111111181111111111111111111811111
11111111121112111211111181111111111111111111811111
11111111111111111111111181111111111111111111811111
11111111121112111211111181111111111111111111811111
11111111111111111111111181111111111111111111811111
11111111121112111211111181111111111111111111811111
11111111111111111111111181111111111111111111811111
11111111111111111111111181111111111111111111811111
11111111111111111111111181111111111111111111811111
11111111121112111211111181111111111111111111811111
11111111111111111111111181111111111111111111811111
11111111121112111211111181111111111111111111811111
11111111111111111111111181111111111111111111811111
11111111121112111211111181111111111111111111811111
11111111111111111111111181111111111111111111811111
11111111121112111211111181111111111111111111811111
11111111111111111111111181111111111111111111811111
11111111121112111211111181111111111111111111811111
11111111111111111111111181111111111111111111811111
11111111111212121111111181111111111111111111811111
11111111111111111111111181111111111111111111811111
11111111111112111111111188888888888888888888811111
11111111111111111111111111111111111111111111111111
11111111111111111111111111111111111111111111111111
11111111111111111111111111111111111111111111111111
11111111111111111111111111111111111111111111111111
