.c
11111111111111111111111111111111111111111111111111111111111111111111111111111111111111111111111111111111111111111111111111
11111111111111111111111111111111111111111111111111111111111111111111111111111111111111111111111111111111111111111111111111
11111111111111111111111111111111111111111111111111111111111111111111111111111111111111111111111111111111111111111111111111
11121212121212121212121111111111111111111211212211111111111111112121212121212121212111111111111111111121121221111111111111
11112121212121212121212111111111111111111112121111111111111111111212121212121212121211111111111111111111212111111111111111
11111212121212121212121211111111111111111111212111111111111111111121212121212121212121111111111111111111121211111111111111
11111121212121212121212121111111111111111112112111111111111111111112121212121212121212111111111111111111211211111111111111
11111112121212121212121212111111111111111111111111111111111111111111212121212121212121211111111111111111111111111111111111
11111111212121212121212121211111111111111112111121112111111111111111121212121212121212121111111111111111211112111211111111
11111111121212121212121212121111111111111111112111111111111111111111112121212121212121212111111111111111111211111111111111
11111111112121212121212121212111111111111111112111121111111111111111111212121212121212121211111111111111111211112111111111
11111111111212121212121212121211111111111121111211121111111111111111111121212121212121212121111111111112111121112111111111
11111111111121212121212121212121111111111111111111111111111111111111111112121212121212121212111111111111111111111111111111
11111111111112121212121212121212111111111121111112111111111111111111111111212121212121212121211111111112111111211111111111
11111111111111212121212121212121211111111111112111111111111111111111111111121212121212121212121111111111111211111111111111
11111111111111121212121212121212121111111112111111111111111111111111111111112121212121212121212111111111211111111111111111
11111111111111112121212121212121212111111131111411151111111111111111111111111212121212121212121211111113111141115111111111
11111111111111111111111111111111111111111111111111111111111111111111111111111111111111111111111111111111111111111111111111
11111111111111111111111111111111111111111111111111111111111111111111111111111111111111111111111111111111111111111111111111
11111111111111111111111111111111111111111111111111111111111111111111111111111111111111111111111111111111111111111111111111
.c
1111111111111111111111111111111111111111111111111111111111
1211212111121212121121212111112112121111212121211212121111
1111121111111211111111121211111111211111112111111111212111
1111311111411111314111111111111113111114111113141111111111
1112121212121212121212212222111121212121212121212122122221
1111211112121211112112121212111112111121212111121121212121
1122222211111111111111111111111222222111111111111111111111
1111111111112121121222211212111111111111121211212222112121
1111111112122121212111111111111111111121221212121211121211
1111111111111111111111111111111111111111111111111111111111
1111211112121211112112121111111111111111212111121121211111
1121111211111111111111111111111221122111111111111111111111
1111111111112111111112211212111111111111121111111111111111
1111111112111111111111112111111111111111221111111211111211
1111111111111111111111111111111111111111111111111111111111
1111111112111211111112111211111111111121111111111111111111
1111221211111111111111111111111112121111111111111111111111
1111111111112111111212111211111111111111111111111121112111
1111111112111121112111112111111111111121111111121111121111
1111111111111111111111111111111111111111111111111111111111
1111111111111111121111121221111111111111111111211121212211
1111111111111111111111111111111111111111111111111111111111
.c
11111111111111111111111111111111111111111111111111111111111111111111111111111111111111111111111111111111111111111111111111111111111111
11111111111111112121111111111111111111111111111212111111111111111111111111111111111212111111111111111111111111111121211111111111111111
11111111111111111111111111111111111111111111111111111111111111111111111111111111111111111111111111111111111111111111111111111111111111
11111111111111221221221111111111111111111111122122122111111111111111111111111111122122122111111111111111111111112212212211111111111111
11111111111111111111111111111111111111111111111111111111111111111111111111111111111111111111111111111111111111111111111111111111111111
11111111111122212222122211111111111111111112221222212221111111111111111111111112221222212221111111111111111111222122221222111111111111
11111111111111111111111111111111111111111111111111111111111111111111111111111111111111111111111111111111111111111111111111111111111111
11111111112221222222221222111111111111111222122222222122211111111111111111111222122222222122211111111111111122212222222212221111111111
11111111111111111111111111111111111111111111111111111111111111111111111111111111111111111111111111111111111111111111111111111111111111
11111111122212222222222122211111111111112221222222222212221111111111111111112221222222222212221111111111111222122222222221222111111111
11111111111111111111111111111111111111111111111111111111111111111111111111111111111111111111111111111111111111111111111111111111111111
11111111222122222222222212221111111111122212222222222221222111111111111111122212222222222221222111111111112221222222222222122211111111
11111111111111111111111111111111111111111111111111111111111111111111111111111111111111111111111111111111111111111111111111111111111111
11111112221222222222222221222111111111222122222222222222122211111111111111222122222222222222122211111111122212222222222222212221111111
11111111111111111111111111111111111111111111111111111111111111111111111111111111111111111111111111111111111111111111111111111111111111
11111122212222212221222222122211111112221222221222122222212221111111111112221222221222122222212221111111222122222122212222221222111111
11111111111111111111111111111111111111111111111111111111111111111111111111111111111111111111111111111111111111111111111111111111111111
11111222122221222122212222212221111122212222122212221222221222111111111122212222122212221222221222111112221222212221222122222122211111
11111111111111111111111111111111111111111111111111111111111111111111111111111111111111111111111111111111111111111111111111111111111111
11111122212222212221222222122211111112221222221222122222212221111111111112221222221222122222212221111111222122222122212222221222111111
11111111111111111111111111111111111111111111111111111111111111111111111111111111111111111111111111111111111111111111111111111111111111
11111112221222222222222221222111111111222122222222222222122211111111111111222122222222222222122211111111122212222222222222212221111111
11111111111111111111111111111111111111111111111111111111111111111111111111111111111111111111111111111111111111111111111111111111111111
11111111222122222222222212221111111111122212222222222221222111111111111111122212222222222221222111111111112221222222222222122211111111
11111111111111111111111111111111111111111111111111111111111111111111111111111111111111111111111111111111111111111111111111111111111111
11111111122212222222222122211111111111112221222222222212221111111111111111112221222222222212221111111111111222122222222221222111111111
11111111111111111111111111111111111111111111111111111111111111111111111111111111111111111111111111111111111111111111111111111111111111
11111111112221222222221222111111111111111222122222222122211111111111111111111222122222222122211111111111111122212222222212221111111111
11111111111111111111111111111111111111111111111111111111111111111111111111111111111111111111111111111111111111111111111111111111111111
11111111111122212222122211111111111111111112221222212221111111111111111111111112221222212221111111111111111111222122221222111111111111
11111111111111111111111111111111111111111111111111111111111111111111111111111111111111111111111111111111111111111111111111111111111111
11111111111111222122211111111111111111111111122212221111111111111111111111111111122212221111111111111111111111112221222111111111111111
11111111111111111111111111111111111111111111111111111111111111111111111111111111111111111111111111111111111111111111111111111111111111
11111111111111112211111111111111111111111111111221111111111111111111111111111111111221111111111111111111111111111122111111111111111111
11111111111111111111111111111111111111111111111111111111111111111111111111111111111111111111111111111111111111111111111111111111111111
.c
111111111111111111111111111111111111111111111111111111111111111111111111111111111111111111111111111111111111111111111111
111111111111111111121212121212121212121212121212121212121212111111111111111111121212121212121212121212121212121212121212
111111111111111111111111111111111111111111111111111111111111111111111111111111111111111111111111111111111111111111111111
111111111111111121212121212121212121211111111121212121212121111111111111111121212121212121212121211111111121212121212121
111111111111111111111111111111111111111111111111111111111111111111111111111111111111111111111111111111111111111111111111
111111111111121212121212121212111111111111111212121212121212111111111111121212121212121212111111111111111212121212121212
111111111111111111111111111111111111111111111111111111111111111111111111111111111111111111111111111111111111111111111111
111111112121212121211111211121112111211121112111211121212121111111112121212121211111211121112111211121112111211121212121
111111111111111111111111111111111111111111111111111111111111111111111111111111111111111111111111111111111111111111111111
111112121212111211121112111211121212121212121212121212121212111112121212111211121112111211121212121212121212121212121212
111111111111111111111111111111111111111111111111111111111111111111111111111111111111111111111111111111111111111111111111
112121211121112111211121212121212121212111211121112121212121112121211121112111211121212121212121212111211121112121212121
111111111111111111111111111111111111111111111111111111111111111111111111111111111111111111111111111111111111111111111111
121212121212111211121112121112111211121212121212121212121212121212121212111211121112121112111211121212121212121212121212
111111111111111111111111111111111111111111111111111111111111111111111111111111111111111111111111111111111111111111111111
112121212121212121211111111111212121112111211121212121212121112121212121212121211111111111212121112111211121212121212121
111111111111111111111111111111111111111111111111111111111111111111111111111111111111111111111111111111111111111111111111
121212121212121212121111111211111111121211121212121212121212121212121212121212121111111211111111121211121212121212121212
111111111111111111111111111111111111111111111111111111111111111111111111111111111111111111111111111111111111111111111111
112121212121212121212111112111212121212111112111111111111111112121212121212121212111112111212121212111112111111111111111
111111111111111111111111111111111111111111111111111111111111111111111111111111111111111111111111111111111111111111111111
121212121212111111111111121212121212121212121211121111111111121212121212111111111111121212121212121212121211121111111111
111111111111111111111111111111111111111111111111111111111111111111111111111111111111111111111111111111111111111111111111
111121212121212121211111112121212121212121212111111111111121111121212121212121211111112121212121212121212111111111111121
111111111111111111111111111111111111111111111111111111111111111111111111111111111111111111111111111111111111111111111111
121212111111121212121212121212121212121211111111111111111112121212111111121212121212121212121212121211111111111111111112
111111111111111111111111111111111111111111111111111111111111111111111111111111111111111111111111111111111111111111111111
112121212121212121211111211121112111212121211121112111212121112121212121212121211111211121112111212121211121112111212121
111111111111111111111111111111111111111111111111111111111111111111111111111111111111111111111111111111111111111111111111
121212121211111211121112111212121211121112111212121212121212121212121211111211121112111212121211121112111212121212121212
111111111111111111111111111111111111111111111111111111111111111111111111111111111111111111111111111111111111111111111111
112121212121111121112111211121112111212121212121212111111111112121212121111121112111211121112111212121212121212111111111
111111111111111111111111111111111111111111111111111111111111111111111111111111111111111111111111111111111111111111111111
121211121112111211121112111211121111111111111112121211111111121211121112111211121112111211121111111111111112121211111111
111111111111111111111111111111111111111111111111111111111111111111111111111111111111111111111111111111111111111111111111
112121212121111111111111111111111111111111111121212121111111112121212121111111111111111111111111111111111121212121111111
111111111111111111111111111111111111111111111111111111111111111111111111111111111111111111111111111111111111111111111111
121111111111121212121212121212121212121212121212121212111111121111111111121212121212121212121212121212121212121212111111
111111111111111111111111111111111111111111111111111111111111111111111111111111111111111111111111111111111111111111111111
.c
11111111111111111111111111111111111111111111111111111111111111111111111111111111
12121212121111111111111111111111111111111212121212111111111111111111111111111111
11212121212111111111111111111111111211111121212121211111111111111111111111121111
12121212121111111111111111111111111111111212121212111111111111111111111111111111
11212111111111111111111111111111111311111121211111111111111111111111111111131111
11121111111111111111111111111111111111111112111111111111111111111111111111111111
11111111111111111111111111111111111411111111111111111111111111111111111111141111
11111111111112112111111121121111111111111111111111111211211111112112111111111111
11111111111111211211111211211111111511111111111111111121121111121121111111151111
11111111111111121121112112111111111111111111111111111112112111211211111111111111
11111111111111112112121121111111111111111111111111111111211212112111111111111111
11111111111111111211211211111111111111111111111111111111121121121111111111111111
11111111111111111121112111111111111111111111111111111111112111211111111111111111
11112121212111111112121111111111111111111111212121211111111212111111111111111111
11111212121111111111211111211121111111111111121212111111111121111121112111111111
11112121212111111111111111112112111111111111212121211111111111111111211211111111
11111212121212111111111111111111312112111111121212121211111111111111111131211211
11111111111111111111111111111111111111111111111111111111111111111111111111111111
11131212121212121212121212121212121214111113121212121212121212121212121212121411
11111111111111111111111111111111111111111111111111111111111111111111111111111111
.c
111111111111111111111111111111111111111111111
121121111111111111111111111111111131121111111
112121131121111311211111111111111111311211111
121121111311211111211413112111111111111111111
112112121111111111111111111111111111111111111
111112121111111111111111111111111111111111111
111211121211111111111111111111111111111111111
111111121121111121141111111111111111311211111
121141112111111111113112111111111111111111111
111111111231212114111111111111111131121411111
111111111121111111111111111111111111111111111
131121111112112111111111111111111111111131121
111113112111211211111111111111111211411111111
111111111111121121111111311211111111111131121
111111111111312111111111111111111113112111111
111111111131121211111111111121141111111111111
111111111111211112111111111111111111311211111
111111111111111211211111111111111111113113112
111111111111111111211113112111111111111111111
111131121111111121112111111111111111111111111
111111111111111121111211111111111111111111111
111111111121141111121121111111111111111111111
111111111111111113112121111111121141111111111
111111111111111111311212111111112114111111111
111111111111111111111312111111113112111111111
111111111111111111111113121111111131121111111
111111111111111113112111121141111111111111111
111111111111111113112111121141111111111111111
111111111111111111131121111211411111111111111
111111111111111111111121112111111111111111111
111311211111111111111111112111111111111111111
131121111111111111113112121121111111111111111
111111111111111131121111111121121111111113112
111111111111111111111111112111211111111111111
111111111111111111111111111111211211111111111
111131121111111113112111111112112111111111111
111111111111111111111111111111112111111111111
111111111111111111111111111121111121121111111
111311211111111111111111111111111121111111111
111111111111111111111113112111111112112111111
141111111111111111111111111111111111211112121
111111111111111111111111111111111111121111111
111111111111111111111111111111111211412112121
111111111111111111111111111111111111111211111 
.c
11111111111111111111111111111111111111111111111
12112111111111111111111111111111113112111121211
11212113112111131121111111111111111131122112111
12112111131121111121141311211111112111211121111
11211212111111111111111111111112111121111111111
11111212111111111111111111111111112112111111111
11121112121111111111111111111121121111111111111
11111112112111112114111111111121112111311211111
12114111211111111111311211112112111111111111111
11111111123121211411111121112111111131121411111
11111111112111111111111111211121111111111111111
13112111111211211111121121121111111111111131121
11111311211121121111111211112111111211411111111
11111111111112112111112113112112111111111131121
11111111111131211111211111112111111113112111111
11111111113112121121121111111121141111111111111
11111111111121111211211111211111111111311211111
11111111111111121121111111121121111111113113112
11111111111111112112211113112111111111111111111
11113112111111211211121121111111111111111111111
11111111111111112111121112121111111111111111111
11111111112114111112112111121121111111111111111
11111111111211121113112121111111121141111111111
11111111111211211111111312111111113112111111111
11111111121111211113112111121141111111111111111
11111111121121111111111121112111111111111111111
11131121112111111111111111121121111111111111111
13112112112111111111113112121121111111111111111
11111121121111111131121111111121121111111113112
11111211211111111111111111112111211111111111111
11112111211111111111111111111111211211111111111
11113112111211111131121111111121121112111111111
11112112111111111111111111111111112111111111111
11121121111111111111111111111121111121121111111
12113112112111111111111111111111111121111111111
11212111111111111111111113112111111112112111111
14111121112111111111111111111111111111211112121
11212111111111111111111111111111111111121111111
11211112111211111111111111111111111211412112121
11111111111111111111111111111111111111111211111 
.c
11111111111111111111111111111111111111111111111111
11213121112121111311111121312111121121211212121111
11111111211111211112121111111112111111111111111111
13111111112121112111111211412111121212111211211111
11121212111111111121121111111131111111111111112111
11111111121212111111111112121111212114111211211121
12111112111111121412111111111211111111141111114111
11121111114111111111121211211112121212111112111111
11111211211111211212111111113111111111121211121211
14121111111121111111111111111131111111111113111111
11111112121111121411111111111111111111141111111211
11212111111141111111121111111411111111111111111111
11111121111111111111111111121111111111212111112111
11212111111131111111212111111311111111111112111121
11111121211111211121111131211111212121212111112111
12121111112111112111121111112111111111111141211121
11111211311112111121111212111112121114121111112111
12141111111111111111111111111111111111111112111121
11111112121121111121111111111111131111211111121111
12112111111111211111111111111211111111113111111211
11111121311111111212121111111111111112111111121111
11121111113121211111111111111111111211141311111211
12111212111111112112131211211112121112111111211111
11131111112111411111111111114111111411141111113131
14111111111111111111111112111112121111111112111111
11111111121212111121111111121211111112111111131111
11111111111111111111111111111111111111121112111111
11111111211112111211111111211211111131111211111211
13141111111111111111111111111111112111121111211111
11111111111114111211111111211211111112111111112111
11314121212111121112111111111111111111121121211121
11111111111121111111111112112121112141111111113111
12121121111111312121211111111111211111212111111111
11111111111211111111112112111111114121111121111111
11112131111112112121211111111112111111212111111211
11111111111111111111114111111111111111111111111111
11111111111112111111111111111111111111111111111111
11111111111211111111111111111111111111111111111111
11111111111111111111111111212121111112111111312141
11212114112111111111212111111111212111111411111111
11111111111141112111111111211111111111211111111111
12131214121111411121121211111111211111114111111111
11111111111311111111111112121211112121111112121311
12112121311111212111121211111113111111131211111111
11111111111111111111111111111111111111111111111111
.c
11111111111111111111111111111111111111111111111111
11113111111111111311111111311111111111111212121111
11111111111111111111111111111112111111111111111111
13111111111111111111111211411111121212111211211111
11111111111111111111121111111131111111111111112111
11111111121211111111111111111111212114111211211121
11111111111111111412111111111211111111141111114111
11121111114111111111121211211112121212111112111111
11111211211111211212111111113111111111121211121211
14121111111121111111121112111131211121111113111111
11111112121111121412111111121111112111141111121211
11212111111141111111121211111412111121111121111111
11111121121111212121111112111111111111111111111111
11212111111131111111212111111311111111111112111121
11111111111111111111111131111111111111111111111111
11121111112111112111121111112111111111111141211111
11111211311112111121111212111112111114111111111111
11141111111111121111211111111211111211111111111111
11111112121121111121112112111112131111211111121111
12111111111111111111111111111111111111113111111111
11111121311111111212121212121111211112111111121111
11121111113121211111111111111111111211141311111211
12111212111111112112131211211112121112111111211111
11131111112121411111111111114111111411141211113131
14111212111111112111111111111111111111111111111111
11111111111111111121111111111111111112111211131121
12121121111111121111211111111111112111121112111111
11111111211112111211111111211211111131111211111111
13141111112111111111111111111111111111121111211111
11111111111114111211111111211211111112111111112111
11314121111111111111111111111111111111111121211121
11111111111121111111111112112121112141111111113111
12121121111111311111111111111111111111212111211121
11111111211211111111112112111111114121111111111111
11111131111111111111111111111111111111112111111211
12111111211211111111114112121111121211111112111111
11111211111111111111111111111111111111112111121211
12121112121211111111111111111111111211111121111111
11111111111112112121111111212121111112111111312141
11212114112111111111212111111111212111111411111111
11111111111141112111111111212121111121211111212111
12131214121111411121121211111111211111114111111111
11111111111311111111111112121211112121111112121311
12112121311111212111121211111113111111131211111111
11111111111111111111111111111111111111111111111111
.c
111111111111111121111111111111111111111111111111111
121121111111111211211111111112111111111112111116111
121111211111111111112111111121112111111121121111111
121111112111112111111112121211111121212111112111111
121111111121121111111111111111111111111111111121111
121111211111211111111111111111211211111111111111211
121111111111111111111111111111111111111111111111211
121111111111111111111111111111211211111111211111211
121211111111111111111111111111111111111111111111111
111122111112111113111114111111111111111121211111221
111121111111111111111111111111111111111111111111121
111112221111111111111111111111111111111111111111221
111121111111111111111111111111111111111111111111211
111121111111211111111111111111111111121111111111221
111121111111111111211111111111111111211211111111121
111222222212111112112111111111111112111112111111111
111111111221111121111211111111121211111111121211111
111122111111211111111112111111211111111111111112111
111112111111121211131111121112111111141111111111211
111112211111112111111111111211111111111111111111221
.c2
11111111111111111111111111111111111111111111111111
11113111111111111311111111311111111111111212111111
11111111111111111111111111111111111111111111111111
13111111111111111111111111411111111111111211211111
11111111111111111111111111111131111111111111111111
11111111111111111111111111111111111114111211211121
11111111111111111411111111111111111111141111114111
11111111114111111111111111111111111112111112111111
11111111111111111111111111113111111111111211121211
14121111111121111111121112111131111111111113111111
11111111121111121412111111121111112111141111111111
11212111111141111111121211111411111111111111111111
11111121121111212121111112111111111111111111111111
11212111111131111111212111111311111111111112111111
11111111111111111111111131111111111111111111111111
11121111112111112111121111112111111111111141111111
11111211311112111121111111111111111114111111111111
11141111111111121111111111111111111111111111111111
11111111111111111111111111111111131111111111111111
12111111111111111111111111111111111111113111111111
11111121311111111212121211111111111111111111111111
11111111113121211111111111111111111211141311111211
11111111111111111111131111111112121112111111211111
11131111112121411111111111114111111411141211113131
14111212111111111111111111111111111111111111111111
11111111111111111111111111111111111111111111131111
11111111111111111111111111111111111111111111111111
11111111111111111111111111111111111131111111111111
13141111111111111111111111111111111111111111111111
11111111111114111111111111111111111111111111111111
11314111111111111111111111111111111111111111111111
11111111111121111111111112112121111141111111113111
11121121111111311111111111111111111111212111211121
11111111211211111111112112111111114121111111111111
11111131111111111111111111111111111111111111111111
12111111211211111111114112121111121211111111111111
11111111111111111111111111111111111111111111111111
12121112121211111111111111111111111211111121111111
11111111111111111111111111111111111111111111311141
11212114112111111111212111111111212111111411111111
11111111111141111111111111111111111111111111111111
12131214121111411121121211111111211111114111111111
11111111111311111111111112121211112111111111111311
12111111311111112111121211111113111111131211111111
11111111111111111111111111111111111111111111111111
.c
1111111111111111111111111111111111111111
1211212121213141111212112121211212121211
1111111111111111311111111111111111111111
1141214121213121111411111114111111111111
1111111111111111111111111111111111111111
1211111212111111114111141113111211211111
1112111111111111111111111111111111112111
1111112111111111112111114121121213111111
1212111111111111111111211111111111121211
1111121314121211212111111111111111111111
1111111111111111111121211111111111121211
1112111212111112111111112121211111111111
1111111111111111111141111111111111111311
1411111111111111111111112121211411111111
1111121212121111111111111111111111111311
1311111111111111111111111111121111111111
1111121211111114111211111111111111111211
1121111111212111111111111111111111111111
1111121111111111111111111111111111111111
1111111111311111141111111112114141112121
1111112121111111111111111111111111111111
1112111111213111212112111111112121212111
1111112121111131111111114111111111111111
1121211111311111213112111141131114112121
1111112111113111111111111111111211111111
1112111111111112121112111211111111211211
1111121121111111111111131111111111111111
1111111111111111411111111111111111111211
1111111141121111112121121111211121121111
1111111111111211211111111211111111111111
1112131211121111112121141112111114121111
1111111112111211111111111311111111111111
1113111111111111141111111111111111111111
1111111111114111111111111111111111111111
1411111111111111114141211121211111111111
1111111112141111111111112111112121121111
1211112111111121121211211121211111111211
1111111111111111111111111111111111111111
1111112111111112121121211112111111111111
1411111112121111111111111411112121211111
1114112111111121111212121112111111112121
1211111131212111121111111111111411111111
1111131111111111111111111111111111111141
1111111111112111212111111211411212121111
1112121111211121111121411111111111111211
1211111111112111111111112112141112121111
1112121212111121211121211111111211111121
1111111111111111112111111212121112141111
1212121212121112111121211111111111111121
1111111111111111111111111111111111111111
.c
1111111111111111111111111111111111111111111111111111111111111111111111111111111111111111111111111111
1211212131112112112112141312121121111211111411212121121211411212121121112131131211121211111114131211
1111111111111111111111111111111111211111211111111111111111111111111111211111111112111112111311111111
1312112121121112121112112141212121111311111211131114131111111111111111111111113111111111111114131111
1111111111111111111111111111111111111111111111111111111111111111111111111111111114111111111111111111
1111141111111111111111111111114111114111111111311111131111111111111111111111111411111111111111121121
1111111111121113121211111111411111111121311141111121111111111111111212111111121111211111112111111111
1111121121111211111114112121111121311111111111211111112121121111211111112111111211112121111112121211
1121111111131112121111111111211111111111111111111111111111111111111114111111111111111111413111111111
1111111111111111111113131111111111111111131111311111111111111111111111111111111111111111111111111111
1311111111131212121111111111111111121211111111111211111111111111111131211111111111111111111111111111
1111111111111111111111111411111111111111111111111111412111111111111111111111111111111111111111111111
1111111111111111121211111111112111112111111111113111111111111211111111211211111111111111211111121111
1111111211111211111111111111111112111111111112111121312121211111211211111112121111212111111211111211
1211111111111111121121212111111111112121111111112111111111112121111111211111111211111121211113111111
1111212121213113111111111121311213111111212121211141311212111111212121112112111111212111112111121121
1211111111111111121211211111111111121211111111112111111111121111111111211111112111111121111111111111
1111112121212111111111114111212111111112131211111121413121111211211131111214111111212111311214111211
1212111111111111121311211121111111121211111112121111111111121111111111111111111311111111111111111111
1111111311111111111111114111111111111111111311111121212131111111111121111311111111213111121111111111
1131111112111111111212111114111111112111111112111111111111111111111111111111111311111111111111111111
1111111111111131131111111111112112111131212111111211121211111113111111112111111111121211111111111111
1111111111111111111111111111111111111111111111111111111111111111111112111141211111111111112121211111
1111111111131111212111111411121112111121111111111111311113111111111111111111111111111311111111111411
1111111111111111111111111112111111121111111211211111111111121131211121111111111111121111111121211111
1111112111311111111113111111111111111111111111113111111111111111111111213121212121111212121111112121
1111111111111111111111111111111111111111111111111111111111111131111111111111111111311111111111111111
1111112121121211112121111211112121211121112111111112111111111111111111111111111111113111111111111111
1111111111111111111111111111111111111111111111311111111111121114121121111114111121211111111121212111
1111211211121111121211111111111111111111111111111111111411111111111111111111111111111111111111111141
1121111111111211111111111121211141114111111111212111111111111121211111211112111211211121111141111111
1111313113121111313112141111112111111111211211111112112112121111114121112111111111111111411111311121
1111111111111211111111111112111121121121111111312111111111111211211111111121111212112131111411111111
1111312112121111212112121211121111111111211211111121121111211111111111111111211111111111111111212121
1111111111111211111111111112111211111111111111311111111111111111111111114111111141111111111121111111
1212114112111112121311211211111111111111121211111111211113121111111111111111111111111111111111212111
1111111111121311111111111112121211112111111111121111111111111111111314111113111111111111111111111111
1211121211111114111112111111111112111141121121111112111111111111111111111111111111111111111111112111
1111111113112111113111121111111111121111111111312111111111111212112121211121111111111111111111111111
1141111111111111111111111111121121111211111311111112121111411111111111111111111111111111111111111111
1111111111121211111111211111111111111111211113121111111111112112121311111121111111113111111111111211
1111111111111111111111111314111111111111111111111111212141111111111111114111212121411112121111111111
1111111111112111111112121111111111111111211112111111111111211111412114111111111111112111111112121211
1212111121211111411111111212112131212111112111111212131111112121111111121112121211111141211111111111
1111131111113121111121111111111111111112111121121111111113111111121214111111111111212111112111212111
1212111121111111211111121131121212111111111111111111211311131121111111121112114121111111211131111121
1111121111121111112121111111111111112121111111311211111112111111141121111411111111214111111111211111
1112111112111312111111121312113121111111212121111111121211112111111111121114113111111111212111111131
1111121411111111121141111111111111111211111111211111111111111141111411111111111111131111111111111111
1111111111111111111111111111311113111114131211111111111111121111111111111121212111111111212131211411
1111211111111111111111111111111111111111111111111411111111111111111212112111111112111121111111111111
1111111121111311111111211111111111111111111111111111111111111111111111111111111111111111111111111111
1111312111211112121111111212111111113112111312111121111211112112121211211111111112121211111111111111
1111111111112111111111311111111411111111131111111111111111111111111111113111131111111111111111111111
1141212121111121211111112121111111112121111111411121114111112111121111111111111211212121211111111211
1111111111114111111111111111111114111111113111111111111111111111111111111111111111111111111111111111
1111111141111111411111111111141111111112111114111121211111141111111111111111111212121131111111111121
1121112111111111112121111111111112121111121111121111112111111211212111212111121111111111212121211111
1111211114121111211111212121212111111211111121111211211121211111111111111121111212111111111111112141
1121112111111121111111111111111121211114111111111111113111113112121121121111121111112121312141111111
1111111111112111213121112111111111111111111111111111111111111111111111111111111131111111111111111111
1311111111111111111111111111111111111111111111111111111311111111111111111111111111111111111111111111
1111111111111111111111111111111111111111114111111111111114111141111111111111111111111112111111112121
1211121212121111111111211121112111211121211112121111121111112111212111111111111211131111141214111111
1111111111111111211211112111111111112111111311111212111211211111111121121212131112111211111111121111
1112111212112121111114111141111111111111131111111111111111111111111111111111111111111111111111111111
1111111111111111111111111111111111111111111111111111314111111111111111111111211113121211111111121111
1112121111112111111111111121212121111312141112111111111121111113111111111111112111111111121211111111
1111111111111111111111111111111111111111111111111111111111111111111141111111111131131111111111111111
1111131111111111111111111111141311111111211214111111111141311112111111111111211111111312121111111111
1111111121141111111111312111111111111111111111112121212111112111121121212121111211211111111312111121
1111211111111211411211111121212111121111211411411111111131211114111111111111211111113112111111141111
1311111121111111111111312111111121111111111111111212112111112111112121112111111212111111111214111111
1112111111111111111111111111111111111111411111411111111113111111111111111111111111111111111111141111
1111111111121111111121212111111131111141111111111311121111111111111212121111111111111111111212111111
1112111121111111111111111111412111211111112112111112111121411121111111111112141111111111111111121111
1111121111112111212121411121111111111212111111111111114111114111111111211111111121111111111314111111
1121111111111121111111111111121121111111121111111311211111111111112111111111312111121121121111111411
1111111121112111212113141211111111211111111112111111112121213111111111111111111111111111111121121111
1111411111411141111111111111312111112131111111111113111111111111111131211112111121111211111111111121
1111111211111111131111121211111121211111141212121211111211211112121111111111111111111111121113112111
1111111112111211111111111111121111111111111111111114111111111211111111121111111214121111111211111141
1412111411111111121211212111111211211111211121121111112111211113112111111112111111111411111111121111
1111111111131111111111111112131111111111112111111121411121111111111111411111112121121111121141111211
1211412121111111212112121211111212121111211121111111111111211112113111112131111111111111111111111111
1111111111211111111111111111111111111111113111111111111111111111111111111111111111111111141111111111
1131121111112111121111141111111141111111111111111111111111111111111111111111111111111111111111111111
1111111111111111111113111111111111111111111111112111211111111111111111111111131111111111131111111111
1111111211111112111211111113121111111111111121411131111111111111111131111111111111111111111111111111
1111111111111111111111111111111113112121414111114111411111111111111111211131314121121111112121111111
1211212111112112121211111121112111111111111111211131111212121121211111112111111111111121111111212111
1111111111211111111112121111111121312111213141111111211111111111112121211121211112112111121111111141
1112112111111121111111111131412111111121111111211211112121121111111111112111111211111121111121112111
1111111141311111112111131111111121211111112121111111111111111121212111211112111111114111212111111111
1111311111111111111111111111111111111111111111111111141111111111111111111111111111111111111111111111
1111111111111111111111211111111111111111111111111111111111111111111111111111111311111141111111111111
1111411111111111111111111111211111141111411111121111211112111111111212121111111111111111111121312141
1211114111121211411131112111111212111111112121111311112111111213111111111121111121311312111111111111
1112111121111111111111111131411111111121211111121112111111211111121212131111141111111111114121213121
1111111111111111111111111111111111111111111111111111111111111111111111111111111111111111111111111111
