.c
1111111111111111111111111111111111111111111111111111111
1111111111111111111111111111111111111111111111111112111
1112111111111111111111111111111112111111112111111111111
1111111111111111111111111111111111111111111112111111111
1111111121111111111121111111111151111111211111211111111
1111111111111111111111111111111111111111111111111141111
1111111111111111111111111111311111111131111111111111111
1111111111111211111111111111111111111111111111111111111
1111111111111111111111111211111111111111411111115111111
1111111111211111111111211111111111111111111111111111111
1111111111111111111111111111111111111111111111411111111
1111112111111111111111111111131111211121111111111111111
1111111111111111111112111111111111111111111112111111111
1111111111311111111111111111111111111112111111111111111
1111111111111111111211111111111111211111111121111111111
1111111111111111111111111111112111111111112111111111111
1111111111411111111111111111111111111111111111111111111
1111511111111111111111111111112111111111211111111111111
1111111111111111111111111111111111111111111111111111111
1111111111111111111111111111111111111111111111111111111
.c
1111111111111111111111111111111111111111111111111111111111111111111111111111111111111111111111111111
1131111111111112111111111111111111111111111211111111111111111111112111111111111111121211112111111111
1111111111111211111111111211111111111111111111111211111111111111111111111121111111111112121111111111
1111111111111112111111111111111121111111111111111111112111111111112111111111111111121212121212111111
1111111111111211111111112111111111111211111111111111111111211111111111111111121111112111112111112111
1121212121111111111121212121211111111111111111111121212111111111111111111111111111111111111212111111
1111111111111111111211111111111111111112111111111111111111111121111111111111111121111111111111111111
1111111111111111211111111111211111111111111211111111111111111111111112111111111111111211111111111111
1111111111111111111111111111211111111111111111111111111121111111111111111111212111111111112111111111
1111111111111212121111111111111111111111111111111111111111111121111111121111111121111111121111112111
1121111211112111111111111111111111111111111111111111111111111111111211111111111111211112111111111211
1111111211111111121111111112111111111211111111121111111112111121111211112111111111211111111121111111
1121111111112111111111211111111121111111112111111111211111111111111111111111121111111112111111111211
1111111211111111121111111112111111111211112111121111211111111121111111112111111111211112111111111211
1111111111111111111111111111111111111111111111111111111111111111111111111111111111111111111111111111
1111111211111111121111111112111121111111112111111111211112111111111111111111121111111112111111111211
1111111111111111111111111111111111111111111111111111111111111111111111111111111111111111111111111111
1111111211111111121111111112111111111211112111121111111112111111111211111111121111111112111111111211
1111111111111111111111111111111111111111111111111111111111111111111111111111111111111111111111111111
1121111211111111121111111112111111111211111111121111111112111111111211111111121111111112111111111111
1111111211111111121111111112111111111211111111111111111111111121111111112111111111211111111121111111
1111111111111111111111111111111111111111111111111111111111111111111111112111111111211111111121111111
1111111111111111111111111112111111111211111111121111111112111111111211111111111111111111111111111111
1121111111112111111111211111111121111111112111111111211111111111111111111111111111111111111111111111
1111111111111111111111111111111111111211111111121111111112111111111211111111121111111112111111111211
1111111111111111111111111111111111111111111111111111111111111111111111111111111111111111111111111111
1111111111111111111111111111111111111111111111111111111111111111111111111111111111111112111111111211
1111111111111111111111111111111111111111111111111111111111111111111111111111111111111111111111111111
1111111211111111121111111112111111111211111111121111111111111111111111111111111111111111111111111211
1111111211111111121111111112111111111211111111121111111112111111111211111111121111111112111111111211
1111111111111111111111111111111111111111111111111111111111111111111111111111111111111111111121111111
1121111111112111111111211111111121111111112111111111211111111121111111111111111111111111111111111211
1111111211111111121111111112111111111211111111121111111112111111111211111111121111111112111151111111
1121111111112111111111211111111121111111112111111111211111111121111111111111111111111111111111111111
1111111211111111121111111112111111111211111111111111111111111111111111111111121111111112111111111211
1111111211111111121111111112111111111211111111121111111112111111111211111111121111111111111111111111
1111111111111111111111111111111111111111111111111111111111111111111111111111111111111111111111111111
1111111111111111111111111111111111111111111111111111111111111111111111111111111111111111111111111111
1111111111111111111111111111111111111111111111111111111111111111111111111111111111111111111111111111
1111111111111111111111111112111121111211112111121111211112111121111211112111121111211112111121111211
1111111111111111111111111111111111111111111111111111111111111111111111111111111111111111111111111111
1121111211112111121111211112111121111211112111121111211112111121111211112111121111211112111121111211
1111111111111111111111111111111111111111111111111111111111111111111111111111111111111111111111111111
1121111211112111121111211112111121111211112111121111211112111121111211112111121111211112111111111111
1111111211111111121111111112111111111211111111121111111112111111111211111111111111111111111111111111
1111111111111111111111111111111111111111111111111111211111111121111111112111111111111111111111111111
1111111211111111121111111112111111111211111111111111111111111111111111111111111111111111111111111111
1111111111111111111111111111111111111111111111111111111111111111111111111111111111111111111111111111
1111111111111111111111111111111111111111111111111111111111111111111111111111111111111111111111111111
1111111111111111111111111111111111111111111111111111111111111111111111111111121111211112111121111211
1111111111111111111111111111111111111111111111111111111111111111111111111111111111111111111111111111
1121111211112111121111211112111121111211112111121111211112111121111211112111121111211112111121111211
1111111111111111111111111111111111111111111111111111111111111111111111111111111111111111111111111111
1121111211112111121111211112111121111211112111121111211112111121111211112111121111211112111121111211
1111111111111111111111111111111111111111111111111111111111111111111111111111111111111111111111111111
1121111211112111121111211112111121111211112111121111211112111121111211112111121111211112111121111211
1111111111111111111111111111111111111111111111111111111111111111111111111111111111111111111111111111
1121111211112111121111211112111121111211112111121111211112111121111211112111121111211111111111111111
1111111111111111111111111111111111111111111111111111111111111111111111111111111111111111111111111111
1121111111112111111111211111111121111111112111111111211111111121111111111111111111111111111111141111
1111111111111111111111111111111111111111111111111111111111111111111111111111111111111111111111111111
1111111111111111111111111111111111111111111111111111111111111111111111111111111111111111111111111111
