.c
111111111111111111111111111111111111111111111111111111111111111111111111111111111111111111111111111111111111111
111111111111111111111111111111111111111111111111111111111111111111111111111111111111111111111111111111111111111
111311121112111211121112111211121112111211121112111211121112111211121112111211121112111211121112111211121114111
111111111111111111111111111111111111111111111111111111111111111111111111111111111111111111111111111111111111111
111111111111111111111111111111111111111111111111111111111111111111111111111111111111111111111111111111111111111
.c
111111111111111111111111111111111111111111111111111111111111111111111111111111111111111111111111111111111111111
111311121112111211121112111211121112111211121112111211121112111211121112111211121112111211121112111211121114111
111121212121212121212121212121212121212121212121212121212121212121212121212121212121212121212121212121212121111
111311121112111211121112111211121112111211121112111211121112111211121112111211121112111211121112111211121114111
111121212121212121212121212121212121212121212121212121212121212121212121212121212121212121212121212121212121111
111311121112111211121112111211121112111211121112111211121112111211121112111211121112111211121112111211121114111
111121212121212121212121212121212121212121212121212121212121212121212121212121212121212121212121212121212121111
111111111111111111111111111111111111111111111111111111111111111111111111111111111111111111111111111111111111111
.c
111111111111111111111111111111111111111111111
111311121112111211121112111211111112121212111
111121212121212121212121212121211112121212111
111311121112111211121112111211111112121212111
111121212121212121212121212121211112121212111
111311121112111211121112111211111112121212111
111121212121212121212121212121211112121212111
111311121112111211121112111211111112121212111
111121212121212121212121212121211112121212111
111311121112111211121112111211111112121212111
111121212121212121212121212121211112121212111
111111111111111111111111111111111111111111111
.c
111111111111111111111111111111111111111111111111111111111111111111111111111111111111111111111111111111111111111
111311121112111211121112111211121112111211121112111211121112111211121112111211121112111211121112111211121114111
111311121112111211121112111211121112111211121112111211121112111211121112111211121112111211121112111211121114111
111311121112111211121112111211121112111211121112111211121112111211121112111211121112111211121112111211121114111
111311121112111211121112111211121112111211121112111211121112111211121112111211121112111211121112111211121114111
111311121112111211121112111211121112111211121112111211121112111211121112111211121112111211121112111211121114111
111311121112111211121112111211121112111211121112111211121112111211121112111211121112111211121112111211121114111
111311121112111211121112111211121112111211121112111211121112111211121112111211121112111211121112111211121114111
111311121112111211121112111211121112111211121112111211121112111211121112111211121112111211121112111211121114111
111111111111111111111111111111111111111111111111111111111111111111111111111111111111111111111111111111111111111
111311121112111211121112111211121112111211121112111211121112111211121112111211121112111211121112111211121114111
.c
1111111111111111111111111111111111111111111111111111111111111111111111111111111111111111111111111111
1111111112121111111111111211211111111111111212111111111111121211111111111112121111111111111121211111
1113111111111212121211111111112121211211111111121212121111111112121212111111111212112121111111114111
1111121211111111111112121111111111111112121111111111111212111111111111121211111111111111212111111111
1111111111111111111111111111111111111111111111111111111111111111111111111111111111111111111111111111
1111111111111111111111111111111111111111111111111111111111111111111111111111111111111111111111111111
1111111112121111111111111211211111111111111212111111111111121211111111111112121111111111111121211111
1113111111111212121211111111112121211211111111121212121111111112121212111111111212112121111111114111
1111121211111111111112121111111111111112121111111111111212111111111111121211111111111111212111111111
1111111111111111111111111111111111111111111111111111111111111111111111111111111111111111111111111111
1111111111111111111111111111111111111111111111111111111111111111111111111111111111111111111111111111
1111111112121111111111111211211111111111111212111111111111121211111111111112121111111111111121211111
1113111111111212121211111111112121211211111111121212121111111112121212111111111212112121111111114111
1111121211111111111112121111111111111112121111111111111212111111111111121211111111111111212111111111
1111111111111111111111111111111111111111111111111111111111111111111111111111111111111111111111111111
.c
111111111111111111111111111111111111111111111111111111111111111111111111111111111111111111111111111111111111111
111111111111111111111111111111111111111111111111111111111111111111111111111111111111111111111111111111111111111
111311121112111211121112111211121112111211121112111211121112111211121112111211121112111211121112111211121114111
111111111111111111111111111111111111111111111111111111111111111111111111111111111111111111111111111111111111111
111311121112111211121112111211121112111211121112111211121112111211121112111211121112111211121112111211121114111
111111111111111111111111111111111111111111111111111111111111111111111111111111111111111111111111111111111111111
111311121112111211121112111211121112111211121112111211121112111211121112111211121112111211121112111211121114111
111111111111111111111111111111111111111111111111111111111111111111111111111111111111111111111111111111111111111
111311121112111211121112111211121112111211121112111211121112111211121112111211121112111211121112111211121114111
111111111111111111111111111111111111111111111111111111111111111111111111111111111111111111111111111111111111111
111311121112111211121112111211121112111211121112111211121112111211121112111211121112111211121112111211121114111
111111111111111111111111111111111111111111111111111111111111111111111111111111111111111111111111111111111111111
111111111111111111111111111111111111111111111111111111111111111111111111111111111111111111111111111111111111111
.c
111111111111111111111111111111111111111111111111111111111111111111111111111111111111111111111111111111111111111
111111111111111111111111111111111111111111111111111111111111111111111111111111111111111111111111111111111111111
111111111111111111111111111111111111111111111111111111111111111111111111111111111111111111111111111111111111111
111311121112111211121112111211121112111211121112111211121112111211121112111211121112111211121112111211121113111
111112111211121112111211121112111211121112111211121112111211121112111211121112111211121112111211121112111211111
111211121112111211121112111211121112111211121112111211121112111211121112111211121112111211121112111211121112111
111112111211121112111211121112111211121112111211121112111211121112111211121112111211121112111211121112111211111
111411121112111211121112111211121112111211121112111211121112111211121112111211121112111211121112111211121114111
111112111211121112111211121112111211121112111211121112111211121112111211121112111211121112111211121112111211111
111211121112111211121112111211121112111211121112111211121112111211121112111211121112111211121112111211121112111
111112111211121112111211121112111211121112111211121112111211121112111211121112111211121112111211121112111211111
111511121112111211121112111211121112111211121112111211121112111211121112111211121112111211121112111211121115111
111112111211121112111211121112111211121112111211121112111211121112111211121112111211121112111211121112111211111
111111111111111111111111111111111111111111111111111111111111111111111111111111111111111111111111111111111111111
111111111111111111111111111111111111111111111111111111111111111111111111111111111111111111111111111111111111111
111111111111111111111111111111111111111111111111111111111111111111111111111111111111111111111111111111111111111
.c
11111111111111111111111
12121212121212121212121
11212121212121212121211
12121212121212121212121
11212121212121212121211
12121212121212121212121
11212121212121212121211
11111111111111111111111
.c
111111111111111111111111111111111111111111111111
121121121121111112112112112111111211211211211111
112112112112111111211211211211111121121121121111
111211211211211111121121121121111112112112112111
111121121121121111112112112112111111211211211211
111112112112112111111211211211211111121121121121
111111111111111111111111111111111111111111111111
.c
111111111111111111111111111111111111111111111111111111111111111111111111111111111111111111111111111111111111111111111111111111111111111111111111
121111121111121111121111121111121111121111121111121111121111121111121111121111121111121111121111121111121111121111121111121111121111121111121111
112111212111212111212111212111212111212111212111112111212111212111212111212111212111212111212111112111212111212111212111212111212111212111212111
111212111212111212111212111212111212111212111211111212111212111212111212111212111212111212111211111212111212111212111212111212111212111212111211
111121111121111121111121111121111121111121111121111121111121111121111121111121111121111121111121111121111121111121111121111121111121111121111121
111111111111111111111111111111111111111111111111111111111111111111111111111111111111111111111111111111111111111111111111111111111111111111111111
.c
111111111111111111111111111111111111111111111111
121131121131121131121131121131121131121131121111
112111212111212111212111212111212111212111212111
111212111212111212111212111212111212111212111211
111121111121111121111121111121111121111121111121
111111111111111111111111111111111111111111111111
121131121131121131121131121131121131121131121111
112111212111212111212111212111212111212111212111
111212111212111212111212111212111212111212111211
111121111121111121111121111121111121111121111121
111111111111111111111111111111111111111111111111
.c
111111111111111111111111111111111111111111111111222111111111111111111111111111111111111111111111111
121131121131121131121131121131121131121131121111222121131121131121131121131121131121131121131121111
112111212111212111212111212111212111212111212111222112111212111212111212111212111212111212111212111
111212111212111212111212111212111212111212111211222111212111212111212111212111212111212111212111211
121121141121141121141121141121141121141121141121222121121141121141121141121141121141121141121141121
112111212111212111212111212111212111212111212111222112111212111212111212111212111212111212111212111
111212111212111212111212111212111212111212111211222111212111212111212111212111212111212111212111211
111121111121111121111121111121111121111121111121122111121111121111121111121111121111121111121111121
