.c
11111
11111
11211
11111
11111
.c
11111
12121
11211
12121
11111
.c
21112
12121
11211
12121
21112
.c
11111
12121
11111
12121
11111
.c
11211
12121
21112
12121
11211
.c
11111
11211
12221
11211
11111
.c
1111111
1112111
1121211
1212121
1121211
1112111
1111111
.c
1111111
1112111
1111111
1212121
1111111
1112111
1111111
.c
1111111111
1111111111
1121111211
1111111111
1111111111
.c
1111111111
1121111211
1121111211
1121111211
1111111111
.c
1111111111
1211112111
1121111211
1112111121
1111111111
.c
1111111111
1212112121
1121111211
1212112121
1111111111
.c
11111111111
11111311111
11211111211
11111411111
11111111111
.c
1111111111
1111112111
1121111111
1111211111
1111111111
1211111211
1112111111
1121111211
1111211111
1111111111
.c
1111111111
1211112111
1121211121
1111212111
1121111121
1211211211
1112112111
1121111211
1111211111
1111112111
.c
1111111111
1311112111
1111211111
1111112111
1111111111
1211111211
1112111111
1121121111
2111211411
1111111111
.c
1111111111
1311112111
1111211111
1111112111
1111111111
1211111211
1112111111
1121121111
2111211411
1111111111
.c
1111111111
1211211111
1121121111
1112112111
1111211211
1111121121
1111211211
1112112111
1121121111
1211211111
1111111111
.c
11111111111
12111311121
11211111211
11121112111
11112121111
13111211141
11112121111
11121112111
11211111211
12111411121
11111111111
