Board size [mm] 250x100

Stats side 1
  #Components with background 10
  #Components with points 125
  #Components nofly 2
  #Components notouch 3
  #Pins 33970
  #GNDs 558
  #VDDs 479
  #Clock 20
  #NoFly points 276
  #NoTouch points 414
  #Points [total] 35717

Stats side 2
  #Components with background 16
  #Components with points 121
  #Components nofly 0
  #Components notouch 3
  #Pins 31335
  #GNDs 1171
  #VDDs 978
  #Clock 8
  #NoFly points 0
  #NoTouch points 634
  #Points [total] 34126

Stats board (side 1 + side 2)
  #Components with background 26
  #Components with points 246
  #Components nofly 2
  #Components notouch 6
  #Pins 65305
  #GNDs 1729
  #VDDs 1457
  #Clock 28
  #NoFly points 276
  #NoTouch points 1048
  #Points [total] 69843
  #Nets 63399
    Net Size: 1729 1457 28 3 1 1 2 1 1 4 1 1 2 1 1 4 2 2 4 1 1 1 1 1 3 3 4 2 3 1 3 2 1 1 5 1 1 2 1 1 3 2 2 2 1 1 3 2 3 1 1 1 1 3 1 1 1 3 1 1 2 3 2 1 2 1 1 1 5 3 3 2 1 1 5 3 2 1 1 1 4 3 2 3 1 1 1 3 3 1 2 1 4 3 2 2 1 1 1 4 3 1 1 1 3 3 3 3 1 1 1 1 2 1 3 1 1 1 2 4 1 2 2 1 1 1 2 4 4 5 2 1 2 3 1 2 4 2 3 1 1 4 2 1 2 4 3 2 2 3 1 4 2 2 1 2 1 2 6 2 1 1 1 2 1 3 3 5 5 1 2 2 2 2 2 1 3 1 1 2 1 1 2 2 3 1 2 5 1 2 4 1 1 1 1 1 2 2 2 2 1 3 2 2 1 2 1 3 2 2 1 2 1 2 1 3 1 2 1 1 3 1 1 3 1 3 2 2 2 3 3 3 2 1 4 1 2 2 1 2 2 4 1 3 1 5 2 1 3 2 3 3 2 1 2 1 1 1 1 1 2 1 2 3 3 2 2 5 3 2 2 3 3 2 2 3 2 2 3 1 3 3 1 1 2 2 2 1 1 2 2 4 1 3 3 2 3 1 1 1 2 2 1 1 1 2 1 1 1 1 2 1 2 1 1 2 3 3 3 5 1 2 2 2 1 1 2 2 4 1 2 4 4 2 2 1 2 2 4 1 3 3 2 1 1 1 4 2 2 2 1 1 1 3 1 3 1 3 1 2 1 1 2 2 1 1 1 1 1 2 5 2 3 1 1 1 2 3 3 1 2 3 1 1 2 2 4 3 2 2 3 2 6 2 3 2 4 2 3 2 2 2 3 3 3 1 1 1 1 1 3 1 3 3 3 3 4 2 1 3 2 1 1 1 2 2 1 2 4 7 4 2 1 3 2 3 2 2 1 1 2 4 1 1 3 3 1 2 1 3 3 1 4 1 1 3 1 1 2 1 2 2 1 1 2 2 2 2 2 3 4 2 2 2 1 2 1 2 5 5 2 1 3 1 1 1 4 1 1 1 2 2 3 4 1 1 5 4 6 1 3 4 2 1 1 3 1 2 2 1 2 1 5 1 2 1 3 2 3 2 4 1 1 4 4 1 5 2 1 4 2 2 2 3 1 2 3 2 3 3 2 1 2 2 1 3 2 2 2 2 5 1 2 3 4 2 3 1 4 4 4 3 3 2 1 2 1 1 1 1 3 2 2 3 2 3 4 2 1 1 1 1 1 2 1 2 2 1 3 1 1 4 1 2 3 1 2 1 2 1 2 1 2 1 3 1 2 2 2 1 3 3 4 2 2 2 3 1 2 2 1 1 3 1 1 4 3 2 1 2 2 1 6 2 2 3 2 2 1 1 3 3 1 4 3 1 1 1 2 2 1 1 2 3 1 2 2 1 2 3 1 2 1 3 1 2 2 2 2 1 1 2 3 1 4 4 3 1 2 1 1 1 1 1 1 1 3 1 2 1 1 4 3 1 3 1 1 2 3 2 2 1 1 2 2 2 2 3 2 1 3 1 4 1 2 1 1 3 2 2 1 2 1 1 1 1 2 2 4 3 1 2 1 1 2 7 2 1 2 5 1 2 1 2 2 2 5 1 1 3 3 3 3 2 3 1 1 2 2 3 1 4 2 5 1 1 2 1 2 1 1 1 2 4 2 1 1 2 2 2 2 2 1 4 1 2 2 2 4 2 1 1 4 3 1 2 3 1 2 4 2 3 3 3 3 1 4 3 2 2 2 2 3 2 1 2 3 1 2 3 2 1 3 2 2 1 1 1 1 2 2 2 1 1 2 2 2 1 1 1 2 2 1 2 2 1 1 2 4 1 2 3 6 3 2 2 2 2 2 1 3 4 1 1 1 1 5 2 2 1 1 1 3 1 1 1 4 2 1 2 2 1 1 2 1 1 1 1 1 1 2 1 1 1 2 2 1 3 1 3 1 1 1 1 1 3 2 2 3 4 1 3 2 1 1 2 1 1 2 2 4 1 1 4 1 2 1 4 2 1 1 2 1 2 4 1 2 1 1 1 1 2 1 3 1 2 2 2 2 1 4 1 1 1 3 1 1 2 1 3 1 1 1 2 1 1 2 1 2 1 1 5 2 2 3 2 2 2 1 5 1 1 2 1 2 3 1 6 1 2 2 2 1 1 1 1 2 1 1 1 2 1 3 3 2 1 1 2 2 3 1 2 4 3 2 1 3 1 2 2 2 3 2 6 1 1 2 2 1 1 1 1 2 1 1 4 3 2 2 1 1 2 2 1 1 2 1 1 2 1 3 1 2 2 4 1 1 2 5 3 3 2 1 1 4 2 3 4 2 2 4 2 1 2 3 3 6 1 1 1 1 1 1 2 1 2 1 1 1 1 1 2 1 2 1 1 1 1 1 1 2 2 4 2 2 2 2 1 1 5 5 2 4 1 2 3 4 3 4 3 1 1 2 3 1 1 3 3 2 4 1 2 2 1 1 2 2 1 2 4 2 1 1 1 1 2 3 1 1 1 1 1 2 1 3 1 2 2 3 1 2 1 4 1 1 2 2 1 2 1 3 1 1 2 3 3 4 2 2 1 3 4 2 2 1 1 1 2 1 2 1 1 3 1 3 5 1 2 2 2 1 2 3 1 3 2 1 1 2 1 2 3 1 2 3 1 4 4 2 2 2 1 3 1 2 1 2 2 2 2 1 2 2 3 1 2 1 3 3 2 1 2 2 1 2 1 3 1 2 2 2 6 2 2 2 3 2 3 2 4 1 2 3 1 1 5 4 2 2 2 1 1 3 3 1 3 3 1 2 1 3 3 2 1 1 4 3 2 1 1 2 2 1 5 2 5 1 2 2 5 1 1 1 1 1 3 1 1 3 3 3 1 1 3 3 1 1 1 2 2 3 2 1 2 1 1 1 1 1 1 3 2 1 1 1 1 4 1 3 1 2 1 2 1 1 3 2 4 1 1 1 4 2 2 2 1 3 1 2 2 1 3 6 1 2 1 2 2 1 1 2 1 4 1 1 1 1 3 1 1 4 1 1 4 4 2 3 2 1 1 2 1 1 1 1 3 4 2 1 2 4 3 2 1 2 1 1 1 2 3 2 2 2 1 1 2 3 1 2 2 1 1 1 1 5 1 2 1 1 1 2 1 1 1 1 3 3 2 2 2 1 2 1 2 2 1 2 1 3 1 4 1 1 1 1 1 3 1 1 1 1 5 2 4 1 1 1 3 2 1 1 1 1 3 3 4 3 2 3 1 2 2 1 1 3 2 2 1 1 2 2 4 3 1 1 2 3 1 2 2 1 1 1 1 1 4 2 2 3 1 2 1 3 3 1 3 1 2 3 2 1 2 2 1 2 1 2 1 1 5 2 1 1 2 2 2 1 2 1 1 2 2 3 1 1 1 2 1 1 1 1 3 4 4 3 1 2 2 1 2 2 1 1 1 3 5 2 2 1 1 1 2 2 1 1 7 3 2 2 5 1 1 1 1 3 2 3 1 2 1 3 1 2 2 1 3 2 1 2 2 3 1 2 2 2 1 2 2 2 2 2 2 3 1 3 4 1 3 4 1 5 3 1 2 1 3 1 2 3 1 4 4 1 4 1 2 3 3 2 2 2 1 2 3 4 2 2 2 3 1 2 2 1 3 1 1 1 5 1 2 1 1 1 2 1 2 2 1 1 3 2 2 3 2 2 2 3 2 1 3 2 5 2 2 4 1 2 1 1 1 1 2 3 1 1 1 1 1 5 1 2 2 2 3 2 2 2 1 1 2 2 1 2 1 1 4 1 1 2 5 1 3 1 3 2 5 2 1 3 1 4 1 1 2 3 4 5 3 1 1 4 3 2 1 2 3 2 1 2 1 1 3 6 1 5 2 2 3 4 1 2 1 2 2 1 2 1 3 4 1 1 4 2 1 2 1 1 2 1 2 1 2 3 1 5 2 2 1 2 1 1 1 1 1 1 3 1 3 2 1 1 2 2 1 3 3 1 3 2 2 3 3 2 1 2 4 3 4 2 2 1 2 4 1 1 2 1 2 2 1 2 2 1 3 3 1 3 1 1 2 3 1 2 3 1 2 1 1 2 1 2 2 1 2 2 1 2 4 3 1 1 2 2 2 1 2 2 1 1 1 2 2 4 3 3 2 1 1 2 1 1 3 1 1 3 1 1 1 1 3 4 1 1 1 1 3 1 5 1 2 3 1 2 1 2 1 1 1 2 1 1 1 1 4 3 1 1 1 3 2 1 1 1 3 1 1 1 2 2 3 5 1 2 2 2 2 3 1 2 1 2 1 2 1 4 2 1 1 1 1 4 1 3 2 3 3 3 3 3 1 4 2 4 2 2 2 1 1 1 1 2 1 2 3 4 2 1 2 2 2 2 2 3 2 4 1 2 5 1 1 5 1 1 3 1 2 4 2 1 2 3 2 3 2 2 1 4 5 2 4 4 2 1 1 2 2 2 2 3 1 3 3 2 6 1 2 1 2 1 2 1 2 1 4 2 1 6 1 2 3 3 2 1 1 2 1 1 3 2 1 2 3 1 4 3 3 1 1 4 1 3 2 2 3 2 1 1 3 1 3 2 2 1 1 1 2 1 3 1 2 1 1 1 2 1 2 1 1 4 1 1 1 4 2 1 2 1 1 1 3 1 1 3 1 2 1 1 1 3 1 3 2 3 2 1 1 2 4 2 1 1 1 2 2 1 4 2 1 1 1 1 2 3 3 3 2 3 2 3 2 2 6 1 2 1 2 2 1 2 2 1 3 3 3 3 1 4 1 1 2 2 1 1 2 1 3 2 4 3 1 2 1 1 2 4 1 3 2 4 1 2 2 1 4 3 2 3 2 2 2 1 1 3 3 1 1 1 1 1 3 2 5 1 2 1 1 1 2 2 1 2 4 2 1 5 1 2 2 2 1 1 1 2 1 2 1 4 4 2 2 1 3 1 1 1 5 3 1 2 1 1 2 4 1 1 1 3 3 2 2 3 1 1 2 1 1 1 2 3 2 1 1 2 1 3 2 3 3 1 2 2 1 3 1 3 1 4 1 3 2 1 3 1 2 1 1 3 2 2 2 2 3 1 2 2 2 2 2 2 2 1 3 1 2 1 4 1 2 2 5 2 1 2 1 2 2 1 1 1 3 1 1 1 3 2 1 1 1 1 2 2 3 3 1 3 1 2 2 2 5 2 2 3 1 4 1 1 3 2 3 1 1 1 2 3 1 1 4 1 1 1 1 1 2 2 2 4 4 3 1 1 2 1 1 3 1 1 2 2 2 5 5 3 3 1 2 2 1 1 1 1 1 2 1 1 2 1 2 1 1 2 2 4 1 2 4 2 1 2 4 4 4 2 3 5 2 5 1 2 1 2 3 3 2 3 3 1 1 2 2 1 1 3 4 4 3 1 4 3 2 2 2 1 1 1 1 3 2 2 3 2 3 3 1 2 1 3 1 4 3 1 1 4 3 2 2 1 2 1 5 2 1 2 1 3 2 2 2 2 1 1 1 2 1 4 2 1 1 1 2 1 1 2 2 3 3 6 2 2 2 1 2 2 1 2 3 2 3 3 3 4 1 1 3 4 2 1 1 2 5 2 1 1 2 4 1 2 3 3 2 1 3 3 1 2 2 2 2 3 1 4 1 1 1 4 2 1 1 1 1 2 4 1 6 2 4 2 2 1 1 2 1 4 1 1 2 1 1 2 5 3 1 1 1 2 1 1 1 3 5 1 1 1 3 1 4 2 1 1 2 2 3 1 1 2 2 1 4 1 2 1 2 1 1 1 3 1 2 3 1 4 2 1 4 1 1 3 2 4 3 1 2 2 2 2 2 4 2 2 3 2 1 1 1 5 1 1 1 3 1 2 1 3 3 3 3 1 2 2 2 1 3 3 2 1 2 1 3 4 4 2 2 4 4 2 1 1 3 2 2 2 2 1 1 2 2 1 1 5 1 1 1 1 1 1 3 2 1 3 2 1 3 2 2 1 2 6 2 3 3 1 3 2 1 1 4 2 4 3 2 2 3 3 1 1 2 1 2 2 4 6 1 1 1 2 2 3 1 4 1 1 1 2 3 1 1 1 3 1 1 2 2 2 4 1 1 1 1 3 1 1 2 3 1 3 2 2 1 3 1 2 3 1 1 1 3 3 3 1 1 3 2 1 2 1 1 3 2 2 1 1 3 1 1 1 2 4 3 1 1 3 3 3 2 1 1 2 1 3 4 1 1 4 1 1 3 3 1 2 3 1 1 1 3 1 2 1 2 1 3 3 2 1 2 2 1 3 2 1 1 2 1 3 2 1 4 3 2 2 4 1 3 2 2 2 1 1 5 2 3 2 1 1 3 3 2 3 2 1 2 1 1 3 3 2 2 2 2 1 2 1 2 2 4 2 1 2 4 1 3 2 3 2 1 2 1 1 2 2 1 2 2 1 3 1 1 1 3 1 1 4 4 3 1 2 1 4 1 4 1 2 1 4 4 1 2 2 7 1 2 2 4 5 2 2 2 2 2 1 3 2 1 2 1 2 1 6 2 2 2 3 2 2 1 2 1 2 2 1 2 2 1 4 2 3 1 2 2 1 1 1 1 1 1 2 2 3 2 4 2 2 2 3 4 2 2 1 1 1 1 1 1 1 1 1 2 3 1 1 3 1 1 2 4 2 1 1 1 1 2 1 1 1 2 1 1 1 2 1 4 1 2 4 2 1 2 3 1 1 1 1 2 1 1 2 2 3 3 2 1 2 2 2 1 1 6 2 2 2 2 3 2 1 3 2 3 4 1 1 2 3 1 1 1 1 2 3 2 2 3 1 2 2 2 3 4 4 3 2 2 2 2 3 2 1 1 2 3 2 2 4 2 2 1 3 1 2 1 2 2 1 3 1 2 4 2 1 3 1 2 3 1 3 1 2 3 2 2 1 2 1 1 3 4 1 1 2 1 1 3 1 1 2 2 2 1 2 3 4 2 2 3 2 1 1 1 2 3 2 1 2 3 2 1 1 1 1 5 1 2 2 1 1 2 1 2 1 2 2 1 3 2 3 3 1 2 5 2 2 3 1 1 1 1 3 3 2 2 1 1 2 1 1 2 2 5 4 7 5 3 1 3 1 1 3 4 2 4 3 1 5 1 1 1 2 1 3 1 4 2 2 4 2 3 1 1 4 1 2 1 2 1 1 3 3 2 2 3 3 1 1 2 4 2 2 1 3 1 1 5 3 5 1 1 2 2 2 1 1 2 
  #Test Small 6081
  #Test Medium 10822
  #Test Large 16857
