Board size [mm] 175x175

Stats side 1
  #Components with background 54
  #Components with points 224
  #Components nofly 5
  #Components notouch 6
  #Pins 36585
  #GNDs 1256
  #VDDs 985
  #Clock 8
  #NoFly points 728
  #NoTouch points 1048
  #Points [total] 40610

Stats side 2
  #Components with background 41
  #Components with points 205
  #Components nofly 1
  #Components notouch 0
  #Pins 41944
  #GNDs 1317
  #VDDs 1033
  #Clock 21
  #NoFly points 212
  #NoTouch points 0
  #Points [total] 44527

Stats board (side 1 + side 2)
  #Components with background 95
  #Components with points 429
  #Components nofly 6
  #Components notouch 6
  #Pins 78529
  #GNDs 2573
  #VDDs 2018
  #Clock 29
  #NoFly points 940
  #NoTouch points 1048
  #Points [total] 85137
  #Nets 4647
    Net Size: 2573 2018 29 1 1 1 1 1 3 2 1 1 1 1 6 2 1 1 1 2 1 1 1 3 2 1 1 2 1 1 1 2 1 5 2 1 1 1 2 2 2 1 1 1 1 1 5 4 1 1 3 1 2 1 2 1 3 1 2 1 1 1 2 1 3 1 1 1 2 1 1 1 1 1 1 2 1 1 1 1 2 3 1 1 1 1 4 3 2 1 1 2 1 3 2 2 2 1 1 1 1 1 1 2 2 3 1 3 1 1 1 1 1 1 2 1 1 2 2 2 3 3 2 5 3 1 1 1 1 2 3 2 1 3 2 1 4 1 1 1 1 2 1 2 2 1 1 1 2 2 4 1 1 1 1 2 1 1 4 2 2 2 1 1 2 1 2 1 2 1 3 1 1 1 1 2 2 2 1 1 1 1 1 3 1 2 1 1 1 1 1 2 1 3 1 3 1 1 1 1 2 2 1 1 2 1 1 1 1 1 1 1 1 5 3 3 4 2 1 1 2 2 1 2 1 1 1 3 1 2 1 1 1 1 3 4 1 2 1 3 2 3 4 2 2 2 3 2 1 1 1 2 1 1 1 2 1 1 2 2 1 3 2 2 2 1 2 1 1 1 1 1 1 2 3 2 2 2 2 1 2 1 2 1 1 2 1 1 1 1 2 1 1 1 1 3 3 1 4 2 4 2 1 1 3 3 1 1 1 1 1 1 2 3 1 1 1 1 1 1 1 1 2 1 1 2 6 1 1 3 1 1 2 1 2 1 2 1 1 2 1 1 3 1 1 1 3 1 1 2 1 1 5 1 1 1 1 1 2 1 1 1 2 1 2 1 2 2 1 1 1 1 2 3 1 1 1 2 3 1 1 2 1 1 3 1 1 3 1 1 2 2 1 3 1 2 6 3 1 3 1 3 2 3 1 2 1 1 1 3 2 1 1 1 2 1 1 2 2 2 1 1 1 2 2 1 2 1 1 4 3 1 1 1 2 1 2 1 2 4 2 3 1 1 1 1 1 1 3 2 2 2 1 1 1 1 1 5 1 3 1 1 2 3 1 1 1 1 1 1 1 2 2 2 1 1 3 2 2 2 2 1 1 1 1 1 1 2 1 1 2 1 2 1 2 1 1 1 3 3 1 1 1 1 2 1 3 2 4 2 1 2 2 2 1 1 1 1 1 1 2 2 1 1 2 2 3 1 2 1 2 1 2 2 2 1 1 3 2 1 2 1 1 2 1 1 3 1 2 1 1 1 2 1 3 2 1 2 1 3 1 2 1 1 2 4 1 1 3 2 2 1 2 4 1 1 1 1 2 2 2 4 2 2 1 3 2 1 3 2 2 2 2 1 2 4 1 1 2 2 3 1 1 3 1 1 2 1 2 2 2 2 1 3 3 2 1 1 2 2 2 1 3 1 1 1 2 1 1 2 3 1 1 1 3 2 2 2 5 2 2 2 5 2 2 3 1 2 3 4 3 1 1 2 1 1 3 1 1 3 1 3 2 1 1 3 1 1 1 1 1 1 2 3 1 2 2 2 2 2 4 3 1 1 2 2 1 1 1 2 1 1 1 2 1 1 2 1 1 2 1 2 3 1 2 2 1 1 1 2 1 3 1 2 2 1 1 2 1 2 1 1 1 3 1 1 1 1 1 1 1 1 2 2 5 1 1 1 1 1 1 2 1 1 2 4 2 1 2 1 1 2 2 4 4 3 2 1 1 1 1 1 3 2 1 3 1 1 1 2 3 1 2 5 4 1 2 2 2 2 2 1 1 3 2 1 5 3 2 3 1 1 3 2 1 1 2 1 1 1 2 1 1 2 1 1 1 2 1 3 2 2 1 2 2 1 1 3 2 2 3 4 2 3 1 1 2 1 1 1 1 2 1 4 1 1 1 2 2 1 3 1 1 1 1 1 1 2 1 2 1 2 4 1 1 3 1 1 2 2 1 1 1 1 1 3 2 3 1 1 1 1 1 3 1 1 1 1 1 3 2 2 1 1 1 1 3 1 1 1 1 1 1 2 1 1 1 2 3 1 3 2 1 1 1 1 1 1 2 1 4 2 2 2 1 5 2 1 2 1 1 2 1 1 1 2 1 2 2 1 2 1 4 1 1 2 1 2 1 1 1 1 1 2 1 1 1 3 2 3 1 3 1 1 1 2 3 1 2 2 3 1 3 3 2 2 1 1 2 1 2 1 1 3 1 1 3 1 1 2 1 1 1 1 2 3 4 2 2 2 2 1 1 1 1 1 3 2 1 4 2 2 2 1 1 1 1 2 1 3 1 1 2 2 2 1 1 1 1 1 1 2 2 1 2 4 1 1 3 2 2 2 1 1 2 2 2 3 2 2 1 1 3 1 2 4 1 1 2 3 1 2 1 2 1 2 1 1 3 1 2 1 1 3 2 1 2 1 1 1 1 2 2 2 2 2 2 1 1 1 1 1 3 2 1 2 1 3 2 1 1 1 4 3 3 2 1 2 2 1 2 2 2 2 1 4 2 1 2 1 2 1 3 1 1 2 1 1 1 1 2 1 1 2 1 1 1 1 2 1 1 2 1 1 1 3 1 1 2 4 2 1 3 2 1 1 2 1 2 1 1 2 1 1 1 2 2 2 3 1 2 1 2 3 2 3 1 4 1 1 1 2 3 1 1 1 2 1 1 3 1 2 1 1 1 1 3 2 3 2 1 2 1 2 2 1 3 2 2 3 2 3 1 1 2 2 1 2 2 2 1 3 2 2 1 3 2 1 2 1 2 1 2 2 2 3 1 1 1 4 3 1 4 2 6 1 1 1 1 2 1 2 2 1 2 1 1 2 2 2 1 2 1 2 1 4 3 4 2 1 1 3 2 2 2 1 2 1 1 1 3 2 2 3 3 1 1 1 5 2 3 3 4 1 1 1 3 1 3 4 1 2 1 2 1 1 4 2 3 1 1 1 2 1 1 2 1 1 2 2 1 2 1 1 1 4 1 1 2 3 1 3 2 1 2 1 1 2 1 2 2 1 1 1 2 1 2 1 1 3 1 2 2 1 1 2 2 3 2 1 2 2 2 2 1 2 3 1 1 1 1 1 3 2 2 2 1 3 3 1 2 1 2 1 1 2 1 3 1 1 1 2 1 2 4 1 3 2 2 1 1 2 1 1 1 1 2 1 1 1 2 1 1 1 1 2 4 1 3 1 2 2 4 1 1 2 2 1 1 2 1 1 1 3 1 3 2 1 2 1 3 1 1 2 2 2 2 2 1 3 1 1 2 1 2 2 1 1 1 2 2 3 1 1 1 1 2 1 1 1 4 1 1 2 1 3 1 1 1 3 3 2 2 2 1 1 1 1 2 2 1 1 2 2 1 2 1 2 3 1 1 2 3 2 1 3 2 3 1 1 4 2 1 1 2 2 2 3 1 3 1 1 1 1 3 3 1 1 2 1 2 1 1 2 3 5 2 2 1 1 1 1 1 3 2 1 1 2 4 4 2 2 2 1 3 3 1 1 3 1 1 1 1 2 3 1 2 1 4 2 2 2 2 2 1 3 2 4 2 1 1 1 3 1 1 1 1 2 2 3 4 1 2 1 2 3 1 2 1 2 2 2 1 1 1 1 3 3 3 1 1 2 2 2 3 1 1 1 1 2 2 1 2 2 1 1 2 2 1 1 1 4 3 2 1 3 2 1 3 1 2 4 3 2 2 1 2 1 1 1 1 3 2 1 2 3 1 2 2 2 1 1 2 2 1 2 1 2 4 1 3 1 3 3 2 1 1 1 1 2 1 1 1 1 2 1 4 1 1 1 3 3 2 4 1 1 2 4 1 1 1 1 1 1 2 2 1 2 3 1 2 1 1 1 1 3 3 2 1 1 2 1 1 2 3 2 3 1 1 1 1 2 1 1 2 1 1 1 1 1 1 1 1 1 3 1 1 1 2 1 1 1 1 3 2 1 1 1 2 1 1 2 1 4 2 2 2 2 1 2 1 1 1 1 2 3 2 1 3 1 1 1 1 3 3 1 2 2 1 1 1 2 2 2 1 1 2 2 1 1 2 4 2 1 2 3 1 2 1 1 2 1 1 1 2 1 1 2 1 1 1 1 1 1 1 2 1 3 1 2 1 1 1 2 1 1 1 1 2 1 1 1 3 1 1 2 1 1 5 5 1 1 1 1 2 4 2 1 1 1 3 1 1 3 1 2 1 1 2 2 1 1 2 1 1 1 1 2 1 2 1 2 1 2 4 2 2 1 1 2 3 2 2 1 2 2 2 1 1 1 1 1 2 2 1 1 1 3 1 1 1 1 1 1 1 1 1 2 1 1 1 5 1 1 1 1 5 1 3 3 1 1 2 1 7 2 2 2 1 1 1 1 2 1 1 1 3 1 2 1 3 3 3 1 2 4 1 2 1 1 1 1 1 2 3 1 2 2 3 2 4 2 1 1 1 1 2 1 3 1 1 1 1 1 1 2 1 3 1 2 1 2 1 1 1 1 2 3 3 1 2 2 1 1 3 1 1 3 1 1 1 2 3 1 2 1 1 1 1 2 1 1 3 1 1 1 1 2 2 2 1 1 1 1 2 2 1 1 1 1 3 1 1 2 2 1 1 3 1 1 2 1 2 1 1 2 1 1 2 4 1 1 1 3 2 3 2 2 1 1 1 3 2 2 1 1 4 1 6 2 1 4 1 1 2 1 2 1 2 1 1 1 3 1 3 2 3 1 1 2 2 2 1 1 1 2 1 1 2 3 3 1 1 1 1 1 3 1 2 3 1 1 1 1 4 1 3 1 1 1 1 2 2 1 2 2 1 3 1 1 1 1 1 1 2 1 1 1 3 1 1 1 2 1 3 1 1 1 1 3 1 1 1 2 2 1 1 2 1 1 1 2 1 2 3 1 1 1 1 1 2 1 1 1 1 1 1 3 2 3 1 1 1 1 1 3 1 1 4 3 2 2 2 1 1 2 4 1 1 3 1 3 2 1 1 2 2 2 2 2 3 1 2 1 2 1 2 2 1 1 1 3 2 1 3 2 2 3 1 2 1 1 2 1 1 3 1 1 2 1 2 2 3 2 1 1 3 1 1 1 1 1 2 3 2 2 1 1 1 1 1 1 2 1 1 2 2 1 3 1 1 2 6 1 2 1 1 1 1 1 1 1 1 1 2 3 1 1 1 1 2 1 2 1 1 1 2 2 1 1 1 1 1 2 3 1 1 1 1 1 1 3 1 2 3 1 1 2 1 1 1 2 2 1 1 1 1 3 5 1 3 2 4 1 2 2 3 1 2 1 3 1 1 3 1 1 1 1 2 1 2 1 2 1 3 1 2 2 1 2 2 3 2 1 1 1 1 2 2 1 4 1 3 3 1 1 1 2 2 2 2 1 4 1 1 2 2 1 1 1 4 1 2 2 2 3 1 3 1 1 1 1 3 1 1 2 2 1 1 1 1 1 2 1 2 1 3 2 2 1 2 3 2 1 1 3 1 1 2 1 4 1 1 1 1 1 1 1 2 2 1 1 1 1 1 1 3 4 1 4 1 1 6 2 2 3 3 1 1 1 3 1 2 1 2 1 2 1 2 2 1 2 1 1 2 1 1 1 3 2 2 1 1 1 2 1 1 1 2 1 1 1 1 1 1 2 1 2 1 1 1 1 2 2 3 4 3 2 2 1 1 1 3 1 1 1 2 1 3 2 3 1 2 2 3 1 2 1 2 2 2 1 2 3 1 1 1 2 1 1 3 1 1 2 2 1 2 1 3 1 2 1 1 2 3 1 1 1 2 1 2 1 3 1 4 1 6 1 4 1 5 3 1 4 1 2 1 2 2 1 2 2 2 3 1 2 1 3 1 1 4 1 1 4 1 1 1 1 1 1 2 2 1 2 2 1 1 2 1 1 3 3 1 1 3 2 2 2 1 2 2 1 1 1 2 1 1 2 2 2 2 3 1 2 1 2 1 3 2 1 3 1 1 2 1 3 1 2 2 2 2 1 1 2 2 2 1 3 1 1 3 2 1 2 4 1 2 1 1 2 1 1 6 1 1 4 1 1 1 7 1 2 1 2 2 1 1 1 1 2 1 2 3 2 2 2 4 1 2 3 1 1 2 1 1 1 2 3 1 1 1 3 2 2 1 1 1 1 2 1 3 2 1 2 1 3 4 4 1 2 1 2 1 2 1 1 1 4 2 1 1 1 3 3 2 4 5 1 3 1 4 1 1 2 1 1 1 2 2 1 1 1 1 2 2 1 2 2 3 2 1 1 1 1 2 2 2 1 1 1 2 1 2 1 2 1 3 2 1 1 2 1 1 1 1 1 4 1 1 2 2 2 1 1 1 1 1 1 5 2 1 1 2 2 2 1 2 5 1 1 1 1 2 1 1 1 3 1 2 1 2 2 2 1 1 1 1 1 3 1 2 2 2 3 1 2 1 2 1 1 3 2 2 1 2 1 1 1 1 1 1 2 2 2 2 3 2 2 3 1 1 1 1 1 2 4 1 1 2 1 1 3 2 2 1 4 1 1 1 3 2 2 1 3 2 3 2 2 3 1 1 1 2 2 2 1 2 1 1 1 2 2 2 1 2 2 1 1 1 1 2 1 1 1 1 1 4 3 1 1 2 1 2 2 2 2 4 1 2 1 1 1 3 1 3 3 3 3 2 1 2 2 1 4 2 2 2 3 1 1 4 1 1 1 2 2 2 2 1 3 3 1 3 2 3 1 2 1 4 2 1 1 1 3 2 2 1 2 1 1 2 2 1 1 2 2 1 2 2 1 2 1 1 1 2 2 2 1 2 1 2 4 2 3 3 1 3 2 1 1 2 1 1 1 1 2 2 4 1 1 1 1 1 1 2 2 1 1 1 4 1 4 1 3 1 1 1 1 2 2 2 2 2 2 2 2 1 1 1 2 2 1 1 2 1 1 1 1 1 2 2 2 2 2 1 1 2 1 4 2 1 2 1 1 2 2 2 2 4 2 1 1 3 1 2 1 2 1 2 1 1 1 3 1 2 1 2 1 1 2 2 2 2 2 1 1 1 2 2 1 1 2 3 1 1 3 1 1 1 1 1 1 1 4 1 1 1 2 1 1 1 2 1 1 1 2 2 2 1 2 1 1 2 2 1 1 5 2 1 2 3 1 1 1 2 1 3 1 3 1 1 2 1 1 2 3 1 1 2 1 1 1 1 2 1 5 1 1 3 1 1 3 3 1 3 1 3 2 1 1 2 1 1 1 1 2 1 2 1 1 1 1 1 2 1 1 1 1 3 2 2 1 2 2 1 1 2 1 3 1 1 1 2 1 2 2 2 3 1 4 1 2 2 1 1 1 3 2 2 2 2 1 1 1 2 1 1 1 2 1 1 1 2 1 3 1 1 2 1 2 2 2 1 2 2 1 2 1 3 3 2 1 3 2 2 1 2 2 2 3 3 3 1 2 2 3 2 1 2 1 1 1 3 2 3 1 3 1 2 3 1 1 1 1 3 2 2 1 1 1 1 1 2 2 1 3 1 1 2 1 4 1 1 1 1 2 2 2 2 3 4 2 1 1 1 2 1 2 1 3 2 2 2 4 4 1 1 1 1 1 1 3 1 2 1 4 3 1 1 3 3 1 1 1 1 2 1 1 3 3 1 1 1 1 2 2 1 2 1 1 2 2 1 2 1 1 2 1 2 1 2 2 1 4 1 3 2 2 1 1 1 4 1 1 1 1 1 2 1 3 4 1 1 1 1 1 2 2 2 1 3 2 1 2 1 1 3 2 1 1 2 2 1 3 1 4 2 2 3 1 1 1 2 1 1 1 2 1 3 3 2 1 2 2 2 2 1 3 2 1 1 1 2 1 2 1 2 1 2 1 1 1 2 2 3 3 3 1 1 2 2 2 1 2 1 2 1 1 1 1 1 4 1 3 1 1 1 2 3 1 1 1 2 1 3 1 1 1 1 1 2 3 1 1 1 3 3 2 1 1 4 1 1 2 2 1 1 5 1 3 1 1 1 3 2 3 2 1 1 2 3 1 2 2 1 1 1 1 3 1 1 2 1 1 1 3 3 1 1 2 3 1 1 1 1 1 1 3 1 3 1 2 1 2 1 1 1 1 1 2 1 1 2 2 2 2 1 1 1 2 2 1 2 1 2 2 1 1 1 2 1 1 2 1 1 1 3 1 1 1 1 1 1 1 1 1 5 3 1 2 2 2 2 3 1 2 1 1 2 2 1 2 2 4 3 1 2 1 5 3 2 2 1 3 1 1 2 3 2 1 3 1 1 1 2 3 1 2 3 3 1 1 1 2 1 3 1 1 2 2 1 1 1 2 1 1 2 1 1 1 2 3 1 2 2 1 2 1 2 1 1 1 2 1 3 1 2 3 2 2 2 1 3 2 2 1 2 1 1 2 1 2 1 5 1 1 1 2 4 1 1 2 3 1 3 2 1 1 2 1 3 1 1 1 2 3 1 2 1 2 1 3 2 1 2 2 1 1 2 3 1 2 1 2 1 2 1 2 3 4 4 2 1 4 1 2 1 1 2 1 4 1 1 1 1 1 1 3 3 1 2 1 1 2 1 1 1 1 2 2 1 1 1 1 4 1 2 2 1 1 4 1 2 2 1 1 1 1 2 1 2 1 2 1 4 3 3 1 3 3 1 1 4 1 2 1 2 1 3 2 2 2 1 2 2 1 2 2 1 1 1 1 1 2 3 2 2 1 2 2 3 1 1 1 1 3 2 2 2 2 1 2 1 1 1 1 2 2 3 2 1 4 2 4 1 3 3 2 1 1 1 1 2 1 2 2 2 1 2 3 1 2 2 1 2 2 1 3 1 1 1 2 4 3 2 2 1 1 1 1 2 1 1 3 2 1 1 2 1 1 1 1 1 3 2 2 1 2 1 1 2 1 2 2 1 2 3 3 1 2 1 1 1 1 1 2 1 1 1 2 1 3 2 1 3 2 1 3 2 3 2 1 1 1 1 3 1 1 2 1 1 1 1 6 1 3 2 1 1 2 3 4 1 1 3 1 3 2 1 2 3 1 1 1 1 1 1 3 3 1 4 2 1 1 2 2 2 2 2 3 4 1 3 1 2 1 1 2 1 1 1 1 1 1 2 1 3 1 2 2 1 2 2 1 2 2 1 2 3 1 1 1 4 3 2 1 5 1 1 1 1 1 1 1 3 1 3 1 1 3 3 1 2 3 1 1 1 1 2 2 1 1 2 2 1 2 1 1 3 2 1 2 1 3 1 2 7 2 1 3 2 1 4 1 1 2 1 2 3 2 1 1 2 1 1 2 1 2 1 1 1 1 3 3 1 1 2 1 1 1 1 5 1 4 2 1 4 2 1 1 1 2 1 1 3 1 1 2 2 1 2 1 1 2 1 1 1 1 1 1 2 1 2 1 4 1 1 1 1 2 1 1 2 2 3 1 1 1 2 1 1 2 1 5 1 2 1 1 1 2 3 1 2 1 4 1 2 1 1 2 2 1 1 2 2 1 1 1 4 2 1 1 1 3 1 1 3 2 3 1 1 2 1 1 1 2 3 2 1 2 2 1 2 1 4 1 3 1 1 1 1 1 2 1 1 2 1 2 2 1 1 2 2 1 2 2 2 4 1 1 2 2 1 3 2 1 2 1 2 2 2 2 1 1 1 1 2 1 2 1 1 3 2 3 1 1 1 2 1 5 1 5 2 1 2 2 2 3 1 1 1 1 2 3 1 1 2 1 3 1 2 1 1 3 1 2 2 2 2 2 3 1 1 1 4 3 1 1 1 2 1 2 2 2 2 2 1 2 3 3 3 3 2 2 2 1 1 2 2 2 2 1 1 1 1 1 1 1 1 2 3 5 1 2 1 1 1 3 1 1 1 2 3 1 1 2 3 3 1 1 2 1 2 1 1 1 2 2 3 2 2 2 1 1 2 1 1 3 1 1 1 1 1 1 2 4 1 1 1 1 2 1 3 3 2 3 1 3 1 1 2 1 2 2 4 1 2 2 2 2 2 1 1 3 1 1 1 3 1 1 2 1 1 1 2 2 1 2 1 1 1 1 3 1 1 2 1 2 2 1 1 1 2 2 1 2 4 2 1 3 1 4 1 1 1 2 1 1 1 1 1 3 1 1 5 1 2 2 2 1 1 6 1 1 3 4 1 1 1 1 1 2 3 2 2 4 1 1 2 2 3 2 3 1 2 2 3 3 1 2 1 1 1 2 1 1 2 1 1 1 1 2 2 2 2 3 2 3 1 3 1 2 2 1 1 1 2 3 3 1 2 2 3 3 5 1 1 1 1 1 1 1 1 4 2 3 1 1 2 1 1 1 3 2 3 4 3 1 3 3 1 2 2 1 3 3 2 2 4 1 1 4 3 1 1 1 3 1 2 1 1 1 1 2 1 2 3 1 1 2 2 1 2 2 1 1 1 2 1 1 2 1 1 1 1 1 2 2 2 1 3 1 1 1 1 2 1 2 2 1 1 1 1 2 1 1 3 
  #Test Small 7694
  #Test Medium 11611
  #Test Large 19384
