Board size [mm] 250x350

Stats side 1
  #Components with background 58
  #Components with points 425
  #Components nofly 6
  #Components notouch 6
  #Pins 106719
  #GNDs 2566
  #VDDs 2101
  #Clock 50
  #NoFly points 940
  #NoTouch points 1048
  #Points [total] 113424

Stats side 2
  #Components with background 65
  #Components with points 446
  #Components nofly 0
  #Components notouch 0
  #Pins 114824
  #GNDs 3261
  #VDDs 2623
  #Clock 72
  #NoFly points 0
  #NoTouch points 0
  #Points [total] 120780

Stats board (side 1 + side 2)
  #Components with background 123
  #Components with points 871
  #Components nofly 6
  #Components notouch 6
  #Pins 221543
  #GNDs 5827
  #VDDs 4724
  #Clock 122
  #NoFly points 940
  #NoTouch points 1048
  #Points [total] 234204
  #Nets 211752
    Net Size: 5827 4724 122 2 3 2 3 1 2 2 1 1 3 1 2 3 2 4 1 4 3 1 3 4 1 2 2 1 3 1 1 4 4 2 2 3 3 3 3 2 1 3 3 2 2 2 3 3 2 1 1 1 2 1 2 1 4 3 1 5 2 2 4 3 1 1 1 2 3 5 2 4 2 2 3 2 1 2 3 2 2 4 2 2 2 2 1 1 4 1 1 2 2 4 1 1 1 1 1 1 1 1 3 3 2 1 1 4 1 1 6 1 1 1 2 2 3 2 1 2 4 3 1 5 3 2 3 3 1 2 4 1 2 1 3 1 2 1 1 1 2 3 3 2 1 1 4 3 1 1 1 2 2 4 1 1 1 3 2 3 3 3 2 2 2 1 2 5 1 2 2 1 1 2 1 4 2 2 2 2 2 3 3 1 5 4 2 1 1 4 3 2 3 3 1 1 2 2 2 1 1 1 3 2 1 1 3 2 1 1 1 3 4 1 2 1 3 2 3 1 2 4 3 4 4 3 3 2 1 2 2 3 5 1 2 2 2 1 1 2 1 3 4 1 2 2 2 5 3 2 1 3 2 3 1 3 2 4 1 1 1 1 2 4 2 2 5 4 2 4 2 2 2 2 3 2 1 5 2 3 4 3 3 2 2 1 1 2 2 2 2 4 1 6 3 3 2 5 3 3 3 1 2 1 1 3 2 2 3 1 1 1 1 2 5 6 1 1 1 2 2 2 1 5 2 1 2 2 1 2 3 2 1 1 5 3 1 1 1 1 3 3 3 3 3 4 3 2 3 2 2 2 1 1 2 2 3 2 4 2 3 1 2 2 1 1 2 3 2 4 3 4 2 2 1 1 1 6 1 2 4 2 4 2 1 1 2 2 2 2 3 2 2 1 1 2 3 3 1 1 1 1 1 1 2 2 4 3 2 1 1 4 2 5 3 2 1 2 1 5 3 2 2 1 2 3 1 2 3 1 1 2 1 1 2 1 1 2 2 1 2 1 2 1 3 1 1 1 1 2 1 3 1 1 2 2 2 1 2 2 2 1 3 2 4 4 2 1 2 1 2 1 2 2 3 2 3 3 1 2 2 1 4 1 1 3 2 1 2 3 2 1 1 3 1 2 1 2 1 2 3 1 6 2 2 1 1 2 4 3 1 2 3 2 1 3 2 2 3 1 2 2 2 2 2 2 3 1 2 2 1 3 2 2 2 1 1 4 2 1 1 1 2 1 2 5 1 5 1 4 1 4 4 1 1 2 3 2 2 1 1 2 1 2 1 4 4 2 1 1 1 1 3 3 1 1 1 1 4 1 2 2 1 1 2 1 4 3 2 2 2 4 5 2 2 2 1 1 1 2 4 1 1 3 3 1 3 2 3 1 2 3 2 1 1 3 1 2 1 1 3 1 1 2 2 3 2 4 3 1 2 4 4 4 2 1 2 1 4 2 1 2 2 3 2 2 2 2 1 2 2 1 1 1 1 1 2 1 1 2 3 2 3 2 3 1 1 1 1 4 3 2 2 3 2 4 1 3 3 2 2 3 3 1 4 2 1 1 1 3 2 3 1 2 1 2 1 3 2 2 1 1 1 2 3 1 1 1 2 3 3 1 1 2 5 1 3 2 1 3 4 1 2 3 2 1 2 4 1 2 3 2 1 2 1 1 2 4 2 2 2 2 3 1 3 2 1 2 2 2 1 3 4 1 2 1 1 1 3 2 3 1 4 1 1 1 2 2 3 1 1 2 3 1 4 2 2 1 3 4 3 3 2 1 1 2 4 4 1 2 2 2 2 2 1 2 1 3 4 1 1 2 1 2 5 2 1 1 2 2 1 4 1 1 4 1 1 4 2 1 1 3 1 2 2 1 2 1 1 3 2 4 1 9 2 2 1 2 1 1 2 4 1 1 3 5 2 2 1 3 1 2 3 1 2 1 2 1 3 1 1 1 2 3 1 1 2 5 2 2 4 2 2 2 3 4 2 2 1 1 1 1 2 2 1 1 3 1 4 1 2 4 1 2 1 1 1 1 3 4 1 1 1 1 1 3 2 2 3 2 2 2 1 5 2 1 1 2 2 2 3 2 2 1 3 1 1 3 2 2 2 1 1 2 1 3 1 5 3 1 1 1 1 3 1 2 1 2 3 2 3 2 3 1 5 1 1 2 2 2 3 3 2 1 3 4 2 3 1 3 1 4 2 1 2 3 1 1 3 3 1 4 1 1 3 1 2 1 2 1 1 2 1 1 3 4 1 2 1 3 2 1 1 3 2 1 1 2 1 1 2 4 1 3 2 4 1 2 2 1 1 3 2 5 2 1 2 2 2 1 3 2 2 2 2 1 1 1 2 1 2 1 1 1 3 2 2 2 3 1 1 1 4 1 1 1 4 1 2 1 3 2 1 1 1 2 1 1 2 2 1 3 3 2 2 1 2 1 3 1 1 2 2 1 2 3 3 1 1 1 5 2 1 3 4 1 1 2 2 1 2 3 2 4 1 3 2 2 1 3 2 2 2 1 4 2 1 2 1 2 2 2 3 1 3 3 2 1 2 1 2 1 1 1 2 2 2 3 2 1 2 3 1 2 1 3 2 2 2 3 1 4 5 1 2 1 1 1 2 2 2 1 2 5 3 1 1 1 3 3 5 1 1 3 1 1 2 3 2 1 2 2 2 2 1 3 3 2 1 1 3 1 4 2 3 1 2 2 1 3 3 1 1 2 1 3 1 2 2 3 1 1 3 3 1 4 1 2 1 2 2 3 1 1 3 1 3 1 2 2 4 1 4 2 1 1 4 1 1 2 1 1 2 1 2 2 2 3 1 2 1 1 1 4 1 1 1 2 1 3 3 4 1 2 1 1 2 4 3 2 2 2 2 5 4 2 1 2 1 1 2 2 2 2 4 2 1 2 2 4 2 3 4 4 5 4 3 1 3 1 1 1 3 2 1 1 3 1 1 5 5 3 1 1 6 1 1 3 3 3 3 1 1 4 1 5 4 2 3 2 3 1 1 3 3 1 1 2 3 2 1 1 3 2 4 5 1 2 1 4 2 3 2 2 1 1 1 2 2 2 1 3 3 1 1 1 3 1 3 3 2 3 2 2 2 3 2 1 1 2 3 1 3 3 1 5 3 1 1 4 2 1 3 1 2 3 3 2 2 2 2 4 1 2 2 2 4 2 1 1 1 1 2 4 1 1 2 1 1 2 2 1 4 1 3 2 2 1 3 2 1 2 2 2 2 1 1 4 2 3 1 5 2 2 2 1 1 2 1 1 1 2 3 2 4 5 2 1 4 1 4 1 2 1 2 2 1 1 2 2 2 2 3 1 1 4 2 3 3 2 1 4 4 2 1 1 2 1 1 1 1 2 1 2 1 3 1 1 2 2 3 3 2 1 3 4 2 2 4 1 4 2 2 1 2 1 4 2 4 3 3 1 1 1 1 4 2 3 2 2 2 3 2 2 4 2 1 1 4 3 1 3 2 3 4 1 2 1 5 2 1 4 1 4 4 2 2 2 3 2 3 1 3 2 3 1 2 4 1 1 2 3 4 5 3 1 2 2 7 1 2 2 3 1 1 2 1 1 2 1 3 2 2 5 2 2 2 1 2 2 1 2 1 1 2 5 2 2 1 3 2 3 2 3 2 2 1 1 2 1 1 2 1 2 4 3 3 6 1 2 2 1 3 1 1 3 2 3 2 6 3 4 1 2 3 2 3 1 3 1 3 2 2 1 1 1 2 2 3 1 4 1 2 2 4 3 3 1 1 4 2 2 2 1 2 2 2 3 2 2 1 2 2 2 5 2 2 5 2 1 4 3 2 1 3 2 4 4 4 3 2 3 2 1 2 1 1 3 3 1 3 2 2 1 1 1 2 2 3 1 2 1 2 2 1 4 1 2 1 3 4 4 1 3 3 4 1 3 2 1 7 2 5 1 1 4 1 1 2 1 1 1 3 1 2 3 3 2 1 1 3 4 1 1 6 3 1 2 1 2 2 3 3 2 5 1 3 1 5 1 3 2 3 2 3 2 2 3 3 2 2 2 1 4 2 4 3 2 1 1 2 2 3 2 3 2 2 1 2 1 2 3 1 5 3 1 4 1 3 2 4 1 4 2 1 3 3 2 1 2 2 3 2 1 1 2 1 1 2 3 4 3 5 2 1 1 1 3 1 1 3 2 1 3 1 4 1 2 1 1 2 1 1 2 2 1 2 1 1 3 2 1 3 3 3 2 1 2 3 3 4 3 3 4 2 3 2 1 2 2 1 1 3 1 5 4 1 1 1 2 2 4 3 1 1 1 4 1 2 4 3 3 2 2 1 4 3 1 3 2 2 2 1 2 3 1 2 3 3 2 2 2 4 1 5 5 1 1 4 3 2 2 4 2 5 1 1 4 1 1 3 3 1 1 2 1 3 2 2 1 1 3 2 2 4 1 4 1 2 4 3 3 2 1 3 7 2 2 2 2 1 2 2 1 2 1 4 3 1 3 8 3 1 1 1 3 2 3 1 1 4 2 2 1 2 1 1 1 2 1 1 2 3 2 1 1 1 1 1 2 1 3 5 1 3 2 3 4 1 3 5 5 2 1 3 3 1 1 1 3 2 3 2 2 2 1 1 2 3 2 2 2 1 1 1 2 3 1 1 1 5 2 3 2 3 1 1 4 2 3 1 5 2 2 3 1 1 1 1 3 2 2 2 2 1 1 3 1 3 4 3 1 1 4 1 1 2 1 1 2 4 2 1 3 1 2 1 4 1 2 2 2 4 4 2 2 2 3 3 2 1 4 2 1 3 3 1 3 1 1 4 4 1 3 3 1 1 4 1 4 2 3 5 4 2 4 2 4 2 2 2 1 3 2 2 1 1 2 5 2 3 4 3 2 5 1 5 2 2 2 2 2 2 1 4 1 3 2 1 1 2 2 2 4 1 2 1 2 2 1 1 3 3 3 1 4 2 2 2 1 1 5 2 2 7 1 2 2 2 1 2 2 3 3 3 2 2 1 2 1 2 1 1 1 1 4 2 3 1 2 2 4 3 2 1 2 3 2 2 1 3 2 2 2 1 1 4 2 2 2 2 1 5 2 2 1 1 5 2 1 1 1 2 4 2 2 1 3 3 7 2 4 3 1 2 1 3 1 1 1 4 1 2 3 2 2 1 2 1 2 2 3 1 2 1 2 2 1 3 1 1 2 4 2 1 3 1 5 1 3 2 1 1 1 3 2 1 1 1 3 2 3 2 2 1 2 3 2 1 1 2 4 2 3 3 3 1 2 4 2 1 1 3 2 1 3 3 2 2 1 1 1 1 2 1 4 3 2 3 2 1 2 2 3 1 5 1 2 1 4 1 1 3 2 1 1 2 1 3 3 3 1 2 1 2 2 1 5 2 2 3 2 4 4 4 2 4 1 3 3 3 1 3 3 1 2 1 2 4 2 2 1 3 3 1 6 4 1 3 1 3 3 2 2 2 2 3 3 1 3 1 1 2 2 2 5 3 2 1 5 1 2 4 5 4 2 2 1 1 3 2 1 2 1 2 5 2 2 1 4 1 2 1 2 3 2 5 3 1 1 2 2 1 1 2 2 2 4 2 2 2 4 2 2 1 1 3 1 2 1 1 3 1 1 2 1 2 2 4 1 4 2 3 4 2 1 2 1 1 1 1 2 2 2 4 2 3 1 1 1 2 2 1 1 3 1 1 2 3 1 2 3 1 3 2 1 2 1 1 3 2 2 1 2 1 2 1 1 1 1 2 2 3 3 1 3 1 4 2 3 2 2 1 2 1 2 1 2 4 3 2 5 3 1 2 4 1 2 3 1 2 3 4 3 2 5 4 1 4 3 1 2 2 3 5 2 4 1 3 1 3 1 2 2 2 2 1 8 4 1 1 2 1 3 2 3 3 4 1 2 2 2 1 4 2 2 2 1 1 2 4 1 1 1 6 1 1 2 3 1 2 1 1 3 1 2 1 2 3 3 2 1 3 1 4 3 3 3 3 2 2 1 2 2 2 3 1 3 1 5 4 2 2 1 3 3 2 2 3 1 3 3 1 1 2 3 1 1 4 6 1 3 1 1 2 3 4 2 2 1 2 3 3 1 1 1 1 2 1 3 1 2 1 3 1 1 1 1 4 2 3 1 4 2 3 1 4 1 2 1 1 1 2 2 2 4 1 2 2 1 4 1 2 2 3 4 3 1 1 2 3 1 1 1 4 1 3 2 3 1 2 3 3 2 4 3 1 1 4 3 2 2 3 2 3 4 1 1 1 2 1 3 3 4 1 3 1 4 1 2 4 4 1 2 3 4 2 3 1 2 1 5 2 1 1 4 1 2 1 3 1 2 1 6 1 3 3 1 2 1 1 2 2 2 1 1 1 3 1 2 2 3 2 2 3 2 1 1 3 1 3 3 2 5 1 3 2 2 1 2 3 5 2 3 1 2 1 1 3 2 1 3 1 1 2 3 1 1 2 2 2 2 2 1 2 4 1 1 2 1 1 2 2 2 2 4 3 1 3 2 4 1 3 1 1 3 3 2 1 5 1 3 1 2 2 3 1 2 2 1 1 1 1 1 1 3 1 2 2 4 2 2 2 1 3 1 2 2 1 1 3 2 1 4 1 1 4 1 2 1 1 1 3 1 5 1 2 2 2 4 1 1 1 1 1 2 1 3 2 1 1 2 2 3 2 1 1 2 5 1 3 1 1 2 2 2 1 3 4 2 1 2 3 1 2 3 2 1 4 1 2 3 3 2 2 1 2 3 3 3 6 2 3 1 3 1 1 1 2 1 2 1 3 2 2 5 4 4 2 3 1 1 1 1 3 2 1 5 2 1 4 1 1 2 2 1 2 4 1 2 1 1 3 1 2 1 5 2 3 2 2 1 2 2 2 5 2 1 1 2 1 4 2 1 1 1 3 1 1 4 1 2 3 2 3 1 2 1 2 1 2 1 2 5 4 5 3 2 2 1 2 1 1 1 1 2 2 1 2 2 4 4 4 1 3 1 2 3 1 2 1 1 1 3 1 1 3 4 1 3 2 3 2 6 1 2 4 4 2 3 4 4 1 3 1 2 5 1 3 2 2 4 1 1 1 1 2 1 3 1 2 1 1 1 1 1 2 2 2 2 1 1 1 1 2 1 3 2 2 2 3 1 2 3 2 1 1 2 3 1 2 2 1 1 1 1 1 4 3 1 4 3 1 1 3 1 5 1 2 2 4 2 2 5 3 2 1 5 3 1 3 2 1 2 2 1 1 3 1 4 6 2 1 3 5 2 3 2 2 1 1 2 3 3 3 2 2 5 2 1 4 2 1 1 1 2 1 3 2 2 1 2 2 2 1 3 3 4 2 1 1 2 2 1 3 3 3 1 1 1 2 2 2 3 2 2 1 3 1 4 1 3 3 2 1 2 1 5 2 2 1 1 2 2 2 3 1 2 1 2 2 3 5 3 2 1 1 1 5 3 1 1 2 2 2 1 3 1 1 6 1 2 2 1 3 2 2 1 3 2 2 3 3 2 1 4 2 4 1 3 1 1 1 4 1 3 1 3 5 1 3 4 2 2 2 6 2 2 5 1 3 1 2 3 2 3 1 1 2 4 3 3 2 4 2 4 3 5 3 1 3 3 4 1 1 2 3 3 2 1 3 2 2 3 3 5 1 2 1 3 1 2 3 1 1 3 2 3 4 2 1 2 3 1 3 1 3 2 4 1 1 2 1 2 3 3 3 1 3 1 2 1 2 2 3 2 1 1 3 4 4 1 1 2 2 1 4 1 3 3 2 2 1 1 1 2 2 3 4 2 1 3 1 4 2 3 3 1 2 3 3 2 1 2 2 2 3 3 1 2 1 1 2 3 1 2 3 1 3 2 4 1 4 1 1 3 1 3 1 4 1 2 1 1 4 2 1 3 3 1 2 5 2 3 2 1 3 2 3 3 3 1 1 1 2 3 1 1 1 2 1 5 3 2 3 1 1 1 2 4 1 1 3 1 1 2 3 2 3 3 1 1 2 1 1 3 3 3 1 2 5 1 3 4 1 1 3 1 3 2 2 1 4 4 1 4 3 3 2 3 3 3 1 1 1 3 2 2 2 2 1 4 3 2 1 3 4 1 1 1 2 1 1 2 2 1 3 2 2 1 2 3 2 2 4 2 1 1 2 1 3 1 2 1 1 3 1 1 1 2 1 3 2 3 2 2 3 1 3 2 3 2 2 1 1 1 1 2 3 4 4 1 2 1 1 2 2 3 4 1 3 1 2 1 3 2 4 4 1 1 3 1 2 2 1 2 2 2 2 2 2 1 2 2 1 2 4 2 2 1 2 2 1 2 2 3 1 1 1 2 5 2 1 1 1 2 2 1 3 2 1 1 5 4 3 2 2 1 1 4 2 1 2 3 2 2 2 1 3 1 1 3 1 4 1 3 1 1 1 4 3 1 2 4 2 3 4 1 3 3 3 1 2 2 4 2 3 3 2 1 1 3 1 2 2 1 4 2 4 2 3 2 4 2 2 2 2 1 1 5 1 1 2 3 1 2 1 2 3 1 1 3 2 1 4 3 1 3 1 3 3 5 2 5 1 1 4 2 1 3 4 3 2 2 1 2 1 2 3 1 3 2 3 1 2 2 1 2 4 3 2 2 1 3 3 1 1 1 4 1 3 2 4 3 1 1 2 1 1 4 2 3 1 2 1 2 1 1 3 2 3 1 3 1 2 1 2 1 3 3 1 3 2 2 1 3 3 2 1 1 1 1 2 1 4 2 3 1 1 1 1 1 2 3 2 1 4 1 1 2 3 1 2 1 2 1 4 2 3 1 5 2 4 2 3 1 4 1 1 3 4 3 4 5 3 5 1 1 3 3 2 1 2 4 2 4 1 1 1 2 1 1 2 1 3 5 2 3 1 2 2 1 2 1 2 1 1 4 1 1 2 4 3 2 1 1 2 1 1 4 1 2 1 3 2 3 1 3 1 1 3 2 5 2 2 2 1 2 1 1 1 2 1 1 2 3 1 2 4 1 2 1 3 2 1 3 3 2 1 2 2 4 1 3 2 2 4 1 1 1 3 1 1 1 1 2 1 6 4 2 2 3 3 1 7 3 2 1 1 2 1 2 2 2 2 2 2 3 3 2 1 3 3 1 1 1 1 2 4 1 2 1 3 1 3 1 1 2 4 1 1 2 4 6 6 4 3 2 1 1 1 3 1 1 3 3 2 1 3 3 3 1 2 2 1 1 1 2 3 2 2 1 2 2 3 2 4 4 1 3 3 2 1 3 4 1 1 1 1 2 1 1 3 3 1 2 3 1 3 1 4 1 2 3 4 5 1 3 3 2 1 3 2 5 2 2 3 1 1 3 2 4 1 2 2 2 1 4 3 1 2 3 2 1 3 1 1 3 2 2 2 1 3 2 2 1 3 3 1 1 3 3 1 1 3 5 2 1 1 2 3 1 3 1 2 4 2 7 2 5 3 1 2 2 3 2 3 2 2 1 2 4 5 2 2 1 2 6 3 1 3 1 3 1 4 3 1 1 1 1 1 2 2 1 3 2 1 2 3 1 5 2 2 1 4 2 3 3 2 1 6 1 2 2 1 2 2 1 1 2 3 3 2 3 2 4 3 4 2 1 2 4 1 1 3 3 2 1 2 2 1 2 1 3 1 3 4 2 1 1 1 2 4 2 3 1 2 1 1 3 2 1 3 1 3 2 2 1 2 4 2 2 2 1 3 2 2 2 2 2 1 2 2 3 1 5 4 4 4 2 1 2 2 1 1 2 1 4 4 2 2 1 2 3 2 4 2 1 3 3 2 4 3 4 1 2 3 1 1 1 3 2 1 5 3 3 1 2 4 3 2 3 2 2 2 1 4 1 4 3 2 4 1 4 3 2 2 4 3 1 2 1 1 1 2 2 3 2 1 1 1 2 5 2 2 1 2 3 2 4 2 1 1 4 1 1 3 4 3 5 2 3 1 3 3 2 1 1 4 3 2 2 2 1 2 1 2 3 2 3 1 2 3 2 1 1 1 2 2 1 1 2 4 7 2 1 1 2 1 3 1 5 2 2 1 3 1 1 3 2 1 1 1 2 3 1 3 2 2 1 4 2 7 2 2 2 1 5 1 3 1 1 1 3 3 2 1 2 5 1 2 1 3 2 1 3 1 1 1 2 3 1 2 2 3 2 2 1 3 1 5 1 1 2 1 1 2 1 1 1 1 4 3 2 4 2 3 3 2 1 2 3 4 2 4 2 4 1 1 3 2 1 1 2 4 4 1 1 3 1 3 3 4 2 2 1 2 1 1 1 2 1 3 3 2 2 3 2 6 1 4 4 1 2 5 3 3 3 1 3 1 2 3 3 1 1 1 2 1 4 2 1 1 1 3 2 2 1 4 1 3 2 3 3 1 3 1 1 3 3 2 2 1 1 1 2 4 2 4 2 1 1 3 3 2 1 2 3 1 2 2 2 2 2 7 1 3 3 1 2 2 2 1 2 3 2 2 1 3 2 2 3 1 3 3 4 2 4 5 2 1 4 3 2 2 1 2 2 1 3 1 3 1 2 1 2 1 1 1 3 2 3 2 2 1 2 2 3 3 2 5 1 4 1 5 1 2 3 2 2 2 1 4 1 3 2 2 1 1 4 2 2 1 5 4 1 4 2 1 4 3 2 2 2 4 4 1 2 1 2 1 1 2 1 4 4 1 1 1 1 1 1 7 1 1 3 1 1 3 3 2 2 3 1 4 3 2 3 3 2 1 2 1 1 2 1 2 4 2 1 3 1 1 6 2 1 2 2 2 2 1 4 1 2 3 3 2 4 2 1 1 1 1 3 1 1 3 5 4 2 2 3 4 1 1 1 3 1 1 1 4 3 1 2 2 1 1 4 3 1 4 2 1 2 2 1 1 2 3 2 1 2 1 2 1 1 4 1 1 3 2 2 1 1 4 2 5 3 2 1 1 2 2 1 2 1 4 1 6 1 3 2 3 1 2 3 2 2 3 1 1 2 2 1 1 2 2 1 3 1 4 3 2 2 3 4 2 2 1 2 2 3 4 1 3 2 1 3 1 2 1 2 3 1 2 2 2 2 1 2 1 1 3 1 1 1 2 2 1 2 2 2 1 1 5 2 3 1 1 1 3 3 1 2 2 5 1 4 1 2 2 3 1 1 2 3 2 1 1 1 2 3 3 1 3 1 1 2 1 1 3 1 1 2 1 1 2 3 1 4 1 7 2 1 4 3 2 2 2 1 1 1 2 2 3 1 6 1 1 3 1 3 1 2 2 3 1 1 1 2 2 1 2 4 3 2 4 1 3 2 3 2 2 2 2 1 1 1 2 1 4 1 3 2 2 3 2 3 2 2 1 3 2 2 3 2 1 2 1 2 1 2 4 3 2 1 3 1 4 5 1 3 1 1 5 1 1 4 1 2 3 1 1 2 1 3 5 1 1 3 2 1 2 4 1 2 1 1 4 5 1 1 4 2 3 4 3 2 4 1 4 2 3 3 1 2 1 1 2 3 3 1 1 3 4 2 2 2 2 1 1 1 1 2 2 1 3 1 1 3 3 3 2 4 1 1 2 3 7 2 3 1 1 5 3 3 3 3 4 2 5 2 2 3 1 2 5 2 3 2 3 3 2 3 2 1 1 1 2 2 1 2 2 2 2 1 3 2 4 2 1 2 1 3 3 3 2 1 1 1 2 3 2 2 2 3 3 1 1 2 3 4 2 1 1 1 1 2 5 1 3 2 2 4 1 1 2 3 1 2 1 1 1 3 3 2 2 1 2 1 4 3 3 1 1 2 2 3 2 3 3 2 1 1 5 4 6 2 1 2 3 2 5 3 2 2 4 3 2 1 2 1 2 3 3 2 3 2 1 7 2 1 1 3 2 3 2 3 4 1 1 2 1 5 1 3 4 1 3 2 1 1 2 2 3 5 2 1 1 4 4 2 1 4 1 3 4 1 1 3 1 1 1 1 2 3 2 1 3 4 2 3 3 2 2 2 1 2 3 2 1 1 3 4 3 2 5 1 2 1 1 2 2 4 3 3 1 2 1 5 1 4 1 1 3 1 4 1 2 2 2 3 1 3 1 3 1 3 3 1 3 3 1 5 1 1 3 2 3 2 3 1 1 1 4 3 1 1 1 2 1 3 2 3 2 1 1 1 1 2 1 5 1 2 1 3 4 1 1 1 5 4 4 2 2 4 1 1 2 1 1 1 4 2 3 7 2 2 5 1 1 3 1 1 1 2 4 3 3 1 2 4 5 3 2 4 1 2 3 1 3 3 1 1 1 3 5 3 2 3 4 1 2 1 3 4 2 2 3 1 3 1 3 4 3 4 1 4 1 1 1 3 3 2 1 2 6 4 4 2 5 5 1 3 2 2 1 1 3 3 2 2 2 1 1 2 1 4 2 2 6 3 6 1 4 1 1 1 2 3 1 3 2 1 1 4 1 1 1 3 4 2 1 3 1 3 1 1 2 1 2 2 2 1 5 3 2 2 4 4 2 2 3 1 2 1 1 1 1 2 1 5 1 3 1 2 2 1 2 1 1 1 1 2 2 2 4 2 2 4 3 2 1 1 1 1 1 1 4 4 2 1 1 4 2 2 1 3 2 1 1 2 1 1 3 1 2 2 4 1 1 2 1 2 2 3 1 2 2 3 1 1 2 2 4 3 1 7 1 3 3 3 1 2 3 2 1 1 1 1 5 1 1 2 2 1 4 2 3 2 3 3 2 4 1 4 1 4 4 3 3 3 1 3 1 1 1 3 1 2 5 3 1 1 1 3 4 1 4 1 1 2 1 3 2 1 1 2 3 2 4 1 1 4 3 2 1 2 1 1 2 1 1 1 3 1 2 2 1 1 3 2 1 2 3 2 1 2 1 2 3 2 2 1 2 1 1 2 1 3 1 2 5 4 4 1 1 6 1 4 1 5 3 4 3 1 1 4 2 2 2 3 2 3 3 3 1 1 1 1 4 1 3 1 1 1 1 1 2 2 3 3 1 3 1 2 1 2 1 3 2 1 1 2 1 2 3 2 1 2 4 2 4 3 5 1 1 2 4 1 4 3 2 2 4 3 1 1 4 5 1 4 1 2 1 3 2 1 2 4 3 2 2 1 2 2 1 1 5 1 3 3 2 2 1 2 2 1 1 3 2 2 2 1 1 2 2 1 1 3 2 3 1 2 1 2 2 2 1 2 4 3 1 1 3 1 2 3 3 3 6 2 2 2 2 4 2 2 1 1 2 2 2 4 4 3 1 4 3 1 1 2 2 1 1 3 1 2 2 5 3 2 2 4 7 3 3 1 2 1 3 1 3 1 1 3 1 2 1 2 3 1 4 2 2 3 2 3 2 4 3 3 4 1 1 1 1 1 1 2 4 3 2 1 3 2 2 2 1 2 1 3 1 2 1 2 1 2 2 2 3 2 2 2 3 2 1 2 1 2 1 3 1 5 1 1 3 2 2 2 3 3 2 3 2 1 1 2 6 1 1 1 4 1 2 1 3 1 2 3 1 1 2 1 1 3 2 2 5 2 6 1 3 2 3 1 3 5 4 4 4 2 2 2 4 3 3 2 1 2 4 2 6 1 5 3 2 1 4 3 2 2 2 2 2 3 5 2 4 1 3 3 6 3 1 1 2 1 2 1 1 2 2 1 2 2 3 2 2 1 1 1 3 4 1 2 4 2 3 2 2 1 5 1 1 1 4 1 3 2 1 2 5 2 1 2 1 1 1 5 2 2 2 3 1 1 3 2 1 3 1 1 2 3 2 1 3 1 1 3 2 3 3 3 2 2 3 2 2 6 2 5 1 2 2 1 2 4 1 3 2 2 3 3 2 1 2 3 1 4 3 7 4 1 2 2 1 4 2 2 1 2 1 3 1 1 3 3 3 1 1 3 1 1 3 2 1 1 1 2 3 2 2 3 1 3 1 1 3 1 2 1 1 2 3 1 1 5 1 5 4 1 2 2 2 2 1 1 2 1 2 1 3 1 3 3 5 2 2 4 2 1 3 2 2 1 1 2 1 1 3 2 5 2 1 2 1 1 1 2 2 2 2 5 1 3 2 1 1 2 3 2 1 2 1 1 1 2 3 4 2 3 1 1 4 2 2 1 2 2 2 1 3 2 2 1 2 2 1 1 4 2 1 1 2 1 3 1 3 2 1 2 1 1 1 4 3 2 1 4 2 2 2 2 2 2 2 1 2 1 1 1 1 2 1 1 3 2 5 2 3 1 1 1 3 4 1 2 3 3 1 2 1 1 2 4 2 3 3 3 3 2 1 1 3 3 2 1 4 1 3 2 2 3 2 3 2 6 2 1 3 1 4 2 1 2 2 2 1 1 2 4 1 1 1 3 2 1 4 5 1 1 2 2 3 1 1 4 3 2 1 1 1 2 2 1 1 3 2 2 2 1 2 2 1 1 1 1 2 1 1 1 1 1 1 5 2 3 1 3 2 3 4 1 4 1 1 3 2 1 1 1 2 1 4 1 1 1 1 2 1 1 2 1 1 2 6 2 2 1 2 3 2 1 1 2 3 1 1 1 3 2 4 2 3 3 2 2 1 3 5 3 2 2 2 1 2 2 1 3 4 2 1 3 2 2 2 2 3 1 1 2 1 1 3 3 1 5 2 3 2 4 1 3 2 2 3 1 2 1 2 3 2 3 2 2 2 1 2 2 1 1 4 4 2 3 1 1 5 2 3 3 2 1 1 1 3 2 1 4 2 2 2 3 1 2 2 2 2 2 3 1 1 1 5 3 2 1 2 2 3 2 1 2 3 1 2 3 1 1 2 2 1 2 1 1 5 1 2 3 1 1 2 2 4 1 3 1 1 1 1 3 5 1 2 2 1 2 1 1 1 2 3 1 1 2 1 2 2 2 4 1 1 4 1 3 1 2 1 2 3 3 1 1 5 1 1 2 2 2 1 4 3 2 1 1 1 3 4 2 3 2 3 1 1 3 1 5 2 2 1 2 2 2 4 5 3 1 1 5 1 3 3 2 1 1 2 3 6 4 2 5 1 2 1 2 7 2 1 2 2 3 4 2 2 1 7 2 2 3 3 2 2 1 2 2 3 2 3 2 3 3 2 2 1 1 4 4 1 2 2 2 3 1 3 2 3 1 2 3 2 2 2 2 2 3 3 1 1 4 5 2 2 4 2 3 4 3 1 2 2 1 1 1 3 5 2 3 3 3 4 1 1 2 1 1 1 1 1 1 3 2 1 4 2 3 1 6 2 2 4 1 3 1 1 2 1 1 2 3 3 1 1 2 4 2 3 1 2 4 3 4 3 2 4 3 4 2 1 3 1 3 3 2 1 1 2 2 4 3 4 3 2 3 2 3 2 1 2 1 2 2 1 1 2 1 1 2 4 1 3 3 4 3 2 3 1 1 1 2 1 1 3 1 1 1 3 1 1 3 1 1 1 3 4 1 1 1 2 1 2 2 1 2 1 1 4 1 2 3 3 1 4 5 1 5 2 2 1 3 2 3 1 3 2 1 2 1 4 2 1 1 2 2 2 5 1 2 1 4 2 3 2 2 3 1 1 1 2 1 2 1 2 1 2 2 3 1 1 3 4 3 1 1 1 2 4 1 1 2 2 5 1 3 2 3 3 2 3 1 2 1 2 2 1 1 4 3 2 1 4 1 1 5 4 3 2 1 2 2 4 2 3 3 3 4 1 1 2 2 1 3 2 1 1 3 1 2 2 1 4 2 3 1 1 2 1 1 1 3 1 1 2 2 2 1 1 2 2 3 3 3 1 2 2 3 2 3 2 3 1 1 2 2 3 2 2 3 1 1 1 2 1 1 2 1 1 1 1 2 1 2 1 1 2 2 5 2 4 2 3 3 2 3 1 1 2 2 2 3 1 4 1 3 1 3 2 1 3 1 1 1 4 1 2 2 2 3 1 2 3 1 4 1 1 3 2 2 3 1 3 2 1 2 1 2 2 6 1 1 1 1 3 2 1 3 3 1 3 1 2 1 1 1 1 3 2 1 1 3 3 2 4 2 2 2 1 4 2 1 2 1 3 1 4 3 3 1 3 2 2 2 1 1 1 3 2 3 3 2 3 2 2 1 1 6 1 1 1 1 1 1 2 2 1 3 1 1 1 2 1 1 1 1 6 3 1 3 2 3 1 2 3 2 1 1 1 3 3 5 1 6 2 2 1 3 1 1 3 1 1 1 2 1 2 2 1 4 2 2 3 6 10 1 2 2 2 2 1 1 4 4 3 2 2 1 3 1 3 3 1 1 1 2 3 1 1 4 2 2 3 4 1 3 2 2 1 5 1 3 4 2 4 1 1 3 5 2 1 4 3 4 1 3 3 1 2 1 3 3 2 1 1 1 4 1 2 2 1 2 2 4 3 1 3 1 2 2 1 1 2 5 2 4 2 3 2 2 1 3 1 2 1 3 1 2 4 3 1 5 4 1 2 2 2 1 1 2 2 2 1 2 2 3 3 1 2 1 4 1 1 2 3 3 2 1 1 2 1 1 5 2 5 2 4 3 2 2 3 4 1 1 1 1 3 3 3 4 3 2 3 2 2 3 3 2 2 2 1 1 3 2 2 1 2 2 1 1 4 4 1 2 2 3 2 1 1 1 1 2 2 4 2 1 2 1 5 1 1 2 1 2 3 1 2 1 8 3 1 4 3 3 2 2 1 1 1 1 5 2 2 2 1 2 3 1 1 3 2 2 2 2 1 3 4 1 1 1 3 4 2 3 2 3 2 2 2 2 1 1 2 1 1 2 2 1 2 2 2 2 2 2 2 2 2 2 3 1 1 1 1 1 3 2 2 2 1 2 4 2 1 2 1 2 1 2 2 1 1 1 1 2 1 3 2 3 4 3 1 3 1 1 3 2 1 3 2 3 4 5 1 2 3 2 1 3 2 3 3 2 5 2 3 2 1 5 1 3 2 2 1 4 2 3 4 2 1 4 1 3 6 2 3 1 1 3 2 2 3 2 2 1 4 1 1 1 1 3 1 2 1 2 3 1 1 1 2 3 6 1 3 1 2 1 1 2 1 1 2 4 4 1 2 1 2 2 2 5 2 1 3 2 1 1 2 3 1 1 1 2 3 1 1 2 2 1 1 1 4 3 2 1 1 1 1 4 2 2 1 2 2 2 2 2 3 1 3 1 1 1 4 2 3 2 5 3 3 2 2 2 1 2 3 2 2 1 1 1 1 3 1 1 3 1 2 1 2 2 3 1 5 1 4 2 3 2 2 2 2 2 4 3 2 2 1 3 1 2 3 2 4 3 2 3 1 2 2 5 2 2 2 2 3 1 2 5 1 2 2 2 4 1 1 1 2 3 2 2 2 6 5 3 2 3 1 1 2 1 1 2 1 3 1 3 3 2 1 6 3 2 2 2 1 1 4 1 4 4 4 2 1 3 1 1 2 2 3 3 5 1 5 2 1 2 5 4 3 3 2 5 1 2 1 1 3 1 4 1 1 1 2 1 2 2 1 2 3 1 3 1 2 1 2 1 3 1 2 1 4 1 2 1 3 2 1 3 3 5 1 2 2 1 5 1 3 3 1 3 3 2 5 2 3 1 1 4 1 3 1 4 2 1 2 3 1 1 3 1 4 1 1 1 3 2 1 3 4 2 2 1 2 1 2 1 5 5 1 2 1 1 4 1 2 1 3 2 6 2 3 1 2 4 1 2 1 4 3 2 1 4 3 4 1 1 1 2 1 1 2 3 1 3 1 2 4 3 1 3 1 5 3 1 6 3 5 5 4 2 2 2 1 3 5 3 3 2 2 1 4 2 3 1 4 2 1 3 6 1 2 3 1 4 3 1 1 1 2 2 1 1 2 1 6 2 2 1 2 1 1 1 2 6 1 2 3 4 1 3 3 1 2 2 4 2 2 1 1 2 2 3 1 3 2 1 2 2 4 2 3 5 1 2 1 3 2 1 2 2 5 3 1 2 1 2 3 3 3 1 4 2 2 2 2 3 6 3 6 4 2 3 1 2 2 1 4 1 1 1 2 1 1 4 1 5 2 5 3 1 1 2 2 2 1 6 3 1 3 2 1 3 2 1 1 2 2 1 4 2 5 3 2 1 2 4 5 2 1 1 2 2 1 1 2 3 2 2 2 4 4 1 1 1 1 3 3 1 2 1 2 1 3 5 1 3 1 1 2 1 1 1 2 2 1 1 4 2 2 1 1 1 1 4 1 2 1 1 3 1 5 2 4 2 1 1 1 2 2 1 1 1 2 2 1 2 2 2 1 3 4 1 3 3 2 4 3 1 2 1 3 2 1 3 1 1 1 2 1 5 2 1 3 4 2 2 3 4 3 2 4 2 1 1 1 2 1 1 1 1 1 2 3 2 1 1 2 6 1 1 1 3 4 2 1 4 1 2 4 1 2 3 2 3 2 2 2 2 2 2 1 3 3 1 1 3 1 3 2 5 2 2 1 2 2 4 3 2 1 1 5 1 3 1 2 1 1 1 4 1 3 5 4 1 1 1 3 1 3 1 3 1 1 3 2 2 2 1 2 1 2 1 3 1 3 2 2 3 1 2 2 2 1 1 1 1 3 2 3 3 1 1 1 2 1 1 1 2 2 3 4 1 1 1 2 3 2 6 2 2 2 1 1 3 1 2 1 2 2 2 1 3 2 1 1 1 2 3 1 1 1 2 1 2 1 1 3 4 1 1 2 1 2 2 2 5 2 2 1 3 5 1 1 2 1 3 1 1 3 2 4 2 5 3 1 4 7 1 2 5 4 2 2 5 1 2 2 3 3 1 2 1 1 3 1 3 1 2 2 2 2 1 1 1 1 2 1 2 2 1 4 1 1 3 3 3 2 4 1 3 6 5 3 2 4 1 1 2 5 2 2 1 2 3 6 3 2 2 1 1 1 1 3 2 3 4 3 2 1 1 2 2 1 3 2 2 4 1 2 1 1 2 2 2 1 2 1 2 2 1 1 1 3 2 1 3 3 3 2 2 2 2 3 1 1 2 2 1 2 3 2 1 1 2 2 1 2 3 3 2 1 1 2 1 1 2 3 3 3 1 3 1 2 1 3 2 2 2 2 2 3 1 3 3 2 2 5 2 2 3 6 3 2 3 2 1 3 1 1 1 1 3 2 2 1 2 3 2 1 1 1 1 2 4 3 1 5 1 1 2 3 2 4 1 1 5 3 2 2 1 2 3 4 1 2 2 1 3 1 1 4 1 2 2 3 3 1 2 1 1 1 2 1 1 2 3 4 2 4 1 1 2 2 3 2 1 1 3 1 1 1 1 1 3 2 1 2 1 1 4 2 4 1 3 3 1 3 2 3 3 2 1 2 2 4 2 2 4 2 3 1 1 3 2 1 3 3 4 1 2 3 1 3 1 1 2 4 2 1 1 5 1 3 3 1 2 1 2 1 4 2 1 3 1 1 2 1 1 1 1 1 4 4 2 3 4 1 1 2 1 2 1 2 1 3 2 3 3 2 2 2 1 1 1 2 2 3 1 5 1 2 1 1 2 2 1 2 2 3 1 2 2 5 1 2 2 1 4 3 2 2 1 3 1 2 2 1 4 2 1 1 1 4 5 2 1 2 2 3 2 1 1 2 1 2 2 2 1 4 2 1 2 2 3 1 1 2 2 2 2 4 4 2 2 2 1 2 2 1 3 3 2 2 2 1 1 3 5 2 3 2 3 1 3 4 1 1 1 2 1 2 2 1 1 1 4 1 3 1 2 1 1 4 3 2 1 1 1 1 1 2 2 3 4 4 1 1 1 1 3 2 4 3 2 2 2 2 2 2 1 1 3 1 1 1 2 3 3 1 2 2 1 1 2 2 5 2 2 3 1 3 1 1 5 1 4 4 2 4 1 1 1 2 3 1 3 2 1 5 1 1 2 2 3 1 3 1 1 2 2 3 2 1 2 3 3 2 1 3 4 1 1 3 2 3 2 3 2 1 4 1 1 4 1 2 1 4 2 1 1 4 2 3 2 1 1 2 2 1 1 3 1 3 3 1 2 2 4 2 3 4 1 4 2 5 1 1 1 2 2 2 3 1 1 1 1 1 1 2 2 1 3 3 5 2 6 2 1 5 3 1 2 1 1 3 3 3 3 1 1 1 1 2 3 3 1 1 1 3 4 2 2 1 2 1 2 1 2 1 1 2 3 2 2 1 1 2 1 4 3 1 1 1 5 1 1 4 6 1 4 3 1 1 2 8 1 3 2 1 1 2 1 3 1 2 3 2 2 1 3 3 2 1 1 3 2 2 1 2 2 4 3 3 3 1 2 3 1 1 2 1 2 1 3 3 2 1 3 4 1 4 3 1 1 3 2 1 2 2 2 3 2 1 2 5 1 5 1 2 1 4 2 4 4 2 2 2 2 2 2 4 2 2 3 1 1 2 4 2 1 2 6 2 3 2 2 5 4 3 4 1 1 2 2 3 1 1 1 2 1 2 1 1 1 2 4 2 2 1 1 3 2 1 1 2 3 3 3 4 1 4 2 4 2 4 1 1 3 3 2 1 3 2 1 2 2 2 5 5 1 4 1 4 4 3 2 2 2 4 1 2 2 2 4 1 3 2 1 1 2 2 2 2 2 1 3 3 1 1 1 1 2 3 1 5 3 4 1 1 3 4 1 2 3 1 1 4 3 2 1 2 1 3 4 1 5 1 3 2 4 1 1 2 2 2 1 3 1 1 4 3 4 3 1 1 2 3 1 2 1 2 2 4 3 2 4 1 1 1 2 2 1 1 1 5 3 1 2 4 3 3 4 1 1 1 4 1 4 2 2 1 4 2 1 3 1 3 2 4 2 1 3 2 2 1 1 1 4 4 2 1 1 3 2 1 2 2 1 2 2 1 2 2 1 2 1 1 2 2 1 1 1 2 1 1 1 2 2 3 1 2 4 1 2 4 2 3 1 2 1 5 1 2 1 1 1 1 2 2 2 3 3 2 1 1 3 2 1 1 1 1 1 1 2 2 1 2 2 1 2 2 4 1 3 1 1 4 2 1 3 3 1 1 4 1 3 1 1 1 3 3 2 1 1 1 2 2 2 2 1 3 1 1 2 3 3 4 2 3 2 2 2 1 3 1 2 1 1 1 2 1 1 3 2 1 1 2 3 1 3 1 1 1 3 1 3 2 2 4 5 2 1 3 2 3 2 2 3 3 2 5 1 1 1 2 1 1 4 1 4 4 1 2 1 2 1 2 2 2 1 2 1 2 2 1 4 1 2 3 2 1 1 3 3 2 2 5 1 1 2 1 1 2 1 1 2 1 4 2 1 1 2 2 1 4 1 2 1 2 1 3 2 4 2 2 4 3 2 4 2 2 1 1 2 3 2 3 1 1 5 1 1 4 4 4 1 4 4 1 1 1 3 1 1 2 1 3 3 4 2 2 1 3 3 1 1 2 1 3 1 1 1 3 2 1 2 3 2 2 1 2 1 1 5 3 2 4 3 3 4 3 2 3 1 4 2 1 2 2 3 3 3 6 1 1 1 3 1 2 1 2 1 4 1 2 2 3 5 1 1 2 3 2 3 2 2 2 1 2 3 2 1 2 2 1 4 1 1 2 4 2 4 3 7 5 2 5 3 6 2 2 3 1 3 2 2 2 2 3 3 1 3 1 5 1 2 2 1 5 1 1 1 2 1 1 3 1 1 3 2 4 2 1 3 5 3 2 1 3 2 1 1 2 1 3 2 2 1 2 5 1 2 3 1 4 1 1 2 2 1 1 4 1 2 1 3 2 3 5 4 1 1 1 2 3 1 1 2 2 2 1 3 2 1 1 1 1 2 1 2 1 1 1 2 1 3 1 2 1 1 3 1 3 3 1 3 1 2 1 1 1 4 3 3 1 1 1 2 2 1 4 1 3 1 3 2 1 3 1 4 2 2 1 1 2 2 4 2 1 3 3 3 1 4 1 4 1 2 2 6 1 3 2 1 2 2 1 1 2 4 2 3 1 1 1 3 2 2 3 2 2 1 2 2 2 1 4 3 1 1 6 3 5 2 2 1 3 1 1 1 1 2 2 1 1 1 4 4 1 2 1 1 4 2 1 1 1 1 3 3 3 1 2 1 1 3 1 2 4 1 2 2 2 2 1 3 1 3 3 3 1 4 4 4 2 1 4 2 3 3 2 1 5 1 2 4 1 1 6 1 2 4 6 1 1 2 3 1 4 3 1 2 2 2 2 2 2 3 2 4 2 2 2 1 3 2 2 3 1 1 1 1 1 1 4 2 1 3 4 4 1 8 2 3 1 3 2 1 1 3 3 1 1 3 1 3 4 2 2 1 2 3 2 2 2 3 4 1 6 4 2 1 4 3 1 2 1 1 1 2 3 2 3 3 2 1 1 2 2 1 1 2 2 2 1 1 2 3 2 1 1 2 1 1 3 4 1 1 1 1 1 1 3 2 1 1 1 2 3 1 2 3 2 1 1 5 4 3 2 1 2 1 2 1 1 2 2 1 3 5 3 1 1 2 1 1 3 2 3 3 2 1 2 3 3 1 1 5 1 3 2 1 1 2 2 1 2 2 1 2 3 3 1 2 3 1 2 2 1 3 1 3 3 2 2 1 2 1 3 1 2 2 2 2 1 2 3 4 3 2 2 2 1 3 1 2 2 3 2 1 1 1 3 3 2 2 1 1 1 3 2 1 2 2 1 1 1 4 2 2 4 1 5 2 1 2 1 3 2 2 2 1 3 4 1 2 2 1 1 2 2 2 1 3 5 1 3 3 5 2 4 2 4 2 2 6 2 1 4 4 1 4 7 1 2 1 1 1 1 1 1 1 2 2 2 4 3 5 4 1 5 4 1 4 2 1 1 1 2 4 1 1 3 4 1 2 3 2 4 1 2 2 3 2 2 2 3 2 1 1 4 1 3 3 1 1 1 4 1 2 2 1 3 1 2 2 3 1 1 1 4 2 4 1 1 4 1 1 1 3 2 2 3 2 2 3 1 3 2 2 3 4 1 1 1 4 2 1 2 1 1 1 1 2 2 1 2 3 3 1 1 2 4 1 3 3 3 2 5 1 2 1 2 4 4 4 2 1 2 2 3 2 3 3 2 2 2 1 1 1 2 2 2 1 1 2 1 2 3 2 1 2 4 4 1 2 3 2 2 3 2 2 2 1 1 1 2 3 1 2 1 3 3 2 2 4 2 1 3 4 2 2 2 4 3 3 1 2 1 3 4 5 1 1 3 1 2 3 1 1 1 1 2 3 2 3 2 1 1 2 3 1 6 2 1 1 1 1 2 1 1 3 3 1 4 1 1 1 3 3 2 3 2 1 1 1 2 3 3 1 1 1 1 2 1 3 3 1 2 1 2 4 1 1 1 1 2 1 3 4 1 4 1 3 2 1 1 1 3 1 1 2 3 1 4 1 1 1 2 2 2 1 1 1 1 1 3 4 2 2 1 4 1 1 3 5 1 4 2 2 1 3 3 2 2 3 3 2 3 3 2 1 3 1 3 5 3 3 1 2 1 1 2 1 2 2 
  #Test Small 12616
  #Test Medium 30901
  #Test Large 54906
