Board size [mm] 350x150

Stats side 1
  #Components with background 27
  #Components with points 265
  #Components nofly 6
  #Components notouch 6
  #Pins 79062
  #GNDs 2065
  #VDDs 1563
  #Clock 8
  #NoFly points 940
  #NoTouch points 1048
  #Points [total] 84686

Stats side 2
  #Components with background 31
  #Components with points 229
  #Components nofly 0
  #Components notouch 0
  #Pins 74527
  #GNDs 2342
  #VDDs 1857
  #Clock 24
  #NoFly points 0
  #NoTouch points 0
  #Points [total] 78750

Stats board (side 1 + side 2)
  #Components with background 58
  #Components with points 494
  #Components nofly 6
  #Components notouch 6
  #Pins 153589
  #GNDs 4407
  #VDDs 3420
  #Clock 32
  #NoFly points 940
  #NoTouch points 1048
  #Points [total] 163436
  #Nets 149685
    Net Size: 4407 3420 32 1 3 3 3 1 1 2 2 1 1 1 2 1 2 1 1 4 1 2 3 1 1 2 1 2 1 1 2 2 1 1 1 1 1 2 2 2 1 2 1 1 2 1 3 2 2 2 2 2 2 1 1 2 1 2 1 1 2 1 1 1 2 1 2 1 1 1 2 2 2 1 1 2 2 3 3 3 1 1 2 2 2 3 1 1 1 2 1 1 1 1 2 1 1 2 2 1 3 1 2 1 1 1 1 2 1 1 1 1 2 1 2 2 1 2 1 1 1 1 1 1 2 1 6 1 2 4 1 2 2 2 2 3 2 1 2 2 1 4 2 2 1 2 1 1 1 1 2 1 1 2 1 2 1 2 1 1 1 1 1 2 5 2 2 2 1 2 1 1 4 1 2 1 1 1 2 1 1 1 1 2 1 2 3 3 2 1 2 1 1 1 2 1 3 3 3 3 1 2 2 1 1 1 3 1 3 3 2 1 1 1 1 2 1 1 1 1 4 2 1 2 1 1 1 1 1 1 2 2 1 1 1 1 2 2 1 1 1 2 3 2 2 1 2 3 3 3 3 2 2 1 1 2 1 1 1 2 2 1 2 3 2 2 1 2 1 1 1 1 2 1 1 3 2 3 1 1 1 1 3 1 3 1 1 1 2 3 1 2 2 1 1 1 1 3 2 3 1 3 1 1 1 2 5 2 1 2 2 5 1 1 1 1 1 3 2 1 1 2 2 1 3 1 3 3 2 2 2 1 3 3 1 1 1 2 2 1 2 1 1 4 3 1 1 2 2 4 1 1 1 1 1 2 2 3 1 1 1 1 1 1 2 1 2 1 2 1 2 2 1 2 2 1 1 2 3 1 1 2 2 2 2 1 1 1 1 1 2 1 3 1 3 1 2 2 1 1 4 1 3 1 1 1 1 2 3 2 2 1 1 1 2 1 1 1 1 1 1 3 1 2 1 1 2 3 1 1 1 1 1 2 3 1 2 2 2 2 2 1 2 3 1 1 1 1 1 2 2 1 1 1 2 2 2 2 1 2 2 1 2 2 2 2 2 1 2 1 2 3 2 1 2 1 1 1 2 1 2 2 1 1 1 2 3 1 3 1 1 2 1 1 1 1 1 1 3 2 1 1 1 3 1 1 1 1 1 1 1 1 1 1 1 1 1 3 1 2 2 1 3 2 1 1 2 1 2 4 2 2 1 2 2 1 1 3 1 1 1 1 1 1 1 2 1 2 1 1 2 2 1 1 1 1 1 2 2 1 3 2 1 1 1 1 1 2 1 3 2 1 1 2 2 2 1 4 2 1 1 4 1 4 1 1 1 2 1 3 1 1 1 1 2 1 1 1 2 1 1 2 2 1 1 2 5 2 2 2 2 1 1 3 1 2 1 1 2 1 1 1 2 2 1 2 2 3 1 1 1 1 1 2 3 3 2 1 3 1 1 1 3 2 5 1 1 1 2 3 2 2 2 2 1 1 3 2 2 1 1 1 2 1 1 1 1 5 1 4 2 1 2 1 2 1 1 1 2 1 1 2 2 1 1 1 1 3 1 2 1 1 1 2 2 3 2 1 1 2 1 1 4 1 1 1 1 2 1 1 2 1 1 3 2 1 2 2 1 2 1 2 2 1 1 2 1 1 1 2 2 2 2 3 1 1 2 2 1 1 2 1 2 2 3 1 2 1 1 1 3 1 1 1 1 3 1 6 2 1 1 2 1 1 2 1 1 2 3 1 1 1 2 3 2 1 1 1 2 3 3 2 1 2 1 2 3 2 1 1 1 1 1 3 1 1 1 2 1 1 1 1 1 2 1 1 1 1 1 1 2 1 1 1 1 1 3 3 3 3 1 1 2 3 1 1 1 2 1 1 1 1 1 1 2 1 1 1 1 1 1 2 2 4 1 2 2 3 1 1 1 1 1 1 2 3 2 1 3 2 2 3 1 1 2 2 1 2 1 1 1 1 1 1 1 1 1 1 1 1 3 2 1 1 1 1 1 1 2 1 2 2 3 1 2 1 1 1 2 5 1 1 1 2 3 2 2 2 3 1 2 1 1 1 1 2 1 3 2 1 1 2 2 1 2 1 2 2 1 2 1 1 1 2 1 1 1 1 3 1 2 3 1 2 2 2 1 2 1 1 3 1 3 1 2 2 1 2 1 1 1 1 1 1 1 1 1 2 2 2 1 1 2 2 1 2 1 1 1 1 1 1 2 1 1 1 1 2 1 2 2 3 1 2 4 2 2 1 2 1 3 5 2 1 2 1 1 1 2 1 1 2 2 1 1 1 1 2 1 1 2 1 2 1 1 1 1 2 1 2 1 2 1 2 2 3 1 1 1 1 1 1 1 2 1 1 2 2 1 1 1 2 1 1 2 1 1 2 3 3 1 2 3 1 1 2 3 1 1 3 2 1 2 1 1 1 3 1 1 3 1 1 1 2 1 2 1 2 1 2 3 1 2 1 1 1 1 1 1 2 2 1 1 1 1 3 1 1 1 1 3 1 3 3 1 1 1 2 2 1 1 4 3 1 3 1 1 1 1 1 1 3 1 2 2 3 1 1 3 5 2 2 1 1 1 1 2 1 1 3 1 2 3 1 1 1 1 2 1 2 3 1 2 2 2 1 2 1 2 1 1 1 1 1 1 1 1 1 1 5 1 1 2 1 2 2 2 1 1 3 1 2 2 1 1 1 3 1 1 1 3 2 1 1 4 1 1 2 1 2 1 1 1 1 1 1 1 1 2 4 1 2 2 1 1 2 1 2 2 3 1 1 2 1 1 5 1 2 2 1 1 3 2 1 1 1 2 2 4 1 1 1 1 2 1 1 1 2 1 3 2 3 1 4 1 1 1 2 2 1 2 3 1 1 1 1 1 2 1 2 1 1 2 1 2 1 2 1 2 1 1 2 1 1 1 2 1 2 2 2 3 1 1 1 2 1 1 1 1 2 4 1 1 1 3 1 2 2 3 1 1 1 1 2 2 1 2 2 1 2 1 1 2 2 2 2 2 1 2 3 2 1 2 1 2 1 1 2 1 1 3 2 1 3 2 2 1 1 2 3 1 1 1 1 1 3 1 1 2 2 1 1 1 1 1 1 1 1 1 1 3 1 1 4 1 2 1 1 2 1 2 2 3 2 1 1 3 2 1 1 1 1 4 1 1 1 1 1 1 2 1 1 1 1 4 1 1 1 3 1 2 2 1 1 1 1 1 1 1 1 1 1 2 1 1 2 1 2 1 1 1 1 2 1 1 1 1 2 3 1 2 1 1 3 1 1 3 1 3 2 2 2 1 1 2 1 2 1 3 1 2 1 1 2 2 1 1 2 1 1 1 2 3 1 3 1 1 2 1 1 2 1 1 3 2 1 2 1 2 1 2 1 1 1 1 3 2 1 1 1 1 1 1 1 3 2 1 1 1 1 2 1 4 1 1 1 2 2 2 1 2 1 4 2 1 3 1 1 1 1 1 1 2 3 2 4 1 1 1 2 1 1 2 1 1 3 1 2 3 1 7 1 3 2 1 2 1 2 1 1 1 4 4 2 1 1 2 1 1 1 4 3 2 3 2 1 2 1 1 1 2 2 2 2 1 1 1 1 1 1 1 1 3 2 3 1 1 1 1 2 1 1 3 3 1 2 4 3 1 1 1 3 1 1 3 1 2 2 1 1 1 1 2 2 2 1 1 1 1 3 2 2 1 1 2 1 1 3 1 2 1 2 2 1 1 3 1 2 1 1 1 2 2 1 1 1 1 1 1 3 1 1 1 1 2 1 2 1 2 2 1 2 2 1 2 1 1 1 1 1 1 1 1 2 2 1 1 2 2 1 2 2 4 2 3 1 1 1 1 1 3 2 2 1 2 1 2 3 5 1 3 2 2 1 1 2 1 2 1 1 1 1 1 2 1 2 1 1 2 1 1 1 1 3 1 3 1 2 2 1 1 2 1 2 1 1 1 1 3 3 1 1 1 1 1 2 1 1 1 1 1 1 1 3 1 2 2 1 1 1 1 1 1 1 3 2 1 1 1 1 1 3 2 1 2 3 3 1 1 1 3 1 3 1 1 4 2 1 4 1 1 2 1 1 2 2 2 1 1 1 2 1 1 3 1 3 1 1 2 3 2 3 2 1 3 3 1 3 2 2 1 2 2 1 1 1 2 1 1 1 1 1 1 2 1 1 2 2 3 2 1 1 1 1 3 2 1 1 2 2 1 1 1 4 2 2 2 3 1 3 1 2 1 2 2 1 1 1 1 3 2 1 1 2 4 2 1 2 1 1 3 2 3 2 2 1 2 2 2 2 1 3 1 2 1 2 3 2 1 1 1 2 1 1 1 1 3 1 4 1 1 2 1 1 2 1 1 1 2 3 3 1 3 2 1 1 3 1 1 2 1 1 1 1 1 1 1 1 1 2 1 3 2 1 2 1 1 1 1 1 2 1 1 1 3 2 1 1 2 1 2 2 1 4 2 3 4 1 1 1 1 3 1 1 2 4 1 1 1 3 1 3 1 2 2 1 1 2 1 1 3 2 2 1 2 2 4 2 1 1 1 2 1 1 1 3 2 1 2 2 1 1 1 2 3 1 2 3 2 1 1 1 1 1 1 1 1 3 4 2 2 1 1 2 2 2 1 2 1 2 1 4 1 3 1 2 2 2 1 2 1 2 2 2 3 3 2 1 1 2 1 1 1 1 1 3 1 1 1 1 2 2 1 1 3 2 3 1 1 3 1 3 1 1 3 1 1 2 1 2 1 1 1 1 3 1 1 2 2 3 1 1 3 2 2 2 1 1 3 1 3 1 1 1 2 2 1 2 1 1 2 1 1 1 1 1 3 2 1 1 1 1 1 3 1 1 1 1 2 1 2 1 1 1 1 1 2 1 1 1 1 1 1 3 2 1 1 1 1 1 2 3 2 2 1 1 2 2 1 3 2 2 2 1 4 2 3 3 2 2 3 1 1 1 1 2 2 2 2 1 2 1 2 3 1 1 2 2 1 1 1 2 2 1 1 1 3 2 2 1 3 2 3 3 4 3 1 2 1 1 1 1 1 1 2 1 1 1 2 1 1 1 1 2 3 2 2 1 1 1 1 1 1 3 1 1 1 1 2 1 1 3 1 3 1 2 1 1 1 1 1 1 1 2 1 2 3 1 4 3 1 1 1 1 2 2 4 1 3 3 1 2 1 1 2 2 1 4 2 3 1 1 1 1 4 1 3 3 2 4 5 1 3 2 6 1 2 1 2 1 3 1 1 1 2 4 4 1 2 1 2 3 1 2 2 1 1 4 1 4 3 1 3 3 1 2 2 3 1 1 1 1 3 2 1 1 2 1 1 1 1 1 2 2 1 2 1 1 3 1 1 1 2 1 2 1 2 1 3 1 1 5 1 1 1 1 1 3 2 3 2 3 1 3 1 1 1 3 3 1 1 2 4 2 2 2 2 1 3 2 2 1 1 3 1 3 2 3 1 1 2 1 2 1 1 2 2 1 3 2 1 1 2 1 1 2 1 1 1 1 1 1 2 2 1 1 2 1 3 2 2 2 1 1 3 2 1 2 1 2 2 1 1 1 1 1 1 2 1 1 1 3 2 1 1 2 2 1 1 2 3 2 1 3 2 1 2 1 1 1 2 3 1 2 1 1 2 1 1 1 1 2 2 1 1 1 2 1 1 1 2 2 3 1 3 1 2 1 3 1 3 1 1 1 3 1 2 2 1 1 1 2 1 1 1 1 2 1 1 1 1 1 2 2 1 1 2 1 1 1 2 3 1 2 1 1 1 1 2 1 1 1 1 2 1 2 1 1 1 1 2 1 1 3 2 2 1 1 1 1 1 1 1 4 1 1 1 1 2 1 3 1 1 1 3 1 3 3 1 1 2 1 1 2 1 1 3 2 3 2 1 2 2 1 1 4 1 3 4 1 1 2 1 1 1 1 1 2 1 1 1 4 2 1 3 1 2 2 1 1 2 2 1 3 2 2 1 2 1 3 2 1 2 1 2 1 5 2 2 1 3 3 3 2 1 1 1 1 2 1 1 1 1 2 1 1 3 2 1 3 2 1 1 1 2 1 2 1 1 1 1 2 1 1 1 1 2 1 2 1 2 2 1 5 1 1 1 2 2 1 1 1 1 2 1 1 4 2 1 2 3 1 3 1 3 2 1 1 1 2 1 4 1 2 1 1 1 1 2 3 1 1 1 2 1 2 3 2 3 1 1 1 1 2 1 3 1 1 1 3 1 1 1 1 2 1 1 1 1 1 3 1 2 2 1 1 2 1 1 1 3 2 2 1 1 1 2 3 1 1 1 2 3 2 1 2 1 1 2 3 1 1 1 1 2 1 1 1 2 2 2 1 1 1 1 1 1 1 3 2 1 2 1 2 3 1 2 1 1 1 2 2 1 4 1 3 4 2 1 2 1 1 1 2 1 1 2 1 1 1 3 3 1 2 2 1 1 1 1 1 2 1 2 1 2 1 1 3 2 2 1 3 1 1 4 2 1 1 3 1 1 2 1 2 1 3 1 2 1 1 1 1 1 2 1 1 1 2 1 1 3 1 2 1 2 2 1 2 1 1 2 1 2 1 1 1 1 1 3 1 2 2 1 2 1 2 1 1 3 2 1 1 1 1 1 1 1 3 3 1 1 4 3 1 2 2 2 2 2 5 2 1 1 1 3 1 1 1 1 1 2 2 2 4 2 3 2 1 1 1 1 1 4 3 2 1 1 2 2 1 1 2 2 2 1 1 3 1 2 3 5 1 1 1 1 1 1 3 1 1 1 1 2 2 1 1 1 2 1 1 1 1 1 2 1 1 2 2 1 1 1 1 1 1 2 3 1 1 1 1 2 1 5 4 1 2 2 1 2 4 2 1 1 2 2 1 2 4 2 1 2 3 1 1 1 2 1 1 1 1 1 2 4 2 1 1 1 1 2 1 2 5 2 2 1 1 1 1 3 1 1 1 1 4 3 1 4 1 1 2 1 1 1 1 1 1 1 2 2 1 3 2 2 1 1 2 1 1 1 1 1 2 1 3 2 3 1 2 1 3 1 2 2 1 2 1 2 1 2 1 1 2 1 1 1 1 1 1 1 1 2 3 2 1 1 3 2 1 2 3 1 1 1 3 1 2 3 2 1 1 1 3 2 1 5 1 1 1 2 1 1 3 1 2 4 1 2 2 1 1 3 1 1 2 1 1 1 4 2 1 1 1 2 2 1 2 4 1 2 2 4 1 4 2 2 3 3 1 1 1 2 2 1 2 1 2 1 1 1 1 2 3 3 1 1 2 2 2 1 1 1 2 2 2 1 1 2 1 1 1 1 1 1 1 1 2 3 1 3 3 1 1 3 3 1 2 1 2 1 1 2 3 1 1 1 1 1 1 1 1 1 1 3 2 3 2 1 2 1 2 1 1 1 2 1 2 1 1 1 1 1 1 1 3 1 1 1 1 3 1 3 2 1 1 1 2 1 6 2 2 2 1 1 1 2 3 1 4 2 3 3 2 1 2 2 1 2 1 1 1 4 2 1 1 1 2 1 1 1 1 2 1 2 1 1 3 2 1 1 2 2 1 1 1 1 1 1 3 1 3 2 3 1 2 1 1 1 2 1 2 1 1 2 2 5 2 1 1 2 1 1 2 1 2 1 1 1 2 1 2 3 2 2 3 2 1 1 2 1 1 2 1 1 1 1 3 1 1 1 1 2 2 1 2 1 1 1 1 3 2 4 2 1 2 1 2 1 1 1 2 1 3 1 2 2 1 1 3 2 4 1 1 1 1 1 1 3 1 2 1 2 1 1 1 1 1 1 2 3 1 1 2 2 1 1 3 2 2 2 3 1 1 4 1 2 1 3 1 1 1 1 2 4 2 1 2 2 1 1 2 1 2 1 1 1 1 1 1 2 1 2 1 1 1 1 2 2 2 3 1 2 3 1 1 1 4 1 1 1 4 2 2 1 1 2 1 1 1 4 3 1 2 3 1 4 3 3 5 1 1 3 1 1 2 2 4 1 2 3 2 2 1 4 1 2 1 1 2 1 2 2 1 3 1 1 1 1 1 1 1 2 1 1 1 1 2 1 1 1 1 2 2 1 1 2 4 1 1 2 1 2 1 1 1 2 1 1 1 2 2 2 2 1 1 2 3 1 3 1 3 1 3 3 1 1 2 2 3 3 1 1 3 2 1 2 1 3 2 2 1 3 1 1 2 1 2 2 1 1 3 2 1 2 2 1 1 2 4 1 2 2 3 1 1 1 2 1 1 1 4 1 2 2 2 1 2 1 3 1 2 1 2 4 2 1 1 1 2 1 2 3 2 2 6 1 1 2 1 3 2 1 3 3 1 1 1 2 4 2 2 4 2 3 1 1 1 1 1 1 2 3 1 1 1 1 1 2 2 1 3 1 2 1 1 2 2 2 3 1 1 1 1 1 1 2 3 1 1 2 2 2 3 1 1 1 2 1 1 1 2 2 1 2 1 5 1 2 2 1 2 1 1 1 1 1 1 2 2 1 1 3 1 3 1 1 1 4 1 1 1 1 1 1 1 2 2 2 2 1 1 1 2 1 1 1 1 1 1 1 2 1 1 2 1 1 1 2 3 1 2 1 1 3 2 4 1 2 3 3 1 1 2 1 1 3 2 1 3 1 2 2 1 3 4 2 1 3 3 2 1 2 1 1 1 1 1 1 2 1 1 2 3 1 3 2 1 3 1 2 1 3 3 1 2 2 2 2 1 1 1 3 3 2 1 2 2 2 4 1 1 2 1 1 1 1 3 2 1 1 2 1 1 1 1 3 2 2 1 1 1 1 1 2 2 2 2 2 5 1 2 1 1 1 1 2 1 2 2 2 1 2 2 2 1 2 1 2 2 2 1 1 3 1 1 1 1 2 1 1 1 2 1 2 2 2 1 1 1 1 1 1 2 1 3 2 2 1 1 2 1 1 2 1 2 1 1 1 1 3 3 1 1 1 4 1 1 1 1 2 1 2 3 1 3 2 2 4 1 1 1 2 1 1 1 2 1 1 1 2 2 1 2 4 1 2 2 1 1 3 1 2 4 3 1 2 1 2 3 1 1 1 1 4 1 1 2 3 3 1 2 1 1 2 3 2 1 1 1 2 1 2 2 3 3 2 1 1 3 2 1 2 2 2 2 1 3 1 1 1 1 1 2 1 1 4 3 1 1 2 1 1 1 1 1 1 1 1 3 2 1 4 3 1 2 1 3 1 1 1 2 1 3 1 1 3 1 2 2 1 1 4 1 1 2 1 1 2 2 1 1 2 2 2 3 1 2 2 1 3 1 3 1 3 2 1 1 1 2 2 1 2 4 1 3 1 3 1 1 1 2 1 2 3 1 3 1 2 3 1 2 2 2 1 1 1 1 1 3 2 1 1 1 1 1 4 1 1 1 1 1 1 1 1 2 1 1 3 2 1 1 2 1 1 1 1 1 3 1 1 3 1 2 3 1 1 3 2 1 3 2 1 4 1 1 1 2 4 1 2 1 1 2 2 2 2 2 1 2 1 1 3 1 1 1 2 1 2 1 2 3 1 1 1 1 2 2 2 1 1 2 3 1 2 2 3 1 3 1 2 3 1 3 2 4 4 2 2 1 2 1 1 2 3 1 2 2 1 2 1 2 1 4 1 1 1 1 1 1 1 2 1 1 1 2 3 1 1 1 1 1 1 3 1 1 3 1 1 1 1 2 1 1 3 2 1 1 2 3 1 1 3 1 1 2 4 2 1 2 2 5 2 1 1 1 1 2 3 1 2 1 1 1 3 1 4 1 3 2 2 1 2 3 1 1 1 1 1 2 1 2 2 1 1 2 1 1 1 1 2 1 2 1 1 1 2 1 3 1 1 1 3 2 2 3 1 1 2 1 1 1 1 4 1 1 1 1 2 1 2 1 1 1 1 5 2 1 2 3 1 1 2 2 3 2 1 2 3 2 2 2 1 1 1 1 1 2 1 1 2 1 5 2 3 1 1 2 1 1 2 2 1 1 1 1 1 1 1 1 1 1 1 2 3 1 1 1 2 1 2 1 3 2 2 2 1 3 2 2 1 1 1 2 1 1 4 3 4 2 3 1 2 1 1 3 2 1 1 2 1 1 1 2 1 2 1 1 2 2 3 4 1 1 1 1 1 2 1 3 3 3 1 2 1 1 1 3 2 2 1 1 1 2 1 1 1 2 1 1 1 1 1 4 2 1 1 1 1 2 2 1 1 2 1 2 3 1 1 2 4 1 1 2 2 2 1 1 1 2 1 1 2 1 2 1 1 1 2 2 2 1 2 2 1 1 2 1 2 1 2 1 2 1 2 2 1 2 1 2 2 1 2 1 2 1 2 2 1 3 1 2 1 1 2 1 2 1 3 1 1 3 2 1 1 2 1 1 2 2 1 2 1 2 2 3 1 1 2 2 2 2 1 2 2 3 1 1 1 3 2 3 1 2 1 1 3 1 1 2 3 1 1 1 1 1 1 2 1 1 2 2 3 2 1 2 3 2 1 2 1 1 2 1 1 1 2 2 1 1 2 1 2 1 2 2 2 2 1 2 1 1 2 1 1 1 1 1 3 1 1 1 2 1 1 1 2 2 2 1 1 1 1 3 1 1 1 2 1 2 2 2 1 1 2 2 1 1 2 2 1 2 1 2 1 3 1 1 1 1 1 2 1 2 2 1 2 2 2 1 3 1 1 2 2 2 1 1 2 2 2 1 2 1 1 2 1 3 1 1 1 1 2 3 1 2 1 2 1 4 1 1 1 1 2 1 2 1 1 4 2 2 1 1 2 2 1 2 1 2 2 1 3 1 1 1 1 1 1 2 1 2 4 2 2 1 2 1 1 1 2 5 2 2 1 1 1 1 2 1 1 1 1 2 2 1 2 1 1 1 1 2 2 1 2 1 2 2 1 1 2 1 2 1 2 1 1 2 2 2 3 1 2 2 1 1 2 2 2 1 2 1 2 1 1 2 1 3 2 1 3 1 2 1 1 1 1 1 1 2 2 2 1 2 1 1 1 1 1 2 1 1 1 2 1 2 3 2 1 1 1 1 1 1 1 1 1 1 3 1 1 1 2 1 5 1 1 1 3 3 1 1 1 2 2 1 1 1 2 1 2 2 2 2 2 1 1 1 2 1 1 1 1 1 3 1 2 1 1 1 1 2 1 1 2 3 4 2 2 1 1 1 1 1 1 1 1 1 1 2 1 1 2 1 3 1 1 2 1 1 2 1 1 2 3 2 2 1 1 3 1 1 1 1 2 1 1 2 1 3 1 1 5 3 2 2 1 1 1 1 1 3 2 1 1 1 2 2 5 1 1 1 1 2 1 1 3 1 1 2 3 1 1 2 1 2 1 1 1 3 1 1 1 1 1 2 2 2 1 1 1 2 1 1 1 2 2 3 5 1 3 1 1 1 1 2 1 1 1 1 1 1 1 2 1 2 3 3 1 2 1 2 1 1 2 1 1 3 3 1 1 1 3 1 1 1 2 2 2 1 1 1 1 2 3 2 1 2 1 1 2 2 1 1 1 2 1 1 1 1 3 2 2 1 1 1 1 2 3 1 1 1 1 1 1 1 1 2 1 3 2 2 2 1 1 3 1 1 3 2 2 1 1 1 1 1 1 2 1 1 2 2 1 2 2 1 1 4 2 5 1 2 2 1 2 1 1 2 2 2 2 1 1 1 1 2 1 2 1 2 1 3 2 1 1 3 1 2 3 2 1 2 2 1 1 1 1 1 2 1 1 1 2 1 1 1 1 1 7 2 2 1 1 3 1 2 2 1 1 1 2 2 2 1 1 1 1 1 3 2 4 2 2 2 2 1 2 4 1 2 1 2 4 1 5 1 3 1 2 3 1 2 2 2 1 1 3 1 4 1 2 1 1 3 2 1 4 3 1 2 1 2 1 1 2 1 1 1 3 1 2 1 1 2 1 3 2 1 1 2 2 1 1 2 1 1 3 1 1 1 1 1 2 3 2 2 1 1 1 2 1 2 2 1 1 1 1 1 1 4 1 2 1 3 4 1 3 2 1 1 1 1 2 3 3 3 1 1 1 1 1 2 1 1 1 2 1 2 1 1 2 2 1 2 3 3 1 4 4 2 1 3 1 1 1 2 1 1 1 2 1 1 1 1 2 1 1 1 2 4 1 1 3 1 2 2 1 3 1 4 2 2 1 3 2 1 2 2 2 2 1 2 1 5 1 1 1 2 3 1 1 2 1 1 1 1 1 1 1 1 1 1 2 1 2 1 2 1 2 1 2 1 1 2 1 1 1 1 1 1 1 2 2 1 3 1 2 1 1 1 1 2 1 1 1 1 1 2 3 1 2 3 3 1 1 1 2 3 1 2 1 1 1 2 2 1 1 1 1 2 1 3 1 1 1 1 1 3 2 3 1 1 1 3 4 3 1 1 2 4 2 2 1 2 1 1 4 1 1 1 2 1 1 1 1 2 1 3 1 1 1 1 2 1 2 1 2 2 2 1 2 2 2 3 1 1 2 1 4 2 2 5 2 1 1 3 1 1 4 1 4 2 2 2 4 1 1 2 1 1 1 1 1 1 1 2 1 1 1 1 2 1 3 1 4 1 2 2 2 1 2 2 1 1 1 2 2 3 1 1 2 1 1 1 2 1 1 1 3 1 2 1 1 1 2 1 1 1 1 1 1 1 2 1 1 2 2 1 1 1 1 2 4 2 1 1 3 2 3 1 2 1 4 2 1 2 1 2 2 2 3 2 1 4 2 1 2 1 2 1 2 1 1 2 2 1 3 1 1 1 4 1 1 2 1 1 2 1 1 1 1 1 2 3 2 1 1 3 1 2 6 2 1 2 1 2 1 1 1 1 1 1 2 1 1 1 2 1 2 1 1 3 1 2 1 2 1 1 2 1 1 2 2 2 1 1 1 2 1 2 2 1 1 1 1 1 1 1 2 1 2 2 1 1 3 1 1 1 1 3 2 1 2 1 2 1 1 5 1 1 1 1 1 2 2 1 3 2 1 2 1 1 1 2 2 1 1 1 2 1 1 1 1 2 2 1 1 3 1 1 1 1 3 1 2 3 1 1 2 2 2 1 1 1 1 1 1 1 1 1 1 2 1 1 1 1 1 3 3 1 1 2 1 2 2 1 2 2 2 1 2 2 2 3 1 1 3 1 2 2 2 2 1 1 1 2 1 2 3 1 2 2 1 2 1 1 1 2 1 1 2 1 1 1 3 3 2 2 2 2 1 1 2 1 2 1 3 2 1 3 2 1 1 2 3 2 1 1 1 3 2 1 1 2 2 1 4 1 1 1 3 3 1 2 2 2 1 2 2 1 1 1 1 2 2 1 1 1 1 2 1 1 2 1 2 1 2 2 1 1 1 2 1 2 1 1 1 2 3 1 2 1 1 1 1 1 1 1 1 2 2 2 2 1 1 1 2 3 1 1 3 2 1 1 1 1 2 1 1 1 1 3 2 3 1 2 3 1 2 1 3 1 1 1 2 1 1 1 5 1 1 1 1 2 1 2 1 1 2 2 1 1 2 1 1 1 1 1 2 1 2 1 1 1 2 1 1 1 1 3 1 5 1 1 2 1 1 1 2 1 1 1 1 1 1 2 2 1 1 1 1 1 1 2 1 3 2 2 1 1 1 1 2 1 1 1 3 2 3 2 2 1 1 3 2 1 2 2 2 1 2 2 2 1 2 2 1 2 1 1 2 1 1 1 1 2 2 2 2 1 2 1 1 1 1 2 1 2 1 2 3 2 1 4 3 1 1 1 3 3 3 6 2 1 2 1 1 3 1 1 1 3 1 1 3 1 2 2 1 1 3 2 3 1 2 2 1 1 2 1 1 1 1 2 1 1 3 1 1 2 2 2 1 1 1 1 1 3 1 3 4 1 1 1 2 1 1 2 1 1 1 1 1 1 2 1 2 2 2 2 4 3 2 2 1 2 1 1 1 2 2 2 2 2 1 1 3 1 2 1 2 6 3 2 2 2 1 1 1 1 1 1 2 3 2 1 2 2 3 1 1 1 2 1 2 1 2 1 2 1 2 1 3 1 1 1 1 3 1 1 1 2 3 1 5 2 2 1 2 2 1 1 1 1 1 2 2 1 1 1 1 3 2 1 2 1 1 1 2 1 1 1 1 2 2 3 1 1 1 1 1 2 3 2 3 2 3 1 1 1 2 1 2 1 1 4 2 1 1 1 1 1 1 1 1 1 1 1 1 1 2 2 2 1 2 2 2 1 1 2 1 2 1 1 2 1 3 2 2 1 3 1 3 1 2 1 2 3 1 1 2 1 1 4 2 2 2 3 1 3 2 1 2 3 1 1 1 1 2 2 1 3 1 3 1 3 1 1 1 3 1 1 1 1 1 3 1 1 1 1 1 1 1 1 1 1 1 1 1 1 1 1 2 1 3 1 2 2 1 2 1 4 3 1 1 1 1 1 1 2 2 2 1 1 2 2 1 1 1 1 2 1 1 2 1 2 1 1 1 1 3 2 1 1 1 1 1 1 2 2 2 1 1 3 1 2 1 3 1 2 1 1 4 1 3 2 1 1 1 1 3 3 1 1 2 3 1 1 1 1 3 1 1 1 3 1 2 1 1 1 1 3 2 1 1 2 1 1 1 2 2 2 1 2 2 3 1 1 2 1 1 2 2 1 1 1 2 1 3 1 3 2 1 1 1 1 1 2 1 2 1 1 1 2 1 1 1 1 1 1 1 2 2 1 1 2 1 4 2 1 1 2 1 1 2 2 1 1 1 1 3 1 1 1 1 1 1 1 1 1 2 1 3 2 2 2 2 2 2 2 1 1 1 1 1 1 2 2 2 1 4 1 1 1 1 2 1 1 2 3 1 2 2 1 1 1 2 2 2 1 3 3 2 1 2 1 1 1 2 2 3 3 1 1 1 1 2 1 4 3 1 2 1 1 1 1 2 1 1 1 2 1 1 1 2 1 2 1 2 1 2 1 1 1 1 2 1 2 1 2 2 1 1 1 1 1 3 1 1 1 2 1 1 1 1 3 1 1 2 1 1 3 2 1 2 2 1 1 1 2 1 1 2 1 2 1 1 1 1 1 2 2 2 3 1 2 1 1 2 2 2 4 1 1 1 1 2 1 1 1 1 1 1 1 2 1 2 1 1 1 1 2 1 1 1 1 1 2 4 1 2 1 1 1 1 2 1 2 3 2 1 2 1 1 3 1 1 2 2 1 1 1 1 1 1 1 3 1 2 2 2 1 1 2 2 2 1 1 3 1 1 3 2 1 1 1 1 2 1 1 1 1 1 2 1 1 2 2 1 1 2 1 2 3 1 2 1 1 1 3 1 1 3 1 1 1 3 4 2 3 1 1 1 2 1 2 1 2 1 1 1 1 1 1 1 1 1 1 2 2 1 3 1 1 1 1 4 1 2 1 1 5 1 2 1 1 1 2 1 2 1 3 1 2 1 1 1 1 3 2 1 1 2 1 2 1 2 3 2 2 1 2 3 1 2 1 3 1 3 2 1 1 2 1 2 2 1 1 1 3 1 1 1 1 2 1 2 1 1 4 1 3 2 1 1 1 3 4 1 2 1 1 2 2 3 1 3 1 3 2 1 1 1 1 3 1 1 4 1 2 3 2 2 1 1 1 1 1 3 1 1 1 1 1 1 1 1 1 3 2 2 2 2 1 1 1 2 1 2 2 1 2 1 2 3 2 1 1 3 1 1 3 1 1 1 3 2 1 1 1 2 2 2 4 2 3 1 2 1 1 2 1 1 1 2 1 2 2 1 1 4 1 1 3 1 1 2 1 1 3 1 2 2 1 1 3 1 2 2 1 1 3 2 1 4 1 1 2 2 1 3 2 1 2 2 2 2 3 4 2 1 2 2 1 2 2 2 2 2 1 1 1 2 1 1 1 2 1 1 2 1 1 1 2 2 2 2 1 2 2 1 4 2 3 1 1 1 1 2 1 4 2 4 3 2 2 2 1 2 1 1 1 1 1 2 3 1 1 1 3 2 1 2 2 2 2 1 5 1 1 2 3 1 2 1 1 1 1 1 2 1 2 1 2 4 1 1 2 1 1 1 1 2 3 1 2 1 3 2 1 3 3 2 2 1 1 3 2 4 2 1 3 1 1 1 3 2 1 1 1 1 1 2 1 1 2 3 1 3 4 1 1 1 1 2 1 1 2 1 2 1 1 1 1 2 1 2 1 1 1 2 1 2 1 1 1 1 2 2 2 1 2 2 3 3 2 1 1 1 5 2 1 2 3 1 1 3 1 1 2 1 1 2 2 1 2 1 2 3 1 1 1 1 1 2 1 1 3 1 2 1 3 2 1 2 1 3 1 2 1 1 3 2 1 1 1 1 3 2 1 1 1 2 1 3 1 2 1 3 1 3 2 1 4 1 1 1 1 1 1 2 2 3 1 1 1 1 1 1 1 2 1 1 3 3 1 3 2 2 2 2 1 2 1 1 1 2 1 1 2 1 1 1 1 3 1 2 3 1 1 1 1 1 2 1 1 2 2 1 1 1 1 3 1 1 1 2 1 1 2 2 1 1 1 2 4 1 2 2 2 2 1 1 1 1 1 1 1 1 3 1 1 2 1 1 1 1 2 3 1 1 4 3 3 3 1 1 1 2 1 1 1 2 1 3 2 3 2 1 5 2 1 1 2 1 2 2 1 1 1 2 2 2 4 2 3 1 1 3 3 1 2 1 5 2 1 2 1 1 3 1 1 1 1 1 1 1 1 1 2 1 1 2 1 3 2 2 2 1 1 1 2 3 1 1 1 2 2 3 2 2 2 2 1 1 1 1 3 1 1 1 2 1 2 1 1 2 2 3 1 4 1 1 1 1 2 1 2 1 1 5 2 1 3 1 2 1 1 1 2 1 1 2 1 1 3 2 1 1 1 1 1 1 2 1 3 1 2 1 1 1 1 2 1 1 2 1 3 1 2 3 1 1 2 1 2 3 1 1 1 3 3 1 1 1 2 1 3 1 1 1 1 1 1 1 1 2 2 4 1 1 1 3 2 1 1 2 4 1 2 2 1 3 2 1 2 1 1 2 2 1 1 1 2 1 1 1 2 1 1 4 2 1 2 2 1 1 1 1 1 1 1 2 1 1 2 2 2 1 3 1 1 2 1 1 1 2 4 1 1 2 1 1 1 1 2 1 1 2 2 1 1 1 2 1 3 2 1 1 1 1 1 2 1 1 4 1 1 2 1 1 1 1 1 3 1 1 2 2 3 2 1 4 1 1 3 2 2 3 1 2 1 2 1 1 5 2 1 1 1 3 2 1 1 2 3 2 1 2 1 1 2 3 1 1 3 1 1 1 1 2 3 1 1 2 4 1 1 2 2 1 3 1 4 2 1 3 3 1 2 1 3 1 1 2 3 1 2 3 1 1 1 1 2 2 1 3 1 1 2 2 1 1 1 2 1 1 1 1 1 1 1 2 1 2 2 1 2 3 1 1 1 2 1 2 3 2 1 1 1 2 1 2 1 1 2 2 1 1 1 2 2 1 3 3 3 3 1 1 2 1 2 2 1 1 1 1 2 1 2 1 2 1 2 1 1 1 1 1 1 4 2 2 2 1 3 1 3 1 2 2 3 1 1 2 3 3 3 1 1 1 2 3 1 1 1 3 3 1 2 3 3 4 1 3 1 1 1 1 2 2 1 2 1 1 1 1 1 1 1 1 3 2 2 1 3 2 1 1 3 3 3 1 3 1 1 1 2 3 1 1 1 3 2 1 2 3 3 2 1 1 2 2 3 1 1 2 1 2 1 2 1 1 1 1 3 1 1 1 1 2 1 1 1 1 2 1 2 2 1 2 1 1 1 2 3 2 1 2 1 1 3 2 1 2 2 2 1 1 1 1 2 1 1 1 4 2 3 2 1 2 2 1 1 2 2 2 2 1 1 1 2 1 1 2 2 2 1 1 2 1 1 1 3 1 2 1 1 4 1 2 2 1 1 1 1 1 1 1 2 2 1 2 3 1 1 2 3 2 1 3 1 2 1 1 1 1 1 3 4 3 2 1 1 2 1 1 2 2 3 1 2 2 1 1 1 4 1 2 4 5 1 2 1 3 3 2 2 1 2 1 2 2 1 5 1 1 1 2 3 1 3 2 1 1 1 1 2 1 1 1 1 1 3 1 2 1 2 2 1 2 2 3 1 2 3 1 2 2 1 2 1 1 2 1 1 2 4 1 1 1 2 2 1 1 1 1 1 1 1 1 1 1 2 3 3 2 1 1 1 1 3 1 1 1 1 1 2 1 1 2 2 2 3 1 3 3 2 3 1 2 1 1 1 1 2 2 4 3 2 2 2 1 1 2 3 3 1 2 1 2 3 1 1 2 3 1 1 1 1 2 1 1 1 1 2 2 1 1 1 1 3 1 1 2 2 2 3 1 2 1 1 1 2 1 1 1 2 1 1 3 3 1 2 1 1 1 2 1 2 1 2 2 1 2 2 1 2 1 1 3 2 1 1 1 1 1 3 3 2 1 3 2 2 1 2 1 2 3 1 2 4 1 2 1 1 1 1 1 2 3 1 1 2 1 2 2 2 2 1 1 1 1 1 1 1 1 4 2 1 1 1 1 1 1 4 1 1 3 1 1 1 4 1 1 1 3 1 1 1 1 2 2 1 3 2 1 2 2 2 2 1 3 2 4 3 2 2 2 2 1 1 2 4 2 1 1 2 4 2 1 3 2 1 2 1 1 2 3 3 3 1 1 1 2 1 2 2 1 1 2 1 1 2 1 4 1 1 3 1 1 1 2 2 1 1 1 1 2 1 2 2 2 1 3 1 2 2 3 2 1 1 1 1 1 1 1 2 1 1 1 1 1 1 3 2 1 1 1 2 1 1 1 1 1 3 1 2 2 1 2 2 1 2 1 3 3 3 3 1 1 1 1 2 2 2 1 3 1 1 1 2 1 1 1 4 1 1 2 1 1 1 1 1 1 2 1 2 3 3 1 1 2 2 1 1 1 1 1 1 2 1 2 1 3 1 2 1 3 1 2 1 2 1 3 2 2 4 1 1 1 2 1 1 1 1 1 1 2 1 1 2 2 2 3 3 2 2 5 2 4 2 3 2 1 2 1 1 1 1 3 1 1 2 2 1 1 1 2 1 4 2 2 1 2 3 1 1 1 1 2 1 1 2 2 2 2 1 1 4 1 3 1 1 3 1 1 1 1 4 2 1 1 2 1 2 1 1 1 2 2 4 1 1 1 2 1 2 1 1 1 1 1 1 2 2 4 2 3 1 2 1 1 1 3 2 2 2 1 1 1 2 2 1 2 1 1 1 4 1 2 1 2 1 1 1 1 1 1 1 1 3 3 1 1 3 2 1 1 2 2 5 1 4 1 1 1 2 1 1 4 1 2 1 3 1 2 3 2 3 1 2 1 1 1 1 2 2 2 1 1 2 2 3 2 1 1 1 1 1 1 1 1 2 3 1 1 1 1 1 3 3 2 1 4 2 1 1 3 3 1 1 4 1 3 2 1 2 1 1 3 1 1 1 2 1 1 1 4 1 1 2 1 2 1 2 1 3 2 2 1 2 2 1 3 1 1 1 1 2 1 2 1 1 1 1 3 1 1 1 1 1 1 2 1 2 1 1 1 1 2 2 1 2 3 1 1 2 2 1 2 2 2 2 1 1 4 2 2 1 2 1 1 1 2 4 1 3 2 2 3 2 1 1 3 3 1 1 1 1 3 2 1 3 1 1 3 1 2 2 2 3 1 5 2 1 2 4 1 2 1 1 1 2 1 2 1 1 1 1 3 2 2 1 3 3 1 1 1 2 1 2 4 2 1 2 1 2 2 1 1 1 1 3 1 2 1 1 1 3 1 1 1 1 2 2 2 1 3 1 4 2 2 1 4 1 2 1 2 1 2 1 1 1 2 2 2 2 1 1 1 1 2 1 2 1 1 3 1 3 1 1 2 1 1 1 1 2 1 2 2 1 2 1 1 2 2 2 1 1 1 1 1 3 1 1 2 1 1 2 1 1 1 1 2 1 3 1 1 2 3 1 1 1 2 2 3 1 1 1 1 1 1 1 1 2 1 2 1 1 2 2 2 2 1 1 1 3 1 2 2 4 1 2 1 1 2 3 3 2 1 3 2 3 3 2 2 4 2 1 2 1 2 2 1 2 3 1 1 2 1 1 3 2 2 2 1 1 3 2 1 1 1 1 1 1 1 3 2 1 3 1 1 1 2 2 1 2 2 1 2 2 2 2 1 4 2 2 1 2 1 1 1 3 2 1 1 1 2 1 2 2 1 1 1 1 1 1 2 1 1 2 4 1 1 2 1 2 1 1 1 3 2 1 1 3 1 3 1 1 1 2 1 1 1 2 1 1 2 1 3 1 3 3 2 2 1 1 1 3 1 2 2 4 2 1 1 1 1 1 3 1 2 1 1 1 1 3 3 1 1 3 1 1 1 1 1 4 2 1 1 1 2 2 1 2 2 2 2 3 1 1 2 1 3 3 1 1 1 2 3 1 1 1 2 1 4 2 5 1 3 2 1 1 1 3 1 2 2 1 3 2 1 1 2 2 2 3 1 1 1 1 2 1 2 1 3 2 2 1 1 3 1 1 1 1 1 1 1 2 1 1 1 1 1 1 4 2 2 1 1 2 2 1 1 1 2 1 1 2 1 2 1 1 1 2 1 1 1 1 1 1 1 3 1 2 1 1 2 2 1 1 3 1 3 2 2 2 2 1 1 1 3 2 1 3 3 4 2 1 1 1 1 4 3 2 2 2 2 1 1 1 3 1 1 1 1 4 3 2 2 1 2 2 1 1 1 3 1 1 1 1 1 1 4 1 6 1 1 1 4 1 1 1 1 2 2 2 2 2 2 2 1 1 1 1 1 2 2 1 1 1 1 1 2 3 3 2 2 1 1 1 1 1 2 2 1 1 3 1 1 1 1 1 3 1 2 3 1 4 1 1 2 1 2 2 1 1 1 3 3 1 2 2 1 1 1 2 1 1 3 1 1 1 1 2 2 3 2 1 2 1 1 1 1 2 2 2 3 1 1 1 1 2 2 2 2 1 1 1 1 1 2 2 1 2 1 2 1 2 2 3 1 1 1 1 3 3 3 2 1 2 3 2 2 2 1 2 1 1 1 2 1 1 3 1 1 1 1 3 1 1 1 5 2 2 1 3 2 2 1 3 3 1 1 1 1 1 1 1 1 1 2 2 1 1 2 1 2 2 2 1 2 2 1 2 1 2 2 1 1 2 1 1 1 2 1 3 1 1 2 1 3 3 2 2 1 2 2 1 2 1 1 1 2 2 2 2 2 1 1 1 4 1 2 2 1 1 1 1 4 2 1 1 2 1 2 1 1 1 1 
  #Test Small 9639
  #Test Medium 25561
  #Test Large 33743
