Board size [mm] 150x400

Stats side 1
  #Components with background 32
  #Components with points 217
  #Components nofly 4
  #Components notouch 6
  #Pins 73671
  #GNDs 2601
  #VDDs 2098
  #Clock 21
  #NoFly points 516
  #NoTouch points 1048
  #Points [total] 79955

Stats side 2
  #Components with background 28
  #Components with points 298
  #Components nofly 2
  #Components notouch 0
  #Pins 85226
  #GNDs 2439
  #VDDs 1966
  #Clock 32
  #NoFly points 424
  #NoTouch points 0
  #Points [total] 90087

Stats board (side 1 + side 2)
  #Components with background 60
  #Components with points 515
  #Components nofly 6
  #Components notouch 6
  #Pins 158897
  #GNDs 5040
  #VDDs 4064
  #Clock 53
  #NoFly points 940
  #NoTouch points 1048
  #Points [total] 170042
  #Nets 155061
    Net Size: 5040 4064 53 2 2 2 1 1 1 1 1 1 1 1 2 1 2 1 1 1 1 1 1 1 3 1 2 3 1 1 1 2 3 1 1 1 2 1 1 1 1 1 3 2 1 1 1 2 1 1 2 1 1 2 1 2 3 2 2 5 1 1 1 1 2 1 1 1 1 4 2 1 1 1 2 1 1 1 1 1 5 1 2 2 2 3 1 1 1 2 2 1 1 2 2 1 2 2 1 1 3 3 1 2 2 2 1 1 2 1 3 2 3 1 2 3 1 2 1 1 1 1 1 1 1 2 1 1 2 1 1 1 2 2 2 1 1 1 1 1 1 1 3 2 3 1 2 2 1 1 2 1 2 4 4 1 1 1 2 3 3 1 1 1 3 2 1 4 2 2 2 1 1 3 1 1 1 2 1 1 1 1 2 1 1 1 1 1 1 1 1 1 1 4 1 2 3 2 1 1 2 1 2 1 1 3 1 2 1 1 2 1 1 3 1 1 1 1 2 1 2 2 1 1 1 1 1 1 1 1 2 1 1 3 1 1 3 2 2 1 3 3 2 2 1 1 4 2 1 1 1 3 1 1 1 1 1 1 2 1 1 1 1 2 3 1 2 1 2 1 1 1 1 3 1 3 2 2 3 1 1 1 1 2 1 3 1 1 1 2 1 1 2 1 2 2 3 3 1 2 1 1 3 2 2 1 1 1 3 2 1 2 2 1 1 1 3 2 1 1 1 1 1 1 2 1 4 2 1 2 1 1 1 1 2 1 1 1 1 1 3 2 3 3 1 2 1 2 2 1 3 2 1 1 1 1 1 1 2 1 2 1 1 3 1 1 2 4 2 3 1 4 1 2 2 3 1 1 1 1 1 3 1 1 1 1 1 1 1 2 3 1 3 1 2 2 1 1 3 1 2 3 2 2 1 1 1 1 2 1 2 1 1 1 1 2 2 1 1 2 1 1 1 1 1 1 2 2 1 1 1 2 1 2 1 1 2 1 3 1 2 1 1 1 1 1 3 1 2 2 1 1 2 1 2 1 3 1 1 1 1 2 1 2 1 1 2 1 3 1 1 1 3 3 1 1 1 1 1 3 1 2 1 2 2 1 2 2 3 2 1 1 1 1 1 1 1 1 1 2 1 1 2 1 2 1 2 1 1 3 3 1 1 1 3 1 1 1 3 1 1 2 2 5 4 1 1 2 3 3 6 1 1 2 2 1 1 2 1 1 1 1 2 2 4 2 1 1 1 1 4 1 1 2 1 2 1 1 3 2 1 1 1 2 1 1 1 1 2 1 2 2 3 1 1 1 2 2 1 1 2 2 1 3 1 2 1 1 1 1 1 2 1 2 1 3 2 1 1 1 2 4 1 1 1 1 1 2 1 3 2 1 1 1 1 3 1 1 3 3 2 2 2 2 1 1 1 1 1 1 2 1 2 1 1 1 1 1 4 1 1 1 1 2 1 2 2 1 1 3 1 2 1 2 1 3 1 2 1 1 2 1 2 1 1 1 1 1 2 2 1 1 1 1 2 2 1 1 5 2 1 1 2 1 1 1 3 1 2 1 2 1 2 1 1 2 2 2 1 1 3 1 1 1 2 1 1 3 2 2 3 1 1 2 3 1 1 1 1 1 3 1 1 3 1 2 2 1 2 1 2 1 2 1 2 2 1 2 1 1 2 2 1 1 2 1 1 1 3 1 1 2 2 3 1 2 1 1 3 2 1 1 4 1 1 2 1 1 3 1 2 1 1 3 2 3 2 1 2 2 2 1 1 2 2 1 2 1 2 3 1 2 1 1 1 2 1 1 1 1 2 1 2 1 1 3 2 2 2 1 1 2 1 2 1 1 2 1 1 1 2 2 2 1 2 1 1 1 2 3 1 1 1 1 1 3 3 2 1 1 1 2 2 2 2 2 1 3 1 3 1 1 1 1 2 2 1 1 2 1 1 2 2 2 3 2 2 2 2 3 1 1 2 1 2 2 1 1 2 1 1 1 3 1 1 4 2 2 1 2 2 1 2 1 1 1 1 2 2 1 3 1 2 1 1 2 2 1 2 1 3 2 3 1 1 1 2 1 2 1 2 1 1 1 3 1 2 2 1 1 2 1 1 1 1 1 3 1 1 1 4 2 1 1 1 3 2 1 1 2 1 1 1 2 1 1 1 2 1 1 2 1 2 1 1 3 3 1 1 1 1 1 1 2 1 2 2 2 1 1 1 1 1 2 1 1 1 1 1 1 1 1 1 1 1 2 2 1 1 1 2 1 1 1 2 1 1 2 1 4 2 1 2 2 1 2 1 2 2 2 1 2 2 1 1 2 1 1 4 2 2 1 1 1 2 1 2 1 1 2 1 3 2 2 1 1 1 2 1 1 2 1 3 3 2 2 1 2 2 1 1 1 1 3 2 1 1 3 1 3 2 1 1 2 1 1 2 1 1 3 3 2 2 2 1 1 2 2 1 2 2 2 1 3 1 3 4 1 1 1 1 1 1 1 3 1 2 3 1 2 1 1 3 1 1 1 1 2 1 3 1 1 2 1 2 2 1 1 1 1 3 1 2 4 1 1 1 1 2 1 4 2 1 2 1 1 1 2 1 3 1 2 2 1 1 2 1 1 2 2 2 1 1 1 1 1 1 1 2 2 1 1 1 2 3 2 3 1 2 4 1 1 2 1 2 2 1 1 1 1 1 1 1 1 2 2 1 1 1 1 1 1 1 2 1 1 2 1 2 2 2 1 1 1 1 3 4 3 1 1 2 1 4 1 1 2 1 1 1 1 1 2 3 1 1 2 1 1 1 2 1 1 2 1 1 1 1 1 2 1 3 1 1 1 2 1 1 1 1 2 1 2 1 2 3 1 1 1 2 1 2 4 2 1 1 2 2 2 1 1 1 1 1 2 2 2 2 2 1 1 1 1 3 1 1 1 2 1 1 1 2 1 3 1 5 1 1 6 5 1 2 3 4 1 2 1 2 2 2 1 2 1 1 1 1 3 2 2 1 1 1 1 2 2 2 1 2 1 2 1 1 1 1 1 4 5 1 1 2 2 1 2 1 1 1 3 1 1 2 1 2 1 2 3 2 2 2 2 1 1 2 2 2 1 2 2 1 2 1 2 1 2 1 2 1 3 1 2 1 1 1 1 1 3 1 2 1 1 2 1 2 1 1 3 1 1 1 1 1 1 1 2 1 1 3 1 3 1 1 2 1 1 1 2 1 1 1 2 2 1 1 2 3 2 1 2 1 1 3 2 2 1 1 2 1 2 2 2 1 2 2 1 1 1 1 2 2 1 2 2 1 1 1 1 4 2 1 2 1 4 2 5 1 2 2 3 2 1 2 1 1 1 3 1 2 1 4 3 2 1 3 2 2 1 1 3 1 1 1 1 1 2 2 3 1 2 1 1 2 2 3 1 2 1 2 1 1 3 1 2 1 3 1 1 1 2 1 1 1 1 2 1 2 2 2 2 3 2 2 3 3 2 1 2 2 1 1 2 1 1 2 1 1 1 1 1 2 1 1 2 1 1 1 4 1 1 1 1 2 1 1 2 1 1 2 1 2 1 1 1 2 1 3 2 2 1 1 1 1 3 1 1 2 2 1 3 3 2 2 1 1 2 2 2 1 1 1 3 1 4 1 1 1 1 1 2 3 1 1 1 4 1 1 1 1 2 1 3 1 2 1 1 2 1 2 1 2 2 4 3 1 3 1 2 1 1 2 1 1 3 1 2 3 1 2 2 1 1 1 1 3 3 2 1 1 1 2 2 2 3 2 1 1 1 2 3 1 2 1 2 1 2 2 1 4 1 1 2 1 2 1 1 2 1 1 1 1 2 4 2 1 2 1 1 2 1 2 1 1 3 1 1 1 2 2 1 2 2 1 1 2 1 3 4 1 1 2 1 2 1 1 1 2 1 1 1 2 1 1 2 2 2 1 3 2 1 1 1 1 1 1 2 2 1 1 1 1 1 1 1 2 2 2 1 1 2 1 1 1 2 3 2 1 3 1 3 1 1 1 1 2 1 1 1 5 3 1 1 1 1 1 1 1 2 1 1 1 3 1 1 2 1 2 1 1 1 1 1 1 1 1 2 1 2 2 1 2 4 1 1 1 3 1 1 1 3 1 1 1 1 1 1 1 1 2 2 2 2 1 1 3 1 1 1 1 2 1 2 2 2 2 1 2 3 1 1 1 1 2 2 1 1 1 1 1 3 1 2 2 4 2 4 1 2 2 2 2 2 4 2 1 1 2 2 1 2 1 2 2 1 2 4 3 1 2 2 2 1 1 3 1 2 1 1 1 5 1 2 3 1 1 2 1 3 1 1 1 2 3 1 1 2 2 3 1 2 3 1 2 1 2 1 1 2 2 1 3 1 1 1 2 1 1 1 1 2 1 2 1 1 2 1 2 1 3 5 2 2 4 1 2 1 1 2 1 2 1 1 1 1 2 1 1 1 1 4 2 2 3 1 1 1 1 2 1 1 1 1 1 3 2 1 3 3 1 2 1 2 1 2 1 1 3 1 2 3 1 2 2 1 2 1 2 1 2 1 2 1 1 1 2 1 2 1 1 2 3 4 1 1 1 3 2 4 1 2 1 2 1 1 1 1 2 2 2 1 3 1 1 2 2 2 3 2 2 1 1 1 3 1 2 2 3 1 3 2 4 1 1 1 2 1 2 1 2 1 2 2 2 1 2 2 1 2 2 1 2 1 1 3 1 1 1 2 1 4 2 1 2 1 3 2 1 1 1 2 2 2 2 1 3 1 1 1 1 1 1 2 2 1 2 1 1 2 1 1 3 1 2 1 1 2 4 1 1 2 1 3 2 2 1 1 1 1 1 1 2 1 1 1 1 3 1 1 3 4 1 3 1 2 1 2 2 1 1 1 2 1 3 1 1 1 1 1 1 2 1 1 2 2 2 1 1 2 3 3 1 1 1 2 1 1 1 1 2 1 1 1 1 1 2 1 2 3 1 1 4 2 2 1 1 1 3 1 1 1 2 2 2 1 1 2 1 1 1 1 1 1 1 2 2 1 1 1 1 1 1 1 1 3 1 2 1 1 1 2 2 1 1 2 1 1 2 1 3 2 1 2 3 3 1 1 1 2 2 1 1 3 2 1 2 1 1 1 2 1 2 3 1 1 1 5 1 1 1 3 3 1 3 1 1 1 1 1 1 1 2 2 2 1 2 1 1 2 2 2 2 1 1 1 2 2 2 1 2 1 1 2 2 1 1 1 2 2 1 3 2 2 1 2 5 1 3 1 1 1 2 3 1 1 1 1 1 2 1 1 1 1 2 1 2 1 2 2 3 3 1 1 2 1 1 2 1 1 1 1 1 1 1 2 1 3 1 2 3 1 2 1 2 1 3 2 3 2 2 2 1 2 1 1 1 2 1 1 2 2 1 1 1 3 3 1 1 1 2 2 2 2 1 1 1 1 2 3 2 1 2 1 1 1 1 1 1 1 1 1 1 2 1 2 3 2 2 1 2 2 1 3 1 2 1 1 1 1 1 1 1 1 3 1 1 2 1 4 1 2 1 2 1 1 1 3 1 2 1 1 1 3 3 1 1 2 1 2 2 2 3 1 2 1 1 1 1 1 1 1 1 1 1 1 1 1 1 1 2 1 1 1 3 2 2 1 1 3 1 1 5 4 1 2 1 2 1 3 1 2 1 2 1 1 1 3 1 1 2 3 5 1 1 1 3 1 1 2 2 1 3 1 3 1 1 3 1 1 1 1 2 1 1 3 1 1 1 1 1 1 1 3 1 1 2 3 1 1 2 2 2 1 1 1 3 1 1 1 2 1 1 1 2 2 1 1 1 2 3 1 1 1 2 2 1 1 1 1 1 1 2 2 1 1 3 3 1 1 2 1 1 1 1 2 2 1 1 1 1 2 2 1 2 3 1 1 2 1 1 2 5 1 1 2 2 2 2 1 1 1 1 2 2 3 1 3 1 2 1 1 1 2 2 2 1 1 2 2 1 2 1 2 2 2 1 1 2 1 2 1 5 1 3 1 3 1 2 1 3 1 1 1 2 1 1 3 1 1 3 1 1 2 1 1 1 1 1 2 3 3 2 3 1 1 1 1 2 1 2 2 1 1 2 2 2 1 2 3 1 3 1 2 1 4 1 3 1 1 1 2 1 1 3 3 1 1 1 1 3 1 1 1 1 1 1 1 3 4 2 3 1 3 1 1 1 3 2 1 2 1 1 1 2 1 1 1 1 2 1 1 2 3 2 1 2 1 2 2 1 3 2 2 1 1 2 1 2 4 1 1 2 2 3 1 1 2 2 1 1 2 2 2 1 2 3 2 1 1 3 1 3 1 1 2 2 2 1 2 2 3 1 1 1 2 4 2 2 2 2 1 2 1 3 1 1 3 2 1 1 3 1 2 1 2 2 1 1 1 2 2 2 2 1 1 1 2 4 1 3 1 2 1 2 1 1 1 2 3 1 1 3 1 2 2 2 2 2 2 2 1 2 4 1 1 1 1 1 1 1 1 1 1 2 2 1 2 1 1 4 2 1 1 1 2 2 2 1 3 1 2 1 1 2 3 4 1 1 1 1 2 1 2 2 1 1 1 2 1 1 4 1 1 1 2 3 1 3 2 2 1 1 1 2 1 2 2 2 1 1 1 1 3 1 1 1 1 1 1 1 2 3 1 1 1 1 1 1 1 2 1 1 1 1 1 2 3 1 1 2 1 1 3 1 2 3 1 1 2 2 2 2 1 1 1 1 1 1 1 1 3 2 1 1 1 2 1 1 1 3 1 1 2 2 1 1 1 3 2 1 3 1 1 1 2 1 1 1 1 2 2 2 5 1 1 1 1 1 1 4 1 2 1 3 2 1 2 1 2 1 1 1 2 3 4 1 2 2 2 2 1 1 1 1 1 2 1 1 3 2 2 1 1 1 2 1 1 1 4 1 1 1 1 2 1 2 1 1 3 2 1 2 1 1 2 2 1 1 1 1 1 3 1 2 1 1 2 2 1 1 4 2 1 1 2 3 1 3 3 2 2 1 2 1 2 1 1 1 1 3 1 3 1 5 3 1 2 1 2 2 1 4 2 2 1 2 2 1 1 1 1 2 3 1 1 1 4 1 3 2 1 1 1 3 1 2 1 1 1 3 1 1 1 2 1 2 1 1 1 3 1 2 2 1 1 2 2 2 1 2 2 2 2 3 3 2 4 2 2 2 1 2 4 1 2 3 1 1 2 2 3 1 2 3 1 1 1 3 1 2 1 1 3 2 1 3 1 2 1 1 2 3 1 2 2 4 2 1 1 2 1 4 5 3 1 1 2 1 1 3 1 2 1 1 3 1 4 1 1 1 3 1 3 2 2 2 2 1 2 1 2 2 3 1 1 2 2 2 3 1 3 1 1 1 2 1 2 1 2 2 1 1 1 1 2 1 2 1 1 2 1 1 2 2 1 1 3 2 2 1 1 2 1 1 1 1 1 1 1 3 2 1 1 2 1 1 2 1 1 1 2 2 2 2 2 1 2 1 1 1 1 2 2 2 3 1 1 1 1 1 1 2 1 1 2 1 2 1 1 1 2 1 3 1 1 1 1 3 1 2 2 3 1 1 1 2 1 2 1 2 2 2 1 1 1 3 1 3 1 1 2 1 1 1 1 2 1 1 2 1 1 2 1 1 2 1 2 1 1 1 1 1 1 2 4 2 1 2 2 1 1 1 2 1 1 1 2 2 1 1 2 2 1 1 1 1 2 2 1 1 2 3 1 3 3 1 2 2 1 2 3 2 1 2 1 1 3 1 1 2 1 1 1 1 1 1 2 1 1 1 3 2 3 2 1 1 1 1 2 2 1 3 2 2 1 4 2 2 1 2 2 3 2 2 2 3 2 1 1 2 2 2 2 1 1 1 1 1 2 2 2 1 2 1 1 1 2 1 2 1 1 2 1 2 3 2 3 1 1 2 2 3 1 1 2 3 1 1 2 2 2 1 3 2 1 1 2 5 2 1 2 1 1 2 1 3 1 1 2 1 2 3 3 2 1 1 1 2 2 1 1 1 3 1 4 1 1 1 1 3 1 2 2 1 1 2 1 1 2 2 1 1 1 2 1 1 1 1 3 1 2 3 1 2 2 1 2 1 1 2 2 1 2 1 4 1 2 2 1 1 3 1 2 1 1 1 1 3 2 1 1 1 2 1 3 3 1 1 3 2 3 1 1 1 2 2 1 1 4 1 1 2 1 1 1 3 1 3 2 1 1 3 1 2 1 1 1 2 1 3 1 1 1 1 4 1 3 2 1 1 1 2 2 2 1 1 1 1 1 2 2 2 2 1 1 1 1 1 2 1 2 2 1 1 1 1 1 1 1 1 2 3 2 1 1 3 1 2 1 1 1 2 2 1 1 2 1 1 2 1 1 2 1 1 1 1 1 1 2 2 1 1 2 1 2 1 1 5 3 1 1 2 3 4 4 1 1 4 1 1 1 1 1 1 1 1 1 2 1 2 2 3 2 1 1 2 2 1 1 2 2 1 1 1 1 3 1 1 2 3 1 1 2 1 1 1 3 2 5 2 1 1 1 1 1 2 1 2 1 1 3 1 2 1 2 1 2 1 1 3 2 1 1 3 4 2 2 1 2 4 1 1 1 1 2 2 3 1 2 1 3 1 3 1 3 1 1 2 3 1 1 2 1 2 3 1 2 2 1 1 3 2 2 1 2 2 2 2 1 1 4 2 2 5 2 1 3 1 1 1 1 1 2 1 3 2 2 1 2 4 1 2 1 4 1 2 1 2 3 1 1 1 1 1 2 4 1 1 2 2 1 1 2 2 3 1 1 1 3 2 3 1 3 3 1 1 1 2 2 1 2 1 1 2 1 1 1 1 2 1 5 1 1 1 1 1 1 2 2 1 2 1 1 1 2 1 1 1 1 2 1 1 2 1 1 1 1 1 4 2 2 2 1 1 1 1 2 1 1 1 1 1 3 3 1 2 2 2 3 3 1 1 2 2 2 1 1 2 1 1 1 1 2 3 2 1 1 2 1 2 1 1 2 1 1 1 1 2 1 2 2 2 1 4 1 2 1 1 1 1 2 1 2 1 2 1 1 1 1 1 2 3 1 1 1 2 1 1 1 1 1 4 2 1 3 1 1 1 1 1 1 2 2 2 3 1 2 1 1 2 3 1 1 2 1 1 1 1 2 1 4 1 3 1 1 1 1 1 1 2 3 1 1 1 3 4 1 1 1 1 1 1 2 1 2 1 1 2 2 1 1 2 1 1 2 2 2 2 1 1 4 1 1 1 2 1 2 1 2 1 2 1 1 3 1 1 1 1 2 1 1 1 2 1 3 1 3 1 1 1 3 2 2 1 2 2 3 2 2 1 1 2 1 1 1 1 2 1 1 1 3 1 2 1 2 1 1 7 1 1 1 2 1 1 1 1 3 1 1 3 3 2 2 2 1 3 3 3 1 1 2 1 1 3 2 2 1 1 2 1 1 1 1 1 2 1 2 1 2 1 1 1 1 1 3 2 1 1 1 1 1 1 2 3 1 2 1 2 1 1 2 1 3 1 1 3 2 2 1 1 1 1 2 1 1 1 1 2 3 3 2 1 1 1 1 1 1 1 1 1 1 3 2 3 1 1 2 1 2 1 1 1 2 4 3 1 1 1 1 1 1 1 1 1 1 2 1 1 1 3 1 4 2 1 1 1 1 1 2 2 2 1 1 1 1 4 3 2 2 3 1 1 1 1 1 1 1 1 1 1 3 1 1 1 1 1 1 1 2 1 1 1 1 1 1 1 1 3 1 3 2 1 1 2 2 3 2 1 2 2 1 2 2 3 2 2 5 2 2 2 2 1 3 3 1 4 1 1 1 1 1 3 1 1 2 1 2 1 3 2 2 1 2 4 1 2 2 1 1 1 1 2 2 2 4 1 2 2 2 1 1 3 1 2 2 1 1 1 1 1 1 2 2 2 1 2 2 1 2 2 3 1 1 1 2 3 1 1 4 3 1 1 3 1 2 1 1 1 2 3 1 1 1 2 1 1 1 2 1 1 1 1 2 1 1 1 2 2 1 1 1 1 1 3 1 3 1 1 1 1 1 1 1 1 1 1 1 1 1 3 1 2 1 1 1 1 2 1 2 1 2 1 1 1 2 2 1 1 3 1 1 3 1 1 2 2 2 1 1 1 1 1 1 1 3 2 1 1 1 3 3 2 1 1 1 1 1 1 1 1 2 1 1 2 1 2 1 1 1 1 3 2 2 1 2 2 3 1 1 2 1 1 1 3 1 1 2 2 1 1 1 1 1 2 1 2 3 1 1 3 2 2 3 1 1 2 2 1 1 1 1 1 3 3 1 1 4 3 1 1 2 1 2 2 1 2 1 2 2 2 2 1 1 1 1 2 1 1 1 1 2 1 1 1 1 2 4 1 1 2 3 4 2 1 2 2 2 1 1 1 1 2 1 1 1 1 1 1 1 2 1 1 2 1 2 1 1 2 1 3 1 1 1 1 1 1 2 1 1 2 1 1 1 1 1 1 2 1 2 1 2 1 2 2 1 1 2 1 1 1 1 4 2 1 1 3 2 1 1 1 1 1 1 2 1 3 2 1 3 3 1 1 2 1 1 3 1 1 1 2 2 1 1 1 3 1 2 1 2 4 1 1 1 1 1 1 1 2 1 1 1 1 3 2 1 1 2 1 1 2 2 2 4 1 2 1 1 1 2 1 4 2 1 1 3 1 1 1 1 1 1 3 1 1 3 3 1 1 1 3 1 1 3 1 1 1 5 1 2 1 1 2 1 1 1 1 2 2 1 1 1 2 1 3 3 1 2 3 1 2 1 2 1 2 1 1 3 1 1 3 3 1 2 1 3 3 4 1 1 1 1 4 3 1 2 2 1 2 1 1 2 1 1 2 2 3 1 1 1 1 2 2 2 1 1 1 4 1 2 2 2 2 2 1 1 2 2 3 2 1 1 1 5 2 1 1 1 1 1 1 2 1 2 1 1 1 4 1 1 1 1 1 1 1 1 2 4 1 3 1 1 1 1 1 1 1 1 1 1 3 1 2 1 1 1 1 2 1 2 3 3 2 3 1 1 1 1 1 3 2 2 2 1 3 1 1 4 3 1 2 1 1 1 3 1 1 2 2 2 2 1 1 1 1 1 1 1 3 2 3 3 2 2 1 1 1 2 2 2 1 2 1 1 2 1 1 2 1 1 1 2 1 1 2 1 1 2 3 2 1 3 1 3 1 2 2 1 3 1 1 1 2 1 4 1 1 1 1 1 1 1 1 2 1 1 1 2 1 2 1 1 4 1 2 1 2 2 1 2 3 3 1 1 2 2 4 1 1 1 1 3 1 1 3 3 1 1 3 1 1 2 2 1 2 1 1 2 2 2 2 1 1 2 1 1 2 1 3 2 1 1 1 1 1 2 1 2 1 2 1 2 1 1 1 2 3 2 2 1 1 1 1 1 1 1 2 1 2 1 1 3 2 1 2 1 1 1 1 2 1 1 2 3 3 1 4 1 2 1 1 1 1 1 2 2 1 1 1 1 2 2 2 2 1 2 2 1 1 1 2 2 1 1 5 4 4 1 2 1 3 1 1 1 1 2 1 3 1 1 1 2 3 2 1 1 1 1 1 1 1 2 2 1 1 2 4 1 2 1 1 1 2 1 4 1 2 3 1 3 5 1 2 1 2 1 1 1 2 2 1 2 1 1 2 1 1 1 3 2 3 1 1 1 3 2 3 2 2 2 1 1 1 1 1 1 1 1 2 1 2 2 1 1 1 3 1 2 1 1 1 2 1 1 1 1 2 1 1 2 1 1 1 2 1 1 4 1 2 1 2 1 1 1 3 2 2 2 5 2 1 2 1 2 3 2 1 1 1 1 2 2 3 2 1 2 3 1 3 1 1 1 1 1 1 1 1 1 2 1 2 1 1 1 1 1 2 2 1 3 3 1 1 2 1 2 1 1 2 1 2 1 2 1 1 3 1 1 4 1 3 1 2 1 1 1 1 1 2 1 1 1 1 1 2 2 1 3 3 1 1 2 1 2 3 1 2 2 2 3 2 1 2 2 1 1 1 2 1 2 1 2 1 1 3 1 1 2 1 1 1 1 1 1 1 2 2 3 1 1 2 1 1 2 1 2 2 2 1 1 2 2 1 3 2 1 1 1 1 1 2 1 2 1 1 1 2 2 1 2 1 2 3 2 1 1 2 2 2 1 1 2 1 1 1 4 1 1 1 1 1 1 2 3 4 1 2 1 1 2 1 5 1 1 1 1 2 1 1 1 1 1 2 1 1 2 1 1 1 1 2 3 1 3 1 1 2 3 3 1 2 1 3 1 1 1 1 1 1 1 1 1 3 2 2 1 1 1 2 1 1 2 1 1 2 1 1 1 1 1 1 2 2 1 2 1 1 1 2 1 1 1 1 2 2 2 2 2 1 1 1 2 3 3 1 1 1 1 1 1 2 1 1 1 2 2 1 1 1 1 1 2 2 1 3 2 1 4 2 2 1 1 1 1 1 2 2 2 2 3 2 1 2 2 1 4 1 1 2 1 3 1 2 2 1 1 1 1 1 1 1 1 1 1 1 2 1 2 2 1 3 2 2 1 1 3 2 1 1 1 1 1 1 1 1 2 2 3 2 2 1 1 2 2 1 1 2 3 1 1 1 1 2 2 1 1 2 1 3 1 1 3 2 2 1 2 2 1 1 1 1 3 1 1 3 2 3 2 2 1 1 1 1 1 1 2 1 1 4 1 1 2 2 2 2 2 2 1 3 2 1 1 2 3 1 2 3 1 1 1 1 3 1 1 2 1 1 1 3 2 1 2 2 2 1 1 2 1 2 1 1 1 1 1 3 2 1 2 2 1 4 1 1 1 1 1 1 1 2 2 2 1 1 1 1 2 1 2 1 1 4 2 1 3 2 1 1 2 1 1 1 1 5 1 1 1 1 1 1 1 1 1 1 1 1 1 1 1 1 2 2 2 1 2 2 1 1 1 2 1 1 1 1 1 4 2 1 2 1 1 2 2 3 2 2 2 3 1 2 1 1 1 1 1 1 1 3 1 2 1 1 1 1 2 2 1 2 3 2 1 1 1 5 1 1 3 1 2 1 3 2 2 2 2 1 6 5 2 3 1 1 4 1 1 1 2 5 2 2 1 2 2 2 1 1 2 1 3 1 1 1 1 2 4 2 3 1 1 2 1 1 1 2 1 3 2 2 1 1 3 2 2 3 1 1 1 1 1 1 2 2 1 1 1 2 1 1 1 2 2 4 2 1 1 1 2 1 3 2 3 3 5 2 4 1 1 1 1 1 1 3 2 2 1 1 1 2 2 2 1 1 3 3 3 2 1 1 1 2 1 3 2 1 1 1 1 2 2 2 4 1 1 1 1 3 3 4 2 2 2 1 2 1 2 1 1 1 4 1 2 1 2 1 3 2 1 2 2 3 3 1 2 2 1 1 1 1 1 2 2 1 1 1 2 1 2 3 1 1 3 1 4 1 2 3 4 1 1 1 5 1 1 1 2 1 1 2 3 1 3 4 1 3 1 2 2 2 1 3 2 3 1 2 2 1 2 2 1 1 1 1 1 1 1 1 1 2 2 2 3 1 2 1 2 1 2 1 1 1 2 2 1 3 1 1 1 1 1 1 2 3 1 1 1 2 1 1 1 1 2 1 1 2 2 2 1 1 2 2 1 3 2 2 1 1 1 1 1 1 4 1 3 2 1 2 2 2 1 1 1 2 1 2 3 2 3 2 1 1 1 2 1 2 1 1 2 1 4 2 1 1 3 2 1 2 1 1 2 2 1 1 1 2 3 1 1 1 2 1 1 1 1 1 3 2 2 1 1 2 2 2 2 1 2 1 1 1 1 3 3 1 1 2 1 2 1 2 1 1 2 1 2 4 1 3 3 2 1 4 1 1 1 1 1 1 2 2 1 2 2 2 1 1 2 2 1 1 1 1 2 2 1 2 2 2 2 3 1 2 1 1 1 2 1 2 1 3 1 1 2 1 1 2 2 2 1 1 2 2 3 2 1 1 1 1 1 3 1 1 1 1 1 1 3 1 2 3 2 3 1 3 2 1 1 1 1 3 2 2 1 1 1 2 1 1 4 1 1 1 1 2 1 2 2 2 4 3 1 2 2 1 1 1 2 1 3 2 1 2 3 1 2 1 1 1 1 1 1 3 1 1 2 1 2 1 4 3 1 1 1 1 2 2 2 1 2 1 1 1 3 1 1 2 1 2 1 1 2 2 3 1 1 1 1 2 1 2 1 1 2 1 1 2 1 1 1 2 1 1 1 1 2 2 2 1 2 1 1 1 3 1 3 3 3 2 1 1 1 2 1 1 1 2 2 1 2 2 1 1 2 1 1 1 1 3 2 1 1 1 3 3 3 1 3 1 2 3 1 1 1 1 1 1 2 1 1 1 2 2 1 1 1 2 1 2 2 2 1 1 1 2 2 2 1 1 2 1 1 1 2 1 4 2 1 1 1 2 2 1 1 1 3 1 4 1 2 1 1 1 1 1 1 2 2 1 2 3 2 2 3 1 1 2 1 2 2 1 1 1 1 1 1 1 1 1 1 2 2 1 1 1 1 2 1 1 1 1 1 1 2 1 1 2 1 1 1 4 6 1 2 2 1 1 1 1 1 1 2 2 1 2 2 1 1 1 1 1 2 3 1 1 3 1 1 2 3 1 2 1 1 3 2 1 1 1 1 2 1 1 1 1 1 1 1 2 2 1 1 1 2 2 3 1 2 3 2 1 3 2 2 2 1 3 1 1 1 4 2 2 1 1 1 1 1 2 2 1 2 1 1 3 1 1 1 1 1 1 1 2 1 3 1 1 1 1 1 1 3 1 1 1 1 1 4 2 1 1 1 1 3 2 1 2 1 1 3 2 3 1 1 1 2 1 1 1 1 2 3 2 1 2 2 1 1 2 2 2 1 1 1 1 1 2 2 3 1 1 1 3 1 1 1 1 1 3 2 1 2 1 1 1 1 2 1 1 1 4 1 3 1 2 5 2 1 1 2 1 1 2 1 1 3 1 1 1 2 3 2 1 1 2 1 2 1 1 1 1 1 1 3 2 1 1 1 3 2 1 2 2 1 1 1 2 4 1 3 1 1 1 2 1 1 1 2 1 1 2 1 1 1 1 1 2 4 2 2 1 1 1 2 1 1 1 4 1 1 1 2 1 2 1 2 1 1 1 2 1 1 1 1 4 2 1 1 1 2 1 2 2 1 1 1 3 1 4 2 2 2 1 1 3 1 2 1 3 3 1 1 2 1 1 1 1 1 1 1 1 1 2 1 1 2 1 1 2 1 2 2 1 1 1 1 2 1 1 2 1 2 2 2 1 2 3 1 1 2 3 1 1 2 1 1 1 1 2 1 1 2 2 2 1 1 4 3 1 1 1 1 3 5 2 2 1 3 1 1 2 3 1 2 1 2 2 1 1 1 1 1 2 1 1 2 1 1 2 1 1 2 2 3 1 1 1 1 1 1 2 1 1 2 2 1 1 1 1 2 2 2 1 1 1 1 1 1 1 1 1 1 1 2 1 1 1 2 1 2 1 1 1 3 1 2 3 1 1 1 1 3 4 1 3 1 3 2 2 1 1 1 1 1 1 2 1 1 1 1 3 3 4 1 1 5 1 2 1 1 1 1 2 3 1 1 1 1 2 2 2 3 3 2 1 1 1 1 1 3 2 1 2 1 1 2 1 1 3 1 1 1 1 2 1 1 2 2 2 1 1 1 1 2 2 1 1 2 1 2 2 1 1 1 1 1 1 2 2 3 2 1 1 2 4 2 2 2 1 2 2 2 2 1 2 2 1 2 2 1 1 3 2 1 2 1 1 1 2 4 1 1 1 1 1 1 2 1 3 1 2 2 3 1 2 1 1 2 1 1 1 1 2 2 3 1 2 4 1 1 1 2 2 3 1 3 2 1 3 1 1 1 1 1 1 1 1 1 1 2 1 2 2 2 3 2 2 1 1 2 2 2 2 2 2 1 2 1 1 1 1 4 3 2 1 1 3 1 1 1 1 3 2 1 3 1 1 3 3 2 1 1 1 2 2 3 1 1 2 1 2 1 3 1 2 3 2 4 1 1 2 4 2 1 1 1 3 2 1 3 3 1 2 4 2 1 1 3 1 1 1 1 1 2 1 2 1 2 3 2 1 1 1 1 2 3 1 2 1 1 1 1 2 1 3 1 2 3 1 1 3 1 2 3 1 1 1 2 2 1 2 4 1 1 1 2 1 4 1 3 2 1 2 2 2 1 1 2 1 1 2 2 1 2 2 4 1 1 1 1 3 2 1 3 1 1 2 3 1 2 1 2 2 1 2 2 1 1 2 1 1 1 1 1 1 4 2 1 1 3 1 1 1 1 2 1 2 1 5 1 1 1 1 2 2 1 1 1 2 1 1 1 1 1 1 2 1 2 1 1 1 1 2 7 1 2 3 2 1 1 1 2 3 1 2 1 1 2 1 1 3 1 1 3 2 2 2 1 2 1 2 2 2 2 2 1 2 1 4 1 1 1 2 2 1 1 3 1 2 1 1 1 3 1 2 1 2 1 2 1 1 1 1 3 1 2 1 1 1 2 1 1 2 2 1 1 1 3 2 1 3 2 3 2 1 1 1 3 3 1 1 1 2 1 1 1 1 2 1 1 3 2 1 1 1 1 1 2 1 1 2 1 3 3 1 1 1 1 1 1 1 1 3 1 1 3 1 1 3 2 1 1 1 2 1 1 2 2 1 1 1 1 3 2 2 3 2 1 2 1 1 2 1 1 3 3 2 1 1 2 1 3 1 2 1 1 1 1 2 1 1 1 2 2 1 3 2 1 1 2 1 1 1 2 1 2 2 2 1 1 1 2 2 1 1 1 2 3 1 1 2 2 1 3 1 2 1 1 1 2 1 1 2 4 3 2 1 1 1 1 1 3 1 1 3 1 1 1 3 1 1 2 1 1 2 3 2 1 1 2 2 2 3 2 2 1 1 1 1 3 1 2 1 1 3 3 1 1 2 1 2 1 1 2 1 2 1 1 4 1 1 2 1 3 1 1 1 2 2 1 1 1 1 1 2 3 2 2 2 1 2 2 2 3 1 1 1 1 2 1 1 1 3 4 1 1 1 1 2 1 4 1 1 1 1 1 1 1 1 1 3 1 3 2 1 1 1 1 1 1 1 1 2 1 3 1 2 1 1 1 1 1 2 2 2 3 1 1 1 2 2 2 1 1 4 2 1 1 2 2 1 1 4 2 1 1 1 1 1 2 3 1 1 1 1 1 2 1 3 3 2 1 1 2 3 2 2 1 2 1 1 1 2 2 1 1 1 2 2 1 3 1 3 1 1 1 1 4 3 1 2 2 1 1 2 1 2 1 1 1 1 1 1 1 1 3 2 2 2 1 1 1 2 1 1 1 1 1 1 2 1 2 1 1 2 1 1 2 2 3 1 2 1 2 2 1 1 2 3 1 1 2 1 2 3 1 1 1 1 2 2 1 1 3 2 2 1 1 1 2 2 1 1 1 1 1 1 2 2 1 1 3 1 2 1 2 3 2 1 1 1 1 2 2 1 2 2 1 3 1 4 2 3 2 1 1 1 3 2 3 2 1 2 2 2 1 1 2 3 2 2 1 1 2 2 1 2 1 2 1 2 1 1 1 1 1 1 1 1 2 1 1 2 1 1 1 2 2 2 2 1 1 2 1 1 1 2 1 1 1 3 1 1 1 3 3 1 1 1 1 1 1 1 2 1 1 2 1 1 2 2 2 2 1 1 1 2 1 1 1 1 1 2 2 1 1 1 1 1 1 2 1 2 1 2 1 2 1 1 2 1 1 3 4 1 3 2 2 2 1 1 1 2 1 1 1 1 2 1 1 1 1 1 1 1 2 1 1 2 2 3 2 2 1 2 2 2 1 1 3 4 1 1 1 1 1 2 1 2 2 2 1 2 1 2 2 2 1 1 1 4 1 1 1 3 1 2 1 3 3 1 1 2 1 1 1 2 2 1 1 2 1 1 1 1 1 3 1 1 2 2 2 3 2 5 1 3 4 3 1 1 1 1 1 1 4 2 1 1 2 1 2 3 1 1 3 2 2 1 1 1 1 1 1 1 1 1 1 3 1 1 1 2 1 4 1 1 1 1 1 1 2 1 1 3 2 2 2 2 1 1 1 2 1 1 2 1 1 1 1 2 2 3 2 1 1 1 1 1 2 2 1 1 2 2 1 1 1 1 2 1 1 3 2 1 2 4 2 1 1 2 5 1 2 1 1 3 2 1 1 2 1 2 2 3 1 1 4 3 1 1 4 1 1 2 2 1 1 1 2 1 1 1 1 1 1 1 1 3 2 1 1 1 1 2 1 2 2 1 1 1 1 1 1 1 1 1 1 1 2 1 2 2 1 2 1 1 1 1 1 1 2 2 1 2 1 1 1 1 1 1 1 1 2 1 1 5 2 1 1 1 1 2 1 1 2 2 2 1 1 1 1 1 2 1 2 2 1 1 2 1 2 2 2 1 1 2 1 1 2 1 2 2 1 2 2 2 3 1 1 1 3 2 2 3 1 2 1 2 1 1 2 2 1 1 1 1 1 1 1 1 3 1 1 2 1 3 3 3 1 1 1 4 1 1 1 2 1 1 4 1 1 1 1 1 1 1 1 1 2 1 1 1 2 1 2 1 1 1 2 1 3 2 1 1 1 1 1 1 1 1 2 1 4 1 1 4 3 1 4 1 1 2 1 3 1 2 1 1 1 2 1 2 1 1 1 1 2 1 2 1 2 1 2 2 1 2 1 1 2 1 1 3 2 1 2 1 1 2 1 1 1 1 1 1 2 1 2 1 1 2 1 1 1 1 1 1 1 2 1 1 1 2 3 1 3 1 1 1 2 1 4 1 2 2 1 1 2 1 1 1 3 1 1 1 2 1 1 2 2 1 4 1 2 1 1 1 2 1 2 1 3 1 2 1 2 1 1 5 3 2 1 1 2 1 1 1 1 1 1 2 1 1 1 2 4 1 1 3 2 1 1 2 2 1 2 1 1 2 2 1 1 1 2 1 2 1 1 1 1 1 2 2 2 3 1 3 3 1 1 1 1 2 1 2 2 2 1 1 1 1 1 2 1 2 1 1 2 1 1 1 4 1 2 1 2 1 1 1 1 1 1 4 3 2 1 2 1 1 1 1 1 1 1 2 2 2 3 1 1 2 3 1 1 3 2 2 1 2 1 2 3 1 2 2 1 1 3 1 1 1 2 2 1 3 2 1 2 4 2 1 2 2 3 2 2 1 1 1 4 1 1 3 1 1 1 1 1 1 4 2 1 4 1 1 1 3 2 3 1 1 2 1 2 1 2 1 3 1 1 1 1 2 2 1 1 1 1 2 2 1 1 1 1 1 1 1 2 1 1 1 1 2 1 1 1 2 1 1 1 1 2 3 2 3 1 3 1 1 1 2 1 1 4 3 3 1 1 2 1 3 2 1 1 1 2 2 3 3 2 1 2 1 1 1 1 1 1 1 1 3 2 1 2 1 1 4 2 1 1 3 1 2 1 1 3 1 1 1 1 1 4 1 1 3 2 2 1 1 2 1 2 2 3 1 3 1 2 1 2 2 3 2 1 1 2 2 1 1 1 1 1 3 1 2 3 1 2 1 1 2 3 1 2 1 1 2 1 2 1 1 2 1 1 1 2 2 1 1 1 3 1 1 1 1 2 4 2 1 1 1 2 2 1 2 1 3 1 1 1 5 1 1 1 2 1 1 2 3 2 1 1 2 1 2 2 1 1 1 3 1 2 1 1 2 1 2 3 4 2 1 1 2 1 1 1 2 1 2 1 1 1 1 1 1 3 1 1 1 4 1 1 2 1 1 2 1 2 1 4 1 1 1 1 1 1 1 2 2 1 1 1 2 1 1 1 2 2 3 2 1 1 1 1 1 1 3 1 1 3 1 1 1 1 1 1 2 1 1 2 2 1 2 2 2 1 2 2 2 3 1 1 1 3 2 1 1 1 2 1 1 1 3 1 2 5 1 4 1 1 1 1 2 1 1 1 1 2 2 2 2 1 1 1 4 2 1 1 2 1 3 2 2 1 3 1 1 1 1 2 1 1 1 1 3 1 2 5 1 6 2 1 2 1 1 1 1 1 3 2 1 1 1 1 1 2 1 2 1 1 2 2 1 1 1 1 1 1 1 1 1 1 1 1 1 1 1 1 1 1 1 3 4 1 1 1 1 1 1 2 2 1 4 1 4 1 3 3 1 2 1 2 1 2 3 1 1 2 1 3 1 1 2 1 1 4 2 1 2 1 2 2 3 2 1 4 3 1 1 5 1 1 3 3 1 1 3 1 1 1 1 2 4 1 1 2 3 1 2 2 2 1 1 1 2 5 1 1 2 5 1 2 2 1 3 4 2 1 1 2 3 2 3 1 2 1 1 1 1 1 2 2 1 1 1 1 5 1 1 1 1 1 2 2 1 3 1 1 3 2 2 2 1 1 1 5 1 2 2 3 1 1 2 1 1 1 1 1 1 1 3 1 1 1 1 2 1 1 1 1 4 1 1 1 1 1 1 1 1 2 1 1 3 1 1 1 1 1 3 5 2 2 2 3 2 2 1 2 1 1 3 1 2 1 5 3 1 1 1 1 1 1 1 2 2 1 3 1 1 1 2 2 2 1 3 2 1 2 1 1 1 1 1 1 1 1 1 1 3 2 3 2 2 2 2 2 1 1 1 2 1 1 1 1 1 1 1 1 1 2 2 2 3 2 2 1 2 1 1 1 1 2 2 1 2 1 2 1 1 2 1 3 2 1 2 1 2 1 3 2 1 1 1 1 2 1 3 1 3 1 1 1 1 1 1 3 1 3 1 1 1 1 3 1 1 1 2 1 1 1 1 2 2 1 2 1 1 2 1 3 2 2 2 2 1 2 1 1 3 1 2 1 3 2 2 1 2 1 1 4 1 2 1 2 1 1 2 3 1 3 1 1 1 2 1 2 2 1 1 2 1 1 2 1 2 2 2 1 1 1 1 1 1 1 1 3 2 1 1 1 2 1 1 1 1 2 2 1 2 1 2 2 1 1 1 1 1 1 1 1 2 1 3 2 2 1 1 1 2 1 1 1 1 1 1 2 3 3 1 2 2 1 3 1 2 1 1 1 1 1 1 1 1 1 3 1 2 1 1 3 1 2 2 1 1 1 2 2 2 1 3 1 1 1 1 1 1 1 1 2 2 1 3 1 2 1 1 2 2 1 2 1 2 1 2 1 1 1 2 2 1 1 1 1 2 1 1 2 1 1 1 1 2 1 1 2 1 1 2 2 1 1 1 1 2 2 1 1 2 1 3 2 1 1 1 3 2 3 2 1 2 2 1 1 2 2 3 1 1 2 1 2 1 3 2 1 1 2 1 4 1 1 1 1 1 1 1 2 3 1 1 2 1 2 1 1 3 1 1 3 1 1 1 3 2 3 1 1 2 1 3 1 3 2 1 2 1 1 2 2 1 2 1 1 2 1 1 1 1 2 1 4 2 1 1 1 3 1 1 2 3 3 1 2 1 1 2 1 1 2 1 2 1 1 1 1 2 2 1 1 2 1 1 1 3 1 1 2 2 1 2 4 2 2 2 3 1 1 1 2 1 2 1 2 1 1 1 1 2 2 1 3 1 1 1 1 1 1 1 1 2 1 1 2 1 1 2 1 1 1 1 2 2 4 2 1 2 3 1 2 2 4 1 1 1 2 1 1 1 3 2 2 3 1 1 1 3 1 1 2 1 1 2 2 3 2 3 1 2 3 1 1 1 1 2 2 3 1 1 1 1 1 3 1 2 1 2 2 2 1 1 3 1 1 1 3 2 2 1 1 1 3 1 1 1 1 3 3 1 1 1 3 1 2 2 2 1 1 2 1 1 2 1 1 1 2 1 1 1 1 1 1 1 2 1 2 2 1 1 3 1 1 1 1 4 1 2 1 4 1 3 1 1 1 1 2 1 3 2 1 2 1 1 1 2 2 1 2 1 1 3 2 1 2 3 1 1 1 2 2 2 1 5 2 1 2 1 1 1 1 1 1 2 4 2 1 2 1 2 1 1 1 2 3 1 4 2 2 1 1 2 1 1 3 1 3 1 1 2 2 3 1 1 4 1 2 1 1 1 1 2 2 1 1 1 2 4 2 2 1 2 2 1 1 1 3 1 1 4 1 1 1 1 1 3 1 1 4 1 1 1 1 1 2 1 2 1 2 1 1 2 1 1 1 1 1 1 2 2 2 1 2 2 3 1 2 1 1 2 1 2 1 2 2 
  #Test Small 15247
  #Test Medium 29610
  #Test Large 37310
