Board size [mm] 100x200

Stats side 1
  #Components with background 10
  #Components with points 81
  #Components nofly 4
  #Components notouch 0
  #Pins 25152
  #GNDs 256
  #VDDs 211
  #Clock 12
  #NoFly points 700
  #NoTouch points 0
  #Points [total] 26331

Stats side 2
  #Components with background 4
  #Components with points 86
  #Components nofly 2
  #Components notouch 2
  #Pins 28811
  #GNDs 652
  #VDDs 501
  #Clock 3
  #NoFly points 240
  #NoTouch points 340
  #Points [total] 30547

Stats board (side 1 + side 2)
  #Components with background 14
  #Components with points 167
  #Components nofly 6
  #Components notouch 2
  #Pins 53963
  #GNDs 908
  #VDDs 712
  #Clock 15
  #NoFly points 940
  #NoTouch points 340
  #Points [total] 56878
  #Nets 52302
    Net Size: 908 712 15 4 2 2 1 2 1 8 2 4 1 1 1 1 1 3 1 3 2 1 3 1 3 2 1 2 3 1 1 3 5 2 1 3 6 3 1 2 1 3 3 3 1 1 3 1 4 1 5 4 4 2 3 1 2 1 1 1 5 2 2 1 3 4 2 2 1 3 1 1 2 4 3 3 3 4 3 2 2 1 2 2 2 1 1 1 3 1 3 2 1 3 6 3 3 1 1 2 3 2 6 2 1 1 1 1 1 1 4 1 2 3 3 2 3 2 1 1 1 2 4 2 4 3 1 6 1 3 2 2 3 2 3 2 2 6 1 1 2 1 1 2 1 2 2 2 3 3 1 1 2 1 3 3 1 1 1 1 1 4 1 4 2 1 2 2 1 2 1 2 3 2 5 3 2 4 3 2 3 2 1 3 2 1 1 2 5 1 3 1 1 1 2 2 2 1 3 2 2 3 1 3 2 2 1 2 2 2 3 3 3 2 2 4 2 5 3 3 1 2 1 1 1 4 2 4 2 5 1 2 2 1 2 2 1 1 2 1 2 1 3 1 2 2 2 1 1 4 1 2 2 3 3 3 3 2 1 2 2 1 1 3 5 3 2 4 1 2 2 1 1 4 2 2 1 2 2 1 1 2 1 2 2 5 2 3 3 2 1 3 1 1 1 1 2 5 2 1 2 1 5 2 3 1 1 1 1 2 3 3 2 1 2 1 1 1 2 6 1 1 2 1 2 1 2 1 2 3 1 1 1 2 3 2 4 4 1 2 2 3 1 3 1 2 3 1 1 3 5 2 1 6 2 1 4 2 3 3 1 3 1 4 2 2 5 2 4 1 3 2 3 3 2 2 4 2 3 2 4 1 5 3 2 2 2 1 6 3 2 6 2 1 4 2 4 2 6 5 1 1 1 2 1 1 3 2 4 2 3 1 2 2 5 2 2 1 3 1 2 3 1 2 3 2 2 2 2 5 3 2 1 3 3 1 4 1 3 3 1 2 3 1 2 1 1 2 4 3 3 6 2 1 1 1 4 2 1 1 1 3 1 2 2 1 1 4 2 3 1 3 3 2 1 3 4 3 4 5 1 5 2 6 3 2 2 2 3 1 1 2 4 2 4 4 3 2 4 1 2 3 1 1 2 3 1 1 2 3 6 2 4 2 3 4 1 2 1 2 3 1 1 2 2 2 2 2 3 6 2 2 2 3 1 1 3 1 3 2 2 2 3 1 1 1 1 3 1 1 1 1 2 2 1 2 2 3 2 2 1 1 1 2 2 4 4 3 1 1 1 1 3 6 2 1 1 1 2 1 1 2 2 2 2 3 3 1 4 3 3 3 1 2 5 2 2 3 1 1 1 5 1 1 3 2 1 2 3 4 2 3 1 3 2 2 2 1 2 1 2 1 4 1 2 3 1 1 2 1 3 1 4 1 1 2 1 1 4 4 3 3 2 1 2 2 2 2 2 1 5 4 2 1 2 3 4 1 2 2 5 5 2 3 1 1 4 6 2 2 2 5 1 1 1 5 2 2 2 3 1 3 1 1 3 1 2 1 1 1 1 2 1 3 3 5 1 4 3 1 3 3 2 2 2 1 1 4 4 3 2 2 2 5 2 4 3 1 2 1 2 1 1 3 3 3 1 1 1 2 2 1 3 2 1 2 2 1 1 3 3 3 1 1 4 3 2 1 1 2 3 2 2 3 1 4 5 2 2 2 3 2 3 4 2 2 1 4 2 1 3 3 1 5 2 1 1 4 1 2 1 1 1 3 2 1 2 1 3 1 3 1 2 3 3 3 3 1 1 1 1 3 4 2 1 1 1 2 3 1 1 2 1 3 2 3 1 3 2 1 1 3 1 2 4 1 4 2 3 1 2 2 4 4 2 1 2 2 3 1 3 1 4 1 3 2 3 2 4 4 2 2 3 2 3 3 2 1 1 1 5 2 2 1 2 4 1 1 4 1 4 1 2 1 2 2 2 2 1 3 2 1 2 1 1 1 5 2 3 1 2 5 3 4 1 3 2 2 3 3 1 1 1 2 4 2 2 2 1 2 2 2 2 1 1 3 4 2 4 2 2 1 4 1 2 2 1 1 2 2 4 5 4 3 2 1 3 1 1 3 6 5 2 2 4 2 3 6 1 1 1 5 2 2 1 2 3 2 1 4 1 1 3 2 1 2 5 1 3 2 1 3 2 1 2 1 2 1 3 3 1 1 2 1 3 1 2 3 3 2 2 2 1 3 3 2 1 3 2 1 1 1 3 1 1 2 4 1 2 1 1 2 3 1 3 1 1 2 2 1 2 2 3 1 1 7 2 2 1 2 2 3 3 1 4 4 3 4 2 4 2 4 2 3 3 4 1 2 6 3 2 2 3 1 4 3 2 2 5 1 2 1 2 2 1 1 2 2 4 4 2 1 2 2 2 2 2 4 1 2 2 4 3 2 1 1 1 1 2 4 2 2 5 2 2 3 1 4 3 1 6 1 5 2 2 1 2 1 4 2 5 2 3 2 3 1 1 2 2 2 2 5 1 1 1 3 5 3 1 3 2 1 5 4 1 4 3 2 2 1 2 3 3 1 5 1 3 2 1 4 2 3 2 1 2 3 1 4 3 1 2 1 1 2 3 1 3 2 3 1 2 5 1 2 1 2 1 2 2 3 1 1 1 2 2 1 2 2 2 3 2 1 2 4 2 4 1 2 1 2 2 2 7 1 3 1 1 3 2 1 1 1 2 3 1 2 3 5 1 1 1 2 2 1 1 1 2 1 2 2 3 1 2 4 2 1 1 1 5 3 2 1 2 2 2 1 2 1 1 2 3 2 3 3 3 4 3 2 1 7 3 2 3 3 3 3 1 4 2 3 1 1 4 5 1 2 4 1 4 1 2 5 2 3 2 2 2 1 1 2 3 3 1 1 2 2 2 1 1 1 5 4 3 2 3 2 2 1 2 2 3 3 1 2 2 2 2 1 1 3 3 2 1 3 1 1 1 3 2 3 3 2 1 4 3 3 3 1 1 1 3 1 2 2 2 2 4 2 3 1 2 1 3 1 1 4 1 1 1 1 3 3 1 4 1 1 1 2 2 1 1 1 2 2 2 4 5 1 3 2 3 3 1 1 1 1 2 1 3 3 4 3 2 2 2 3 2 1 3 1 1 3 3 2 3 2 2 2 2 4 1 1 2 1 3 1 1 2 1 1 1 3 5 1 2 3 2 3 1 3 2 1 5 2 2 3 3 1 2 1 3 1 2 1 1 1 5 2 3 2 2 3 2 4 1 2 1 1 1 2 2 1 1 2 1 2 1 2 1 1 2 1 1 3 2 1 2 1 2 2 4 1 3 1 4 1 5 3 2 3 3 1 1 3 3 2 1 1 2 1 3 4 2 2 1 2 2 3 1 3 2 1 1 1 2 1 2 2 3 1 2 4 3 3 2 1 1 4 2 5 4 2 3 1 2 1 4 2 2 1 2 2 1 5 2 3 3 3 2 2 4 1 2 3 3 2 2 1 1 6 2 1 1 3 1 1 3 1 1 2 1 1 1 2 2 2 2 1 1 1 3 3 2 4 2 3 2 4 1 2 2 2 1 2 2 3 2 1 1 3 2 1 1 2 1 2 2 2 3 3 2 1 1 2 1 2 2 3 3 2 5 1 6 2 4 1 2 3 1 1 1 1 1 2 3 2 1 1 2 1 3 2 3 1 2 6 3 3 3 2 1 2 4 1 3 1 3 2 4 5 2 3 2 3 3 2 2 1 1 4 3 1 4 2 1 2 2 6 5 3 1 2 2 1 1 2 1 2 2 2 4 2 1 3 3 1 2 1 2 4 1 1 2 3 2 4 1 3 3 2 3 3 1 4 5 1 1 3 1 2 2 2 1 1 4 3 3 2 4 2 3 3 3 6 1 3 1 1 1 1 2 1 1 5 4 2 2 2 3 2 3 1 2 3 1 5 1 2 1 1 2 5 5 3 2 2 1 2 1 3 1 2 1 2 1 2 1 2 4 1 2 2 2 5 2 2 1 4 2 3 3 1 4 3 1 1 2 1 3 1 3 1 1 3 1 1 1 2 2 5 2 3 2 3 1 2 2 2 4 2 1 4 1 5 1 4 2 2 2 2 3 1 1 1 4 2 1 3 2 1 3 1 2 1 2 2 2 1 5 2 1 2 4 4 3 2 2 2 1 1 4 2 2 2 2 2 4 1 2 3 1 4 2 2 1 2 2 1 3 1 2 3 1 1 2 1 2 1 1 1 4 2 1 1 2 1 4 2 1 2 1 3 1 2 2 3 3 2 1 1 2 4 1 1 1 4 3 4 1 1 1 1 1 3 2 2 3 3 1 5 1 5 1 1 4 3 5 4 1 2 2 2 2 4 1 2 5 2 1 2 1 2 2 1 1 3 1 2 2 2 5 2 2 2 3 2 4 5 1 4 1 2 3 5 1 2 3 2 1 3 4 1 1 1 3 1 2 5 5 1 1 2 3 2 2 3 2 2 2 2 4 5 3 2 1 5 3 1 2 1 1 2 1 1 4 3 1 2 3 1 2 3 1 1 1 1 2 1 2 2 2 3 1 1 2 4 1 1 1 1 1 1 1 1 3 3 2 1 3 1 3 1 3 2 4 5 1 3 3 3 1 4 2 1 3 3 1 1 1 1 3 2 1 1 2 1 1 1 1 4 1 3 2 1 1 1 1 4 1 2 4 2 1 1 3 1 2 1 2 2 1 2 1 2 2 1 2 4 4 6 2 2 2 1 6 4 2 3 2 2 1 1 1 1 3 1 4 4 1 2 1 3 2 3 2 3 3 3 1 4 5 2 1 3 1 1 2 1 1 5 3 1 5 1 4 3 3 1 3 5 2 2 2 1 1 2 3 1 2 2 1 4 1 2 3 1 1 1 1 3 1 3 3 4 2 3 2 2 1 3 2 2 2 1 3 1 3 2 3 4 6 1 1 3 2 2 1 1 3 2 2 2 2 1 3 1 1 2 2 3 4 3 2 3 2 1 2 1 2 1 3 1 3 3 1 1 4 1 2 4 3 2 2 1 1 1 1 2 1 2 2 1 1 1 1 1 2 2 3 2 1 2 6 1 1 4 1 3 3 2 4 1 2 1 2 3 3 1 3 1 2 2 2 1 3 1 3 5 1 2 2 2 3 3 4 1 1 1 2 3 1 3 4 1 2 2 1 2 3 3 1 3 2 5 2 2 2 1 2 3 2 2 1 2 2 3 1 2 1 2 2 5 1 3 1 2 2 4 3 2 2 5 3 2 3 2 2 5 1 1 1 3 2 1 3 3 3 1 2 2 3 3 3 2 2 3 4 2 2 2 2 4 3 2 3 1 3 2 2 3 4 3 3 1 2 2 1 3 1 3 4 1 6 4 1 3 2 1 1 3 1 3 1 4 2 5 3 6 1 3 2 1 2 3 3 2 1 6 3 1 4 3 3 3 2 1 2 4 2 1 1 3 1 1 1 4 1 2 2 3 1 2 1 4 3 3 3 6 4 1 1 2 1 3 4 3 3 2 2 2 2 1 1 4 1 1 1 1 
  #Test Small 2876
  #Test Medium 7623
  #Test Large 11598
