Board size [mm] 150x200

Stats side 1
  #Components with background 23
  #Components with points 115
  #Components nofly 3
  #Components notouch 5
  #Pins 33191
  #GNDs 1147
  #VDDs 975
  #Clock 15
  #NoFly points 488
  #NoTouch points 878
  #Points [total] 36694

Stats side 2
  #Components with background 19
  #Components with points 134
  #Components nofly 3
  #Components notouch 1
  #Pins 33599
  #GNDs 1609
  #VDDs 1274
  #Clock 17
  #NoFly points 452
  #NoTouch points 170
  #Points [total] 37121

Stats board (side 1 + side 2)
  #Components with background 42
  #Components with points 249
  #Components nofly 6
  #Components notouch 6
  #Pins 66790
  #GNDs 2756
  #VDDs 2249
  #Clock 32
  #NoFly points 940
  #NoTouch points 1048
  #Points [total] 73815
  #Nets 65647
    Net Size: 2756 2249 32 1 1 2 1 3 4 2 2 1 2 2 2 2 1 2 1 2 3 1 1 1 1 3 2 1 2 2 1 3 5 2 2 1 2 4 2 2 1 1 1 1 2 1 2 1 1 1 1 2 1 4 3 3 1 1 1 1 1 3 1 4 2 2 2 3 2 1 1 1 1 2 1 1 1 1 1 2 2 1 1 4 2 3 2 3 2 2 3 1 2 1 1 1 3 2 4 2 1 1 1 1 2 1 2 3 2 2 1 1 2 1 2 1 1 2 2 4 3 1 1 2 2 1 3 1 4 1 1 2 3 2 4 2 2 1 4 1 2 2 1 3 2 1 1 1 1 1 4 1 1 2 1 1 1 4 3 1 2 2 1 1 3 1 1 4 1 1 2 1 1 2 1 1 1 2 1 2 2 1 1 2 2 1 2 1 1 1 1 4 2 2 3 2 1 3 3 1 3 5 2 2 1 2 3 3 2 1 2 1 4 1 1 2 2 1 1 2 3 1 1 1 1 2 1 1 1 2 2 3 1 3 1 4 1 1 1 2 2 1 5 1 6 3 1 1 1 2 1 3 2 1 2 2 1 1 2 2 1 1 1 2 1 1 1 4 1 1 2 2 2 1 2 1 4 2 1 4 3 2 3 1 1 2 1 1 1 3 1 3 1 1 2 1 2 1 1 2 1 1 1 1 3 2 3 1 1 3 1 1 2 4 3 3 1 1 4 1 1 2 3 2 2 1 3 1 1 2 1 3 1 2 1 1 3 3 1 2 1 5 4 2 4 2 3 2 2 2 1 2 1 3 2 1 1 1 1 2 2 3 5 1 1 3 1 1 1 3 2 2 1 2 1 1 2 4 1 1 1 1 2 2 1 2 2 1 2 2 2 2 1 1 2 2 3 4 1 1 1 1 2 3 1 1 2 4 4 4 3 1 3 1 2 3 1 1 2 1 1 2 1 2 1 1 1 3 1 2 1 1 3 1 2 2 2 1 2 1 3 1 1 1 1 2 4 3 3 1 1 3 1 2 1 1 1 2 1 1 1 3 2 2 2 2 1 1 1 3 2 2 1 1 4 1 2 1 1 2 3 1 1 2 2 4 1 1 2 2 1 1 2 3 1 2 1 2 4 2 2 3 3 2 1 1 4 2 1 3 2 2 2 4 1 3 2 1 1 3 1 1 2 2 1 1 3 1 1 1 2 1 1 2 2 1 2 4 2 1 1 1 1 1 2 2 1 3 3 3 2 1 1 1 1 1 2 2 1 2 2 1 1 2 2 3 4 2 1 1 1 2 1 2 2 2 1 1 2 3 1 1 2 3 1 2 2 2 1 5 2 4 1 1 3 1 1 5 4 2 3 2 1 2 1 1 2 1 1 1 1 2 2 2 2 1 1 2 4 1 1 1 1 1 1 1 1 5 2 1 1 1 1 2 2 2 1 2 1 2 2 2 1 1 1 3 2 3 2 1 2 1 3 1 5 1 3 3 2 2 2 1 4 2 1 3 1 3 2 3 2 1 5 1 1 1 2 2 2 1 1 1 1 1 3 2 2 1 4 1 1 3 1 2 2 1 1 3 1 2 3 1 2 2 2 2 1 1 3 1 1 1 1 2 1 1 2 1 1 3 2 1 1 1 5 2 3 1 1 3 1 3 1 5 2 1 4 3 5 1 2 1 2 3 2 4 2 1 1 2 3 1 2 2 1 1 1 4 3 2 1 1 2 1 1 2 3 2 4 2 2 5 1 2 1 1 3 3 1 1 2 3 1 3 2 1 2 2 2 1 2 1 5 2 4 2 2 2 1 2 1 1 1 1 2 3 4 1 2 3 2 2 1 2 2 3 1 1 1 1 2 1 1 1 1 1 1 4 1 2 1 2 2 1 2 1 1 1 3 1 3 1 3 1 1 3 2 3 2 2 2 3 1 1 1 1 2 1 1 1 4 1 1 1 1 1 1 3 1 1 1 3 1 2 1 1 2 4 1 2 1 3 2 2 2 2 4 1 2 4 1 2 1 1 1 1 5 1 2 2 1 2 2 2 1 1 4 2 3 2 2 1 2 2 1 2 1 2 1 1 3 1 2 1 2 1 1 1 2 1 2 1 1 1 2 4 1 5 3 1 2 2 3 1 2 3 1 1 1 2 1 2 3 1 1 2 1 1 2 2 1 1 1 1 3 1 2 2 1 1 2 2 2 2 3 1 2 1 3 2 1 1 6 2 2 3 3 2 2 3 1 1 2 3 3 3 1 1 1 2 3 2 2 1 1 1 1 2 1 1 2 1 1 2 1 2 1 2 2 1 2 2 1 2 1 4 3 1 2 1 1 1 3 2 2 1 1 2 4 4 1 1 1 3 2 1 2 2 2 1 2 1 1 1 1 1 1 2 2 1 2 2 2 1 3 2 4 2 1 2 3 1 1 1 2 2 4 1 1 1 1 2 3 3 1 2 1 1 1 3 1 1 2 2 2 2 1 1 3 1 1 2 1 1 2 4 3 2 1 2 3 1 4 2 2 1 1 1 1 1 2 2 1 1 2 2 3 1 1 1 3 2 1 2 1 1 1 1 2 6 1 2 3 1 1 2 1 4 2 1 1 3 3 1 1 1 1 1 1 4 5 2 1 1 4 2 1 5 1 2 2 1 3 1 4 1 1 1 3 1 3 1 2 6 2 2 1 2 2 1 1 2 2 1 2 3 4 1 3 2 1 2 1 2 2 1 4 2 2 3 1 1 1 1 3 1 1 1 1 1 1 1 2 2 2 1 4 2 1 3 1 1 2 1 1 1 4 1 1 2 2 2 1 2 1 1 1 1 1 1 1 1 1 2 2 4 3 2 2 1 2 1 1 2 2 1 5 2 1 1 1 2 2 1 1 1 1 1 3 1 1 1 3 1 3 1 2 2 2 3 1 2 4 1 1 1 2 3 1 1 1 1 3 2 3 3 4 4 2 4 3 1 2 1 4 3 3 2 3 1 1 2 4 1 1 1 1 1 5 2 2 3 1 1 1 5 2 1 2 2 2 2 1 1 1 2 1 2 1 2 2 1 3 1 3 2 1 1 5 1 1 1 1 1 1 1 2 1 1 1 1 2 1 1 2 2 1 3 3 1 2 1 1 1 5 2 2 4 5 1 1 1 2 2 3 2 1 1 4 1 2 2 1 2 1 2 3 1 3 2 2 3 2 2 1 2 1 3 2 5 1 2 3 2 2 1 1 4 2 4 3 1 2 3 1 3 2 2 1 1 1 1 1 3 1 3 4 2 1 3 2 1 1 1 1 1 3 2 2 1 4 4 2 1 1 2 2 1 2 4 1 2 2 1 1 3 3 1 1 1 1 3 1 3 2 2 4 1 2 3 2 1 2 2 1 1 2 4 4 2 2 1 1 2 1 2 2 2 2 3 1 1 1 2 2 1 3 1 4 1 3 2 2 3 1 2 1 1 1 1 4 2 2 1 2 1 4 1 1 1 1 1 2 1 3 3 2 1 3 1 1 1 1 1 3 3 1 1 1 1 1 1 2 2 2 2 2 1 4 1 1 2 1 1 1 3 2 1 2 2 1 1 2 2 2 2 1 1 2 2 1 1 1 1 1 1 1 2 3 1 2 2 3 2 3 1 3 1 1 1 1 4 3 1 1 2 2 2 2 1 1 3 2 1 1 3 2 3 1 1 1 2 2 4 1 2 1 3 2 1 1 2 3 5 2 4 1 4 2 2 2 1 2 2 1 2 4 5 1 2 1 2 2 2 3 3 1 1 2 2 1 2 4 6 1 2 1 2 2 4 1 4 1 2 2 4 1 3 2 1 2 4 2 1 1 2 1 2 1 1 2 1 1 2 1 1 4 2 2 5 4 1 2 1 2 2 1 2 2 1 1 1 1 4 1 3 2 4 1 2 1 1 1 1 2 1 2 2 1 4 3 2 1 1 2 1 1 2 3 2 1 2 1 6 1 1 2 1 2 1 1 3 1 2 1 1 3 3 1 2 3 1 1 2 1 1 4 3 1 3 1 2 1 2 1 1 1 4 1 2 2 1 3 1 3 1 1 3 1 1 1 3 1 1 2 1 2 3 3 1 1 1 1 1 1 2 1 1 1 1 1 2 1 3 2 1 2 3 2 1 2 1 2 2 4 3 2 3 2 1 2 1 1 4 4 4 4 2 2 3 2 1 4 2 1 3 1 1 2 4 3 1 1 2 2 2 2 1 2 2 4 5 3 1 3 1 1 3 3 1 1 1 3 4 3 2 1 1 4 4 1 2 1 1 2 1 2 3 2 1 1 1 1 2 3 1 1 3 2 1 6 1 4 2 2 2 2 2 1 3 2 3 1 1 3 2 1 2 2 1 1 1 2 1 1 1 2 1 2 2 1 3 1 1 1 1 2 1 1 3 2 3 2 3 1 1 1 1 1 2 3 3 3 2 1 1 1 1 1 2 2 2 3 2 2 1 2 1 2 1 1 4 2 2 3 1 2 1 1 2 1 3 2 2 1 1 2 3 1 2 1 1 3 2 1 3 2 1 2 3 2 5 1 1 1 1 4 1 3 3 2 2 4 1 2 1 1 2 2 3 1 3 1 1 1 2 1 1 2 1 1 2 2 1 2 2 1 1 1 1 2 1 2 2 1 1 2 1 1 3 2 1 2 2 1 2 1 1 1 3 1 1 2 2 3 1 2 4 3 2 1 3 4 2 1 2 2 2 2 2 2 1 1 3 1 1 3 2 1 2 1 1 4 1 5 1 1 1 2 1 2 1 1 1 2 1 1 1 4 1 1 1 2 2 1 1 1 1 3 1 2 1 1 1 3 1 2 1 1 3 1 1 2 1 1 1 1 1 3 1 3 1 3 1 2 1 1 1 3 2 1 1 2 1 2 3 1 1 1 1 2 1 1 1 1 1 1 3 2 2 1 2 1 1 1 3 1 3 2 2 3 2 2 1 1 1 1 1 1 2 2 2 1 3 1 1 1 1 1 2 2 1 3 1 1 2 1 1 4 1 1 4 4 1 1 4 1 2 1 1 2 1 3 1 2 1 1 2 2 4 2 1 2 3 2 2 6 3 1 1 2 2 1 1 1 1 2 2 2 1 1 3 1 1 1 1 1 1 2 1 1 3 1 2 1 3 2 2 2 4 2 3 2 1 5 1 1 1 2 1 1 3 2 1 3 3 1 2 2 2 1 1 1 1 1 2 1 1 1 2 2 1 1 1 2 2 1 3 1 3 3 2 2 1 1 2 2 3 1 2 4 1 1 3 1 1 1 2 3 1 2 1 1 2 1 3 1 1 2 2 1 1 3 2 2 1 2 1 1 1 2 1 1 1 2 1 2 1 3 1 1 2 1 4 1 2 1 3 2 1 2 2 2 1 5 2 1 3 3 1 3 1 2 3 1 3 1 1 1 4 2 1 2 2 1 3 1 1 3 1 4 1 2 1 1 1 1 2 4 1 1 2 1 1 4 2 3 1 2 2 2 2 3 2 2 1 1 2 3 2 1 1 1 3 2 1 1 3 1 1 1 2 1 2 1 2 1 3 1 1 1 2 3 2 1 3 2 1 1 3 2 2 1 2 1 1 2 1 2 1 2 3 1 3 1 1 2 2 2 1 2 2 1 3 3 2 1 2 1 2 2 1 1 1 2 3 1 4 2 1 2 1 1 1 1 1 2 1 2 1 3 1 3 2 1 1 1 1 3 2 1 7 3 3 4 1 2 1 1 3 3 2 1 1 1 1 2 1 2 2 3 6 1 1 3 1 1 2 1 3 1 2 3 1 3 2 2 1 1 2 2 1 1 1 1 3 2 2 1 1 1 1 1 3 1 2 1 2 3 4 1 1 3 2 3 2 1 1 1 1 1 1 1 1 3 1 4 3 1 2 2 1 3 1 1 1 4 2 1 1 2 1 1 1 2 4 2 1 1 5 2 1 2 2 2 1 2 1 3 3 2 2 1 1 3 2 1 1 1 1 1 2 1 2 2 2 1 2 1 1 3 1 1 1 1 1 2 3 1 2 1 1 2 3 2 2 3 1 2 2 4 4 2 3 2 3 1 2 2 1 1 2 2 2 1 1 3 3 1 4 2 1 2 1 5 1 1 1 2 1 2 1 3 1 1 2 2 2 2 1 1 1 1 3 2 1 2 1 1 1 1 3 1 3 1 2 1 3 2 6 2 3 1 3 1 1 1 1 1 1 1 2 3 1 1 3 1 1 1 1 1 1 1 2 2 2 4 1 3 2 1 2 2 4 4 2 3 2 2 1 1 1 1 3 3 1 2 1 2 4 1 1 1 2 1 1 2 4 1 1 1 2 1 2 1 2 1 2 2 2 1 4 1 2 1 1 1 2 2 1 1 1 1 1 2 1 1 4 2 1 2 1 2 1 2 1 2 1 4 1 1 1 2 1 1 1 1 2 4 1 1 2 1 2 3 1 1 1 1 1 2 2 3 2 2 1 8 2 3 1 3 1 4 2 1 3 2 3 3 1 2 2 2 2 1 4 1 1 1 2 2 1 2 3 1 2 2 1 3 2 4 1 2 2 1 4 2 1 4 5 1 2 1 1 1 1 3 1 3 2 1 2 3 2 1 3 4 1 4 3 2 2 1 4 1 4 1 5 3 2 2 2 1 1 2 3 1 4 4 2 1 2 1 1 1 2 2 2 3 3 1 3 2 3 3 2 2 1 3 2 3 3 3 2 1 5 3 1 1 2 2 1 2 3 2 1 3 5 1 2 2 1 1 3 1 3 4 1 1 4 3 1 1 2 2 2 1 2 1 3 2 2 2 1 1 1 1 1 2 2 1 1 1 2 1 1 2 2 1 1 3 2 1 1 1 2 1 3 1 3 2 3 1 1 1 2 1 1 1 1 2 3 1 3 3 1 3 2 3 2 2 2 3 2 1 1 2 1 3 1 1 3 2 1 2 1 2 1 2 1 1 2 2 1 1 2 1 2 2 4 2 1 2 2 2 3 1 3 1 1 3 2 1 2 1 1 2 1 3 2 1 1 1 4 1 2 3 3 1 4 2 1 1 1 5 1 1 1 1 1 1 3 2 1 2 1 2 1 2 1 1 1 1 2 1 2 1 1 3 2 2 3 2 1 1 2 2 1 1 1 3 1 3 3 2 1 3 5 1 2 3 1 2 2 1 1 1 2 3 1 1 1 2 2 3 2 3 1 4 1 2 2 3 2 2 3 1 2 2 2 2 2 1 2 1 2 6 1 1 1 2 1 2 3 1 1 2 1 1 1 3 2 2 2 1 1 1 4 2 2 1 1 1 1 1 1 3 2 2 1 1 2 2 3 1 1 1 1 1 1 1 2 4 3 1 2 1 1 1 1 1 3 2 2 2 4 2 1 3 1 3 1 1 3 3 3 1 1 2 3 1 1 1 1 4 3 2 3 1 2 1 2 1 3 1 1 1 5 1 1 1 3 1 2 1 1 2 2 1 1 1 4 2 1 3 1 3 2 2 2 2 2 2 3 4 1 1 1 2 3 1 1 3 2 1 2 1 7 1 1 2 3 2 3 1 2 5 1 1 1 1 3 2 1 2 1 3 1 2 3 3 1 2 3 1 2 1 2 1 1 3 2 4 2 3 1 2 3 2 1 3 1 1 2 2 1 2 2 2 1 1 2 4 1 2 1 2 1 2 5 2 1 1 3 1 3 2 1 1 2 1 3 2 1 4 2 2 3 1 2 1 1 1 1 1 2 2 2 2 1 1 2 1 2 2 1 1 1 2 3 1 1 4 1 1 1 3 1 2 4 1 2 1 1 2 3 4 2 1 1 1 2 1 2 1 3 2 3 5 1 2 2 4 3 1 2 2 1 2 2 2 3 2 2 1 1 1 1 1 1 1 1 1 1 3 3 1 2 1 2 3 2 2 2 2 4 2 3 3 4 1 2 2 1 1 2 1 1 1 2 2 1 1 1 1 2 1 1 2 2 1 3 3 1 2 1 3 4 1 3 1 1 2 5 2 7 1 1 1 1 1 1 2 1 1 2 3 1 1 1 3 2 1 1 1 2 1 1 3 3 1 1 1 1 1 5 1 1 2 1 1 2 1 5 2 1 1 3 1 2 2 2 1 2 4 1 2 1 1 1 3 3 1 1 2 1 2 3 2 2 1 1 1 1 4 2 5 1 1 2 1 1 2 2 4 2 1 3 1 2 2 1 2 1 2 3 1 1 3 2 4 1 2 1 1 3 2 1 3 2 1 1 2 1 1 1 5 1 2 1 1 1 2 1 1 6 1 1 1 2 2 1 3 1 2 2 4 2 3 2 1 5 1 1 1 1 1 3 1 1 3 1 2 3 1 3 1 1 1 1 1 3 1 1 2 2 3 1 1 3 1 2 1 3 3 3 2 2 1 2 3 1 2 2 2 2 4 1 1 1 2 1 1 1 2 2 1 1 1 1 1 1 1 3 1 2 1 1 2 1 4 4 1 3 2 1 2 5 2 1 2 2 1 2 2 3 1 2 3 2 2 3 2 2 3 2 1 1 2 2 4 2 3 2 2 2 1 3 3 1 
  #Test Small 5835
  #Test Medium 11466
  #Test Large 16638
