Board size [mm] 150x250

Stats side 1
  #Components with background 24
  #Components with points 143
  #Components nofly 3
  #Components notouch 5
  #Pins 40489
  #GNDs 1364
  #VDDs 1041
  #Clock 23
  #NoFly points 562
  #NoTouch points 926
  #Points [total] 44405

Stats side 2
  #Components with background 23
  #Components with points 172
  #Components nofly 3
  #Components notouch 1
  #Pins 51748
  #GNDs 1495
  #VDDs 1298
  #Clock 14
  #NoFly points 378
  #NoTouch points 122
  #Points [total] 55055

Stats board (side 1 + side 2)
  #Components with background 47
  #Components with points 315
  #Components nofly 6
  #Components notouch 6
  #Pins 92237
  #GNDs 2859
  #VDDs 2339
  #Clock 37
  #NoFly points 940
  #NoTouch points 1048
  #Points [total] 99460
  #Nets 90703
    Net Size: 2859 2339 37 1 2 1 1 1 1 1 2 1 2 1 4 1 1 3 1 3 1 1 2 1 1 2 3 1 2 2 1 1 1 1 1 1 2 1 1 2 1 1 2 1 1 1 1 2 1 1 1 1 1 1 1 4 1 2 1 1 2 2 2 1 1 1 1 1 1 1 1 2 1 1 3 2 4 3 3 2 1 2 1 1 1 3 1 1 1 1 1 1 2 2 1 2 1 1 1 1 2 1 1 1 1 2 3 2 4 2 1 1 1 2 1 1 3 2 1 1 1 3 2 1 1 1 2 3 2 1 1 2 2 1 3 1 2 1 2 1 2 2 1 2 3 2 1 1 1 5 1 1 2 3 2 2 3 3 3 1 1 1 1 1 4 1 3 1 2 2 2 1 3 1 1 1 1 2 1 1 2 4 1 3 1 2 2 1 1 1 1 1 3 1 2 1 1 1 1 3 2 1 1 2 1 2 1 2 2 1 1 1 1 1 1 2 2 2 1 2 1 3 3 1 1 1 1 2 3 2 2 2 1 2 1 1 2 1 1 2 1 4 1 3 1 3 3 1 2 1 2 2 3 2 1 2 2 2 2 2 1 2 4 2 1 1 2 4 2 1 1 2 1 2 2 2 1 3 1 1 3 2 2 2 1 1 1 1 2 3 1 2 1 1 1 2 1 2 2 1 1 2 5 1 3 2 4 3 5 2 4 2 2 2 1 4 2 1 3 2 2 1 2 1 2 1 1 1 2 2 1 1 1 2 2 4 2 1 1 1 1 1 2 2 1 1 2 2 1 1 2 1 3 2 1 2 1 1 2 1 1 1 1 2 1 3 1 1 1 1 1 1 2 1 1 1 2 4 2 1 1 3 2 1 3 1 1 3 1 1 2 1 1 1 1 1 2 2 1 2 1 1 1 1 2 2 1 1 2 2 2 4 3 3 2 2 2 2 2 1 2 1 2 2 1 3 2 1 2 1 3 2 2 1 2 4 1 1 1 1 2 3 2 1 1 1 1 1 2 1 1 1 2 2 1 3 2 1 2 2 2 2 3 1 1 3 1 1 2 1 2 2 1 2 1 3 1 1 1 1 1 1 3 2 1 1 1 1 1 2 2 3 1 1 1 1 2 1 1 1 1 1 2 1 1 1 1 1 1 4 2 1 1 4 1 1 1 1 1 1 2 2 2 1 1 1 1 3 1 2 1 3 2 1 1 1 2 1 3 1 1 1 2 2 1 1 1 3 2 2 1 1 2 2 4 2 2 1 1 2 1 1 2 1 1 1 1 1 2 1 2 1 1 3 2 1 1 2 2 1 2 2 1 2 2 1 2 2 1 1 2 1 2 1 2 2 1 5 1 1 2 1 1 2 4 1 2 1 4 2 1 1 1 4 1 2 2 1 2 2 2 2 2 1 2 2 1 1 2 1 2 1 1 2 3 1 1 1 2 1 1 2 1 3 1 3 3 1 1 1 1 2 2 1 4 2 2 1 1 3 1 1 2 2 2 2 3 2 2 2 1 1 1 4 1 1 2 2 2 2 1 1 1 2 2 1 1 2 1 1 1 1 1 1 1 1 1 1 2 2 3 3 1 1 1 1 3 1 3 1 1 1 1 1 1 3 2 1 1 1 1 1 4 1 1 1 3 1 1 3 3 1 2 1 1 1 2 2 2 2 4 3 1 3 2 2 2 2 3 1 1 1 2 1 1 2 1 2 1 3 1 1 2 2 1 1 3 1 2 1 1 1 1 1 1 1 2 3 3 3 2 1 1 1 2 4 1 2 3 1 3 4 5 2 2 1 2 1 2 1 1 1 2 2 3 2 1 2 1 1 1 1 2 1 1 1 2 4 1 1 2 1 1 1 1 3 2 1 1 2 1 1 2 1 1 1 1 1 1 2 1 2 1 1 1 1 3 2 1 1 3 2 1 1 2 1 1 1 1 2 4 1 3 1 1 1 2 1 1 2 1 1 2 2 1 1 2 1 1 1 1 1 3 3 1 2 1 2 4 1 3 1 2 3 1 1 1 3 2 1 2 1 4 2 1 1 1 1 2 3 1 2 2 2 3 2 3 1 3 1 3 2 1 1 1 1 2 2 2 1 2 1 3 1 2 1 1 1 3 3 2 1 3 1 1 1 3 4 2 2 1 1 1 2 1 1 2 1 2 1 3 2 3 1 1 1 1 1 4 1 1 2 3 1 1 3 2 3 1 2 1 2 2 2 1 2 2 1 2 2 3 2 1 1 1 2 1 1 2 1 2 1 4 3 1 2 4 1 4 1 3 3 1 3 2 1 2 1 3 4 1 1 1 2 2 1 1 3 4 1 2 1 3 1 1 3 1 2 2 2 2 1 1 1 1 2 2 2 1 1 1 2 1 2 2 2 1 2 3 2 1 1 3 3 1 3 2 1 4 2 1 1 2 1 1 2 5 2 1 1 1 2 2 1 3 2 1 1 1 1 2 1 2 1 2 2 1 2 2 3 2 2 3 1 2 1 1 1 1 1 1 2 1 1 1 1 1 3 2 2 1 1 2 2 1 2 1 2 1 4 1 3 1 1 1 2 1 1 4 3 1 1 1 2 2 1 1 1 1 1 1 1 3 3 1 1 2 1 1 2 1 1 3 3 1 1 1 1 1 3 2 2 1 1 2 3 1 2 1 2 1 2 1 1 2 1 1 2 1 1 1 2 1 1 1 2 1 2 1 2 2 2 1 3 1 2 1 2 3 1 2 1 1 1 1 3 1 1 2 2 2 2 3 2 3 1 1 4 3 1 1 1 1 2 2 1 1 1 2 3 2 1 2 2 1 1 2 1 1 2 1 1 1 3 1 5 1 1 1 2 2 4 1 1 1 3 2 2 1 2 2 2 1 2 2 1 2 2 2 1 1 1 2 1 3 1 1 1 2 3 1 1 1 1 2 2 4 1 2 1 2 2 2 2 2 1 2 3 1 2 1 2 1 1 2 2 1 1 1 3 1 2 3 1 3 2 1 2 2 2 1 3 1 1 3 3 1 1 2 5 1 1 2 1 2 2 2 1 2 2 2 1 2 1 1 1 1 1 1 2 1 2 2 2 1 2 3 1 1 2 1 2 2 1 2 2 3 3 1 3 1 1 3 1 2 2 1 2 1 2 2 3 1 2 1 2 1 1 1 1 1 3 3 1 1 1 1 1 2 2 1 1 1 2 4 1 2 2 1 3 1 3 1 1 2 1 4 1 1 1 2 3 1 1 3 3 2 1 2 2 1 2 1 2 1 2 1 1 1 1 1 1 1 1 1 2 1 2 1 2 1 1 1 2 1 1 1 1 1 5 1 2 1 3 1 4 1 2 3 1 1 1 2 1 3 3 3 1 1 1 3 1 1 1 1 2 1 2 3 1 2 1 3 4 1 1 1 1 3 3 1 1 1 2 2 2 1 1 2 2 1 1 1 2 2 2 2 1 4 2 2 2 1 2 6 1 3 2 3 2 2 2 1 2 1 1 1 3 2 1 1 2 1 3 1 1 1 1 2 2 3 2 2 3 2 1 2 1 2 1 3 4 1 1 2 1 2 1 3 3 1 1 1 1 1 1 1 1 1 2 4 1 1 1 1 3 1 1 2 1 4 1 1 1 2 1 1 1 1 1 1 2 1 1 1 3 1 1 2 1 1 1 1 2 2 2 2 3 1 1 2 1 1 1 1 1 2 1 1 1 1 1 3 3 2 3 1 1 1 1 1 2 2 2 1 1 1 1 1 1 2 1 3 1 1 1 3 2 1 2 4 2 1 1 1 1 1 2 3 1 1 1 1 1 2 1 1 1 2 2 1 2 1 2 2 3 1 5 2 1 1 1 2 3 1 1 1 1 1 3 1 2 1 1 1 4 1 1 1 1 1 1 1 2 1 2 3 1 2 1 1 1 1 1 2 2 1 2 2 1 2 2 1 1 1 1 1 1 1 1 1 1 2 2 2 1 1 2 1 1 1 1 2 2 3 1 1 2 3 2 4 1 1 3 1 3 1 2 1 2 2 1 2 1 1 1 1 1 1 2 1 1 1 1 3 2 2 2 1 2 3 1 2 4 1 3 1 1 1 1 1 2 1 3 1 3 1 2 1 2 2 1 2 1 1 1 1 1 2 1 1 1 1 3 1 1 3 2 1 2 1 3 1 1 1 2 1 2 2 1 2 1 4 3 1 3 2 5 1 2 3 1 1 2 1 1 1 2 3 1 3 1 1 3 1 2 1 1 2 1 2 1 1 4 1 1 1 2 1 1 2 3 4 2 2 2 1 1 2 1 1 3 2 1 2 1 4 1 2 1 1 1 2 1 1 1 1 2 1 2 2 1 1 1 1 2 3 1 2 1 2 1 1 1 1 2 1 2 1 2 3 1 1 1 1 1 1 1 1 1 1 3 1 1 1 1 2 2 1 1 2 3 3 2 2 2 3 1 1 1 1 1 2 2 4 1 1 1 1 1 1 2 1 2 3 3 1 1 2 1 2 2 1 1 1 1 1 1 1 1 3 3 1 2 5 1 2 1 1 1 3 1 2 1 3 2 1 1 2 3 3 1 2 3 2 1 4 1 2 2 1 3 1 3 2 1 3 2 1 1 2 1 1 1 1 1 1 2 1 1 1 1 2 2 1 4 1 1 1 1 2 4 2 3 1 1 2 1 2 2 2 1 2 4 1 2 2 1 1 1 1 1 2 2 1 1 1 1 1 1 1 1 1 2 2 1 1 1 2 2 1 3 1 2 1 1 1 3 3 2 2 3 1 2 1 1 2 2 2 2 1 1 1 2 2 2 1 1 3 3 1 4 1 2 1 1 3 1 2 2 2 2 1 2 3 2 2 3 2 2 3 2 1 2 4 3 1 1 1 2 1 2 2 1 1 4 2 1 3 1 1 1 3 2 1 1 1 1 1 1 1 2 2 3 1 1 1 1 1 1 1 1 2 2 1 1 1 1 1 1 1 2 2 1 1 3 2 1 2 3 1 2 2 1 2 3 1 2 1 1 2 3 2 3 3 1 1 1 4 1 1 3 1 2 1 1 1 2 1 1 3 2 1 2 1 1 1 1 1 1 1 1 1 4 2 1 1 2 1 1 1 2 5 2 4 2 1 2 3 2 1 2 2 1 1 1 2 2 3 1 1 1 2 1 2 1 1 1 1 2 2 1 1 1 1 2 2 2 3 2 1 1 1 1 1 1 2 2 2 1 1 1 1 1 2 3 2 3 2 1 2 1 2 1 1 2 1 2 1 1 2 3 1 1 1 2 2 1 1 1 2 2 1 2 1 2 3 1 5 1 4 1 1 3 1 2 2 1 1 2 2 1 4 2 1 1 1 2 1 3 1 3 1 1 1 1 1 1 1 2 1 1 1 1 2 1 2 1 1 1 1 1 1 2 4 1 1 3 4 2 1 1 1 1 1 1 2 2 1 1 2 1 2 1 2 2 1 1 2 2 1 1 1 1 4 2 2 1 3 2 1 2 1 1 2 1 1 1 1 2 1 1 2 1 1 1 1 1 1 1 1 1 1 1 1 1 2 2 1 2 1 1 1 2 1 2 2 1 2 3 1 1 2 1 2 2 1 2 1 2 3 1 1 2 2 1 2 1 3 1 2 2 1 3 1 1 4 1 2 2 2 2 1 1 3 4 3 1 1 1 2 1 1 2 1 1 2 1 2 1 3 1 1 1 2 3 1 3 1 2 1 1 1 1 1 1 2 1 1 1 1 2 1 1 3 1 1 2 1 2 3 1 1 1 1 1 4 1 1 1 1 1 1 1 2 3 3 1 1 3 2 2 2 2 2 1 1 2 3 2 1 2 1 1 1 1 1 1 1 1 1 1 3 1 3 1 1 1 2 2 1 1 5 2 2 1 2 1 1 1 1 1 1 1 2 1 1 1 1 1 1 1 2 1 1 1 1 1 1 1 2 1 1 1 2 2 1 1 1 1 1 1 1 2 1 1 2 2 2 1 3 2 2 3 1 1 2 3 1 2 1 1 1 2 4 2 2 3 1 3 3 1 1 2 1 1 2 2 3 1 3 3 1 1 2 1 2 3 1 1 2 2 2 2 1 2 2 1 3 1 1 2 1 1 1 1 1 4 1 1 1 1 1 1 1 2 1 1 3 2 1 1 1 1 1 2 2 1 1 1 2 2 2 2 1 1 1 1 1 2 1 1 1 3 1 4 2 1 1 2 1 1 2 1 2 1 1 1 2 1 1 2 1 1 2 1 1 2 2 3 1 1 2 1 2 1 1 1 1 2 2 1 2 1 1 1 2 2 1 4 1 1 2 2 1 1 2 2 3 2 1 3 2 2 1 1 1 1 1 1 1 2 1 1 1 1 1 1 3 1 1 1 1 2 2 2 1 2 1 1 1 2 1 1 2 1 1 1 1 1 2 1 2 1 1 2 1 1 3 3 2 1 3 2 2 2 3 2 1 1 1 5 1 1 1 2 1 3 2 1 2 2 2 1 1 1 1 1 1 2 1 1 2 2 2 1 1 2 2 2 1 1 1 1 1 1 1 2 3 3 1 1 2 1 3 1 2 5 2 1 1 2 2 2 1 2 1 1 1 1 2 1 2 2 2 2 2 1 3 1 2 2 2 2 1 1 4 1 1 1 1 1 1 1 4 2 1 1 1 3 3 1 2 2 1 1 1 1 2 1 1 1 1 1 1 1 1 1 1 2 3 2 2 2 3 2 2 1 1 1 3 1 2 1 2 2 2 1 1 1 2 1 1 1 3 1 1 1 1 1 2 1 2 2 1 1 2 3 2 2 1 3 2 2 3 1 2 2 1 2 1 2 1 2 1 1 1 1 5 1 2 3 1 1 1 1 1 1 1 1 1 1 1 2 1 1 3 1 2 3 1 3 3 1 2 2 3 1 1 1 1 4 1 1 2 3 2 2 4 2 3 1 1 1 1 2 2 1 2 1 1 2 2 1 2 2 1 1 2 1 1 1 3 1 2 1 2 3 1 1 1 2 1 2 1 2 1 2 1 2 3 3 2 1 3 1 2 1 1 3 2 2 1 1 1 2 1 1 1 1 1 1 2 2 1 1 3 1 2 1 1 1 1 1 5 3 1 2 1 3 1 2 1 1 2 1 1 1 2 1 1 2 2 2 2 1 3 1 1 2 2 1 3 2 3 2 2 2 1 2 2 1 1 1 1 2 2 1 1 1 2 1 3 2 3 2 1 1 1 1 2 2 2 3 1 1 1 1 1 3 2 2 1 1 1 2 2 1 1 3 1 1 1 1 1 2 2 2 2 2 3 2 2 1 3 1 1 1 2 2 2 1 2 1 1 1 2 3 1 2 1 2 3 3 1 1 1 2 3 1 4 1 1 1 1 4 1 1 1 1 2 3 3 2 2 2 2 2 1 2 1 1 2 1 1 2 2 1 1 1 1 3 5 1 1 1 1 1 1 1 1 1 1 4 3 1 2 1 2 1 2 2 4 1 1 2 1 4 1 1 2 1 1 1 1 1 2 3 2 1 1 2 1 3 1 2 1 2 1 1 1 1 2 2 2 1 3 1 2 1 1 1 2 3 2 1 1 3 1 1 2 1 1 1 2 2 1 1 1 3 3 1 1 1 1 1 2 4 1 1 2 1 2 1 1 1 1 3 2 2 1 1 1 1 1 1 2 1 1 2 1 1 3 1 2 3 1 1 2 1 2 2 1 1 3 1 1 1 4 3 2 3 2 2 2 1 1 1 1 2 1 2 1 1 2 2 1 4 3 3 2 2 2 2 1 1 1 1 1 1 1 2 3 2 1 1 2 1 2 1 2 1 1 1 1 1 1 3 3 1 1 1 2 2 2 2 1 2 1 3 2 2 1 2 2 1 1 2 1 1 2 1 3 1 1 2 2 1 1 1 1 2 1 1 1 1 2 2 1 2 1 2 1 1 1 2 3 1 2 1 1 1 1 2 1 1 1 1 2 1 1 1 1 3 2 2 2 2 3 1 1 1 2 1 2 1 1 1 1 1 1 1 1 1 2 3 2 2 3 2 3 4 3 1 2 1 2 5 1 1 1 1 1 1 2 2 1 1 2 1 1 1 3 1 1 2 6 2 1 3 1 3 1 2 1 1 1 1 3 1 3 1 2 2 1 2 1 2 1 2 3 2 1 2 1 1 1 3 1 2 4 1 1 1 2 1 1 1 2 2 1 1 2 3 1 3 3 2 1 2 3 2 1 2 1 1 1 2 2 1 1 1 2 1 1 1 1 2 2 2 2 1 1 2 1 3 1 2 1 1 1 2 2 1 3 1 1 1 2 1 1 3 1 1 1 1 1 2 1 1 1 1 1 4 1 1 1 1 1 1 2 2 2 1 1 1 2 1 1 3 4 1 1 3 2 1 3 1 1 1 1 1 1 1 3 1 1 4 1 1 3 3 1 1 1 2 2 2 1 1 4 5 1 1 1 1 3 2 1 1 1 1 1 3 2 1 1 1 3 2 1 1 1 2 1 2 1 2 1 3 2 1 1 2 1 1 2 1 2 1 2 1 1 1 1 2 2 3 1 1 1 1 1 2 2 1 1 1 2 1 1 2 1 2 1 1 3 2 2 1 1 2 4 3 1 2 1 1 2 2 1 2 1 2 2 2 4 1 1 2 3 1 1 2 1 3 1 1 1 2 1 2 1 1 1 1 1 1 2 2 3 3 2 1 3 1 3 1 1 2 2 1 1 1 3 3 1 1 1 1 1 3 1 2 1 1 2 1 1 2 1 1 1 1 1 1 1 1 1 2 2 1 1 1 1 2 2 2 3 1 3 1 1 2 2 1 1 1 2 1 3 1 2 1 1 2 1 1 1 3 2 2 1 1 2 1 1 1 2 3 2 3 1 1 2 2 2 1 2 1 2 1 4 1 1 2 2 1 1 1 1 1 2 1 2 1 1 2 1 1 1 1 2 1 1 1 2 3 3 1 1 1 2 4 3 1 2 1 1 2 1 2 2 2 2 4 1 1 1 1 1 2 1 1 1 3 1 1 1 1 1 1 1 1 2 2 1 2 1 1 1 3 1 2 2 1 2 1 2 1 1 2 1 3 1 2 1 2 1 2 2 1 1 1 1 3 3 1 3 1 4 1 2 2 1 1 1 2 2 1 1 2 4 1 1 1 2 1 2 2 2 1 2 1 3 1 2 3 2 1 4 3 2 2 4 2 1 2 1 1 1 1 2 2 1 1 1 2 1 2 1 2 2 1 1 1 3 1 2 2 1 1 2 2 2 1 1 1 1 1 1 1 3 1 1 1 1 3 1 1 2 1 4 2 1 3 2 1 2 1 2 2 2 1 2 1 1 5 1 1 1 3 1 1 2 1 1 1 1 1 2 1 3 2 3 2 2 1 1 1 1 1 2 1 1 1 1 1 1 1 2 1 1 1 1 2 1 1 1 1 1 2 2 2 1 2 2 2 1 1 2 3 2 2 1 1 2 3 2 3 1 1 1 1 3 1 1 2 2 2 1 2 1 2 1 1 1 1 1 1 1 1 2 1 3 1 2 3 3 1 1 1 1 1 1 2 1 2 4 2 1 1 1 2 3 1 1 4 1 1 1 1 2 2 3 1 2 1 2 2 2 1 1 1 1 1 1 1 1 1 1 1 2 2 1 1 3 2 1 1 1 1 1 1 1 1 2 2 1 1 2 2 3 1 3 2 1 3 3 2 2 1 3 1 1 4 1 4 1 1 1 1 2 1 3 4 1 2 1 1 1 1 3 3 2 1 1 1 1 1 4 2 2 1 2 2 2 3 2 1 1 1 4 2 1 1 2 1 1 4 2 1 1 2 2 1 1 3 1 1 1 3 3 1 4 2 1 1 1 3 1 3 1 2 1 3 1 2 5 2 1 1 2 2 2 1 1 2 1 4 2 1 1 1 2 1 1 1 1 2 1 1 1 1 1 2 1 1 1 1 3 2 2 2 2 2 1 3 1 1 2 1 1 2 1 2 1 3 1 1 2 1 1 1 2 1 2 1 1 1 2 2 1 1 1 1 1 2 2 3 1 1 1 1 1 2 2 1 1 3 1 2 1 1 1 1 2 2 1 1 3 2 1 3 1 1 1 1 2 1 1 1 2 1 1 2 1 2 1 1 2 3 1 1 1 1 1 2 2 2 2 4 1 2 3 2 2 2 3 1 1 1 1 3 2 1 2 2 5 2 2 2 2 1 1 1 1 1 2 1 2 1 1 2 1 1 3 1 2 1 2 1 1 1 1 2 2 1 1 1 1 1 2 2 2 1 2 1 1 3 2 2 2 1 2 2 2 3 2 2 3 2 1 1 3 2 1 1 2 3 2 1 2 2 1 2 2 2 1 3 1 3 1 2 3 2 1 1 1 1 2 1 1 2 2 4 1 2 1 2 3 1 2 1 1 1 1 3 2 2 1 1 2 1 1 1 1 3 1 1 2 1 2 1 1 1 2 2 2 2 1 2 3 3 1 1 1 2 1 3 1 1 1 1 3 4 3 2 1 1 1 2 2 2 1 2 4 1 2 2 2 1 2 2 1 2 1 1 2 2 1 3 1 2 1 1 2 2 1 1 1 2 2 2 3 1 1 1 2 2 1 1 1 2 1 1 1 1 3 2 1 3 1 2 1 1 1 1 1 1 3 1 2 2 1 1 1 1 1 3 2 3 2 2 1 1 1 1 1 1 1 1 1 3 3 1 1 1 2 1 1 1 2 2 1 1 1 1 3 2 1 2 2 1 1 2 3 2 2 2 2 2 3 3 2 1 1 1 2 1 1 1 2 2 5 1 2 1 3 2 1 1 2 2 1 1 4 5 1 1 2 3 2 3 5 1 1 2 1 1 1 1 3 1 2 1 1 1 1 1 1 2 2 1 1 1 1 1 1 1 3 1 2 2 1 2 1 1 1 3 1 2 1 1 1 1 2 2 3 1 1 2 1 1 2 1 2 2 3 1 2 2 1 1 2 2 2 1 1 1 2 1 1 1 2 2 1 3 1 3 2 2 2 1 1 2 1 1 2 2 1 2 1 2 2 2 4 3 1 1 2 4 1 1 1 2 2 2 1 1 2 2 3 2 1 1 2 2 2 1 3 2 4 2 2 4 3 1 1 3 1 1 4 1 1 1 2 2 1 1 1 1 3 1 2 2 2 1 2 2 2 1 1 2 1 1 1 1 2 1 2 1 2 1 2 3 2 1 1 1 2 1 1 2 1 1 1 1 2 1 2 1 1 2 5 2 1 1 3 1 2 1 1 1 1 1 2 1 1 1 2 2 2 3 3 2 2 1 4 4 1 2 1 1 1 4 1 4 4 4 2 2 2 1 1 2 1 1 1 2 4 1 1 1 2 1 1 1 1 1 1 3 2 2 1 1 3 1 2 1 1 1 1 2 1 1 2 2 1 1 2 1 1 1 2 2 1 1 1 2 2 3 3 3 1 2 1 2 1 1 1 1 1 1 1 1 1 2 1 2 1 2 1 1 1 1 2 2 1 4 1 1 1 1 1 3 2 2 1 1 1 3 3 1 3 1 1 1 1 1 2 2 1 1 1 1 4 2 1 1 1 1 2 1 3 1 3 2 2 2 2 1 1 1 1 1 3 1 2 1 2 1 1 1 1 1 1 2 2 3 1 1 1 1 2 2 1 2 1 1 2 2 2 2 1 3 3 1 1 1 1 2 2 1 3 1 4 1 2 3 2 1 2 1 1 1 2 1 1 1 1 1 1 1 2 1 1 3 2 4 1 1 1 1 2 3 2 2 1 1 3 1 2 2 3 3 1 2 2 3 1 1 1 3 1 3 1 2 3 1 1 3 3 2 1 3 2 2 1 1 2 1 3 2 1 1 2 1 1 1 1 1 1 2 3 1 1 1 2 1 2 2 1 1 3 1 3 1 1 2 2 1 1 1 2 1 1 4 1 2 1 2 1 1 1 2 2 1 1 3 1 1 2 1 1 2 2 1 1 3 1 1 2 3 1 1 3 1 4 1 1 2 1 1 2 2 2 1 3 1 2 1 1 1 1 1 2 1 1 1 1 1 1 3 2 2 1 1 1 3 2 1 1 3 1 1 1 2 1 1 1 1 1 1 1 2 1 2 2 1 3 1 1 1 1 2 2 2 1 2 1 2 2 2 2 1 2 1 1 2 1 1 2 1 1 2 3 1 1 1 1 3 1 1 1 3 4 1 1 1 1 1 3 1 2 5 2 3 2 1 2 1 1 4 1 2 3 1 2 2 4 1 2 1 1 1 3 1 1 1 1 1 1 2 1 1 1 1 3 3 1 3 1 2 1 2 2 1 1 1 1 3 4 1 2 2 2 2 1 2 4 1 1 1 3 2 2 1 1 2 2 1 2 1 2 1 1 1 3 2 1 1 1 1 2 1 3 1 2 2 1 1 2 2 1 3 1 2 1 1 1 3 1 1 1 1 1 1 2 2 1 2 1 1 1 3 2 1 3 3 1 1 1 2 2 1 1 1 1 1 2 1 1 1 1 1 2 1 1 2 1 1 2 2 2 1 4 1 1 1 3 1 1 2 1 2 2 2 1 3 1 1 2 1 2 1 2 1 1 2 1 1 1 1 6 3 2 1 1 1 1 1 1 2 3 1 1 1 2 3 3 2 2 1 1 1 1 1 1 2 2 1 2 2 4 1 2 1 1 1 1 1 1 1 2 1 1 3 1 1 3 3 1 2 1 1 1 1 1 1 2 1 2 1 2 2 2 1 1 1 3 1 1 1 3 1 1 1 2 2 1 1 2 1 3 1 1 1 2 1 3 1 1 1 1 2 1 1 1 1 1 3 2 1 2 1 1 2 1 1 1 2 1 1 1 1 2 4 2 2 1 1 
  #Test Small 7359
  #Test Medium 16329
  #Test Large 22585
