Board size [mm] 400x350

Stats side 1
  #Components with background 78
  #Components with points 698
  #Components nofly 6
  #Components notouch 6
  #Pins 176185
  #GNDs 6252
  #VDDs 5104
  #Clock 75
  #NoFly points 940
  #NoTouch points 1048
  #Points [total] 189604

Stats side 2
  #Components with background 88
  #Components with points 724
  #Components nofly 0
  #Components notouch 0
  #Pins 190217
  #GNDs 5042
  #VDDs 4092
  #Clock 85
  #NoFly points 0
  #NoTouch points 0
  #Points [total] 199436

Stats board (side 1 + side 2)
  #Components with background 166
  #Components with points 1422
  #Components nofly 6
  #Components notouch 6
  #Pins 366402
  #GNDs 11294
  #VDDs 9196
  #Clock 160
  #NoFly points 940
  #NoTouch points 1048
  #Points [total] 389040
  #Nets 349551
    Net Size: 11294 9196 160 2 3 1 2 1 2 1 3 4 2 2 4 1 1 1 1 2 3 2 1 1 1 2 3 2 2 3 2 4 2 2 1 2 1 2 1 2 1 1 1 2 2 2 2 2 1 2 2 3 1 1 2 5 1 3 3 1 1 1 4 1 3 2 1 2 1 1 3 2 2 2 2 1 2 2 1 1 3 1 2 2 1 3 2 3 2 2 5 3 1 1 2 2 1 1 2 2 1 2 2 2 3 5 1 1 1 2 3 3 1 1 1 2 3 2 1 3 3 2 3 3 1 5 2 2 4 2 1 1 4 3 1 2 2 4 2 1 3 2 3 1 1 2 2 3 1 3 1 2 2 4 1 1 5 2 3 3 2 1 1 2 3 1 3 1 1 3 1 2 2 1 2 2 3 1 2 2 1 1 2 2 3 1 1 1 1 1 5 4 2 1 1 2 2 5 2 3 2 2 1 1 2 1 1 1 1 1 2 2 2 1 1 3 2 2 1 1 3 1 1 3 1 2 3 1 1 1 2 3 1 3 2 2 2 1 3 4 1 3 3 3 2 2 1 2 1 1 3 2 1 1 5 1 1 1 1 1 3 3 3 3 3 3 3 2 2 1 1 1 1 2 2 1 1 3 3 1 2 2 1 3 3 3 4 1 2 1 3 1 1 2 3 3 1 3 1 1 6 1 2 1 1 1 2 2 4 4 3 4 2 1 2 1 2 1 1 3 2 1 2 2 1 4 1 2 2 4 2 2 1 3 3 1 1 1 1 1 2 2 2 3 3 4 3 1 5 3 3 2 3 2 4 3 1 1 1 2 1 2 1 1 2 1 1 6 5 1 1 3 1 1 2 2 2 2 5 1 2 1 2 1 3 4 2 1 1 2 3 1 2 3 4 2 2 1 2 2 2 1 2 3 3 2 2 2 1 1 2 1 1 1 3 2 2 3 1 1 1 1 2 1 2 3 4 4 1 3 4 1 3 1 5 5 2 1 2 1 2 3 1 1 2 2 4 2 1 1 2 1 2 1 3 1 4 2 4 2 1 1 1 4 1 1 2 3 3 1 1 1 1 3 2 1 2 1 2 4 1 2 5 1 3 4 1 1 1 1 4 2 2 2 2 3 1 2 2 1 1 3 6 2 1 1 2 4 1 1 2 3 1 1 2 2 2 2 1 4 3 2 1 2 2 2 2 3 2 2 1 3 1 3 2 7 1 1 6 1 2 2 1 3 1 3 2 1 4 3 1 3 1 1 1 1 2 1 2 3 1 2 2 1 4 3 1 2 2 2 2 1 2 2 2 2 3 5 1 1 1 4 1 4 1 2 2 1 1 1 5 2 4 5 1 1 4 5 3 2 1 2 3 1 1 1 1 2 1 1 1 1 2 3 3 2 1 1 3 1 2 1 2 1 1 2 1 2 2 1 3 3 4 3 2 1 2 3 2 2 2 1 1 3 1 1 2 2 2 3 3 2 3 1 2 4 3 1 2 1 1 2 1 5 1 1 1 1 1 1 3 1 1 2 1 2 2 2 1 2 4 1 2 2 1 1 3 1 1 2 1 1 2 2 1 1 2 3 3 2 1 3 2 3 2 1 1 1 1 2 1 1 3 1 1 2 5 4 2 3 2 4 3 2 2 1 1 3 1 2 3 1 1 1 2 4 1 2 1 4 2 1 2 3 1 4 2 2 1 1 1 1 1 2 2 1 1 3 2 4 1 1 3 2 1 1 2 1 4 1 3 2 2 1 1 3 4 2 3 3 4 2 2 2 1 1 1 1 2 1 1 3 1 2 1 1 5 2 2 1 5 1 4 3 2 2 2 1 2 2 2 3 2 1 5 2 1 3 2 1 1 2 2 3 1 5 1 2 5 1 3 5 2 2 3 2 2 1 4 2 4 4 1 3 3 2 1 1 2 1 5 2 2 1 1 4 1 4 2 1 1 3 1 3 1 2 1 4 4 1 3 2 3 4 5 1 1 2 3 2 2 3 3 2 1 2 1 2 2 4 2 2 2 2 1 1 1 2 1 1 1 5 3 2 2 5 2 1 2 1 2 3 1 2 3 2 1 3 3 1 5 1 1 1 1 2 2 2 1 3 1 3 5 1 1 1 1 2 4 1 2 2 2 2 2 1 2 2 2 3 1 2 2 2 5 2 1 1 1 1 2 1 2 2 1 3 2 5 2 4 3 2 1 4 1 1 1 2 4 3 2 3 4 2 1 4 1 1 4 2 1 1 1 1 1 3 1 4 3 3 1 1 4 2 1 1 2 1 2 1 1 1 2 1 1 1 1 3 3 2 2 1 4 3 1 2 1 1 1 2 2 3 3 2 1 3 3 1 3 1 2 3 2 2 1 1 3 2 3 1 4 2 3 2 3 3 1 2 3 2 4 3 3 2 3 1 1 4 1 2 2 1 2 1 1 2 2 2 2 2 3 2 4 2 3 5 2 2 3 4 1 3 1 2 1 2 4 3 2 3 4 2 4 2 4 2 1 1 3 2 2 1 3 2 1 1 4 3 2 1 2 1 1 1 2 6 1 1 2 3 2 1 1 2 1 1 3 1 3 2 4 1 1 2 1 4 3 2 6 4 2 2 4 1 2 3 2 1 3 2 3 1 2 1 3 2 1 1 1 1 1 1 1 2 2 2 1 2 4 2 1 1 2 1 3 3 3 1 1 4 1 2 1 1 3 1 3 2 1 2 1 3 3 2 3 2 1 1 2 1 1 1 1 4 1 3 1 1 1 2 4 2 3 2 2 1 3 1 3 3 2 1 2 1 1 2 2 2 4 2 3 3 2 2 1 3 2 2 1 2 2 1 1 2 1 1 2 1 4 2 4 3 2 4 3 7 1 1 3 2 2 3 3 2 1 3 3 2 2 1 1 1 1 1 1 4 2 2 5 1 1 1 2 2 2 3 1 1 2 1 4 6 3 1 3 2 6 4 6 4 2 2 4 2 1 2 2 1 4 5 3 2 1 1 2 1 1 3 3 1 1 2 2 1 4 1 1 1 3 2 1 2 3 3 2 3 2 2 2 2 1 1 1 1 2 1 2 4 1 5 2 4 3 4 1 1 1 2 2 2 4 2 3 2 4 1 3 2 1 1 1 2 3 3 1 3 2 2 2 2 1 3 1 1 3 1 4 3 1 1 1 2 3 1 1 1 1 4 3 3 1 3 1 4 1 1 3 1 1 1 1 1 3 3 3 2 3 3 1 3 1 2 3 2 1 3 4 1 1 1 2 3 1 2 2 1 1 3 1 2 1 2 2 2 1 2 1 1 3 2 1 2 4 3 1 1 1 1 2 2 3 2 1 2 2 1 2 3 2 1 3 1 1 2 2 2 1 2 3 2 1 2 2 1 1 1 3 2 4 3 2 2 1 1 1 1 2 1 1 2 2 4 2 3 2 1 2 1 3 3 1 2 3 1 1 4 2 1 2 2 1 1 3 2 2 2 2 1 5 1 2 2 5 5 5 3 1 2 1 3 3 1 2 2 1 3 1 2 3 2 1 2 2 1 1 2 1 2 1 2 2 3 2 2 2 1 3 2 2 1 1 2 2 1 3 1 2 3 2 2 1 3 3 2 1 4 2 2 1 1 4 1 1 2 1 1 6 4 3 5 1 1 3 2 4 2 2 2 1 2 2 3 3 4 2 1 2 2 1 1 3 4 1 1 2 1 1 3 1 1 1 1 2 5 2 2 2 4 1 2 3 2 3 2 3 4 2 1 2 1 1 3 4 3 2 2 4 1 2 3 2 1 2 1 1 1 5 1 1 2 2 1 3 2 4 3 3 2 1 2 2 3 2 2 1 2 1 1 3 4 1 2 1 1 3 3 3 2 2 3 1 1 1 2 2 2 2 5 7 1 5 2 2 1 1 2 2 3 1 1 2 1 4 2 3 1 2 1 2 6 3 2 2 2 1 3 4 2 2 1 1 2 2 1 4 2 4 1 3 1 1 1 2 2 2 1 1 1 1 3 2 3 3 4 2 2 3 2 4 2 1 4 1 2 1 1 2 3 5 2 2 4 3 3 2 2 3 3 4 2 1 1 1 1 3 4 3 1 2 2 2 2 3 4 3 1 2 4 3 1 2 4 2 2 4 3 2 2 2 2 1 1 6 1 1 3 2 3 4 4 5 3 4 1 2 2 2 4 1 1 4 2 1 1 6 3 2 2 2 1 2 2 1 4 3 2 3 3 2 3 2 2 3 1 2 4 2 5 5 2 1 1 2 6 2 5 1 1 2 4 1 2 4 2 4 1 1 2 1 4 1 1 3 2 3 2 2 4 1 4 1 1 3 1 1 1 1 1 2 1 3 5 2 2 2 3 1 1 1 2 3 3 3 1 2 2 3 1 4 1 3 2 1 1 2 2 1 1 2 1 3 2 3 1 3 1 2 2 2 5 2 2 2 2 1 3 3 1 4 4 3 3 2 2 3 3 2 1 1 2 2 2 2 2 1 1 1 4 2 1 2 5 1 1 1 4 2 2 3 1 1 1 3 4 2 1 2 3 2 4 4 2 3 4 1 1 2 1 3 3 2 3 1 2 1 2 4 1 1 4 1 1 3 3 2 1 1 1 2 1 2 1 2 2 1 3 3 1 2 2 2 4 1 1 1 2 1 1 3 1 1 3 2 3 2 1 2 1 2 1 2 2 2 2 2 1 1 3 3 1 1 3 1 2 2 2 2 3 3 1 2 2 2 2 2 3 2 4 1 2 1 3 1 3 2 2 1 1 3 3 1 1 1 1 2 4 1 2 2 6 2 1 1 2 4 2 2 1 1 1 3 5 1 3 1 4 1 3 1 2 3 4 2 1 2 4 2 4 1 2 3 2 1 1 2 2 1 3 1 3 2 2 2 3 3 1 1 5 1 4 1 2 1 1 4 2 2 1 2 2 1 2 3 2 1 6 3 2 3 1 3 1 1 2 1 1 3 3 2 1 1 4 2 1 3 1 2 2 3 4 1 3 1 3 5 2 1 2 2 1 2 1 2 1 1 2 1 3 1 1 3 2 2 1 2 2 1 1 2 2 1 1 3 1 4 1 1 2 3 1 2 2 2 2 2 1 1 5 2 1 2 1 1 3 3 1 2 4 2 1 1 3 2 4 1 1 2 1 2 2 2 3 2 3 2 1 2 2 4 1 3 3 1 2 2 1 5 1 1 1 3 3 3 1 1 1 1 1 1 3 5 5 1 2 2 1 2 2 1 2 3 1 1 4 4 1 2 1 2 1 4 3 1 1 3 3 1 2 2 2 4 1 1 1 2 3 4 5 1 1 3 2 1 1 1 3 1 2 2 2 2 1 2 2 4 2 2 1 2 2 2 3 4 3 2 3 2 2 2 2 2 2 2 1 1 2 1 3 2 3 2 1 1 2 1 3 2 3 3 2 2 2 2 2 1 2 2 5 1 1 1 5 4 1 2 3 1 2 1 2 1 1 1 2 1 4 3 2 4 1 3 2 2 2 2 2 2 1 1 1 3 1 1 1 2 1 1 2 4 2 1 3 2 1 1 2 2 1 1 2 1 1 1 1 2 3 2 3 1 3 3 1 1 1 1 3 3 2 1 1 2 2 2 3 2 2 2 1 2 2 1 1 2 1 1 2 1 1 2 3 2 1 2 2 1 1 3 2 3 3 1 3 2 1 4 2 2 2 2 2 2 3 1 2 3 1 4 3 1 2 3 1 2 2 1 2 2 3 2 1 3 2 1 5 1 3 1 1 2 1 1 3 1 2 3 2 1 1 3 1 2 2 2 1 2 1 1 2 2 3 2 1 1 2 1 2 1 3 5 5 1 1 2 3 2 2 2 1 1 2 2 4 3 1 2 1 1 2 4 3 3 1 3 1 2 1 1 3 1 1 1 3 4 2 1 3 2 2 2 1 2 1 2 1 1 2 1 2 1 2 2 2 1 3 4 1 1 3 4 3 1 1 4 1 2 1 1 1 3 1 1 3 2 2 2 1 4 2 2 2 3 2 1 1 1 1 2 4 2 3 2 2 4 3 1 1 3 1 1 2 1 4 2 4 2 1 2 3 1 4 1 2 1 1 3 4 3 1 2 1 2 1 2 2 2 1 1 2 2 2 1 2 2 1 1 1 2 1 2 1 4 1 1 5 1 1 2 2 1 1 2 1 2 4 2 1 3 2 1 6 1 1 2 3 2 2 1 4 1 1 2 1 4 2 3 3 4 2 2 1 1 5 4 2 1 3 3 1 2 1 1 2 2 4 6 1 1 2 1 2 1 1 2 3 2 1 2 1 1 2 2 6 1 1 1 2 1 1 5 3 3 1 2 2 1 2 2 2 2 3 4 1 4 3 2 2 4 1 1 3 2 2 2 1 2 1 1 1 1 2 2 1 3 1 1 3 1 3 2 1 2 2 3 2 2 2 2 2 3 2 3 5 1 2 3 2 1 4 1 1 2 3 1 3 3 2 1 2 3 3 1 1 1 4 2 2 2 1 2 1 1 4 1 1 1 2 3 2 4 1 1 1 2 1 1 1 1 1 1 2 4 2 2 2 2 2 1 2 2 1 1 1 2 3 1 2 3 2 1 5 3 1 2 2 2 1 4 2 3 2 2 2 2 3 1 2 2 2 1 4 2 2 1 2 2 1 1 3 2 5 2 1 2 2 3 4 2 1 2 2 2 3 2 3 2 3 2 2 2 2 1 1 2 2 1 2 1 1 2 1 1 1 2 3 1 1 1 2 1 4 1 2 1 1 3 3 2 1 2 1 2 2 2 2 3 2 3 2 2 2 1 1 2 3 1 2 6 1 4 3 3 2 3 1 3 3 5 2 4 2 2 3 1 5 4 1 2 1 1 2 1 1 1 1 2 1 2 1 1 2 2 2 1 1 1 2 1 3 3 1 1 1 1 1 2 2 1 2 1 1 3 1 1 2 3 1 2 3 2 1 2 3 1 3 1 4 1 2 3 2 3 2 3 2 3 2 1 1 2 3 2 1 2 3 2 4 1 2 1 2 2 1 1 2 3 1 1 1 2 1 2 1 2 3 1 3 2 4 1 2 1 1 2 4 2 1 1 4 2 3 1 2 1 1 1 2 2 1 3 2 1 2 1 2 2 1 1 2 4 2 2 2 1 6 2 3 2 2 2 2 3 1 2 2 1 2 1 1 1 4 4 3 3 2 3 2 4 4 1 1 1 4 2 2 4 1 2 2 1 1 2 2 4 5 1 2 1 4 2 3 2 2 1 2 1 1 3 3 3 3 2 3 3 3 2 2 2 3 2 1 4 2 1 3 2 2 1 2 1 3 1 4 1 3 4 2 2 1 1 4 2 1 1 1 2 1 3 1 1 1 2 1 1 1 3 3 2 2 1 1 1 5 3 2 2 4 1 1 1 3 2 1 1 3 3 2 2 1 2 2 2 1 1 1 2 3 4 1 2 1 2 3 2 3 1 2 5 4 1 4 2 2 3 3 5 2 1 2 2 1 2 2 1 2 3 2 2 3 3 4 4 3 2 2 2 1 2 1 2 1 2 1 2 3 2 1 1 1 3 3 3 2 2 1 1 1 1 1 1 1 3 2 2 2 4 5 3 2 1 1 1 2 2 2 1 1 2 1 1 5 3 1 1 1 1 1 2 4 2 1 3 3 2 6 1 2 1 1 3 1 2 1 2 1 3 3 2 1 1 7 2 3 4 2 2 2 1 1 2 4 1 4 1 1 1 2 2 2 3 1 3 3 1 2 6 2 5 1 5 2 3 2 4 2 3 1 1 1 2 1 1 2 2 2 2 2 1 4 2 2 2 3 2 1 2 2 1 3 2 2 1 1 2 2 2 2 4 1 1 1 2 2 2 3 2 1 2 1 3 1 2 3 2 3 2 2 1 1 4 2 1 1 2 3 2 2 1 4 1 2 2 4 3 1 1 1 3 1 1 1 3 1 2 2 1 2 1 1 3 1 5 1 1 3 3 2 2 2 2 2 1 3 1 4 1 4 4 1 2 4 1 1 2 1 2 3 1 2 2 2 1 2 3 1 1 1 3 2 2 2 3 1 1 1 1 1 1 2 2 2 3 3 1 1 2 3 2 1 1 2 5 5 1 1 4 2 1 2 1 1 1 3 2 1 1 1 1 1 3 1 2 3 1 3 3 2 3 1 7 2 1 2 1 1 2 4 1 1 3 5 1 1 2 3 1 2 3 1 3 1 2 1 1 3 3 1 4 1 1 5 1 1 3 1 1 1 3 1 2 3 3 3 3 1 3 1 3 1 3 2 1 2 1 2 2 6 3 1 3 1 2 3 2 3 3 3 1 1 1 3 2 3 2 1 5 1 2 2 1 3 1 2 1 1 1 1 1 3 3 2 1 1 1 2 3 3 1 1 2 3 2 4 1 3 1 1 2 2 1 2 2 1 2 2 1 3 1 3 1 3 1 3 1 1 1 2 2 1 2 4 2 2 3 1 1 2 2 2 1 1 2 3 1 2 1 1 2 1 1 2 2 3 1 1 2 4 1 2 3 2 2 3 4 2 1 2 1 1 1 2 1 2 1 1 2 1 1 2 4 3 3 1 3 2 3 1 2 4 1 1 1 2 1 3 2 1 1 2 3 2 2 1 4 2 1 3 3 1 1 1 3 3 1 1 1 1 2 1 2 2 7 2 1 1 3 1 7 1 4 5 3 5 2 6 1 2 1 1 1 2 2 2 1 2 2 2 2 4 3 2 2 2 1 3 1 2 2 4 2 1 1 1 2 1 1 1 2 3 1 1 1 1 1 1 1 2 1 1 2 1 4 2 2 1 2 3 2 2 1 3 2 1 1 4 2 2 1 3 1 2 2 1 3 2 2 1 2 1 3 1 1 2 2 1 3 1 4 1 2 1 1 2 3 1 1 2 1 3 1 3 1 3 1 2 1 2 1 5 1 3 2 2 1 2 1 3 3 2 2 3 2 2 1 2 2 2 2 2 1 1 1 1 2 3 2 2 4 1 1 2 2 3 3 3 1 1 1 1 1 2 3 2 2 4 1 3 3 2 2 3 3 2 2 3 2 2 2 4 5 1 2 2 5 2 1 1 2 5 1 1 3 2 1 1 1 2 3 3 2 5 1 1 4 2 5 1 3 2 2 1 3 1 1 2 3 1 2 2 3 2 2 1 1 1 1 1 4 4 3 2 4 2 3 1 1 2 1 1 1 1 2 2 1 4 1 2 5 2 1 6 1 3 1 2 3 2 3 2 2 2 2 2 3 2 4 2 1 4 1 1 3 3 2 5 2 3 1 2 1 1 3 5 1 1 1 2 2 5 2 2 2 1 3 2 1 2 1 1 1 5 1 4 2 3 3 2 1 1 2 1 1 2 3 4 1 4 1 3 2 4 1 1 1 1 1 4 1 6 2 3 1 2 1 1 3 1 2 1 4 3 1 2 3 4 5 2 2 3 2 1 1 2 2 3 1 1 4 3 2 2 2 3 1 2 2 5 1 3 1 3 1 1 1 3 1 2 3 2 3 6 2 2 1 3 1 2 3 2 4 1 5 2 3 1 1 2 1 2 1 1 2 1 1 5 2 2 2 1 1 2 3 1 2 2 4 2 3 2 2 2 2 2 2 2 1 3 1 3 2 2 1 2 1 1 2 1 1 1 1 2 2 2 1 2 5 3 2 2 2 3 4 1 3 3 2 1 2 1 1 2 2 2 1 3 4 2 1 2 2 2 2 2 3 3 2 3 3 2 2 7 1 1 3 2 1 3 4 2 1 4 2 2 1 3 1 1 1 1 5 1 3 1 1 2 1 7 2 1 3 4 3 2 3 2 2 1 1 3 2 3 3 4 2 3 2 3 2 2 1 3 3 2 3 1 2 3 2 1 4 1 2 3 3 2 1 1 3 4 1 4 1 4 3 3 2 1 4 6 1 3 3 1 1 2 1 2 1 2 2 2 3 2 1 6 3 2 3 1 3 2 3 2 2 1 1 1 2 1 1 4 1 1 4 2 2 2 2 4 2 1 3 3 5 2 2 1 2 2 1 1 1 3 3 1 2 3 1 1 2 1 3 7 2 2 2 2 1 2 1 4 1 3 1 3 2 1 2 3 3 1 1 4 3 2 3 1 2 1 2 3 6 3 4 1 1 2 1 1 1 3 2 1 2 3 1 3 1 2 1 3 3 3 1 1 4 3 2 2 1 1 2 2 1 1 1 1 3 3 4 2 2 1 3 3 1 2 1 4 4 4 4 5 1 2 1 2 2 2 4 5 1 3 1 1 1 3 4 1 2 2 1 3 2 4 1 1 2 1 2 1 1 5 2 1 1 2 1 1 2 1 1 1 1 1 2 1 1 2 2 2 4 2 2 1 1 2 1 1 4 3 2 2 2 1 1 1 4 2 1 1 1 3 4 1 2 1 2 1 2 1 3 1 3 1 3 1 1 3 1 2 3 1 2 2 2 2 1 4 1 3 3 2 2 1 2 3 1 3 3 2 2 1 4 2 4 1 3 1 1 2 1 3 1 3 2 2 1 2 1 2 1 1 4 3 2 1 2 1 3 1 3 3 2 3 1 2 2 1 4 2 1 1 2 3 2 1 2 2 3 6 2 2 1 1 2 2 4 1 1 2 1 3 4 1 4 2 1 2 1 1 2 3 4 2 1 4 2 2 2 2 1 2 2 1 1 2 1 1 1 3 1 2 1 3 1 1 1 1 2 3 6 1 2 2 2 3 2 1 3 2 1 3 1 2 1 2 2 5 1 2 2 1 3 1 2 4 1 2 1 1 4 3 1 2 2 2 5 2 2 3 3 3 1 1 3 1 1 1 1 2 1 2 1 1 1 3 1 1 2 3 3 1 1 1 1 2 2 1 1 2 2 2 2 1 2 2 1 2 1 3 2 5 2 2 3 1 5 3 2 2 2 1 1 2 3 4 4 3 2 1 1 3 3 1 1 2 4 4 2 1 1 2 1 3 1 1 3 3 3 4 1 6 1 6 3 1 2 3 1 2 6 1 2 3 1 4 2 2 1 1 2 1 3 2 1 4 2 3 2 2 1 2 3 5 1 1 1 1 3 3 2 2 3 4 4 1 4 2 1 2 3 2 1 2 1 3 3 3 3 1 3 3 3 3 1 1 1 1 4 2 2 3 3 1 3 2 2 2 3 2 1 5 1 1 2 3 3 3 3 1 2 1 1 2 2 3 2 2 1 1 1 1 1 2 2 2 1 1 2 1 2 1 1 2 1 3 2 2 1 1 1 3 4 2 2 2 1 2 2 1 1 2 2 2 1 1 4 2 1 2 1 1 5 1 4 2 2 3 1 1 1 1 4 1 2 1 1 2 2 2 3 2 2 1 1 2 3 3 1 3 1 3 2 2 1 1 3 3 1 2 2 3 1 1 3 2 1 2 4 1 1 5 1 1 4 1 3 1 2 2 1 2 5 3 2 1 3 1 2 1 3 3 1 2 3 1 1 1 2 2 2 2 2 1 2 2 2 1 2 4 2 2 3 2 1 2 3 2 3 2 1 2 2 3 2 1 1 1 2 3 1 1 2 2 3 3 1 1 1 1 2 2 2 1 2 2 1 2 2 2 2 4 1 1 1 1 2 5 2 2 2 1 4 1 2 2 3 2 2 1 1 1 1 4 1 3 1 2 3 4 1 3 1 2 1 2 1 1 3 2 3 2 1 4 5 3 2 3 4 2 1 2 1 4 2 2 3 3 1 4 2 2 4 2 1 3 2 4 1 6 2 1 1 3 5 1 1 3 3 1 3 3 3 4 3 2 3 1 2 3 1 2 2 2 3 2 1 1 2 2 2 1 1 1 3 4 2 1 2 1 3 1 6 2 1 2 2 3 2 2 3 1 1 1 1 3 1 4 3 2 3 2 1 2 1 2 2 1 1 3 3 1 3 1 3 2 2 3 4 2 4 3 4 2 2 4 2 3 1 3 1 2 1 2 2 3 1 1 2 4 1 4 3 2 2 2 3 2 3 1 3 1 3 1 1 2 3 5 1 2 2 1 2 3 2 2 3 3 2 4 5 1 3 1 1 1 1 3 1 2 1 1 3 2 1 2 2 1 4 3 3 2 2 6 1 3 1 2 1 1 1 1 5 1 1 1 1 1 1 2 2 3 3 4 3 2 1 1 1 1 1 6 3 2 1 2 2 1 1 2 3 1 4 1 2 3 4 1 1 3 1 1 3 2 1 2 3 3 1 4 2 2 1 2 3 4 1 2 2 3 3 2 5 1 2 1 3 1 3 2 2 2 1 1 1 2 2 2 3 3 4 1 1 2 1 2 8 1 1 2 4 1 1 1 2 2 4 2 1 3 3 3 1 1 3 2 2 2 1 2 2 3 1 1 6 2 3 2 1 1 2 1 1 1 4 2 1 2 4 2 1 3 2 3 2 1 1 2 1 1 1 1 3 1 1 1 1 2 3 2 2 3 1 4 1 2 1 2 3 1 3 3 3 1 2 4 4 1 2 2 3 4 2 1 3 1 3 1 2 2 4 1 1 2 1 3 1 2 1 4 2 2 2 4 2 2 1 2 4 2 2 2 2 3 2 1 1 1 2 3 2 2 3 2 1 1 5 2 2 1 2 3 4 2 1 4 5 1 2 2 3 1 2 2 1 3 2 2 1 1 1 2 1 2 4 4 4 2 1 2 2 3 1 2 1 2 2 5 3 2 1 3 3 1 2 1 1 3 1 2 2 4 1 1 4 3 2 2 2 2 3 1 2 1 2 1 2 5 3 2 1 1 6 1 2 4 5 2 1 1 2 2 1 2 1 2 1 1 2 4 2 2 1 4 2 3 2 4 3 5 3 1 1 1 1 1 4 1 1 1 2 2 2 1 1 1 4 1 4 1 1 3 3 1 2 1 1 1 1 3 1 1 1 2 1 1 1 1 7 2 1 2 2 1 1 2 1 2 5 2 1 1 3 2 1 1 1 2 2 2 1 1 3 3 1 2 1 1 2 2 1 4 4 3 2 2 2 3 3 1 2 1 1 5 1 2 1 2 3 3 1 1 2 1 3 3 1 2 2 3 1 2 2 1 1 2 2 1 2 1 3 2 4 4 1 3 3 2 2 1 1 1 1 2 1 2 1 5 2 1 2 1 4 2 1 1 3 1 1 2 1 2 2 4 3 1 1 1 2 1 1 4 2 1 2 1 2 3 2 2 1 1 2 1 4 1 2 1 3 1 1 1 2 1 2 2 1 4 2 1 1 2 4 3 2 1 1 1 2 2 1 2 2 4 1 5 4 3 1 4 3 4 3 2 1 1 1 3 1 5 3 3 1 1 1 1 4 3 2 1 2 2 1 2 3 1 1 2 4 3 1 1 2 3 1 2 1 3 2 2 4 4 1 1 1 3 1 1 1 1 2 1 1 1 1 2 2 1 1 1 1 3 1 3 2 1 4 2 2 1 1 2 2 3 2 1 1 2 2 2 5 1 1 1 1 1 2 3 3 1 3 2 2 4 7 3 3 1 1 2 1 1 3 1 2 1 1 1 1 3 2 2 3 2 3 4 3 3 5 2 1 1 1 5 2 1 4 8 1 1 2 1 3 1 1 3 1 1 1 2 1 3 2 1 2 3 2 1 4 2 1 2 4 2 1 1 1 3 3 3 2 2 4 2 3 4 1 2 3 3 1 3 2 1 1 2 3 1 1 3 3 3 6 2 1 2 3 1 5 1 3 1 1 4 2 2 1 2 2 1 5 4 3 4 1 3 1 1 2 1 3 4 1 4 1 1 2 1 1 3 3 3 2 2 2 2 2 1 2 1 2 3 1 5 2 4 1 2 3 1 3 3 1 3 2 3 3 1 2 4 2 1 6 1 2 3 3 2 1 1 1 2 4 4 3 1 3 2 1 1 1 3 2 2 4 2 4 2 1 2 2 1 2 1 1 5 1 3 2 1 3 2 3 4 1 1 4 1 1 2 1 3 4 1 1 3 1 1 2 5 5 1 2 3 2 1 3 2 2 2 2 1 1 1 1 3 2 1 3 1 1 4 2 1 3 4 2 3 2 1 3 1 1 2 1 4 1 3 2 1 4 1 6 2 1 2 1 2 1 2 1 2 3 3 2 1 3 2 3 1 1 3 1 2 2 1 3 2 2 1 1 2 5 1 4 4 1 1 3 2 1 3 2 2 1 3 2 3 4 1 3 4 2 3 1 1 2 4 1 3 2 1 2 3 1 1 2 1 3 1 1 1 3 2 3 3 3 1 2 3 3 1 1 2 2 2 1 1 3 2 1 2 3 1 2 4 1 2 1 1 1 1 1 1 2 2 1 1 4 2 2 3 1 3 1 1 4 2 1 3 2 1 1 1 2 1 1 3 1 3 1 3 3 2 2 2 1 2 2 1 1 3 2 2 2 1 2 2 3 2 1 3 2 4 1 3 1 3 1 3 2 1 1 3 1 1 2 3 2 2 2 1 1 2 2 2 1 2 4 3 2 2 1 2 4 2 2 1 1 2 3 3 2 1 1 3 3 3 3 4 2 1 2 5 2 3 2 6 2 2 2 1 2 1 1 4 2 3 2 2 2 4 1 2 1 5 1 1 1 5 3 3 1 4 1 1 1 1 2 2 3 2 1 5 1 1 3 4 2 1 4 2 3 2 1 1 2 2 3 2 1 1 1 2 2 1 1 1 1 1 1 2 1 2 4 2 2 1 5 1 2 1 2 2 3 1 2 2 1 1 2 4 3 1 3 1 4 3 3 1 2 4 1 1 2 1 5 5 3 1 4 2 3 2 2 3 2 4 1 2 1 3 4 2 2 2 3 1 4 1 2 3 2 2 2 3 1 1 1 1 2 1 6 2 1 5 2 2 3 2 1 2 3 5 1 1 3 2 1 1 1 5 1 2 3 1 3 2 3 3 1 1 3 3 2 1 2 1 5 3 1 1 2 3 2 3 1 2 2 2 1 3 1 2 1 3 2 1 2 2 3 1 4 2 1 1 2 5 1 3 1 1 2 2 5 1 3 1 3 1 2 2 2 2 3 2 4 4 2 1 2 1 2 2 1 2 1 2 2 1 5 4 1 1 1 2 1 3 1 1 3 2 3 2 2 3 2 3 2 1 1 5 1 2 5 3 1 2 4 1 4 3 2 1 3 2 1 2 2 1 2 2 2 1 2 1 4 3 2 2 2 1 1 4 1 2 1 3 1 1 2 2 3 2 4 1 1 1 2 5 1 3 1 2 1 1 3 1 3 8 2 1 1 2 2 3 3 1 1 2 2 2 1 2 2 1 3 1 1 2 3 3 1 2 2 2 2 3 2 1 2 1 1 1 3 3 1 1 5 3 1 1 4 4 2 2 2 4 1 1 1 2 2 2 3 2 2 3 3 1 2 1 1 3 1 1 3 2 1 2 3 2 2 2 2 2 3 1 1 3 2 2 2 2 2 1 1 1 2 1 1 1 2 1 1 3 1 2 2 1 2 3 1 6 3 4 1 3 4 3 1 2 1 3 2 3 1 3 1 3 2 1 2 1 4 1 2 3 1 3 3 1 1 2 2 3 1 2 5 1 1 3 3 1 2 1 1 3 1 1 4 3 1 3 3 1 1 2 4 2 5 3 1 2 1 1 3 2 1 3 3 2 1 1 2 3 2 1 1 3 2 2 1 3 2 1 1 2 4 1 5 1 1 1 1 1 3 1 2 4 1 1 1 2 1 4 4 4 1 3 3 1 1 3 1 3 1 1 2 3 1 2 2 1 4 1 2 2 1 3 1 2 5 1 6 4 3 3 2 2 2 2 1 1 3 1 1 1 3 2 2 2 1 1 1 2 1 3 1 2 1 1 3 1 1 2 4 4 1 2 3 3 1 3 1 2 2 1 1 1 1 5 2 3 2 2 1 1 2 2 3 3 1 2 3 1 3 3 3 2 1 3 1 2 3 4 3 2 2 2 1 1 1 2 1 2 4 2 2 1 3 1 2 2 1 2 2 2 5 3 2 2 1 1 2 3 2 1 4 3 1 2 1 3 2 3 2 1 2 4 3 4 5 3 1 3 3 3 1 1 1 1 1 2 1 1 2 1 1 3 2 2 3 1 2 2 2 1 3 6 2 3 2 3 4 3 1 3 2 2 2 4 2 1 1 2 1 3 2 2 1 1 3 1 2 2 2 2 1 1 2 2 3 1 2 3 4 3 1 4 2 1 5 1 4 1 2 2 1 2 4 1 1 3 2 1 1 2 2 2 4 1 1 2 2 5 2 5 3 2 3 2 2 3 2 1 2 1 3 2 2 1 3 2 6 2 1 1 1 1 2 1 1 3 1 4 1 1 4 1 2 2 1 1 4 2 2 1 1 3 1 1 1 1 2 1 1 1 3 1 3 1 1 4 3 2 2 2 2 2 3 1 3 1 1 2 4 1 2 3 1 1 3 1 1 1 1 4 1 1 1 4 3 4 3 2 3 3 1 1 2 1 3 1 1 2 1 2 1 2 3 1 2 1 2 2 1 3 1 2 2 2 1 1 4 1 2 4 3 1 3 2 1 1 2 3 1 2 2 2 3 1 5 2 2 1 2 3 2 3 1 1 1 1 2 3 1 1 1 1 1 5 2 3 6 3 3 1 2 1 2 1 2 1 1 1 2 2 1 1 2 1 2 1 2 1 1 1 1 1 4 3 2 1 2 3 4 1 1 1 2 1 3 1 1 2 1 1 1 2 1 1 2 1 3 2 2 1 1 1 2 2 2 1 2 1 1 1 1 1 2 3 3 1 1 2 1 3 3 1 2 4 2 3 2 1 1 1 1 1 1 3 3 1 1 1 2 1 2 1 4 1 1 1 3 1 2 1 1 1 4 2 2 1 6 3 1 2 3 3 1 2 2 1 2 4 1 1 1 2 1 1 1 1 2 2 2 3 4 1 1 3 1 3 1 2 1 2 1 3 2 2 2 2 1 2 4 2 1 2 2 4 2 1 2 1 4 1 3 4 1 2 2 3 2 1 1 1 2 1 2 4 1 3 1 3 1 1 4 1 3 3 2 3 2 1 2 2 4 1 3 2 2 2 1 2 2 3 4 2 3 2 1 3 2 1 4 2 4 5 3 1 1 3 1 1 1 2 1 2 3 2 1 1 3 1 1 5 2 1 4 1 2 2 2 3 1 3 1 3 3 2 1 2 3 2 3 1 1 2 2 2 2 2 2 4 2 2 2 1 1 2 1 2 2 1 4 3 3 4 4 1 3 1 1 1 1 3 1 3 1 3 2 1 2 4 5 4 1 2 1 1 2 1 1 1 2 1 3 2 1 3 3 1 1 1 1 1 2 1 1 1 1 4 1 1 1 2 3 2 1 3 2 4 2 1 1 1 2 4 2 4 3 3 1 1 1 2 2 2 2 1 3 4 1 3 1 1 2 2 1 3 2 4 1 2 1 3 3 2 1 1 1 3 3 1 3 1 1 2 2 2 1 3 1 4 1 1 2 2 1 2 1 1 1 4 1 2 2 2 3 2 2 4 2 4 3 1 3 2 2 2 1 1 1 3 1 3 2 3 3 1 3 1 2 1 1 1 3 1 1 1 2 2 3 2 2 2 5 3 1 3 1 3 3 2 3 1 4 4 2 1 2 1 3 1 2 4 2 2 2 3 3 2 1 2 1 3 1 4 3 2 4 2 2 1 4 4 2 3 3 1 1 3 2 1 1 2 1 2 1 3 2 4 1 1 1 3 2 1 2 4 2 2 2 2 2 2 1 3 1 5 2 2 2 6 2 1 3 1 1 3 2 1 2 3 2 1 4 1 3 3 5 2 3 3 1 4 2 1 2 1 1 1 2 6 1 2 2 2 3 1 1 1 1 3 2 1 1 2 2 2 6 3 2 4 1 4 1 3 1 1 2 1 1 3 2 3 1 2 1 3 2 1 1 1 2 2 2 5 3 1 1 4 2 3 1 2 1 3 2 2 1 4 2 1 1 1 1 1 6 2 2 3 3 2 3 1 1 1 3 1 1 1 1 1 2 3 5 4 2 4 1 3 1 2 1 3 2 2 1 1 1 2 4 5 1 1 1 4 1 1 2 5 8 4 4 1 1 3 3 2 2 4 2 3 2 2 3 1 4 1 3 2 3 3 1 1 1 4 2 1 2 2 1 1 1 2 2 2 3 4 2 4 2 3 2 4 1 3 1 5 2 1 2 1 3 2 2 3 2 1 2 2 2 1 2 3 1 2 1 3 1 2 2 2 2 1 3 2 4 2 2 5 3 3 1 2 3 2 1 5 4 1 4 1 1 1 2 2 3 1 1 4 4 2 2 4 1 3 2 1 1 2 1 4 2 3 5 5 1 1 4 2 2 3 4 1 2 2 2 2 1 3 2 1 1 2 1 3 2 2 3 2 1 1 3 3 2 2 1 3 1 2 4 2 2 2 3 3 3 3 1 1 3 2 2 1 3 2 4 2 4 1 1 2 2 3 3 2 2 5 1 2 2 3 1 1 1 1 3 1 1 1 1 1 3 1 3 3 2 4 2 2 1 2 1 3 3 1 1 2 2 3 2 5 2 2 2 3 5 1 1 2 1 3 1 3 2 2 1 2 2 3 2 1 1 2 1 1 1 3 3 3 2 2 1 3 2 2 3 2 2 4 3 4 3 3 3 2 3 1 1 3 1 1 1 1 5 1 1 2 5 1 2 1 1 1 2 2 2 2 3 3 4 3 2 4 2 2 2 2 1 2 1 2 2 1 2 1 1 1 1 1 3 1 1 1 2 1 3 4 1 3 2 3 2 1 1 2 1 1 3 1 2 1 1 1 3 1 3 2 2 2 1 5 2 3 2 3 3 2 5 1 1 3 1 4 1 2 3 1 2 2 2 1 1 2 4 2 2 1 3 1 2 1 4 2 3 1 1 2 3 2 1 1 4 2 2 1 1 1 1 2 2 2 1 1 2 1 2 2 2 1 1 2 1 2 1 3 1 1 6 2 4 1 5 3 2 2 2 2 1 3 3 2 2 3 1 2 4 2 2 1 1 1 1 2 1 4 2 2 3 2 3 1 1 1 3 1 1 3 2 3 1 2 3 4 2 3 1 3 4 1 1 4 1 2 2 4 2 1 4 1 1 2 1 2 1 1 2 2 4 2 4 1 1 2 1 1 1 1 1 4 1 3 1 1 2 3 2 3 1 1 3 1 1 1 3 3 1 3 1 4 2 1 3 1 3 2 1 1 1 1 1 1 5 1 3 1 1 2 3 1 1 2 4 2 1 1 5 3 2 4 1 4 3 3 1 3 1 1 3 2 3 2 1 2 4 4 1 1 1 3 1 2 3 3 2 2 2 1 2 1 1 1 2 3 1 3 3 3 1 1 3 3 6 1 1 1 1 1 1 1 1 4 1 1 2 3 6 1 2 2 3 3 5 3 1 2 1 2 1 2 2 3 2 1 2 3 2 1 3 1 3 1 3 2 1 1 3 2 1 2 3 1 1 4 1 1 2 3 1 2 2 2 1 1 2 1 1 2 4 1 4 3 1 2 1 2 2 3 1 2 2 2 2 1 2 2 2 3 3 1 2 4 1 2 3 2 3 3 1 2 3 2 3 2 3 2 2 1 2 1 1 9 1 4 3 3 1 3 2 1 4 1 3 7 2 3 2 1 2 1 3 1 1 3 2 1 2 2 1 2 2 1 2 2 3 1 3 2 3 1 4 2 2 1 1 1 1 3 3 3 1 2 2 2 5 2 3 1 4 1 2 2 2 1 1 1 1 3 1 2 3 1 2 3 3 1 3 1 1 2 1 1 2 1 2 1 2 1 1 1 2 2 3 2 1 1 1 2 2 2 1 3 3 1 2 2 1 1 5 1 3 2 1 2 3 1 2 3 3 1 4 3 1 1 2 4 1 4 2 2 2 1 1 4 1 1 2 2 2 1 4 3 2 1 2 4 1 1 2 1 1 2 1 3 2 1 1 2 1 3 1 2 3 4 2 3 1 1 1 2 1 1 2 1 2 3 2 1 2 1 2 2 3 3 3 4 2 1 3 2 1 2 1 2 2 2 2 2 3 3 1 1 4 1 2 1 1 1 5 2 2 1 4 3 1 4 1 1 2 2 1 2 3 1 1 1 6 1 1 2 1 2 2 2 2 2 1 2 2 1 2 2 3 2 1 1 1 2 1 2 3 1 2 2 2 1 1 3 1 1 1 3 1 2 1 2 3 1 1 1 1 1 1 1 2 1 1 3 2 1 1 1 7 1 3 4 1 5 1 3 2 2 3 1 3 1 3 2 1 5 1 1 2 1 3 1 4 3 3 2 1 2 1 4 1 1 4 1 1 2 4 2 5 1 3 2 2 1 2 2 4 1 2 1 2 2 2 3 1 3 3 2 3 2 2 1 2 2 1 1 2 1 3 1 1 3 4 1 2 1 2 4 1 5 1 3 1 1 2 4 4 4 3 2 1 2 2 1 1 4 1 3 1 6 4 1 3 2 1 1 2 2 1 1 3 2 2 3 1 4 3 3 1 2 1 2 3 2 1 1 1 1 5 2 1 2 1 2 1 2 1 1 2 3 1 1 2 2 3 3 2 2 2 3 4 1 1 3 3 2 2 3 3 1 2 2 1 1 3 1 1 1 1 4 2 2 2 2 5 1 2 3 2 2 1 3 1 1 1 2 1 3 2 2 3 1 3 1 1 1 3 3 4 1 2 2 1 3 1 1 2 2 1 1 1 1 3 1 1 6 5 4 3 2 1 2 3 2 1 1 2 2 1 1 3 3 1 1 1 1 2 3 4 1 1 1 3 1 2 3 2 3 1 1 1 3 2 1 1 1 1 3 2 1 1 2 2 1 3 2 2 1 1 3 4 2 3 1 4 2 1 1 2 2 2 2 2 1 3 1 3 1 1 2 1 2 1 2 1 1 2 1 1 2 4 1 1 2 1 1 3 2 1 1 2 1 3 3 1 2 3 1 2 1 1 2 1 2 1 1 2 2 3 2 2 2 2 2 1 1 1 5 5 1 4 1 2 1 3 1 2 2 3 1 1 1 2 1 1 1 2 3 1 1 3 4 1 2 2 3 2 1 1 3 1 2 2 1 1 1 3 2 4 3 2 2 1 1 1 1 5 2 1 3 1 2 3 2 2 3 1 4 3 1 1 3 2 1 1 3 1 1 1 2 2 3 2 2 3 4 1 1 2 2 3 2 3 1 3 1 2 1 2 1 1 1 2 2 2 1 1 3 4 1 3 2 1 2 2 4 1 2 2 1 2 1 3 1 4 1 3 2 1 3 1 2 2 2 2 2 2 1 2 2 3 6 4 1 1 2 2 2 2 2 1 1 2 2 1 1 2 3 1 2 1 2 5 1 2 2 3 3 5 2 4 1 2 1 1 4 5 3 2 1 1 1 1 1 2 1 1 2 1 1 1 2 1 4 2 1 2 1 3 1 1 1 1 1 1 3 4 2 1 3 1 3 4 2 2 3 2 3 2 4 3 3 1 4 5 4 2 2 1 1 2 2 1 1 3 2 1 2 1 2 1 5 2 1 2 4 2 2 2 2 2 2 1 1 3 2 2 2 2 2 1 3 1 1 2 1 2 1 1 3 2 2 2 1 1 1 2 1 1 1 2 3 2 3 1 1 2 2 4 1 2 1 5 2 2 2 4 1 1 1 1 1 3 3 5 2 2 1 7 2 1 3 4 4 2 1 3 1 3 2 2 1 3 5 2 1 3 1 2 1 1 1 2 1 1 1 2 1 1 1 3 1 4 1 1 2 2 1 2 3 1 1 1 1 3 4 2 3 4 4 2 2 1 2 2 2 2 1 5 1 4 2 1 2 4 1 3 3 2 2 1 3 3 1 1 3 1 3 1 3 1 2 2 1 2 4 1 1 1 1 2 2 2 2 1 3 4 3 2 4 2 3 2 1 2 3 1 2 4 3 2 2 2 1 1 1 3 2 2 1 1 1 1 3 1 3 2 2 2 2 1 4 2 1 1 3 5 2 2 3 3 2 1 1 1 2 6 1 4 2 1 2 3 1 3 1 5 3 1 5 4 1 1 2 1 5 2 1 1 3 1 2 1 1 1 3 2 8 3 2 4 2 1 3 3 6 3 2 3 1 3 1 1 2 4 3 1 2 2 2 4 3 1 2 1 2 2 1 1 1 1 1 2 1 2 1 2 3 2 2 3 2 2 2 2 4 2 2 3 3 2 1 1 2 1 1 3 1 1 2 1 1 1 2 3 3 1 2 1 3 1 4 4 2 5 1 1 1 2 1 3 2 4 1 2 1 3 4 2 1 1 2 2 1 1 2 1 1 2 3 1 3 1 2 2 1 1 2 2 1 2 1 4 2 2 1 4 1 2 2 1 1 2 4 2 1 1 1 3 1 2 3 3 2 4 2 3 1 4 1 2 1 3 1 5 2 1 1 2 2 3 1 2 4 2 2 2 2 2 2 1 1 3 3 2 4 1 1 2 2 2 1 3 1 1 2 1 3 1 2 1 2 2 4 2 1 1 4 1 4 1 1 1 2 4 1 2 2 2 2 1 1 3 2 4 1 2 3 4 3 2 1 1 3 3 1 1 2 1 4 1 2 4 3 1 2 3 1 3 3 1 2 1 4 4 3 1 2 2 2 1 2 2 2 2 5 3 1 1 2 3 1 1 2 4 3 2 1 1 3 1 3 1 1 1 4 3 4 2 2 2 4 1 2 2 1 2 2 1 4 1 2 1 1 1 3 3 2 1 1 1 2 1 1 2 2 2 2 2 1 2 2 4 4 4 3 3 1 2 2 1 5 5 1 2 3 2 1 1 2 1 3 3 1 3 1 1 1 2 1 2 3 1 4 2 2 1 1 2 3 1 2 4 1 4 3 1 3 1 4 2 3 2 2 1 2 2 2 1 3 2 2 2 2 1 3 1 2 2 2 1 2 2 1 1 1 2 1 1 2 6 1 3 2 5 3 1 3 2 2 1 1 2 2 1 1 2 1 1 2 3 2 4 1 3 1 2 2 2 1 3 1 1 1 3 1 3 1 1 1 1 2 1 2 4 1 1 1 3 3 1 4 3 1 1 3 2 1 3 2 4 4 3 3 1 3 3 2 2 2 2 1 2 1 6 2 2 1 1 1 2 3 2 4 2 1 1 3 1 3 1 4 3 2 3 2 3 1 2 1 1 1 2 1 2 1 2 1 1 1 3 2 5 1 2 2 3 4 3 1 1 3 1 1 3 3 1 2 1 1 1 1 1 1 1 4 1 6 1 1 2 1 2 1 1 1 4 2 2 2 1 1 2 3 2 2 4 3 2 4 1 2 5 1 5 3 1 3 3 1 2 5 3 3 2 2 2 3 1 1 1 1 1 1 2 3 1 3 2 2 1 1 2 3 2 2 1 2 4 1 2 1 2 2 2 1 2 1 1 2 4 1 2 3 1 1 2 1 1 1 1 1 3 1 3 2 1 2 2 3 1 1 2 2 1 1 1 1 2 1 3 2 3 1 4 2 2 3 2 6 2 2 4 2 2 3 1 2 8 3 1 3 1 4 1 2 2 1 2 5 2 2 1 1 2 1 1 3 3 1 2 1 1 4 1 1 2 2 2 1 2 2 1 2 1 4 1 3 2 3 5 2 4 1 1 2 1 1 3 1 1 4 4 3 1 2 3 2 3 3 1 3 1 3 1 3 1 4 2 3 5 2 4 2 4 2 1 1 3 2 2 3 1 2 3 1 1 1 1 2 2 2 2 1 1 3 2 3 2 2 1 3 1 2 2 2 2 2 2 2 1 1 1 1 1 2 3 3 2 2 2 3 2 1 2 2 1 1 1 1 2 2 5 2 1 2 4 1 5 5 5 1 3 1 2 2 1 1 1 2 1 4 1 2 2 1 2 1 1 2 3 2 1 4 1 1 1 5 4 2 3 3 3 5 2 1 2 1 3 4 3 3 1 1 2 2 1 4 1 2 1 3 1 1 3 1 2 3 3 5 3 2 2 1 1 2 2 1 1 1 2 1 1 3 1 2 3 3 2 2 2 3 2 3 2 2 4 2 1 2 2 2 3 2 4 4 3 2 1 2 1 4 3 1 3 3 2 3 2 1 1 2 2 1 1 3 1 1 3 3 1 1 3 3 1 2 1 2 4 2 1 1 2 4 2 1 3 1 2 2 1 1 1 4 3 3 2 2 2 2 1 1 3 2 1 3 4 1 4 3 2 1 1 1 1 2 1 3 2 2 3 2 1 2 2 2 2 4 3 2 3 1 1 1 3 2 1 1 1 3 1 1 2 3 1 2 1 1 2 2 2 2 3 2 2 1 2 3 1 4 1 4 2 2 2 2 1 1 1 4 2 3 2 1 1 5 4 5 1 1 4 5 1 1 1 1 2 2 1 1 2 4 2 2 1 1 3 2 4 2 2 4 3 1 1 4 4 1 1 1 1 1 2 1 2 2 2 2 1 2 1 2 1 3 2 1 2 2 1 3 3 1 3 4 2 1 1 1 2 2 2 1 4 2 1 2 2 2 3 2 1 3 3 1 2 2 1 2 1 3 3 1 2 1 1 1 3 1 3 1 1 2 1 1 2 3 2 4 1 3 4 3 2 1 2 2 2 2 1 2 2 3 1 4 1 1 4 2 1 1 3 1 1 1 2 2 1 1 1 2 3 1 3 1 2 5 4 1 3 2 3 3 2 2 1 5 3 3 3 3 2 3 3 1 3 2 2 3 1 1 3 1 1 1 1 2 2 4 1 1 1 1 2 1 2 2 1 4 1 1 3 3 2 1 2 3 2 3 1 1 1 1 1 2 3 2 3 1 3 3 1 1 2 2 2 3 2 1 2 1 2 3 4 2 1 1 1 4 2 1 3 2 2 1 3 1 1 1 1 2 3 1 1 3 1 4 1 3 1 2 3 1 2 2 1 4 5 1 1 1 2 1 5 2 1 1 1 1 1 2 1 2 2 2 3 2 1 2 1 2 3 3 2 5 1 3 1 1 1 3 3 3 2 3 4 1 4 2 1 3 1 4 2 2 1 1 2 1 3 5 2 1 2 3 1 1 1 1 3 1 1 3 4 3 2 1 1 2 1 1 2 2 3 2 5 1 1 1 1 2 3 2 3 2 1 1 1 1 2 1 2 1 2 4 3 2 1 3 2 4 1 3 1 2 2 1 2 1 3 2 2 1 4 2 2 4 1 1 1 1 2 3 2 4 2 4 3 2 1 2 1 1 3 2 3 4 6 3 1 1 1 2 2 1 1 2 1 1 4 2 4 1 6 2 3 3 1 1 1 2 1 3 2 4 3 3 2 1 2 4 1 1 3 2 1 2 1 2 2 5 2 4 4 4 4 2 1 1 3 2 2 3 3 1 2 2 1 5 2 1 5 3 2 2 2 2 2 3 1 1 1 4 4 1 1 4 2 2 1 3 1 1 1 1 1 3 1 1 5 2 2 1 1 4 1 3 5 2 3 1 1 3 1 2 2 3 2 2 4 2 2 2 1 2 2 3 1 1 3 2 2 2 1 1 3 1 1 1 2 1 2 2 1 1 1 3 1 2 3 2 1 1 2 1 4 1 1 3 4 3 1 1 2 2 3 1 1 2 3 1 1 2 1 3 4 1 1 3 2 2 1 1 2 2 1 1 2 4 2 6 1 3 1 1 2 3 2 1 5 2 4 5 2 1 3 1 2 4 1 2 3 1 2 3 3 1 2 2 2 1 7 1 1 1 1 2 1 2 3 1 2 2 2 2 2 1 1 2 1 1 2 2 1 1 1 2 2 2 1 2 1 1 3 2 2 1 2 1 2 2 2 2 1 1 3 1 1 1 4 2 2 3 2 2 3 2 1 1 3 1 2 3 1 1 1 2 4 1 2 2 1 1 1 2 2 2 1 2 2 2 3 2 1 1 2 1 1 3 1 1 2 1 1 1 2 5 3 6 5 1 2 3 1 1 4 2 1 3 2 2 1 2 1 2 3 1 3 2 1 2 3 2 1 3 1 1 4 1 2 3 4 1 3 2 1 1 1 3 2 3 2 3 2 3 1 3 1 1 4 1 4 1 2 4 1 2 2 4 1 1 2 4 2 1 3 3 1 1 3 1 1 5 1 1 1 1 1 1 2 1 1 1 1 4 2 3 1 1 3 2 1 1 2 3 2 2 2 2 2 2 4 3 1 3 1 1 2 1 2 3 3 1 3 4 1 1 3 2 3 2 3 2 4 3 2 1 2 3 2 1 3 1 1 4 1 1 2 1 1 1 3 3 2 1 4 1 3 1 2 1 3 2 1 7 1 2 1 1 2 4 2 3 3 2 1 1 2 1 1 4 4 2 2 3 1 5 2 1 3 3 1 4 5 2 2 2 3 1 2 4 2 1 1 3 3 1 2 1 1 3 1 4 2 3 1 1 2 1 1 1 1 3 1 2 3 1 1 2 2 3 1 2 1 1 1 2 3 1 1 1 3 1 1 3 1 1 1 1 1 1 4 1 1 1 1 2 1 3 2 2 5 2 4 2 1 1 4 1 1 1 2 2 2 1 2 1 2 4 2 1 1 2 1 2 3 1 3 1 3 1 2 3 1 2 2 3 2 1 1 1 3 1 3 3 2 4 3 1 1 3 2 1 2 1 1 1 2 1 4 1 3 3 2 1 3 3 2 3 4 1 3 2 3 1 2 2 2 1 1 1 4 1 2 2 2 1 2 2 2 1 2 1 2 4 1 2 6 1 4 3 1 2 2 1 1 1 1 4 3 1 1 1 1 3 2 2 1 1 2 3 3 2 3 1 2 4 1 2 2 3 2 3 2 1 2 2 3 2 2 1 1 2 1 3 2 3 3 1 2 2 2 1 2 2 2 2 1 3 2 1 2 3 3 4 1 4 2 1 1 2 4 2 3 1 1 2 2 1 1 4 1 1 1 2 1 2 2 2 4 2 1 3 2 2 3 2 1 4 1 4 3 1 1 1 1 4 3 3 1 3 2 2 2 2 1 2 2 2 2 4 2 2 2 2 2 1 1 2 1 2 1 1 3 4 1 1 2 2 3 1 2 1 1 3 1 2 1 1 3 1 1 1 4 1 3 3 1 1 1 4 1 2 1 1 3 1 1 1 3 4 1 4 2 1 2 2 2 1 1 6 1 3 1 2 2 5 3 1 2 1 1 2 3 3 6 3 1 1 1 1 2 2 2 2 1 4 2 1 3 1 2 3 3 3 1 2 1 1 1 1 1 2 2 3 1 1 1 1 3 1 4 3 3 1 2 1 2 1 2 3 7 1 3 1 2 5 3 2 1 5 1 3 2 1 5 2 1 1 1 3 2 2 2 1 2 3 2 6 4 1 2 1 2 5 2 2 1 3 4 2 1 1 1 1 2 3 1 1 1 1 3 2 1 2 1 3 1 1 3 1 1 2 2 4 1 2 3 1 2 1 3 2 3 2 1 1 2 1 1 1 2 2 2 4 2 2 2 1 1 1 3 2 3 3 1 2 2 2 3 4 1 1 1 1 1 2 3 1 1 4 2 2 2 2 2 2 2 1 3 1 1 3 3 3 1 4 1 2 1 4 1 2 1 1 2 2 3 1 2 2 1 1 2 2 3 1 2 1 3 1 3 2 1 2 2 5 1 3 2 1 2 1 3 1 3 3 3 1 3 1 4 2 1 4 3 2 4 1 1 2 1 1 1 1 2 1 1 2 2 2 4 3 1 1 4 1 2 2 1 3 1 1 1 1 1 3 2 4 1 1 1 1 1 5 2 1 1 2 3 1 2 4 3 2 2 2 2 3 1 2 3 2 1 2 2 2 2 1 3 1 1 2 2 3 1 1 2 3 1 2 4 4 2 2 1 3 2 2 2 4 2 2 1 1 1 2 3 2 1 1 4 2 2 2 4 1 4 3 2 3 4 5 1 5 2 3 2 2 3 1 3 1 2 2 1 3 1 1 3 4 2 1 1 1 1 1 1 2 1 1 2 2 2 1 2 1 2 3 1 5 1 2 1 3 1 2 1 1 2 2 2 2 2 1 1 2 1 2 2 3 1 3 3 2 1 3 4 1 1 1 2 1 3 4 2 3 3 1 2 1 3 2 1 2 1 5 1 2 2 1 3 2 2 2 1 4 4 2 1 1 1 1 1 3 1 2 3 1 4 1 2 2 3 2 3 4 2 1 3 1 1 1 3 1 2 2 2 3 2 2 3 4 2 1 5 1 2 1 2 3 1 2 1 4 1 3 1 2 3 2 4 3 4 7 1 3 2 4 1 2 3 2 3 1 1 1 1 2 1 2 1 3 1 5 2 2 4 1 1 2 1 4 3 3 1 2 1 1 2 1 3 1 4 6 3 2 1 1 1 1 1 1 3 2 1 1 1 3 2 4 3 1 2 2 3 2 2 1 1 3 3 1 1 3 1 1 2 1 1 2 2 1 1 1 1 4 3 5 5 1 1 1 1 2 2 2 2 2 1 1 1 2 4 3 1 1 3 1 2 4 5 1 2 1 2 1 5 1 2 1 3 2 2 1 2 2 3 1 1 1 2 2 1 4 1 1 2 1 2 1 1 2 2 4 2 1 2 2 1 1 2 1 6 1 3 2 1 3 3 2 1 2 1 1 1 2 6 1 1 1 1 1 1 1 1 1 2 1 1 3 1 2 1 2 3 1 3 1 2 1 2 1 4 4 2 2 2 2 5 3 1 3 2 3 2 1 3 2 1 2 2 1 2 2 2 3 1 1 2 3 3 4 2 4 2 2 2 1 1 2 1 3 1 5 1 1 2 2 2 2 1 2 1 6 4 3 2 3 1 1 1 2 2 1 1 1 3 2 5 1 1 1 1 4 3 4 2 2 2 2 5 1 3 2 1 2 2 4 1 3 1 4 1 1 3 1 4 3 3 2 2 2 2 1 2 1 2 2 2 3 4 1 6 1 1 1 2 3 1 4 2 3 2 3 3 1 2 1 3 2 1 1 1 5 1 2 2 4 1 1 1 1 2 3 2 1 1 2 2 1 3 1 1 1 2 3 2 1 1 2 1 1 1 1 4 2 1 3 1 3 2 2 2 1 4 1 4 3 2 1 2 5 4 2 1 2 2 2 1 1 3 3 3 2 2 2 3 3 3 1 3 1 1 1 1 1 1 1 2 3 3 1 2 1 1 5 3 1 3 1 1 3 1 1 3 3 2 1 2 1 1 3 2 2 1 1 1 2 2 3 3 5 2 2 1 2 1 1 2 1 3 2 1 1 2 2 1 1 3 1 1 1 1 4 5 1 3 3 4 4 1 2 2 3 2 3 2 1 2 1 1 1 2 4 2 2 3 2 2 4 1 2 4 2 2 1 1 1 2 3 1 2 1 2 2 2 5 1 1 1 2 3 4 2 2 3 1 2 2 1 1 3 1 2 1 5 3 1 3 1 2 2 1 3 3 1 3 2 1 1 4 1 2 2 1 3 2 2 3 2 1 3 4 2 2 2 1 4 1 3 4 2 4 2 1 2 4 1 2 2 4 4 1 2 1 1 3 2 2 2 1 3 1 2 2 2 1 1 1 2 1 2 1 1 1 2 2 1 3 3 3 1 1 2 1 1 2 1 1 3 1 2 3 3 5 1 1 1 1 1 2 2 1 1 1 2 2 1 4 1 2 2 3 2 2 4 4 2 4 4 1 1 2 5 1 4 2 2 3 1 2 3 5 1 1 1 1 1 2 2 1 2 3 4 3 1 4 1 1 2 4 2 2 1 2 6 1 2 1 1 2 1 2 2 2 2 1 2 1 1 1 3 2 2 4 2 4 1 2 1 2 1 3 3 1 1 3 1 1 3 1 1 6 2 1 4 1 2 1 1 1 3 3 1 2 2 1 1 2 2 3 3 2 2 1 2 1 2 5 1 3 2 4 3 2 1 2 2 3 1 1 2 2 1 2 3 3 1 3 1 2 2 1 5 4 5 3 2 1 2 7 3 1 2 2 1 4 1 1 2 1 3 2 3 1 2 2 2 1 1 1 1 2 1 2 1 3 2 3 2 1 2 3 3 2 2 3 1 2 1 3 2 2 1 3 3 3 7 3 4 2 1 3 1 2 2 2 3 1 3 1 2 2 1 1 2 3 1 2 3 1 3 1 1 1 1 2 4 1 1 2 1 2 1 4 3 4 1 3 1 1 2 1 5 3 5 5 2 1 1 1 2 1 1 1 4 1 1 4 1 1 1 2 2 5 1 3 2 1 2 2 2 1 1 2 2 1 3 1 1 3 2 3 3 8 6 1 5 1 3 1 1 5 2 2 2 2 2 1 1 1 2 3 1 2 1 1 2 3 3 1 2 1 3 2 1 3 1 1 2 1 3 1 2 1 3 1 2 1 2 1 2 2 3 1 2 2 2 3 2 1 4 2 1 1 1 1 3 2 3 6 1 1 2 2 1 1 2 1 2 3 1 2 1 3 1 1 1 2 2 4 4 2 1 2 3 2 2 3 2 1 1 1 1 3 1 1 3 1 1 3 2 3 3 1 2 5 3 3 2 1 3 3 2 2 5 2 1 2 5 2 2 2 5 2 2 2 1 2 1 1 2 2 2 1 2 2 2 3 2 1 2 2 1 4 2 1 1 3 1 1 1 2 3 1 1 1 1 1 1 5 3 1 4 3 1 2 4 2 2 3 1 1 1 1 1 1 1 1 1 1 2 1 1 4 3 2 4 2 4 1 3 1 5 1 1 1 4 3 1 2 1 2 2 3 3 3 1 2 1 2 1 3 2 1 1 1 2 1 5 1 2 3 1 2 1 3 1 5 2 1 3 1 1 2 1 5 1 1 1 1 2 2 1 1 2 1 4 1 1 5 2 2 1 2 1 1 3 1 1 2 2 2 2 2 1 3 2 4 1 5 1 2 4 1 1 2 3 1 2 2 1 2 1 1 2 2 5 1 2 3 2 4 2 1 1 1 1 2 1 1 4 1 3 1 6 6 1 2 1 6 2 4 3 2 4 2 1 2 2 5 1 2 2 3 2 2 2 1 1 3 2 4 3 2 3 2 3 3 1 3 2 1 1 3 4 4 3 2 2 4 1 1 4 2 5 4 3 2 4 2 1 3 1 3 2 3 1 4 1 1 2 1 1 3 2 1 1 2 1 2 1 2 2 1 2 2 1 3 3 3 1 3 1 1 4 1 1 2 5 1 2 1 2 1 2 5 3 1 1 1 3 2 2 1 2 7 1 1 3 1 2 4 2 6 2 1 3 1 5 4 2 2 1 1 2 3 3 2 3 2 2 2 3 1 2 2 1 1 1 1 2 2 2 2 4 2 1 1 1 3 2 1 1 1 2 1 5 3 1 2 1 3 2 3 4 1 2 1 3 1 2 2 3 1 1 2 3 2 5 2 1 5 4 1 1 3 1 1 2 3 1 2 1 3 1 1 2 3 3 2 1 1 2 2 3 1 2 3 3 1 2 1 2 2 2 2 1 2 2 2 4 8 3 1 1 1 2 2 1 3 1 1 2 1 2 3 1 1 1 3 2 2 2 1 2 2 2 2 1 5 3 3 1 4 2 1 1 3 2 2 1 2 1 2 7 4 4 3 3 1 1 2 5 1 3 2 1 3 1 1 1 3 2 5 2 3 1 3 1 1 1 4 2 2 3 1 2 2 1 2 2 2 2 5 1 1 2 2 4 3 1 3 2 1 1 1 2 2 1 3 1 1 2 2 2 1 1 2 3 1 3 1 2 1 1 1 5 1 3 1 3 1 3 2 2 4 1 1 1 1 3 2 1 4 2 1 4 2 1 3 1 3 1 1 4 2 4 2 3 1 2 3 3 3 1 2 2 4 1 3 2 3 4 3 2 1 3 3 2 2 4 1 1 3 2 2 2 2 2 3 1 2 1 1 1 2 1 1 2 4 1 2 2 2 1 2 3 2 2 2 1 1 2 2 1 4 1 1 3 3 1 3 2 3 2 3 1 2 1 1 3 2 2 3 4 1 2 3 1 1 1 1 2 1 3 1 3 3 2 2 2 1 2 1 1 2 1 1 1 3 1 4 2 2 1 1 2 1 1 2 2 1 1 3 1 2 1 3 1 2 2 2 1 1 1 3 3 3 2 3 1 1 1 1 2 2 1 2 3 2 2 3 1 1 2 4 1 1 2 2 2 2 1 3 1 3 2 2 1 1 2 1 2 2 2 1 2 1 1 2 4 1 1 2 2 2 1 2 3 1 3 2 1 3 3 2 3 4 2 2 2 1 4 1 1 1 4 1 1 1 1 3 2 1 5 1 3 1 4 4 1 4 2 3 1 2 2 2 1 3 1 1 1 2 1 1 2 2 4 1 3 3 1 2 1 1 1 7 1 6 1 1 2 2 2 4 2 2 1 3 1 2 2 1 1 2 1 4 1 3 4 1 2 2 2 1 1 2 4 3 2 1 5 3 3 1 1 3 1 2 2 3 4 1 2 2 2 4 4 3 2 4 3 2 1 2 1 2 1 4 2 1 1 3 1 3 4 4 1 4 4 1 3 2 2 2 5 3 3 3 3 2 1 2 3 1 3 1 2 1 2 2 2 4 2 2 2 3 1 5 1 2 3 1 2 1 3 2 3 3 3 2 2 2 1 1 4 6 1 2 3 2 2 3 1 3 2 3 2 4 2 3 1 2 2 2 2 1 1 3 2 1 3 2 1 2 2 2 4 2 2 2 1 4 2 1 1 1 2 3 4 4 1 2 3 5 2 2 1 1 4 1 3 2 3 2 3 1 1 3 4 2 2 2 3 2 1 2 1 2 3 4 4 3 1 4 1 1 2 3 1 3 1 2 2 1 1 2 1 1 1 1 2 4 1 2 1 1 4 2 2 4 1 2 1 3 2 2 2 2 3 4 2 1 2 2 2 1 3 1 3 2 2 2 3 3 2 5 1 3 1 2 4 1 2 3 2 1 2 2 2 1 1 1 1 2 1 2 2 2 1 3 2 3 2 2 3 3 2 1 2 3 2 2 3 4 5 3 2 2 3 2 1 1 3 2 3 1 3 1 1 1 1 3 2 2 1 2 1 2 1 2 2 1 2 3 1 1 2 1 2 3 3 4 2 1 2 1 1 2 4 4 3 1 2 4 2 2 1 1 1 2 1 2 3 2 3 1 2 4 3 1 2 1 4 5 2 1 1 2 3 2 3 3 3 4 1 3 1 3 3 2 1 1 1 4 2 1 3 3 3 1 1 3 4 4 1 1 2 3 2 4 3 1 1 2 2 3 3 2 1 3 2 4 2 3 1 1 3 3 2 1 1 1 1 4 1 2 3 2 4 1 2 2 3 8 1 2 1 2 2 1 1 3 3 2 2 1 1 1 3 4 2 1 1 2 4 4 3 1 1 1 2 2 2 2 1 2 2 1 2 3 1 1 1 1 2 1 1 1 2 2 1 2 1 2 1 2 1 2 1 2 3 1 2 1 2 4 2 1 2 3 6 2 1 1 1 1 1 1 2 2 3 1 3 2 2 1 2 1 1 2 1 2 3 3 2 2 3 1 2 1 2 3 3 4 1 3 2 3 3 4 1 2 1 2 3 1 3 2 1 3 2 3 3 2 2 4 2 1 1 2 1 2 3 2 1 1 2 2 1 4 4 2 1 1 3 1 2 3 2 1 3 2 1 3 1 1 3 1 2 3 3 3 1 1 2 2 3 2 1 2 5 1 1 1 3 2 1 1 3 1 4 1 1 3 1 1 2 1 2 1 2 2 3 2 5 1 3 2 1 3 1 3 2 3 2 2 3 2 1 2 1 2 1 2 1 3 2 1 3 1 3 3 1 2 1 1 1 1 4 1 2 1 3 1 2 2 2 1 2 1 1 2 2 1 3 1 1 1 2 2 4 1 1 2 2 1 2 1 2 1 1 1 4 4 1 1 1 3 1 2 2 1 1 1 5 1 1 1 3 2 2 2 1 5 5 1 1 4 2 3 2 2 5 2 1 1 1 1 2 1 3 2 2 6 4 1 1 1 1 2 3 2 1 3 2 2 3 2 2 1 4 1 2 2 4 3 3 1 2 3 3 3 1 4 5 2 2 3 1 2 3 1 2 1 1 2 1 1 4 1 6 3 1 1 2 1 2 1 3 2 2 1 1 1 2 1 1 2 2 3 2 2 1 3 2 1 2 2 2 3 2 1 1 3 4 2 2 2 1 1 2 3 1 3 1 2 3 1 2 1 3 3 2 1 1 4 1 1 1 2 1 3 2 3 2 1 2 1 4 2 1 2 2 4 2 1 4 3 2 1 4 2 1 3 3 3 2 2 2 4 1 1 1 1 2 2 1 2 5 1 1 1 2 1 1 2 4 5 3 1 1 1 3 2 1 2 5 3 1 3 4 3 1 1 2 3 3 1 1 3 4 1 3 6 4 1 2 1 4 1 3 1 1 2 6 1 1 2 2 1 1 2 1 1 1 1 2 2 2 3 1 1 2 2 2 2 3 1 3 1 2 3 4 1 4 2 2 2 3 1 2 3 4 1 1 1 1 2 2 1 2 2 1 4 1 2 1 3 4 1 3 3 2 3 1 1 4 5 2 2 2 1 2 1 2 3 2 1 1 1 1 2 2 3 1 3 2 1 3 1 2 1 1 2 5 2 1 2 1 1 2 1 2 1 4 2 3 2 3 3 2 3 1 4 1 1 2 1 2 1 3 1 1 2 2 2 2 2 2 3 1 1 2 3 1 2 1 2 3 1 2 3 2 3 3 3 3 3 2 5 1 4 2 2 4 3 2 2 1 2 1 1 3 2 2 2 2 2 2 1 3 2 1 3 1 2 2 2 1 1 2 3 3 1 1 1 1 4 3 2 1 3 2 1 1 2 3 2 4 3 3 5 1 1 1 1 2 1 1 1 1 5 3 3 1 3 3 3 2 3 2 4 2 4 4 2 3 3 2 2 3 2 4 3 2 4 2 3 2 1 1 1 1 2 1 1 1 3 2 3 2 1 1 2 1 3 1 2 1 2 2 2 5 1 1 1 3 1 2 1 2 2 1 2 2 2 1 3 1 2 1 1 2 4 3 2 4 4 1 4 1 3 1 2 1 1 3 1 2 1 4 3 3 1 4 1 1 2 1 2 2 2 2 1 4 2 1 2 1 4 2 2 1 1 2 3 1 2 3 1 2 3 2 3 1 1 1 2 3 1 1 2 1 1 1 3 2 2 1 1 2 1 3 1 7 1 3 5 1 4 2 2 2 2 1 2 3 4 2 4 1 1 2 1 1 1 2 2 2 1 1 1 3 1 2 2 4 2 2 2 2 2 1 1 1 1 1 1 1 1 1 1 1 2 1 1 1 4 2 1 1 3 1 1 1 1 1 1 1 1 3 3 2 1 1 1 1 1 1 1 2 2 1 4 1 1 2 2 3 3 1 1 1 2 1 3 1 1 2 2 3 1 2 1 3 2 1 2 2 3 3 3 2 2 2 1 2 1 3 2 2 3 1 2 2 4 1 2 1 1 2 2 1 2 1 1 1 1 1 2 2 2 3 1 1 4 2 2 1 2 1 4 1 1 1 1 1 2 5 1 3 2 1 3 2 1 3 1 5 1 2 2 1 2 2 2 2 3 2 4 4 1 3 2 2 2 2 2 2 1 2 2 1 3 4 5 4 1 1 2 1 3 1 3 4 1 2 2 1 1 1 3 2 1 2 1 1 2 3 3 3 2 1 3 1 1 1 2 3 2 1 1 5 3 2 2 2 2 2 2 2 1 4 2 1 2 1 2 3 3 2 1 3 1 1 1 1 1 2 1 2 2 1 1 2 1 4 3 3 2 2 3 1 2 4 2 4 4 1 2 2 1 1 2 1 1 1 3 2 3 1 6 1 3 2 1 3 2 4 2 2 1 2 3 1 2 2 4 5 2 1 1 1 1 2 4 6 2 2 1 3 2 4 2 3 1 1 4 1 1 4 4 4 2 2 1 2 2 5 3 1 1 2 4 2 1 1 2 2 2 3 2 2 1 1 2 1 1 2 3 2 2 3 1 2 1 3 1 2 2 1 1 1 1 1 1 2 1 2 1 3 2 2 1 1 1 4 2 2 1 2 3 5 4 5 2 1 2 2 1 1 1 2 1 1 1 3 1 2 3 1 1 2 4 3 1 1 2 3 3 3 1 3 5 1 2 3 2 1 1 2 1 1 3 3 2 2 2 2 1 2 2 3 2 2 1 1 3 2 2 2 1 1 2 1 1 5 1 2 1 4 1 1 4 1 2 5 1 1 2 1 3 1 1 3 1 1 2 1 3 4 3 3 1 1 1 3 2 1 4 2 1 1 3 2 1 1 2 1 1 2 2 2 3 3 1 2 2 2 1 1 1 1 1 2 5 2 2 3 2 2 3 1 2 3 1 1 1 1 1 3 2 2 2 1 1 1 1 1 2 1 1 2 2 4 2 2 1 3 4 1 4 2 1 1 2 1 1 4 2 4 1 1 1 2 1 1 1 3 2 2 1 2 1 2 2 1 2 3 1 1 1 2 2 4 2 1 3 2 8 2 1 1 2 1 1 1 2 1 2 1 1 2 3 4 3 1 2 2 1 1 1 2 2 2 3 1 2 2 1 1 1 1 1 2 1 4 2 1 4 2 3 2 3 1 3 1 1 3 1 4 1 1 1 1 2 2 2 4 1 1 2 1 3 1 3 1 1 4 1 2 2 1 3 2 1 5 2 1 2 1 1 1 2 2 2 1 2 1 2 1 2 5 1 5 1 2 1 3 1 3 1 1 2 3 4 2 2 2 3 3 1 2 3 1 1 2 1 2 4 2 1 1 1 1 1 2 1 3 2 1 3 1 3 5 1 1 1 2 1 4 4 2 4 2 2 1 2 2 1 1 3 2 1 1 2 2 2 3 2 1 1 1 1 2 2 2 1 1 4 2 1 2 3 3 2 1 3 1 2 2 1 2 3 1 3 2 3 3 3 1 1 2 1 1 2 2 1 2 2 3 6 1 1 4 1 2 1 4 1 2 2 5 4 3 2 2 1 2 2 1 2 1 1 1 3 1 4 2 1 2 3 1 3 3 5 1 1 1 1 2 2 2 3 1 4 3 2 3 1 1 3 3 2 2 1 2 2 4 2 2 4 1 3 3 2 1 1 2 1 2 3 3 1 1 1 2 1 2 3 1 1 3 1 1 3 1 2 4 2 2 2 4 3 4 1 3 4 4 1 3 1 3 1 5 2 1 2 3 2 4 2 2 3 1 2 2 2 1 3 4 2 1 1 1 3 3 2 2 2 2 2 2 1 1 1 1 2 2 1 3 2 2 1 1 3 2 1 1 2 4 2 2 2 1 1 3 1 1 1 2 7 3 2 3 3 2 4 1 1 4 1 1 1 2 2 4 1 5 4 2 1 3 1 3 1 1 1 3 3 3 2 1 4 3 1 2 1 1 2 1 1 2 4 3 2 2 1 2 2 1 4 1 3 1 1 2 1 1 1 2 2 2 1 1 2 2 2 2 1 2 4 1 1 1 1 2 2 2 1 3 3 3 1 1 1 1 1 1 1 1 2 2 1 1 2 1 2 1 1 1 2 3 2 1 3 2 2 4 1 1 2 1 2 3 3 4 2 2 1 1 4 1 1 1 1 1 3 1 4 1 1 4 1 1 2 3 5 6 2 4 1 1 3 1 4 2 1 1 2 3 1 1 2 2 1 1 3 4 1 2 2 1 3 1 3 5 2 3 1 2 3 1 1 2 5 1 3 1 2 1 3 3 2 2 3 2 2 2 1 3 3 2 2 3 3 3 2 2 1 3 2 2 2 3 8 2 2 3 2 2 1 1 2 1 2 1 1 2 1 2 1 1 2 1 2 1 5 3 3 1 1 2 3 1 1 1 1 3 4 6 1 2 1 1 2 4 1 2 2 1 6 3 1 3 3 1 1 2 1 2 1 4 1 1 3 1 4 4 1 2 3 3 4 2 1 4 2 1 2 2 2 3 2 1 2 5 2 1 1 1 1 3 2 9 4 1 1 2 1 2 2 3 2 2 3 3 3 1 1 4 3 2 4 2 2 2 3 1 4 2 3 4 2 1 2 2 4 2 2 3 3 2 2 2 1 2 1 1 3 4 4 1 2 3 1 3 3 2 1 3 1 2 2 1 1 1 2 3 1 1 1 3 1 1 2 1 1 3 3 2 2 4 1 2 2 2 1 1 1 2 4 2 3 2 1 1 2 3 2 2 1 3 1 2 1 3 2 4 4 3 2 1 2 1 1 1 2 2 1 2 3 3 1 1 1 3 1 4 1 1 2 1 1 1 1 1 1 1 5 1 3 2 1 2 3 3 3 2 2 2 3 2 1 3 4 2 1 3 1 3 1 5 2 4 1 1 4 3 3 1 2 1 2 3 1 2 1 5 3 1 1 2 1 5 1 1 5 3 1 4 1 1 2 2 2 3 3 1 3 1 1 1 1 2 3 2 2 2 3 4 2 2 2 1 2 2 2 2 1 1 1 3 2 1 2 1 1 2 1 2 2 1 3 3 3 1 3 2 4 1 3 2 2 1 1 2 3 1 1 3 2 2 1 2 3 2 1 4 2 2 3 2 3 2 5 2 4 2 2 3 2 2 3 3 1 2 2 2 1 2 1 4 1 2 3 3 2 5 1 1 2 2 2 4 1 3 2 1 1 5 4 7 2 2 2 1 3 1 1 2 2 1 2 3 1 2 1 2 1 4 1 2 1 1 1 4 2 3 1 3 3 3 1 2 2 1 1 3 3 2 4 1 4 1 3 1 1 2 2 2 5 3 1 6 7 3 2 2 1 2 1 1 3 1 1 3 2 3 2 2 1 3 2 2 1 4 2 1 2 2 2 2 3 2 1 1 2 1 4 5 3 2 2 1 1 3 4 3 2 4 5 5 1 1 1 2 1 1 3 1 2 1 3 2 1 2 1 1 2 1 2 1 4 1 2 2 1 1 1 1 2 1 1 4 4 1 2 1 2 4 2 4 2 1 2 3 2 1 2 2 1 2 2 1 2 1 2 1 2 3 2 1 2 3 1 1 1 4 2 1 1 1 1 2 2 4 1 2 3 2 2 4 2 1 6 1 1 1 1 2 2 1 3 5 3 1 2 2 1 2 3 2 3 1 3 1 1 1 2 1 2 1 1 2 1 2 2 1 1 1 1 2 1 3 1 1 1 1 3 1 4 3 2 3 4 1 1 1 3 1 1 1 4 2 1 1 6 2 3 1 1 2 2 1 2 2 1 4 2 2 3 1 2 1 2 1 3 3 1 2 1 1 3 3 2 3 3 1 2 3 3 2 1 1 3 2 3 2 2 1 1 1 3 2 3 2 4 2 3 3 2 1 2 1 4 2 1 3 2 2 2 1 4 3 1 2 1 2 1 3 1 2 3 1 1 2 2 3 1 2 3 1 1 2 4 3 1 1 2 1 2 1 4 3 1 2 1 1 1 2 4 1 2 1 1 2 2 3 3 1 1 3 2 2 1 3 3 2 4 2 3 4 3 1 1 2 1 2 2 3 1 4 4 4 4 1 6 5 6 3 3 3 6 4 1 2 1 4 1 2 2 1 4 5 6 2 1 4 1 1 1 1 1 1 1 1 3 2 2 1 2 1 1 1 1 1 2 3 1 2 1 3 2 1 1 2 2 2 2 7 3 2 6 1 2 1 1 1 2 3 2 4 3 1 4 1 1 1 2 6 1 2 2 6 4 2 1 2 1 1 2 2 1 1 5 1 3 2 1 1 2 2 1 3 2 3 2 1 2 1 3 4 1 4 3 3 1 1 1 3 5 2 2 1 2 1 2 1 1 3 1 2 1 2 1 4 1 1 2 1 1 1 3 2 2 1 3 1 2 2 2 1 2 3 2 2 3 1 3 1 2 1 2 1 1 2 3 2 2 4 1 2 2 1 2 2 3 2 2 3 1 2 1 2 2 1 2 1 3 4 4 2 2 2 2 1 2 3 1 4 6 2 2 1 1 1 2 5 2 2 1 6 2 1 1 2 3 3 2 1 1 4 3 1 1 1 2 3 1 1 2 3 3 1 1 2 1 3 1 2 3 1 2 1 1 3 3 2 1 2 1 4 2 3 1 1 2 1 2 5 1 3 2 3 3 2 3 3 2 1 5 1 2 3 1 2 1 1 3 1 4 3 2 2 2 4 1 1 1 4 2 6 1 1 2 3 2 1 3 1 2 1 3 2 2 1 3 6 1 4 2 1 2 1 1 1 6 2 4 2 2 2 1 1 1 1 2 2 3 4 1 2 3 2 2 1 1 1 1 4 3 2 4 1 1 4 2 3 1 6 1 3 3 1 2 7 5 1 2 3 3 3 3 3 2 1 3 2 4 2 2 1 2 4 3 3 2 2 2 2 1 1 2 3 2 4 1 2 1 1 1 4 2 1 3 2 1 1 3 1 1 1 2 1 1 1 3 2 2 3 3 2 1 2 3 6 4 1 1 1 2 1 2 2 2 1 1 1 1 3 1 5 1 2 1 3 2 5 2 2 3 4 1 2 1 1 2 2 2 1 1 2 2 2 2 3 3 4 1 4 2 1 1 2 1 1 1 2 1 4 
  #Test Small 38166
  #Test Medium 54544
  #Test Large 96991
