Board size [mm] 400x50

Stats side 1
  #Components with background 7
  #Components with points 87
  #Components nofly 4
  #Components notouch 0
  #Pins 31282
  #GNDs 406
  #VDDs 322
  #Clock 6
  #NoFly points 516
  #NoTouch points 0
  #Points [total] 32532

Stats side 2
  #Components with background 5
  #Components with points 90
  #Components nofly 1
  #Components notouch 3
  #Pins 31561
  #GNDs 963
  #VDDs 770
  #Clock 8
  #NoFly points 212
  #NoTouch points 414
  #Points [total] 33928

Stats board (side 1 + side 2)
  #Components with background 12
  #Components with points 177
  #Components nofly 5
  #Components notouch 3
  #Pins 62843
  #GNDs 1369
  #VDDs 1092
  #Clock 14
  #NoFly points 728
  #NoTouch points 414
  #Points [total] 66460
  #Nets 61455
    Net Size: 1369 1092 14 1 2 3 1 1 2 3 2 1 1 1 1 2 4 1 1 1 1 3 2 1 1 1 1 2 1 1 2 2 4 1 2 2 1 2 1 1 1 1 3 1 3 2 6 1 2 1 3 5 1 1 2 1 2 2 1 3 1 1 2 3 1 1 1 1 2 1 3 1 2 1 1 1 1 1 1 1 1 2 1 1 3 1 1 2 1 1 1 1 1 1 2 1 1 1 3 3 1 1 1 3 3 1 2 1 1 1 2 1 1 2 1 3 2 1 1 2 2 2 2 1 2 1 1 2 3 2 2 3 2 3 2 1 1 1 1 2 3 2 1 2 1 2 3 1 4 1 1 2 2 1 1 2 2 2 2 3 2 1 2 1 1 1 2 2 2 3 3 1 3 1 1 1 2 1 1 2 1 2 3 1 1 1 1 1 3 1 1 1 3 3 2 2 1 2 2 1 3 2 2 1 1 2 2 3 1 2 1 1 1 2 1 1 1 2 1 2 1 1 1 1 1 1 1 1 1 2 1 1 1 2 3 1 1 4 2 1 1 1 2 3 1 2 1 2 1 2 1 1 1 1 1 1 2 2 2 2 1 3 1 1 2 1 3 2 1 1 1 1 3 2 1 1 1 2 2 1 1 2 2 2 1 4 2 2 1 1 3 1 1 3 1 2 1 1 1 3 3 1 1 2 1 3 1 2 2 1 1 2 1 2 2 1 1 2 2 1 3 2 3 1 1 1 3 2 1 1 1 1 2 2 1 2 1 2 2 1 3 1 2 1 1 3 1 1 3 1 2 2 1 1 1 3 1 1 3 1 2 2 1 2 1 3 2 2 2 1 1 2 1 1 2 2 2 1 2 2 2 2 3 1 1 1 2 1 1 4 2 2 1 2 1 2 2 2 2 1 4 1 1 2 2 1 3 1 1 3 1 2 2 1 1 3 1 1 1 2 1 1 2 1 2 2 2 1 2 2 2 3 1 1 2 2 1 2 2 1 1 1 2 1 2 1 1 2 1 1 2 1 1 1 1 4 2 1 2 1 1 1 1 1 1 1 1 2 3 2 2 2 2 3 1 3 2 2 1 2 1 1 2 2 1 1 1 3 2 1 1 1 1 1 3 1 1 3 2 2 2 1 1 2 3 2 1 2 2 2 2 2 1 2 1 1 2 2 2 3 1 1 1 2 1 1 1 1 1 3 1 2 2 2 1 1 2 1 1 2 1 3 2 2 2 2 2 1 2 1 3 1 1 1 5 1 1 3 1 1 2 1 1 1 2 1 1 2 4 3 3 1 1 2 1 1 1 2 2 2 2 1 1 1 2 1 4 5 2 2 1 1 1 1 2 1 1 1 3 2 1 1 1 2 2 1 1 1 2 1 3 1 3 2 3 3 2 1 2 2 1 2 2 2 2 1 1 1 1 1 3 2 1 3 2 1 2 1 1 3 2 2 2 3 1 2 1 1 2 2 1 1 2 1 3 1 1 1 1 2 1 3 1 1 1 2 3 1 3 1 1 3 1 1 3 3 1 3 2 1 2 1 1 2 4 1 2 2 1 1 1 2 1 3 2 1 2 1 2 1 2 1 1 1 2 1 1 1 1 1 2 2 1 2 2 2 1 1 1 2 1 2 3 2 4 2 1 2 1 1 1 1 1 1 1 2 2 1 3 1 1 2 1 2 1 2 1 2 1 2 2 2 1 1 1 1 1 3 2 1 4 2 1 2 1 3 3 2 1 1 2 3 1 5 1 1 1 2 1 1 2 2 4 2 1 1 1 1 3 2 1 1 3 2 2 1 1 2 2 3 2 3 2 3 4 2 3 5 2 2 1 2 1 2 1 2 3 1 1 2 1 1 2 1 2 4 1 2 1 3 1 2 1 2 1 1 1 1 1 1 2 1 2 3 2 1 3 1 2 1 2 1 3 2 4 2 1 2 1 3 2 3 1 1 1 1 3 1 1 1 1 4 1 2 1 1 1 2 1 1 3 1 1 2 3 1 2 2 1 1 1 1 1 1 2 2 1 1 2 1 1 1 2 2 1 1 3 3 1 2 2 3 1 2 1 1 1 1 2 2 1 1 3 2 1 2 1 1 2 1 1 1 1 1 1 2 1 2 3 2 1 1 1 4 2 3 1 1 3 1 3 3 3 4 1 3 1 4 2 3 2 1 1 2 3 3 1 1 1 1 2 1 1 1 2 2 1 1 1 1 1 1 1 1 1 3 1 2 1 1 1 1 2 1 3 2 1 1 3 1 1 1 1 1 2 4 1 1 1 2 2 3 1 2 3 2 1 1 2 1 2 2 2 1 3 2 1 1 1 1 1 1 1 1 1 1 1 1 1 2 2 2 2 2 1 1 2 1 4 1 3 2 3 3 2 5 2 1 1 1 2 1 1 2 2 1 1 6 1 2 3 2 1 1 2 3 4 1 3 1 1 1 1 1 1 2 5 3 2 1 1 1 2 2 1 3 1 1 2 1 1 3 3 2 3 3 1 3 1 1 3 1 1 1 1 1 1 1 5 2 2 1 5 2 2 1 1 1 1 1 2 1 4 2 1 3 1 1 3 1 1 2 3 3 1 1 1 1 1 2 2 1 1 1 3 1 3 2 3 2 2 2 2 1 1 1 2 3 2 1 5 2 2 3 4 1 1 1 2 1 1 1 3 3 1 1 2 2 1 1 1 3 2 2 2 1 2 2 2 2 3 1 1 2 1 1 1 3 3 7 1 1 3 2 1 1 1 1 3 1 3 1 1 1 1 1 2 1 1 1 1 2 2 2 1 2 4 2 2 3 1 3 1 1 1 4 2 3 3 2 1 2 4 2 1 2 1 2 1 1 1 1 2 4 2 2 2 1 1 1 3 3 1 1 1 1 1 2 1 1 1 2 4 2 1 1 2 2 1 1 1 1 3 2 1 1 2 1 1 1 2 2 1 1 1 1 2 4 1 1 3 3 2 1 4 1 1 1 2 1 3 2 1 2 1 2 3 2 1 1 1 3 1 1 1 2 2 2 1 1 4 1 1 2 4 1 2 1 2 1 3 3 1 3 1 2 1 1 1 2 2 2 4 1 1 3 1 2 1 2 1 1 1 1 3 2 3 1 2 2 1 1 1 1 4 1 1 1 1 1 2 2 1 1 4 1 1 2 1 2 1 2 1 2 1 1 1 2 1 2 2 1 2 1 1 1 1 1 1 1 1 2 1 1 2 1 1 4 3 2 5 3 5 1 2 2 1 2 2 1 3 2 1 1 1 1 2 2 1 1 1 2 2 2 2 2 3 4 2 2 1 1 1 1 1 1 1 2 1 2 2 1 2 1 1 2 3 1 3 1 2 2 2 2 1 1 1 3 2 1 2 3 2 2 2 1 1 3 2 1 1 2 2 1 3 3 1 3 1 3 2 1 2 1 1 1 1 2 4 1 3 1 3 3 1 1 1 1 1 1 1 1 1 2 1 1 3 1 1 2 1 4 1 1 1 1 3 1 1 2 3 1 2 2 3 2 1 1 1 2 2 2 3 1 2 4 2 3 2 3 3 1 2 1 3 3 2 3 3 1 2 2 1 1 2 1 1 1 2 3 2 1 1 3 1 1 2 2 2 4 2 2 1 2 1 1 1 1 1 1 2 2 1 1 2 2 2 1 1 2 4 2 3 1 2 1 4 3 1 1 1 1 1 3 4 1 1 1 1 1 2 4 1 3 3 1 2 3 2 2 3 1 1 1 1 1 1 2 2 2 1 2 2 2 1 1 1 2 4 1 2 1 2 3 2 1 2 1 1 1 2 1 1 1 2 1 1 1 1 1 1 2 1 2 1 2 1 1 1 3 1 1 3 1 1 3 1 1 3 1 1 2 1 3 3 1 1 1 1 2 1 2 1 1 1 1 2 4 4 1 2 2 1 2 3 1 1 2 1 1 1 1 3 1 2 1 1 1 1 1 1 1 2 1 1 3 3 2 1 3 1 3 1 1 2 2 1 1 1 4 3 1 1 2 1 1 2 1 1 3 1 1 2 1 1 3 1 2 1 1 2 1 3 1 3 1 1 1 3 3 1 2 2 1 1 1 2 1 2 3 4 1 1 1 1 2 2 2 1 2 1 1 1 1 1 2 3 1 1 1 3 1 1 2 4 1 1 4 2 1 1 1 1 2 1 1 1 2 2 4 1 2 1 3 1 2 3 1 1 2 2 3 1 1 1 1 1 2 2 1 3 1 3 2 1 1 2 2 1 3 1 1 2 1 1 2 1 2 1 1 1 2 2 1 3 1 1 1 1 1 2 2 2 2 1 1 2 1 1 2 2 1 2 1 2 2 1 1 2 3 4 3 1 1 1 3 1 1 1 3 1 2 1 2 1 2 2 1 2 1 1 1 3 1 1 1 3 2 2 3 3 1 2 2 1 3 3 2 2 3 2 2 1 1 1 1 2 1 3 1 1 1 3 4 1 1 1 1 2 2 2 2 2 2 4 1 1 1 2 2 2 1 1 2 1 1 2 1 1 2 1 3 3 3 1 3 2 2 1 1 2 2 1 1 1 2 1 1 3 1 1 2 1 1 1 4 2 1 1 1 2 3 2 1 2 1 1 1 1 1 2 2 1 2 1 1 1 1 1 1 1 2 5 1 1 3 2 2 1 2 1 3 1 3 2 2 2 1 4 2 1 2 2 1 2 1 1 2 1 1 2 1 1 3 2 1 2 2 1 4 1 1 3 1 2 2 4 1 1 3 3 3 1 1 2 2 1 1 2 1 1 4 1 2 2 4 4 2 2 3 1 2 1 1 1 2 2 2 1 1 1 3 2 1 2 2 1 2 1 2 2 2 1 1 2 2 1 2 1 3 2 1 2 2 1 2 1 2 1 1 1 1 1 2 1 1 1 1 1 1 1 1 1 1 2 1 2 1 1 2 2 1 1 1 1 1 2 2 2 1 1 1 2 3 2 2 3 2 2 3 1 1 1 1 3 1 1 1 1 2 2 1 1 1 2 2 1 2 2 1 1 2 2 3 1 1 2 2 1 3 1 1 2 1 1 1 1 1 2 4 1 2 2 3 1 1 2 2 3 1 2 1 2 4 2 3 4 1 2 1 2 2 1 1 4 1 1 1 2 2 2 1 1 2 1 2 2 1 2 1 2 1 2 2 2 1 1 1 3 1 1 1 3 1 2 1 3 1 1 2 3 1 2 2 1 1 3 1 1 1 1 3 1 2 1 2 1 3 2 5 1 1 1 2 1 2 1 1 2 2 3 2 1 3 2 1 5 1 1 3 1 2 2 2 1 1 1 1 2 1 3 1 1 1 4 1 2 1 3 1 1 4 2 3 1 2 3 1 1 1 1 1 1 2 1 1 1 2 2 2 1 1 3 2 4 1 1 3 2 1 2 1 2 1 1 3 3 1 1 1 1 2 1 1 1 1 2 2 1 1 2 1 1 2 1 1 1 2 1 2 2 2 1 1 1 1 2 2 1 1 3 1 1 3 1 1 1 2 1 1 1 1 1 1 1 1 4 1 1 2 1 2 2 1 1 3 2 1 2 2 3 1 3 1 1 1 4 1 2 2 2 2 1 1 2 1 2 1 3 2 2 2 3 2 1 1 2 1 1 1 1 2 2 2 1 1 1 2 2 2 1 2 2 2 2 4 1 1 2 2 1 1 4 3 2 2 1 2 5 1 3 1 3 1 1 2 1 1 2 1 4 2 3 1 1 1 3 1 1 1 2 1 1 2 1 3 2 1 2 2 2 1 2 2 1 2 3 1 1 1 2 1 1 1 1 1 4 1 2 1 2 1 1 2 1 3 3 1 4 1 1 1 1 3 1 5 1 1 2 1 1 2 2 2 1 1 2 2 1 1 1 2 1 1 1 2 3 1 1 1 3 2 1 2 1 1 1 4 2 2 1 2 1 2 2 1 2 2 1 1 4 1 2 1 1 3 2 2 1 1 4 2 1 1 2 4 3 3 1 1 2 1 1 2 1 1 2 2 1 1 1 2 1 1 1 2 2 2 2 1 1 3 2 4 2 2 1 1 1 4 1 2 3 1 2 1 2 1 2 1 1 3 3 1 3 1 1 2 2 1 5 1 1 2 1 2 1 2 1 2 1 2 1 1 3 1 1 2 2 2 2 1 3 2 1 2 1 1 2 2 1 1 2 1 1 2 2 2 1 1 2 2 1 1 2 1 2 2 2 2 2 1 2 3 1 1 2 2 2 2 2 1 2 3 3 2 1 3 1 1 1 1 1 1 2 2 2 1 1 2 3 1 2 1 2 1 1 1 3 1 1 3 3 2 2 4 3 1 1 1 4 2 1 1 1 2 1 1 1 3 1 2 2 1 1 1 1 3 2 3 2 1 2 2 4 1 2 1 1 1 1 2 1 1 1 1 1 2 1 1 1 1 4 1 1 2 2 1 1 2 3 1 1 1 1 1 1 1 2 1 2 1 1 1 1 3 1 3 2 2 1 1 1 2 2 1 2 1 2 3 1 1 1 2 1 2 1 2 1 4 3 1 2 1 2 2 3 2 2 1 1 2 2 2 1 3 1 1 2 4 1 3 2 3 2 3 2 3 2 1 2 2 1 3 3 2 1 2 1 1 2 3 1 1 2 1 2 1 3 2 2 1 2 1 1 1 1 1 4 1 2 1 1 3 1 1 1 1 1 1 1 1 4 3 1 2 2 1 2 1 2 1 3 2 2 3 2 1 1 2 1 4 1 3 1 2 1 2 3 2 1 1 2 2 1 2 1 3 2 3 1 2 1 2 1 1 1 2 1 1 1 1 2 1 3 1 1 3 2 1 1 1 3 2 1 1 2 2 2 2 2 1 2 1 1 2 4 1 1 1 4 1 1 1 2 1 3 1 1 1 2 2 2 1 1 1 2 2 1 2 2 2 1 2 1 1 1 2 1 2 4 2 1 1 1 1 2 1 2 1 2 1 1 2 3 3 1 1 2 1 1 1 1 1 1 2 1 1 1 2 2 1 1 2 1 1 4 2 2 1 2 3 1 3 1 3 2 1 1 3 1 1 1 1 1 1 1 2 1 1 1 3 1 2 2 1 2 1 1 1 1 3 1 1 1 3 2 6 1 1 2 2 2 1 1 1 1 1 3 4 4 1 3 1 2 1 1 1 1 1 2 4 2 2 1 3 1 1 2 1 1 1 2 4 1 1 1 1 1 3 1 2 1 2 1 1 1 1 1 4 1 1 3 1 2 1 2 1 1 1 1 1 1 1 1 3 3 1 2 4 1 1 2 1 2 2 1 2 2 1 2 3 1 2 1 2 2 1 1 2 2 2 1 3 2 1 1 1 3 3 3 1 1 2 2 1 1 1 1 2 1 1 1 1 2 1 2 1 2 2 2 1 1 1 1 3 1 2 1 1 1 1 1 2 3 2 1 2 2 2 1 1 1 1 1 1 3 1 1 2 1 3 3 1 2 1 1 7 1 1 2 1 1 2 2 1 1 2 2 1 1 3 1 1 2 3 1 1 5 1 2 3 3 1 1 1 1 2 2 2 1 1 3 4 1 2 1 1 2 1 3 3 1 1 2 2 1 2 2 2 1 2 2 3 1 4 1 2 1 1 1 1 2 2 1 2 2 1 1 2 4 2 1 4 2 5 1 1 1 1 1 2 1 1 1 2 2 1 4 1 1 1 1 4 1 2 1 1 1 1 1 4 1 1 3 1 1 2 1 2 1 3 3 2 1 1 1 3 1 1 2 2 2 2 2 1 3 2 3 2 5 4 1 1 1 2 1 1 1 3 1 2 1 1 4 3 2 2 1 2 1 1 1 1 2 2 2 3 2 1 3 1 2 1 1 2 2 1 2 1 1 1 1 1 2 1 2 1 1 3 4 2 1 1 3 4 1 2 1 4 2 1 2 1 1 3 1 1 2 3 3 2 3 1 2 1 1 2 1 2 2 2 3 2 3 2 2 2 1 1 1 2 2 5 2 1 1 1 1 2 1 1 1 3 1 1 1 2 1 1 2 1 1 1 2 1 1 1 1 1 2 1 1 1 2 1 4 3 2 1 2 4 1 5 4 3 2 1 3 1 1 2 1 2 2 1 2 2 4 1 4 2 2 1 1 1 1 3 1 2 1 2 2 1 1 1 1 1 1 4 2 1 1 1 1 2 3 2 3 2 1 1 3 1 2 2 2 1 1 1 3 4 2 2 1 1 1 1 2 2 2 1 1 1 3 2 3 1 1 1 5 1 1 1 1 1 2 2 1 3 2 2 4 1 1 1 3 1 2 1 1 2 1 1 1 2 2 1 3 2 1 2 1 1 2 2 3 1 1 1 1 1 1 2 1 1 2 2 2 1 4 
  #Test Small 6013
  #Test Medium 11277
  #Test Large 14869
