Board size [mm] 200x150

Stats side 1
  #Components with background 18
  #Components with points 124
  #Components nofly 2
  #Components notouch 3
  #Pins 41489
  #GNDs 750
  #VDDs 513
  #Clock 11
  #NoFly points 240
  #NoTouch points 586
  #Points [total] 43589

Stats side 2
  #Components with background 15
  #Components with points 152
  #Components nofly 3
  #Components notouch 3
  #Pins 44978
  #GNDs 871
  #VDDs 782
  #Clock 23
  #NoFly points 488
  #NoTouch points 462
  #Points [total] 47604

Stats board (side 1 + side 2)
  #Components with background 33
  #Components with points 276
  #Components nofly 5
  #Components notouch 6
  #Pins 86467
  #GNDs 1621
  #VDDs 1295
  #Clock 34
  #NoFly points 728
  #NoTouch points 1048
  #Points [total] 91193
  #Nets 84907
    Net Size: 1621 1295 34 1 2 1 2 1 1 1 1 1 1 1 1 2 1 1 1 2 2 2 1 1 1 1 1 1 1 1 1 1 1 1 1 1 1 1 2 1 1 1 1 2 1 1 1 3 1 2 2 2 1 1 1 2 1 1 1 1 1 1 1 1 2 1 1 2 1 1 1 1 2 3 1 1 1 1 1 1 1 2 1 1 1 2 3 2 2 2 4 3 1 3 1 1 1 1 1 3 1 1 1 1 1 2 1 1 1 1 1 1 1 2 2 1 1 3 3 2 2 3 1 2 2 2 1 1 1 2 1 2 3 3 1 1 1 2 1 1 2 2 1 2 2 2 2 1 2 1 1 2 3 1 2 1 2 1 1 1 1 1 1 2 3 1 2 1 2 1 1 3 2 2 2 2 3 2 2 3 1 1 2 3 2 2 1 1 1 1 3 2 4 1 1 1 1 1 2 3 1 2 2 1 1 1 1 1 1 2 2 3 2 2 2 4 2 1 1 2 1 2 2 1 1 2 1 1 1 1 1 1 1 1 1 1 2 1 1 1 4 2 2 1 3 1 2 1 1 1 2 1 1 1 1 1 1 1 2 1 1 2 1 1 1 2 1 1 4 2 1 2 2 1 1 1 1 1 2 2 1 1 2 2 3 1 2 4 1 3 1 2 1 2 4 3 2 5 2 1 2 2 1 1 1 1 2 1 2 1 3 1 2 1 2 1 2 1 1 2 1 2 4 1 1 3 3 1 1 1 1 1 2 2 4 2 1 1 1 1 2 2 2 1 4 2 1 2 1 1 1 2 2 2 2 2 2 2 2 2 2 1 1 1 2 1 1 1 5 2 1 2 1 1 1 1 1 1 1 2 1 2 4 3 2 1 2 2 1 1 1 2 1 1 2 1 2 1 1 1 4 2 2 1 2 1 1 1 1 2 3 1 3 1 2 1 1 2 2 2 1 2 1 1 2 1 1 1 1 2 2 3 2 1 2 1 2 1 2 1 2 2 1 2 1 1 1 2 2 3 1 1 1 2 2 3 1 2 2 1 1 2 1 1 1 1 4 4 1 2 4 2 2 2 1 1 2 1 2 1 2 1 1 2 2 1 3 1 2 3 3 1 1 4 1 2 1 2 1 1 2 1 1 2 1 1 1 1 1 3 1 2 1 1 2 1 1 3 1 1 1 1 1 1 2 2 1 2 1 2 1 1 2 2 1 1 3 1 2 1 1 2 1 2 1 1 2 1 2 2 2 1 2 1 1 1 1 1 2 1 5 4 1 1 2 1 1 1 4 1 2 2 2 1 1 1 2 1 2 2 1 1 1 1 2 1 1 2 2 1 2 2 1 2 2 1 1 1 1 4 1 4 1 1 1 5 1 1 1 3 1 1 2 2 1 1 1 2 1 1 1 1 1 1 5 1 2 1 1 1 2 3 2 2 2 2 1 1 1 1 1 1 1 1 3 4 1 1 1 2 1 1 1 1 1 1 1 1 1 1 2 2 3 2 2 2 2 4 3 1 1 2 2 1 1 3 1 1 2 1 1 6 2 1 3 1 1 4 2 2 1 3 1 2 1 3 1 1 2 1 1 2 1 2 1 1 3 1 2 1 3 2 1 2 1 1 1 2 1 1 1 2 3 3 1 1 4 1 2 3 1 1 1 1 1 1 1 1 2 1 1 1 1 1 3 3 1 3 2 2 1 4 1 2 1 2 2 1 1 1 1 1 2 5 1 1 2 1 2 2 1 1 1 1 1 4 1 1 2 1 2 1 2 3 3 1 2 1 1 4 3 3 1 1 2 2 1 1 1 1 2 1 1 1 3 1 1 1 1 1 1 1 2 2 1 1 1 1 1 1 1 3 1 1 1 1 1 2 1 1 1 2 1 1 1 2 3 1 2 2 1 2 2 2 3 2 2 1 2 1 3 1 3 1 1 1 3 2 1 1 1 1 1 1 2 2 1 2 2 3 2 3 5 1 1 2 2 1 2 1 3 2 1 1 2 3 2 2 1 1 2 2 1 1 1 1 1 2 1 2 2 1 3 1 1 1 1 2 1 1 1 2 2 1 1 1 1 1 1 2 2 1 1 1 1 1 1 1 1 2 2 1 1 1 1 1 1 3 1 1 2 1 3 3 1 1 2 1 1 1 1 1 1 2 2 1 1 3 1 1 1 3 1 2 1 1 2 1 1 1 1 1 2 2 1 1 1 1 2 3 1 3 1 1 1 1 1 2 1 3 1 1 1 1 1 2 1 1 1 2 1 1 1 2 2 1 1 1 2 1 1 2 2 2 1 2 2 2 2 1 2 1 3 2 1 2 1 2 2 1 4 1 2 2 2 1 1 3 3 1 2 1 3 1 1 1 1 3 1 2 1 1 1 1 2 1 2 1 1 2 3 1 3 1 3 3 2 2 1 1 1 1 1 1 1 1 3 1 1 2 2 1 1 2 1 3 1 1 2 2 3 3 1 4 1 2 1 1 1 1 1 2 2 1 1 1 2 2 2 2 1 2 2 4 2 1 1 1 1 1 2 1 2 2 2 5 1 2 1 2 2 1 2 2 1 2 1 3 1 1 1 3 1 1 1 2 1 1 1 3 1 1 1 1 2 1 3 2 2 1 1 2 3 2 1 1 3 2 2 3 1 3 1 3 2 1 1 1 2 2 3 2 1 2 1 1 1 1 1 1 1 1 2 3 1 2 1 1 1 4 1 4 1 3 1 3 4 1 1 2 3 1 1 1 2 2 2 1 1 1 1 2 1 1 1 2 1 1 1 1 1 2 1 1 2 2 1 1 1 3 1 2 2 1 1 1 2 1 1 2 1 1 1 1 1 1 1 1 1 1 1 1 2 1 1 3 1 2 2 4 2 3 1 2 2 3 5 1 2 4 1 2 2 3 1 1 2 1 1 1 1 2 1 2 2 1 1 1 2 2 2 2 1 1 3 1 1 1 3 1 1 3 2 1 1 3 1 1 1 1 2 1 1 2 1 1 1 2 1 1 1 1 2 3 1 2 2 1 1 2 1 1 1 2 1 3 2 1 2 1 2 4 1 1 1 1 2 1 2 2 2 2 1 1 1 1 1 3 2 1 1 1 1 1 1 1 2 3 1 1 1 2 1 3 1 2 1 2 1 2 1 3 1 1 2 1 1 1 1 4 4 2 2 2 1 1 2 1 1 1 2 3 2 1 1 1 2 1 1 1 2 1 1 1 1 1 1 2 2 1 1 1 1 2 2 2 2 1 2 1 1 1 1 1 1 2 1 2 2 1 1 1 2 1 1 1 2 1 1 1 1 1 3 2 1 2 1 2 3 1 2 1 2 1 1 1 2 1 2 2 1 1 2 3 1 1 2 1 1 2 2 1 1 3 1 1 1 2 1 4 4 1 3 1 1 3 1 1 2 1 1 4 2 1 1 1 1 1 2 1 1 1 1 1 1 1 4 1 1 2 1 2 1 2 1 3 2 3 1 1 1 1 1 2 1 4 1 2 2 2 3 1 1 1 1 1 3 2 1 2 2 4 1 1 4 3 3 1 2 2 3 1 2 1 1 3 2 2 3 1 2 1 1 2 1 1 2 3 2 1 2 3 3 3 1 1 2 1 1 2 3 2 1 1 1 1 2 3 3 1 1 2 1 1 1 2 1 3 1 4 2 1 1 1 1 1 1 1 1 1 1 2 3 2 2 1 1 2 1 1 2 1 1 1 1 2 4 1 1 2 1 1 2 2 1 1 1 2 2 2 1 2 1 2 3 1 2 1 1 2 2 2 3 1 1 2 1 3 1 1 1 1 2 3 1 1 2 1 1 4 1 1 1 1 3 1 2 1 1 2 3 3 2 4 3 1 2 1 2 3 2 1 1 2 1 1 1 1 3 2 2 1 1 2 1 1 1 1 2 1 1 1 2 4 1 3 2 1 2 2 1 1 1 1 1 1 1 3 2 1 1 2 3 1 1 1 1 1 1 3 1 2 1 2 1 2 3 3 2 1 1 2 3 2 1 2 1 1 2 1 1 2 1 1 1 1 1 1 1 1 2 1 1 1 2 2 1 1 2 2 2 1 1 1 1 2 1 1 4 1 1 1 1 1 1 1 2 2 1 1 1 1 1 1 1 1 1 2 1 2 1 2 2 2 4 1 1 1 2 1 2 2 1 3 2 2 2 1 1 4 4 1 2 2 2 2 3 1 1 1 2 2 3 1 1 2 3 1 1 1 1 1 2 1 1 4 2 2 1 2 1 3 1 1 1 1 1 2 1 1 1 2 1 2 3 1 2 1 3 1 1 3 2 3 1 1 1 1 2 1 1 4 3 1 1 1 1 2 1 1 1 1 2 2 3 1 1 1 2 2 4 3 1 1 5 1 2 1 1 1 1 2 1 1 1 1 2 1 2 1 1 1 1 1 1 1 3 1 1 1 1 1 2 1 1 3 2 2 3 1 1 1 2 1 1 1 3 1 2 2 3 2 1 1 1 2 2 1 2 1 2 2 1 2 1 2 2 2 1 1 3 2 3 3 1 1 1 1 2 2 1 1 4 1 2 1 2 1 1 2 2 3 1 1 1 1 1 1 1 1 4 2 2 1 1 2 3 2 1 1 1 3 1 1 2 2 3 2 2 1 3 3 2 2 1 1 2 4 1 3 2 1 1 2 1 3 2 1 1 1 1 2 1 3 3 1 4 1 1 2 1 1 1 4 1 1 2 1 2 1 2 1 1 1 1 1 1 1 1 1 1 1 1 1 1 1 1 1 3 1 3 2 1 1 1 1 2 4 2 1 2 1 3 3 4 3 1 1 1 1 3 1 1 1 2 3 1 1 2 1 2 2 2 1 1 1 1 2 1 1 4 2 2 3 2 1 2 3 1 1 1 2 1 1 1 2 3 1 1 1 2 2 1 3 2 1 2 1 2 1 1 2 1 2 2 2 3 1 1 2 1 1 1 1 3 1 2 2 2 3 1 1 1 2 2 1 1 1 2 1 1 1 1 2 1 2 1 4 2 3 1 1 1 1 1 1 1 4 1 2 1 1 2 2 1 1 2 3 2 1 2 1 1 2 3 2 2 1 1 2 1 1 2 1 3 1 1 3 1 1 1 2 2 1 2 1 3 1 1 1 1 1 2 1 2 1 1 1 2 1 2 1 1 2 1 1 3 1 2 1 1 1 1 1 3 1 2 1 3 1 1 1 1 1 2 2 1 1 1 1 1 2 1 2 1 3 4 2 2 2 1 2 1 3 2 2 1 2 3 1 2 1 1 3 2 1 2 1 1 1 3 1 3 2 2 1 1 2 1 2 1 3 1 4 1 2 1 1 2 1 2 3 1 1 3 1 3 1 1 1 1 1 2 2 1 1 4 2 1 4 1 2 1 2 2 3 3 1 1 1 1 4 1 2 2 1 1 4 1 2 1 2 1 3 1 2 2 4 2 1 1 1 4 1 1 2 1 1 1 1 1 2 1 4 2 1 1 1 1 1 2 1 1 2 1 2 3 3 1 2 1 3 1 1 2 1 2 1 1 1 1 2 1 1 1 1 1 1 2 2 2 1 3 2 1 4 1 1 1 3 2 1 1 1 2 1 2 2 1 2 3 1 1 2 2 1 1 1 1 2 1 2 2 1 2 3 1 2 3 2 2 2 1 1 3 1 1 2 2 4 4 1 1 1 1 2 1 2 2 3 2 1 1 1 1 1 2 2 3 2 2 1 2 1 1 3 2 1 1 2 1 3 2 2 1 2 1 2 3 1 1 1 3 1 3 1 1 1 1 2 1 1 3 3 1 1 1 2 1 6 3 2 2 2 1 1 1 1 1 1 2 1 1 2 1 1 1 1 4 1 3 3 1 1 3 1 1 2 1 2 2 1 1 2 2 1 1 2 1 2 2 1 2 3 1 1 1 2 2 2 1 2 1 2 1 1 2 2 2 1 3 3 1 2 2 1 1 4 3 1 1 1 1 1 1 1 2 2 1 3 2 1 2 1 2 1 1 1 1 2 3 5 1 2 2 2 1 4 1 1 2 2 1 3 2 1 4 3 1 2 1 6 2 1 1 1 4 2 4 1 1 1 2 1 1 2 1 1 1 1 2 1 2 1 1 2 1 1 2 2 3 2 2 1 2 1 1 2 1 1 1 2 1 2 1 2 2 1 1 2 1 4 1 3 2 1 1 1 2 3 1 2 1 2 4 1 1 3 2 1 1 1 2 3 1 1 1 2 1 2 2 1 2 2 1 1 1 1 1 1 3 1 1 1 2 1 1 2 1 2 2 1 1 1 2 1 2 1 1 1 1 3 2 1 1 3 1 1 1 2 2 5 3 1 1 2 2 1 2 1 2 1 2 1 2 1 1 2 3 1 1 1 2 3 2 3 1 1 3 2 1 1 2 1 1 1 2 3 2 1 1 1 1 1 1 1 2 3 2 1 2 1 1 1 4 1 1 1 1 2 1 2 2 1 3 1 1 5 2 1 1 1 4 1 1 1 1 1 2 4 2 2 2 2 2 2 1 1 4 2 1 1 1 4 2 1 3 2 1 1 1 1 1 2 1 1 2 2 2 2 1 4 1 3 1 1 3 1 1 2 3 1 1 2 1 2 1 1 1 1 2 2 3 2 2 1 1 2 1 2 3 1 1 1 1 3 2 1 4 2 3 1 2 1 1 1 2 1 3 3 2 2 2 1 2 1 2 2 1 1 1 2 1 1 1 1 1 1 1 3 2 3 1 1 4 2 2 3 2 2 1 1 1 1 1 5 2 2 1 1 1 1 1 4 1 1 2 2 1 1 2 1 2 1 1 1 2 2 2 1 1 1 1 1 1 1 1 1 1 1 2 1 2 2 1 1 2 2 2 1 1 1 1 1 4 1 1 1 2 2 1 1 1 1 3 1 1 1 3 4 2 2 2 2 3 1 1 2 1 1 2 1 2 2 1 1 1 2 2 2 1 1 1 1 1 1 3 2 1 2 3 1 1 2 1 1 1 1 5 2 1 1 2 3 2 1 3 1 2 1 2 2 2 1 1 1 1 1 1 1 3 1 3 1 1 1 1 1 4 1 2 3 2 1 1 1 3 1 2 1 1 1 1 1 2 2 3 1 1 2 3 4 2 3 2 3 2 3 1 1 4 1 3 2 2 2 1 2 1 2 1 1 2 1 1 1 1 2 2 2 1 1 2 2 2 2 2 1 5 2 1 1 2 1 1 2 4 3 1 2 1 2 1 1 1 1 3 1 2 2 5 1 1 1 1 2 1 1 1 2 1 3 2 1 1 1 1 1 2 2 1 2 3 1 2 2 1 3 1 2 1 2 2 1 1 1 2 1 1 3 1 1 2 1 1 1 1 1 1 2 3 1 2 1 2 1 3 3 1 1 3 3 2 5 1 1 1 1 1 1 2 3 3 4 1 1 1 2 1 2 2 2 1 2 1 1 1 1 1 2 1 1 1 1 5 3 2 1 1 3 1 1 1 1 3 2 1 1 1 1 4 3 1 1 1 3 1 1 2 1 1 3 1 2 1 2 4 1 3 1 1 1 2 1 1 3 1 1 2 1 2 2 2 1 2 1 1 1 2 1 4 2 1 2 3 2 1 2 1 2 1 1 1 1 1 1 1 1 1 1 1 2 1 1 3 2 4 2 2 2 1 1 1 2 2 3 2 1 1 1 1 1 4 1 1 2 1 1 4 1 1 2 2 1 1 1 3 1 2 1 1 1 2 2 1 1 1 1 2 1 1 1 1 1 1 1 2 1 2 1 3 1 1 2 1 1 2 1 1 2 1 4 1 3 2 1 1 1 1 1 2 2 2 1 1 1 2 1 3 2 2 2 3 2 1 1 3 2 3 1 2 2 4 2 2 2 2 1 1 1 1 1 2 2 1 1 2 1 1 2 1 2 1 1 4 2 4 1 2 2 2 1 1 2 1 1 1 2 2 1 1 2 4 1 2 1 1 3 1 2 1 1 2 3 1 1 1 1 2 3 1 2 1 1 1 4 1 3 3 3 2 2 1 1 3 1 1 2 1 3 2 2 2 1 2 2 1 3 3 1 3 1 5 1 3 2 4 2 2 4 1 4 1 2 1 2 1 2 1 3 1 2 3 1 1 1 2 1 1 1 1 1 1 3 2 1 1 1 2 3 1 1 2 5 2 2 2 1 1 3 3 1 2 3 1 1 1 2 1 1 2 1 1 1 4 2 1 2 1 2 1 1 1 2 1 1 1 2 1 1 1 1 2 1 1 2 1 1 1 2 1 1 2 4 2 2 4 1 1 1 1 1 2 2 2 2 1 1 1 3 1 1 1 1 1 4 1 1 1 3 1 3 1 1 1 1 1 2 2 1 3 1 1 3 1 2 3 1 1 2 1 1 2 2 1 2 1 3 1 2 1 2 2 3 1 3 1 1 1 2 1 1 1 1 2 1 3 1 1 2 1 1 3 1 3 1 1 1 1 2 2 1 1 2 1 1 1 1 4 2 1 1 1 1 1 1 2 1 2 1 1 1 1 1 2 2 2 1 3 1 1 1 3 3 1 3 4 2 2 1 3 2 3 1 2 1 2 1 1 1 1 1 1 1 2 1 2 2 2 1 4 1 1 1 1 2 1 1 1 1 2 1 2 5 3 1 1 1 2 1 2 1 1 2 1 1 1 1 1 1 1 3 1 3 1 2 2 2 1 1 1 2 2 1 2 1 1 2 3 2 1 2 2 3 1 1 1 1 2 1 5 2 1 1 1 2 5 3 2 2 1 2 4 1 2 1 1 2 1 2 2 2 2 2 3 1 1 3 1 1 1 2 1 1 2 2 1 1 1 1 1 1 2 2 1 1 1 2 4 1 3 1 1 2 2 1 1 1 3 1 2 2 2 1 1 1 1 2 2 4 1 1 1 1 1 1 1 5 1 1 1 2 1 1 2 2 3 2 1 1 3 1 1 2 2 2 1 1 3 2 1 3 3 3 3 1 2 2 1 1 2 2 1 1 2 1 3 4 2 2 1 2 1 2 2 1 1 3 5 2 1 3 2 4 2 1 1 1 1 2 3 1 1 2 2 3 1 1 1 1 1 1 2 1 2 1 1 1 1 1 3 1 1 1 2 2 4 2 3 1 4 1 2 1 2 1 1 1 3 1 3 1 2 1 1 1 1 2 2 1 2 2 1 1 1 1 2 2 1 1 1 2 2 2 2 1 1 1 1 3 1 1 1 5 1 1 1 3 1 1 1 1 1 2 2 4 3 1 4 1 1 3 1 3 1 2 3 4 2 1 1 2 1 2 1 2 5 2 1 1 1 2 2 1 3 1 1 1 1 2 1 1 2 3 1 1 1 1 5 1 3 1 2 4 1 1 2 1 4 1 2 1 2 2 2 1 3 1 1 3 1 4 1 2 4 1 1 4 1 1 1 4 1 2 3 2 1 1 1 1 2 1 1 1 1 2 1 1 1 2 1 1 1 1 1 1 2 1 3 4 1 1 1 1 3 2 1 2 1 1 1 2 1 2 1 1 3 1 1 1 2 2 1 2 1 3 1 3 1 1 2 2 1 1 1 3 1 1 2 1 1 2 2 1 1 2 2 1 1 2 2 2 2 2 1 1 2 2 2 1 1 1 3 2 1 3 2 4 2 1 1 2 2 1 1 2 1 2 3 1 2 2 1 2 1 1 2 2 3 3 2 3 1 1 1 2 2 4 1 2 1 4 3 1 2 2 2 2 2 1 2 1 1 1 2 1 1 3 2 1 1 2 1 1 3 2 1 1 1 1 1 1 2 3 1 1 1 3 1 2 1 1 1 3 1 1 1 1 1 2 1 3 1 3 2 1 3 3 1 2 1 1 3 2 1 1 2 1 2 2 2 1 1 2 1 2 1 1 1 1 1 1 1 1 2 2 2 1 2 1 2 2 1 3 1 1 1 1 2 3 1 2 2 5 1 1 4 1 1 1 2 2 1 1 2 3 2 2 1 1 2 2 1 2 1 2 1 2 1 2 2 1 2 1 2 3 5 1 2 2 1 1 2 2 1 1 1 2 1 2 2 2 1 2 1 1 2 1 1 1 1 3 1 2 1 2 1 2 2 2 1 1 4 1 1 1 2 2 1 2 2 1 1 1 2 2 1 1 2 2 4 2 1 1 1 2 2 1 1 3 1 1 1 1 1 2 1 4 1 2 3 1 1 2 1 1 1 2 1 1 1 1 1 1 1 1 1 1 1 2 1 3 2 1 1 2 2 1 1 1 2 1 1 1 1 2 1 1 1 1 1 1 1 1 2 2 1 2 1 2 1 2 2 1 3 1 3 1 2 1 1 1 2 2 1 1 1 3 1 2 1 1 5 1 1 1 1 2 1 2 1 3 3 1 2 2 2 1 1 1 1 1 1 2 4 3 1 1 2 3 1 2 2 1 1 2 2 3 2 3 1 3 1 2 1 2 1 1 1 1 2 2 2 1 1 2 1 1 3 3 2 1 1 2 1 1 3 1 1 2 2 1 1 2 1 2 3 1 1 1 2 1 1 1 1 2 1 2 3 1 1 1 1 1 2 3 2 1 1 2 1 4 1 2 1 2 1 2 4 2 1 1 3 2 1 1 1 2 1 2 4 1 4 1 2 1 3 1 2 1 3 2 1 2 1 1 1 2 2 2 3 2 2 1 2 1 1 1 1 1 2 3 1 1 2 1 1 1 2 4 1 2 1 2 1 1 1 1 2 2 1 1 2 2 1 2 3 1 2 3 1 2 2 1 1 1 1 4 2 3 1 1 1 1 4 2 2 3 2 1 2 2 1 1 1 1 1 2 3 2 1 1 1 1 1 2 4 2 2 2 3 2 1 2 1 1 4 1 3 2 1 1 2 1 1 1 1 2 1 2 1 1 1 1 1 2 2 1 2 1 2 2 1 1 2 1 2 2 1 1 1 2 1 2 1 1 2 1 2 1 1 1 2 2 2 1 1 2 1 1 1 2 1 1 2 1 1 1 2 1 1 1 1 2 2 2 1 1 2 2 4 2 1 1 1 2 1 1 2 1 1 1 1 1 1 1 1 1 1 1 1 4 2 1 2 1 1 1 2 4 1 2 1 1 3 1 3 1 4 1 2 1 1 3 1 4 4 2 2 1 1 2 1 3 3 1 2 2 3 1 1 3 1 2 1 2 2 1 1 2 1 1 1 3 2 2 1 1 1 3 2 3 1 1 1 2 1 1 2 1 2 3 2 5 1 1 1 1 3 1 1 1 2 2 1 2 3 1 2 2 1 1 2 1 1 1 2 1 1 1 1 1 1 2 1 1 5 2 1 1 3 1 2 2 2 1 1 1 2 2 5 1 1 1 3 1 2 1 1 1 2 1 1 2 3 2 1 1 1 2 2 2 1 2 1 1 1 1 2 1 2 1 2 2 1 3 2 3 3 2 1 1 3 1 1 1 2 2 3 1 1 1 4 1 1 1 1 1 1 2 1 1 2 1 1 1 1 1 1 1 3 1 1 1 2 1 2 2 2 3 2 1 2 2 1 1 1 2 2 1 3 1 1 2 1 2 1 2 1 2 2 1 3 1 1 1 1 1 2 1 1 1 1 2 1 2 3 1 1 1 3 3 1 2 2 1 3 1 1 1 2 1 3 1 2 1 1 1 1 1 1 4 1 1 1 1 1 1 3 2 1 2 2 1 3 1 2 1 1 2 2 1 1 1 1 1 1 3 3 1 2 2 2 1 1 1 1 1 2 1 3 1 1 2 2 1 2 1 2 1 1 1 2 2 1 1 1 1 1 1 1 1 2 1 3 2 1 1 1 3 1 2 3 3 1 1 2 2 3 1 1 1 1 1 2 1 1 1 2 2 1 3 2 1 2 1 1 1 2 4 2 1 2 1 2 2 1 1 3 1 2 1 2 1 2 1 1 2 2 2 1 1 1 1 2 3 1 1 1 1 1 1 1 1 1 1 1 3 2 1 1 1 2 1 1 2 1 1 1 1 2 1 1 2 2 1 1 3 2 1 2 1 3 1 1 3 2 2 1 1 1 3 1 2 4 1 2 3 1 2 1 2 4 1 1 3 2 4 2 1 1 3 1 2 2 2 1 1 1 1 2 1 1 3 2 3 2 2 1 3 1 1 1 1 1 2 1 1 1 1 1 1 3 2 3 1 1 2 2 1 2 2 1 1 3 1 3 2 2 1 3 1 2 2 2 3 1 1 1 
  #Test Small 7308
  #Test Medium 13783
  #Test Large 21296
