Board size [mm] 125x75

Stats side 1
  #Components with background 13
  #Components with points 64
  #Components nofly 4
  #Components notouch 3
  #Pins 12259
  #GNDs 186
  #VDDs 217
  #Clock 6
  #NoFly points 590
  #NoTouch points 462
  #Points [total] 13720

Stats side 2
  #Components with background 22
  #Components with points 58
  #Components nofly 1
  #Components notouch 3
  #Pins 10673
  #GNDs 151
  #VDDs 120
  #Clock 6
  #NoFly points 212
  #NoTouch points 586
  #Points [total] 11748

Stats board (side 1 + side 2)
  #Components with background 35
  #Components with points 122
  #Components nofly 5
  #Components notouch 6
  #Pins 22932
  #GNDs 337
  #VDDs 337
  #Clock 12
  #NoFly points 802
  #NoTouch points 1048
  #Points [total] 25468
  #Nets 1461
    Net Size: 337 337 12 1 3 1 1 1 1 1 1 1 1 3 2 1 3 1 1 1 1 3 1 1 2 1 2 1 1 1 1 1 1 3 1 1 1 1 1 3 3 1 1 1 1 2 1 2 1 3 2 2 2 1 2 1 1 1 1 1 5 1 2 3 1 1 3 1 2 1 1 2 1 1 1 1 1 1 5 1 1 1 1 1 1 2 1 1 3 1 1 1 1 1 1 1 4 2 1 1 2 1 1 2 4 1 3 1 1 2 1 1 1 1 1 1 2 1 1 2 3 1 1 1 3 1 2 2 1 2 1 1 1 1 1 3 4 1 3 1 3 2 2 2 1 1 1 4 1 3 4 1 1 1 1 3 1 2 1 1 2 1 1 1 1 1 1 2 3 1 1 1 1 1 1 2 1 1 1 2 1 1 1 1 1 1 1 2 3 1 1 1 2 2 1 1 1 1 1 1 2 2 1 1 1 1 1 2 4 1 2 1 1 1 4 1 1 1 1 2 3 1 1 2 2 1 2 1 1 1 2 1 2 1 1 4 2 1 4 1 1 1 2 2 1 1 1 2 1 2 2 1 1 2 1 1 1 2 1 3 1 2 1 1 1 1 2 2 1 4 1 1 1 2 2 1 1 1 1 1 3 1 1 1 3 2 1 1 1 1 1 1 1 2 2 1 1 1 1 3 2 2 2 1 2 2 2 1 1 1 2 3 1 1 1 4 2 1 3 1 4 1 1 2 1 1 1 2 1 1 1 1 1 1 1 1 1 2 1 2 1 1 1 1 1 1 1 1 1 2 2 1 1 1 2 3 2 1 4 1 2 1 1 2 1 1 2 2 1 1 2 1 1 1 1 1 2 2 1 1 1 1 1 1 1 1 3 1 1 1 1 1 1 1 2 1 1 1 1 3 3 3 3 2 1 1 2 1 2 1 1 3 3 2 1 2 3 1 1 1 1 1 1 2 1 1 2 3 1 2 1 1 2 1 1 1 1 3 1 1 2 2 1 1 2 1 1 2 2 1 1 1 2 2 1 1 1 1 3 2 2 1 1 1 2 1 2 2 1 1 1 3 3 1 1 1 2 1 1 2 1 2 3 2 2 3 1 1 1 2 2 2 1 1 1 3 2 1 2 2 3 1 2 1 3 2 1 1 1 2 1 1 2 1 2 1 1 2 1 2 1 1 3 2 2 1 2 2 2 2 1 1 2 1 4 1 1 2 2 2 1 1 1 2 1 1 1 1 1 1 1 1 1 1 2 1 1 1 2 1 1 1 1 2 1 2 1 2 1 1 2 1 2 2 1 1 1 1 1 2 2 2 2 1 1 1 2 1 1 1 1 1 3 2 2 3 1 2 1 2 1 1 2 1 1 2 1 1 2 2 1 2 3 1 1 2 1 2 1 1 2 2 1 1 2 1 1 2 2 1 3 2 2 1 7 2 2 1 1 1 1 1 1 1 1 1 2 4 1 1 2 1 3 2 1 2 1 3 1 2 1 1 2 1 1 1 2 2 1 2 2 1 2 2 1 2 3 1 3 2 1 2 3 1 1 1 1 1 1 1 1 1 1 2 1 1 1 2 1 2 1 2 1 3 1 2 3 1 1 1 2 2 1 2 1 1 1 1 2 2 2 1 1 2 1 2 1 1 1 1 3 1 1 1 1 3 2 1 1 1 4 2 1 1 1 1 1 2 1 1 1 1 3 1 1 1 2 1 1 2 1 1 2 1 1 2 2 1 2 1 1 1 1 1 3 2 1 1 1 1 1 1 2 1 1 1 1 3 1 2 1 4 1 1 1 2 3 1 2 3 1 2 1 2 2 2 1 3 1 3 1 2 3 1 1 3 1 2 2 2 2 1 1 2 3 1 2 1 1 2 1 1 1 1 1 2 1 1 2 1 1 1 1 1 3 1 1 2 1 1 1 1 1 3 2 2 1 1 1 2 1 2 2 1 1 2 2 2 1 3 1 1 3 1 1 1 1 2 1 4 1 1 2 1 1 2 1 2 1 1 1 1 1 1 3 1 3 1 3 1 2 2 1 1 2 1 3 2 2 2 4 2 1 1 2 2 2 1 3 1 1 1 3 2 1 2 2 3 2 1 1 4 1 2 3 2 1 1 1 1 1 1 1 1 1 1 2 1 1 2 1 2 2 2 2 2 1 3 2 1 1 2 1 1 1 1 1 1 2 1 1 1 2 2 1 1 1 2 1 1 3 1 3 1 3 1 1 1 3 1 1 1 1 1 2 1 1 2 1 2 1 1 3 2 1 3 1 1 1 1 2 1 2 2 3 4 1 1 2 1 1 1 1 1 1 2 1 3 3 2 1 1 1 1 2 1 1 1 2 1 2 2 1 1 1 1 1 1 1 2 1 1 1 1 1 1 2 2 1 1 1 1 2 1 2 3 1 2 2 4 1 1 2 1 1 2 2 1 1 2 3 3 2 2 1 2 2 1 1 3 2 2 1 1 1 1 1 1 1 2 2 1 2 2 1 2 1 1 1 1 3 1 2 1 1 2 1 1 2 1 1 2 1 3 2 1 1 1 1 2 1 1 2 2 1 1 1 1 1 2 2 1 1 3 3 3 1 1 1 1 1 2 1 2 2 1 2 3 1 1 2 1 2 1 2 2 3 2 1 2 2 1 1 3 1 1 1 1 1 1 1 1 3 1 1 2 1 1 1 1 1 3 3 1 1 1 1 2 1 2 1 2 1 2 1 1 2 1 1 1 1 2 1 2 1 1 1 2 1 3 1 1 1 2 1 1 2 1 2 3 1 1 1 1 1 2 1 1 2 2 1 1 1 1 1 1 1 2 1 3 1 1 3 2 1 1 2 1 2 3 2 1 1 3 2 1 1 1 1 2 1 2 2 2 1 1 3 2 3 1 1 2 1 4 2 1 1 2 2 2 1 2 1 3 2 1 1 1 1 2 1 1 1 1 1 1 3 3 1 1 1 1 1 2 3 1 2 1 1 1 1 1 2 1 1 1 1 1 1 1 1 3 1 1 1 2 1 1 3 3 2 1 3 2 1 1 1 1 1 3 2 2 2 1 3 1 2 2 2 1 1 2 1 1 1 1 1 2 1 4 3 2 1 1 1 1 1 2 1 1 1 2 1 1 1 1 1 1 3 2 1 1 1 1 2 2 2 1 1 1 2 2 1 2 1 2 2 1 1 3 1 2 1 1 2 1 3 1 4 3 2 1 1 1 2 1 1 2 1 1 2 1 1 2 1 3 1 3 3 1 4 2 1 3 1 1 1 1 2 1 3 3 2 2 1 3 1 1 1 3 2 
  #Test Small 1550
  #Test Medium 4187
  #Test Large 5665
