Board size [mm] 125x175

Stats side 1
  #Components with background 15
  #Components with points 118
  #Components nofly 1
  #Components notouch 3
  #Pins 24797
  #GNDs 1141
  #VDDs 945
  #Clock 6
  #NoFly points 120
  #NoTouch points 572
  #Points [total] 27581

Stats side 2
  #Components with background 26
  #Components with points 107
  #Components nofly 3
  #Components notouch 2
  #Pins 27167
  #GNDs 1181
  #VDDs 925
  #Clock 8
  #NoFly points 562
  #NoTouch points 244
  #Points [total] 30087

Stats board (side 1 + side 2)
  #Components with background 41
  #Components with points 225
  #Components nofly 4
  #Components notouch 5
  #Pins 51964
  #GNDs 2322
  #VDDs 1870
  #Clock 14
  #NoFly points 682
  #NoTouch points 816
  #Points [total] 57668
  #Nets 2872
    Net Size: 2322 1870 14 2 2 2 1 1 1 6 5 1 3 1 1 1 2 1 1 2 2 1 2 3 2 2 1 1 2 2 1 1 2 1 3 3 1 4 2 1 1 2 3 3 1 1 4 2 4 1 2 1 1 3 1 1 1 1 2 2 4 3 3 1 2 1 1 1 1 1 1 1 1 2 1 1 3 1 3 1 1 2 4 1 1 2 1 3 2 2 3 4 1 4 1 2 4 1 1 1 1 1 1 1 2 2 2 2 1 1 2 1 1 2 2 1 1 3 1 2 2 3 1 1 5 1 1 2 1 2 3 3 5 2 2 2 1 2 1 1 2 1 1 2 1 2 3 1 1 1 2 1 2 3 3 3 1 1 4 2 3 2 2 1 5 3 1 2 3 2 2 1 2 1 1 1 1 2 1 3 1 1 2 1 1 1 1 2 2 2 3 1 3 2 4 3 1 4 5 2 1 2 1 1 2 1 3 2 3 1 1 2 2 2 1 1 1 2 1 2 2 1 1 1 2 4 2 2 1 2 1 2 1 2 2 2 1 2 1 1 4 1 1 2 2 3 1 3 1 1 1 1 1 1 3 1 3 2 4 1 1 1 2 1 1 2 3 2 1 3 2 3 6 3 1 2 2 1 2 1 2 1 1 3 2 1 1 3 1 3 1 4 2 1 1 1 2 2 1 2 2 5 1 2 1 1 1 2 4 2 1 1 1 2 1 1 1 1 2 1 2 1 1 2 4 2 1 3 2 3 1 1 2 1 1 3 3 1 2 3 1 2 1 1 3 1 2 1 2 3 5 3 1 2 2 2 3 2 1 1 1 1 1 1 1 1 1 3 2 1 2 1 1 1 1 1 3 1 1 1 2 1 1 1 1 2 2 1 1 1 4 4 1 4 3 3 2 1 2 1 1 4 1 3 3 2 1 2 1 1 2 1 2 1 1 1 3 3 1 2 1 1 2 1 3 1 1 2 1 2 1 2 3 1 1 1 4 1 2 2 4 2 3 3 1 1 2 3 1 1 4 2 2 5 1 1 2 2 3 6 2 1 1 1 2 3 2 2 3 1 2 2 2 1 2 1 1 1 2 1 2 1 2 1 1 4 1 1 3 2 1 1 2 1 1 3 2 1 2 1 2 1 1 2 4 1 2 3 3 2 2 2 4 2 2 2 1 1 1 1 2 1 2 1 2 4 3 1 1 2 1 1 2 2 2 1 1 1 1 1 1 1 2 1 3 3 1 4 2 1 1 2 3 1 1 1 3 2 2 2 1 1 2 2 2 1 1 2 2 1 2 3 4 2 4 2 3 1 1 4 1 3 1 1 3 2 2 1 6 2 1 1 2 3 1 1 1 1 3 2 2 1 1 1 2 1 3 1 2 1 1 2 2 2 1 1 2 1 1 1 1 1 3 1 2 1 1 6 1 1 2 1 4 1 1 1 1 1 1 1 2 2 1 1 1 1 2 2 3 2 2 4 4 1 1 1 1 1 1 1 1 1 1 1 1 3 2 3 2 1 1 2 2 2 2 1 4 1 3 1 1 1 2 1 1 1 1 1 1 1 4 2 2 2 2 1 2 2 1 1 2 2 2 1 2 2 1 3 1 3 3 1 2 3 1 1 4 2 1 2 1 1 1 3 1 2 1 1 2 1 3 2 1 1 1 4 1 1 3 4 1 2 2 3 2 2 1 1 2 3 1 3 2 2 2 2 1 4 2 3 1 3 3 3 2 1 1 2 3 1 2 1 3 1 4 1 2 4 1 2 1 2 1 2 2 3 1 1 1 1 1 1 1 1 2 1 1 2 1 1 2 1 2 2 1 2 2 3 1 3 3 2 1 1 4 2 3 1 1 4 2 1 4 1 3 1 3 1 3 1 3 1 1 1 2 1 2 1 2 2 1 2 2 2 2 1 2 1 1 1 1 1 2 2 2 1 2 1 1 4 2 1 2 1 3 2 1 2 2 1 2 2 1 3 1 1 1 2 1 1 1 1 1 3 1 1 1 1 2 2 1 1 2 1 2 1 1 1 2 3 1 3 3 2 1 2 1 3 1 1 4 4 1 1 1 1 4 4 2 2 1 4 6 4 1 2 1 1 1 3 3 1 2 2 2 2 2 3 1 3 2 2 3 2 1 2 3 1 1 3 1 1 1 3 3 3 3 1 1 2 1 2 2 2 2 1 1 2 1 1 1 3 1 5 2 2 1 3 1 3 1 1 3 1 3 2 3 2 1 2 1 2 1 1 1 2 2 1 2 2 3 1 1 2 1 2 2 2 5 2 1 2 3 1 1 2 1 1 2 1 1 1 3 1 2 2 1 2 3 1 3 1 1 2 2 1 1 1 1 2 2 1 1 1 2 6 1 2 2 1 2 1 1 1 3 2 1 2 1 1 2 1 3 1 1 1 2 1 2 1 2 1 7 4 1 2 2 3 3 3 1 1 1 1 1 1 4 5 1 2 3 1 3 1 1 4 1 1 1 1 1 1 3 1 2 1 1 3 1 3 1 3 1 3 1 3 3 1 4 5 1 1 1 1 1 1 2 1 1 3 2 1 1 1 2 1 2 1 1 3 1 2 1 1 3 1 1 1 2 1 1 2 2 3 2 1 2 1 2 1 2 2 1 2 3 2 2 1 1 2 1 3 1 2 2 3 1 3 1 1 2 3 3 1 5 1 4 1 3 3 1 4 1 1 1 5 1 1 1 1 2 1 2 1 3 1 2 5 4 1 1 1 2 1 1 3 2 1 2 1 3 1 1 1 1 2 1 1 1 2 2 3 1 1 3 2 3 1 1 3 5 4 1 2 1 1 2 1 2 2 2 2 2 1 3 5 1 1 1 2 2 2 1 2 2 1 2 2 1 2 2 3 2 3 2 2 1 3 3 2 4 2 1 1 2 2 2 2 1 2 1 1 3 2 1 3 1 2 1 3 4 1 1 2 1 3 1 3 1 1 1 1 1 2 2 4 2 3 3 1 1 2 3 1 2 1 1 1 1 2 1 1 2 1 1 1 2 1 1 2 3 1 2 1 1 2 3 2 2 2 1 6 3 2 1 3 2 2 1 1 2 1 2 2 1 2 1 1 2 1 1 2 1 2 2 2 3 2 1 2 1 4 1 1 1 2 1 2 2 3 1 1 1 1 3 2 1 2 3 1 1 1 1 3 1 1 2 1 1 1 3 2 3 2 1 2 1 3 1 2 1 1 2 1 1 2 1 2 2 3 3 2 1 2 1 1 4 2 4 1 2 4 2 3 2 2 1 2 2 2 2 2 2 2 3 2 2 5 1 3 3 5 3 2 1 3 1 1 4 2 1 4 2 3 2 1 3 1 1 1 1 4 1 2 1 2 2 4 2 1 1 4 1 3 1 1 2 2 3 3 1 1 1 4 1 3 1 1 1 2 1 2 1 2 1 2 1 2 1 2 3 1 1 1 1 1 2 1 3 1 1 1 1 3 1 3 2 1 2 2 3 1 2 2 1 1 1 2 3 2 2 1 3 2 2 1 1 2 2 2 1 1 1 5 2 2 2 1 1 2 3 3 2 1 5 1 2 2 1 1 2 1 4 3 1 3 1 1 3 2 3 1 1 1 1 3 3 2 2 3 1 1 3 1 2 3 1 1 1 2 4 1 2 3 2 2 2 2 1 2 1 1 6 1 2 1 2 2 1 1 2 2 3 2 2 4 3 2 3 2 2 1 2 1 1 1 1 2 1 1 1 3 3 2 3 6 1 2 4 3 2 2 1 1 1 1 2 2 1 1 1 3 1 1 1 1 1 3 4 1 3 1 4 1 1 1 1 1 2 1 2 3 1 2 2 1 1 1 1 2 1 1 1 1 1 2 2 4 1 2 3 2 1 2 3 1 4 1 1 2 1 2 1 2 1 3 2 3 3 2 2 3 2 2 1 1 2 4 2 2 1 1 3 1 3 2 1 1 2 1 3 2 1 2 3 3 1 1 3 1 2 1 1 2 2 2 3 3 1 2 1 2 4 1 1 4 1 1 1 1 1 2 1 2 1 1 2 2 2 2 2 1 2 1 1 1 4 3 1 3 4 3 2 1 3 2 2 2 1 3 1 1 1 1 2 1 2 4 1 1 2 1 1 2 3 1 2 3 1 3 2 1 1 4 3 1 2 1 2 3 2 1 2 1 1 1 2 4 1 2 2 2 1 1 4 1 1 2 1 1 2 2 3 1 1 2 2 1 2 1 1 2 1 3 2 2 4 1 1 3 1 1 2 2 1 2 1 4 3 3 1 2 1 1 1 1 1 3 2 1 2 1 2 1 1 3 2 1 3 1 1 2 4 1 3 1 2 1 1 1 1 2 1 3 2 1 1 1 3 2 1 3 3 2 1 1 3 1 1 1 3 1 1 1 2 3 1 2 2 8 1 1 1 3 1 1 2 3 2 1 2 2 3 2 4 4 2 2 1 2 1 2 2 4 3 2 2 1 1 2 2 2 2 2 4 2 1 3 1 1 1 2 1 1 1 2 1 1 2 1 2 5 2 1 3 1 1 1 1 2 3 1 1 2 1 1 1 1 2 2 2 1 1 1 1 1 2 1 2 1 1 2 1 1 1 3 1 1 2 1 1 4 1 2 1 1 2 1 3 2 2 5 3 3 1 1 2 1 2 1 1 2 1 3 2 1 3 4 1 1 3 1 2 3 1 2 1 2 1 2 1 1 2 3 1 2 2 2 2 1 2 1 2 1 2 2 2 4 5 1 1 2 1 4 1 2 2 2 2 2 1 2 2 1 1 1 1 1 1 1 2 1 1 3 2 4 2 3 1 1 2 3 2 2 1 1 4 2 2 2 1 1 2 2 1 1 1 2 5 1 3 1 5 2 2 2 3 2 2 1 1 2 1 1 1 1 2 2 3 3 1 3 3 4 1 1 2 4 1 2 3 4 1 4 4 2 2 2 2 1 2 1 2 1 1 2 1 2 1 1 1 2 2 3 1 1 2 2 2 1 1 2 1 2 1 1 1 1 2 1 2 2 1 1 1 1 1 2 6 1 3 3 4 1 4 1 2 2 4 1 4 3 1 1 1 4 1 2 2 1 3 1 1 2 1 1 2 1 2 1 1 1 3 2 2 3 2 2 1 1 1 1 1 1 3 3 1 1 3 2 2 1 2 3 2 1 1 2 1 2 1 1 3 1 2 1 2 1 1 1 3 2 4 4 4 2 2 3 5 2 1 1 2 1 1 1 2 1 1 2 3 2 2 2 1 1 1 5 4 2 2 1 1 3 1 1 2 1 1 1 1 3 1 1 2 2 1 3 3 2 4 1 1 1 2 2 1 1 1 1 2 2 1 2 1 2 1 2 2 1 1 3 2 3 2 1 1 1 2 2 1 1 1 3 4 1 3 2 1 2 2 2 2 2 1 1 1 2 1 2 2 3 2 1 2 2 1 2 4 1 1 1 1 3 1 2 4 1 1 1 2 2 1 1 1 3 4 1 2 2 1 2 1 1 2 1 2 2 2 3 1 2 1 1 1 1 1 2 1 3 3 3 2 1 1 5 1 1 1 1 1 3 1 2 2 3 5 1 3 2 1 1 1 3 4 2 2 1 1 2 3 2 1 4 1 2 2 1 4 3 1 1 1 2 3 1 1 1 2 2 2 2 2 1 2 1 3 2 2 2 1 1 1 1 3 1 3 4 3 2 4 2 2 1 2 3 1 1 1 2 2 2 3 1 4 1 2 2 1 1 3 1 4 1 2 4 2 1 2 1 1 1 2 3 2 1 2 1 1 2 3 1 2 2 1 2 1 1 2 2 2 1 1 2 3 6 1 3 1 2 1 1 2 2 2 1 3 1 3 2 1 1 2 3 2 1 1 1 3 1 1 3 2 3 1 2 2 3 1 1 2 1 2 2 1 4 3 2 1 4 1 1 2 2 3 1 1 1 1 1 1 1 4 2 1 3 2 1 2 3 1 3 1 2 3 2 3 2 3 3 1 1 1 2 1 1 1 2 3 1 1 1 1 1 1 2 2 1 1 1 3 2 1 1 1 2 1 1 1 4 1 4 1 1 3 1 3 2 1 4 2 2 2 2 1 2 2 1 3 1 3 1 2 2 3 2 2 3 1 2 1 3 3 2 2 1 2 1 2 2 4 3 4 2 1 1 1 1 1 1 1 1 2 1 1 2 3 1 1 1 1 2 1 1 3 2 1 1 1 1 3 2 1 4 2 3 2 1 1 2 2 1 2 1 1 2 1 2 5 1 1 2 1 2 5 1 4 1 3 2 1 1 4 4 1 3 2 2 1 1 2 1 1 3 3 1 1 2 2 3 2 1 2 1 3 1 1 2 1 2 2 2 2 2 1 3 2 3 1 1 1 2 1 4 1 4 1 1 1 1 3 1 1 1 1 1 4 3 1 3 1 2 1 1 2 1 1 1 2 2 3 2 1 2 1 1 1 2 1 2 3 1 1 2 2 1 4 1 1 2 1 1 
  #Test Small 3740
  #Test Medium 7254
  #Test Large 13236
