Board size [mm] 400x400

Stats side 1
  #Components with background 105
  #Components with points 749
  #Components nofly 6
  #Components notouch 6
  #Pins 217944
  #GNDs 5084
  #VDDs 4178
  #Clock 85
  #NoFly points 940
  #NoTouch points 1048
  #Points [total] 229279

Stats side 2
  #Components with background 101
  #Components with points 850
  #Components nofly 0
  #Components notouch 0
  #Pins 222574
  #GNDs 5619
  #VDDs 4608
  #Clock 107
  #NoFly points 0
  #NoTouch points 0
  #Points [total] 232908

Stats board (side 1 + side 2)
  #Components with background 206
  #Components with points 1599
  #Components nofly 6
  #Components notouch 6
  #Pins 440518
  #GNDs 10703
  #VDDs 8786
  #Clock 192
  #NoFly points 940
  #NoTouch points 1048
  #Points [total] 462187
  #Nets 425571
    Net Size: 10703 8786 192 1 1 1 2 2 2 2 2 2 2 1 1 2 1 3 1 1 1 1 1 2 3 1 1 1 1 2 2 2 1 1 2 1 2 1 2 3 3 1 1 3 2 3 2 2 1 1 1 2 2 3 1 2 4 1 1 1 1 2 3 1 1 2 3 1 2 1 2 1 1 1 5 1 1 1 1 4 1 1 1 1 1 3 1 1 1 1 1 3 1 1 2 2 2 1 2 3 2 1 2 2 3 2 2 2 2 2 3 1 4 1 1 1 3 1 3 2 1 1 1 1 1 2 1 4 3 3 1 1 2 1 1 1 3 1 1 1 2 1 1 5 2 2 2 1 2 3 3 2 2 2 2 2 1 2 1 1 1 2 1 2 1 1 1 1 3 2 2 3 4 1 1 1 1 1 3 1 1 3 1 2 1 1 1 2 1 3 4 1 1 2 1 3 2 1 2 1 1 3 1 2 1 1 1 2 2 2 1 1 2 2 1 1 2 1 1 4 1 1 1 1 1 1 1 1 1 1 2 1 1 1 1 2 1 1 2 1 1 2 1 1 2 1 2 1 1 1 1 1 3 1 1 1 1 2 1 1 1 1 2 1 1 3 1 3 2 2 3 1 3 1 2 1 1 1 2 2 3 2 2 2 1 1 3 2 3 1 1 1 2 1 1 1 2 1 1 2 3 1 3 2 2 1 1 1 1 1 1 3 2 3 1 3 2 2 1 3 1 1 1 2 1 2 1 1 1 1 1 1 1 1 3 1 1 1 1 2 1 1 1 2 1 1 2 1 1 1 2 1 2 1 1 1 1 6 2 1 1 1 1 1 1 1 2 1 2 2 3 2 1 1 2 2 1 1 2 2 3 1 1 2 1 1 2 1 1 1 1 1 1 1 1 1 1 2 2 1 2 3 1 1 1 2 1 2 2 1 1 2 1 2 1 2 2 1 1 1 1 1 4 1 1 1 3 1 1 1 2 1 1 1 1 2 1 1 2 1 2 1 1 2 2 4 1 1 2 3 2 1 3 1 1 3 1 1 3 1 2 1 2 1 3 1 3 2 1 4 3 2 3 1 1 1 1 1 2 1 3 2 2 1 2 1 2 1 1 1 2 2 1 2 1 1 5 3 4 1 1 1 2 1 2 4 1 1 2 2 3 1 2 1 1 1 3 1 1 1 3 1 1 1 2 2 1 2 1 1 1 2 2 1 2 2 1 1 1 3 4 1 1 2 2 1 1 1 1 1 3 2 1 1 1 2 1 4 1 1 1 2 3 1 3 1 1 1 1 1 1 1 2 1 3 3 1 2 1 2 3 3 3 2 1 2 1 3 1 1 3 1 1 1 2 1 1 1 1 4 4 4 1 1 1 1 1 1 2 1 3 2 1 1 2 4 2 1 2 1 1 1 1 1 2 1 1 4 1 2 1 1 1 1 1 2 2 1 2 1 2 1 2 3 1 2 2 1 1 1 3 1 1 1 1 2 1 2 1 2 1 3 1 1 1 1 1 3 1 2 2 2 1 1 1 1 1 1 2 2 1 1 1 1 2 4 1 3 2 2 1 1 2 1 2 1 1 1 2 2 1 2 2 2 2 4 1 2 1 2 2 1 1 4 1 2 5 1 5 1 1 2 1 2 2 1 1 1 1 2 1 1 3 1 2 2 1 1 1 3 1 2 2 1 1 1 1 2 1 1 1 1 1 1 1 6 2 1 3 2 1 2 1 2 2 2 1 2 2 2 3 2 1 1 1 1 1 2 2 1 4 1 2 2 1 1 1 3 2 4 2 2 2 1 1 2 1 2 1 2 3 2 1 1 4 2 2 1 2 1 3 1 1 1 1 1 2 3 1 1 2 2 1 1 1 1 1 1 3 1 1 2 2 2 1 1 2 2 1 1 1 1 2 2 1 2 2 1 2 1 2 1 4 1 2 1 1 1 1 2 2 2 2 1 1 3 1 1 1 1 1 2 1 1 1 4 3 1 1 2 2 2 2 1 1 1 1 2 1 2 1 1 3 1 1 4 1 1 2 1 1 2 2 1 1 1 1 2 1 2 1 1 1 4 2 1 3 1 1 1 2 1 1 1 2 2 2 1 1 1 3 3 1 1 1 3 2 1 2 3 3 1 2 1 1 1 1 1 4 2 1 1 1 2 1 1 2 2 1 1 1 1 1 1 1 2 1 2 1 2 1 1 3 1 4 2 1 1 3 1 1 1 1 1 1 3 1 1 1 1 1 1 1 2 2 1 3 1 1 1 2 5 1 1 1 1 3 2 3 3 2 1 1 1 2 2 1 1 2 1 1 1 2 1 2 1 3 2 1 1 1 2 2 2 2 2 2 2 4 1 2 1 2 2 1 2 1 2 1 1 3 1 1 2 3 2 2 1 1 1 1 1 1 2 2 2 1 2 2 1 1 3 1 2 2 1 1 2 3 2 1 1 2 1 2 1 2 5 1 4 2 4 1 3 2 2 1 1 2 1 1 1 1 1 1 1 1 2 1 2 1 1 3 2 2 1 1 1 5 4 1 2 2 1 2 1 2 2 2 2 2 4 2 2 3 3 1 1 1 1 1 1 2 1 3 1 1 1 1 1 2 1 4 1 1 1 3 1 1 1 1 1 1 1 1 1 2 1 2 1 1 2 1 2 1 1 2 2 2 1 1 2 2 1 2 1 1 2 2 1 1 2 1 1 1 1 2 1 2 1 1 1 1 2 2 1 1 1 1 1 2 1 2 1 2 1 3 1 1 1 2 1 2 2 1 1 1 2 1 2 2 1 1 1 2 1 1 1 1 1 1 2 1 1 2 2 1 4 2 1 1 2 2 1 3 1 1 3 1 1 2 3 1 1 1 1 2 2 4 2 3 1 1 2 1 2 3 2 1 2 1 2 1 2 2 3 1 1 1 1 2 3 3 2 1 1 1 3 1 1 2 2 1 2 2 2 2 2 1 2 1 2 2 3 3 2 3 1 3 2 1 2 2 2 1 1 2 1 1 4 1 3 1 1 2 1 1 1 1 2 1 3 2 3 1 2 1 1 2 1 4 1 1 2 1 1 1 2 3 1 1 1 1 1 1 1 1 1 1 3 2 2 1 1 1 1 1 1 1 2 1 2 1 3 2 1 2 1 1 1 1 1 1 1 1 2 2 1 2 2 1 1 2 1 1 1 1 3 2 2 2 3 1 1 1 2 1 2 1 1 1 1 2 3 1 2 2 1 2 1 1 1 1 2 2 1 3 2 1 1 1 2 3 2 1 1 2 2 1 1 1 1 1 2 1 1 3 1 1 1 1 1 2 4 1 1 3 1 1 2 1 1 2 1 1 1 1 2 1 1 1 1 1 2 2 1 2 3 2 3 1 4 1 1 4 2 1 2 2 1 3 1 2 2 1 3 2 3 1 2 2 2 1 1 1 2 2 1 1 1 3 5 2 2 1 1 2 1 2 2 1 1 1 1 1 1 1 2 3 1 1 1 1 1 2 1 1 1 1 2 1 2 1 2 3 2 1 3 1 1 1 1 1 4 1 1 3 1 1 1 1 2 4 1 2 1 1 1 1 1 1 1 3 2 1 2 1 1 1 1 1 2 2 1 2 2 1 2 3 6 2 4 1 2 1 1 2 1 3 3 1 2 2 4 2 1 1 1 1 3 1 1 1 3 2 4 3 2 1 4 2 1 1 1 1 2 1 4 1 1 1 1 3 1 2 2 1 2 4 1 4 2 1 1 1 1 1 1 1 2 2 1 2 2 1 3 1 2 1 3 2 1 4 1 1 1 3 1 1 2 2 1 1 3 2 1 1 2 2 2 4 1 4 1 1 1 1 3 1 3 2 1 3 1 1 2 1 1 1 1 1 1 1 1 1 1 2 1 4 2 1 2 2 3 1 1 3 1 3 1 3 1 2 1 2 3 3 3 1 1 1 2 1 3 3 1 1 1 1 1 1 2 4 1 1 2 1 2 2 1 3 1 1 1 2 2 1 1 1 1 1 1 1 3 2 1 1 1 1 2 2 2 1 2 1 3 2 1 2 2 2 2 2 1 1 1 1 1 1 1 1 1 2 2 1 2 2 2 2 1 2 2 3 3 1 1 5 2 2 2 1 3 1 3 2 1 3 1 1 1 1 2 1 4 1 3 2 2 1 4 1 4 1 1 1 1 1 3 3 2 1 1 1 2 3 1 1 1 1 1 1 1 1 3 2 2 1 1 2 2 2 2 2 2 4 1 2 1 3 1 2 2 4 1 1 2 1 2 2 1 1 1 2 1 1 1 1 1 2 1 2 3 1 1 1 2 1 2 1 1 2 1 2 2 2 1 1 1 1 3 3 2 4 1 2 1 1 2 1 3 2 1 2 3 2 3 1 1 1 1 3 2 1 1 2 2 1 1 2 1 1 1 1 2 1 4 1 1 1 1 2 1 1 1 4 1 2 1 1 3 2 1 3 1 1 1 4 1 2 2 1 2 1 1 2 1 1 1 1 1 2 1 3 1 3 2 2 4 5 2 1 1 2 1 4 1 2 2 1 1 1 1 2 3 2 4 1 3 1 1 1 1 1 1 2 1 1 1 1 2 2 2 2 2 1 2 1 2 1 1 1 1 1 1 1 1 1 1 1 1 1 2 2 1 2 1 2 3 1 3 1 2 4 2 1 2 3 1 2 1 1 1 2 3 1 1 2 1 1 2 1 1 1 1 2 3 1 2 2 3 1 2 3 1 3 1 1 2 2 1 2 1 3 1 1 1 2 4 1 1 1 1 1 3 1 2 4 1 1 3 1 1 1 3 1 1 2 1 1 1 3 2 1 1 2 2 1 2 1 2 2 1 2 1 1 2 1 2 4 1 1 1 1 1 1 3 1 1 1 2 2 1 1 1 2 2 2 2 2 1 1 1 2 3 2 2 2 3 2 1 2 1 4 1 2 2 1 2 1 1 2 2 1 1 2 1 3 2 1 1 2 2 3 1 1 2 1 2 2 2 2 2 2 1 1 1 2 4 3 1 1 1 2 2 2 3 1 1 2 1 2 1 1 1 3 2 3 2 4 4 1 3 1 1 1 2 1 2 5 4 2 3 1 2 1 2 2 1 2 2 1 1 1 3 1 1 1 1 1 2 3 3 2 2 1 1 2 2 2 1 2 1 1 1 2 1 2 1 1 1 1 1 1 2 1 1 2 1 2 3 1 1 1 1 1 2 3 2 2 2 2 3 2 1 2 1 1 1 1 1 1 1 1 1 2 1 1 1 1 1 2 2 1 1 2 1 1 1 1 2 2 2 1 3 2 1 1 2 3 2 1 1 1 1 1 1 3 1 1 1 1 2 1 2 2 2 2 3 3 1 3 2 1 1 1 1 5 1 1 1 3 3 2 2 1 1 2 2 1 1 1 1 1 1 1 1 2 1 2 1 2 2 2 2 3 1 1 3 1 1 2 4 2 1 1 1 1 2 1 1 2 1 1 1 1 1 4 2 2 1 1 3 1 2 3 4 2 3 1 2 1 1 1 1 2 1 1 1 1 1 2 1 1 3 2 2 1 2 1 1 1 2 1 2 1 1 1 1 1 2 1 1 3 3 2 1 2 2 2 1 1 3 1 1 3 1 1 3 1 2 3 2 2 2 1 3 1 2 1 1 1 1 2 2 1 1 2 1 1 2 1 1 1 1 1 3 1 1 1 1 1 2 1 1 1 1 1 1 1 1 1 1 1 2 1 1 1 2 1 2 3 1 2 1 1 2 1 1 1 1 2 1 2 1 1 2 1 1 3 1 1 1 1 1 2 2 1 1 2 3 2 1 4 1 2 3 3 1 2 2 1 1 1 2 1 1 2 4 2 1 1 2 1 1 1 1 1 2 1 1 1 2 2 2 2 1 1 1 2 1 1 1 1 3 1 2 1 1 2 1 1 1 1 1 1 1 1 1 1 2 1 3 1 1 2 1 1 1 1 1 1 2 1 4 1 2 2 3 2 1 2 1 1 4 3 2 1 1 1 2 1 1 1 2 3 1 1 3 2 4 1 1 2 1 1 2 1 2 2 1 1 1 1 3 1 2 2 1 1 1 2 1 1 2 3 1 1 1 1 3 1 2 1 1 2 1 1 3 2 1 2 3 3 2 1 2 1 1 2 1 2 1 2 1 1 1 1 3 3 1 1 1 2 1 2 2 3 3 2 3 1 2 1 2 1 2 3 2 2 2 1 2 1 3 1 2 1 2 2 1 2 1 2 1 4 2 1 3 3 1 3 1 2 1 2 3 1 1 1 2 1 1 1 1 1 2 1 1 1 1 1 3 1 1 4 1 2 3 2 1 1 3 4 2 1 1 2 1 2 1 4 3 1 2 1 1 1 1 1 2 2 2 1 1 2 2 2 1 2 1 1 1 1 2 1 1 1 2 1 3 3 1 1 3 3 2 2 2 2 2 2 2 1 1 1 2 1 1 3 3 3 2 3 2 1 1 4 1 1 1 4 1 2 1 1 2 1 1 1 1 1 1 2 2 2 1 1 1 4 1 3 2 1 1 1 2 1 2 1 2 1 1 1 2 3 1 2 1 2 1 3 1 2 1 1 1 2 1 1 2 2 1 2 1 2 2 1 1 1 2 2 1 2 2 3 1 3 1 1 3 1 1 2 2 1 2 1 1 2 2 2 1 1 5 1 1 2 2 1 2 1 1 3 2 1 2 1 1 2 1 1 1 2 1 1 2 1 1 1 4 2 3 1 3 1 1 1 3 2 1 2 2 1 2 1 1 3 1 1 1 1 1 2 2 1 1 2 2 1 1 1 1 1 3 2 2 1 2 1 2 2 2 1 1 1 1 1 1 1 1 1 2 4 2 1 1 3 1 1 2 1 3 1 1 3 1 1 1 2 2 1 1 1 2 2 1 1 2 2 1 1 4 4 1 2 3 3 2 1 1 1 1 1 1 3 1 1 1 1 2 3 1 1 1 1 2 2 2 1 2 3 1 1 2 1 1 1 2 1 1 1 1 2 2 1 2 1 3 2 1 3 2 3 1 3 1 2 2 1 1 3 2 1 1 1 1 1 1 3 1 3 2 1 2 1 1 2 1 1 5 1 1 1 2 1 2 2 1 1 3 2 1 1 2 1 2 4 1 1 1 1 2 2 3 3 1 2 2 1 2 1 2 4 1 1 2 2 1 1 1 1 1 2 1 1 2 3 4 3 2 1 4 5 1 1 2 1 1 1 1 1 2 3 2 3 1 1 3 1 1 1 1 1 1 1 3 1 2 1 1 1 3 1 5 5 1 1 1 2 2 1 1 2 2 1 1 1 2 3 3 1 2 1 1 2 2 3 1 4 1 2 1 2 1 2 3 2 2 1 1 1 3 3 1 1 1 3 1 1 3 3 3 1 1 1 2 2 2 3 1 4 2 2 1 1 2 1 1 1 1 4 1 1 3 2 1 2 1 2 1 2 1 2 1 2 1 3 2 1 2 1 1 1 1 2 1 2 2 2 2 1 1 2 1 1 1 1 1 2 1 2 3 1 1 2 2 1 1 1 2 2 1 1 1 2 2 1 1 2 1 2 2 1 2 2 1 1 1 1 2 2 4 1 3 2 2 1 4 2 1 1 2 1 2 2 1 2 2 1 4 1 1 2 1 1 2 2 1 3 1 1 1 2 1 1 2 1 3 3 2 1 1 1 1 1 3 1 1 3 1 1 2 2 2 4 1 1 2 1 2 1 2 1 2 1 4 1 2 1 1 1 1 1 1 1 3 1 2 1 3 2 2 1 3 2 5 1 2 1 1 1 1 1 1 3 1 4 1 1 1 2 4 3 1 2 3 2 2 1 4 1 2 2 1 1 1 1 1 3 2 1 2 1 1 1 2 3 1 1 1 1 5 1 2 3 2 3 1 1 2 3 1 1 3 1 4 1 1 3 1 1 3 1 1 2 1 4 1 1 3 3 1 2 1 1 1 1 1 1 4 1 1 1 2 2 1 1 1 2 1 2 1 2 2 1 1 3 2 2 2 3 1 4 3 1 3 3 1 1 1 3 2 1 2 1 2 3 1 1 1 1 3 1 2 4 2 1 1 1 1 2 1 1 1 3 1 1 1 1 1 2 1 3 1 5 2 1 1 1 3 2 3 4 1 3 1 1 1 2 1 2 1 3 1 5 1 1 1 1 1 2 3 2 1 1 3 1 2 3 1 1 2 1 2 2 1 4 1 2 3 2 1 1 2 1 1 1 1 1 1 2 2 1 4 1 1 2 1 1 1 2 2 2 1 1 5 1 2 1 1 1 1 2 1 2 2 2 2 1 2 3 1 1 1 1 3 1 3 1 1 1 1 3 1 1 1 2 1 1 1 1 1 1 1 1 2 1 3 1 1 2 1 3 2 2 1 1 1 1 1 1 2 1 1 1 3 2 1 1 1 1 2 2 2 1 3 1 1 1 1 2 1 2 2 1 1 1 1 1 1 1 3 2 2 1 1 4 1 1 4 1 1 2 2 1 2 1 1 1 1 5 1 2 3 2 1 1 2 2 2 1 1 4 3 3 3 1 5 1 1 3 2 2 2 1 1 3 3 2 1 2 2 2 2 2 1 1 3 1 4 1 1 1 1 1 1 3 1 1 1 1 1 1 1 1 1 1 2 1 1 1 1 1 3 3 1 4 1 2 1 1 3 1 1 1 1 2 2 1 1 1 2 1 2 1 1 1 2 1 1 1 1 2 1 1 2 3 1 3 2 2 1 1 1 3 2 3 2 2 1 2 3 1 1 1 1 1 2 2 1 1 2 3 3 2 3 1 2 1 2 1 1 4 1 3 2 1 1 2 1 1 2 3 1 4 1 1 1 2 1 1 2 1 1 1 1 1 2 2 1 1 1 1 1 2 2 2 1 1 1 3 1 1 1 5 1 1 1 3 2 2 3 1 1 1 2 2 2 4 1 1 2 2 2 1 2 1 1 1 2 2 2 2 1 1 2 2 1 4 1 4 2 2 2 2 3 1 2 1 1 2 2 2 1 1 1 2 1 1 2 2 6 1 1 1 1 1 2 1 3 2 2 1 2 1 1 1 2 2 2 2 2 1 1 1 1 1 1 3 1 2 1 1 1 3 3 1 1 1 3 3 1 1 4 1 1 2 2 1 1 1 1 1 1 1 2 1 1 1 2 1 1 2 1 1 3 1 2 2 1 1 3 3 1 2 2 3 1 2 1 1 1 1 1 1 2 1 1 1 2 1 2 1 2 1 1 2 2 3 1 1 1 1 1 2 1 1 1 2 2 1 1 2 1 1 3 1 1 1 2 1 1 1 1 1 1 4 1 1 1 2 2 1 1 1 3 1 1 2 2 1 1 1 1 2 3 4 2 2 1 2 3 1 2 2 1 2 1 1 1 3 1 2 1 2 1 3 1 3 1 1 3 3 1 2 2 1 1 1 1 2 1 3 3 2 3 1 1 1 2 1 1 1 1 2 1 1 1 1 3 2 2 1 1 1 1 3 2 2 3 1 3 2 3 1 2 1 1 1 1 1 4 2 1 1 1 2 2 2 2 1 1 1 2 1 1 1 2 1 1 1 1 3 1 4 2 1 1 1 1 3 2 1 2 2 2 3 1 1 1 1 3 2 1 1 3 2 1 1 1 1 2 1 2 1 2 3 1 2 3 3 3 1 2 1 1 2 1 1 1 1 1 2 2 2 1 1 1 1 1 2 1 2 1 3 2 1 1 2 1 2 1 2 1 1 1 2 1 1 3 1 1 1 1 1 1 1 1 1 1 1 1 2 1 2 1 1 1 2 3 1 2 1 3 1 6 2 1 1 2 1 1 3 4 1 1 3 1 5 2 1 1 1 1 1 1 2 1 1 2 2 1 2 2 3 1 1 1 1 1 1 1 2 1 1 1 2 1 2 4 2 1 1 3 2 1 1 1 1 1 3 1 1 3 1 3 2 1 2 2 2 1 2 1 1 1 2 1 3 1 1 2 3 1 3 2 2 1 1 1 2 3 1 2 2 1 2 2 1 1 1 1 1 1 3 1 2 1 2 1 2 1 1 1 1 1 1 1 2 1 1 1 1 1 2 2 1 4 1 1 3 1 1 2 1 2 2 2 2 2 1 3 1 2 1 1 3 1 1 1 4 2 1 1 1 1 1 2 1 2 2 3 3 1 1 1 1 3 2 1 2 1 3 1 2 1 1 5 1 1 2 1 1 1 2 2 1 1 1 3 2 2 2 2 1 1 1 1 2 3 1 1 1 1 1 1 2 1 2 2 1 1 2 2 1 2 1 1 3 3 2 2 1 2 1 3 1 1 2 1 1 1 2 1 3 1 1 1 1 1 1 2 1 4 1 2 2 1 1 2 2 2 3 3 1 3 1 4 2 1 3 2 3 2 2 1 1 1 1 3 1 2 2 1 1 1 2 2 1 1 3 1 1 3 1 1 2 1 4 1 3 1 3 1 2 1 1 1 1 2 1 2 2 1 2 3 3 3 1 1 1 1 1 3 1 5 1 2 2 3 1 2 2 2 2 1 1 1 5 3 1 2 2 1 1 1 1 2 2 2 2 1 1 1 4 2 1 2 3 2 1 1 4 2 3 1 1 1 1 1 2 2 1 1 1 1 1 1 2 2 2 1 3 1 1 1 2 1 1 3 1 1 1 2 1 1 1 2 2 1 2 1 1 3 4 4 1 1 1 2 3 1 1 1 1 3 3 1 1 1 1 1 1 2 2 1 4 2 4 2 1 2 1 3 1 2 1 1 1 2 2 1 1 2 1 1 2 2 3 2 3 1 3 3 5 1 2 1 4 2 1 2 1 1 1 4 1 5 2 2 2 1 1 2 2 2 1 2 3 3 3 2 4 1 2 2 1 1 2 1 1 1 1 2 1 1 2 2 2 1 1 1 1 2 3 1 1 1 3 2 1 3 1 1 2 1 3 1 1 2 4 2 2 1 2 1 1 1 1 2 1 3 1 2 2 1 2 2 1 2 1 2 3 4 1 2 1 1 1 1 1 2 1 1 1 1 4 3 3 2 4 1 1 1 1 1 1 1 2 2 2 2 1 1 2 2 2 1 1 1 1 1 1 1 1 2 1 2 1 1 3 2 1 2 2 1 1 2 1 1 1 2 3 1 4 1 2 1 2 2 4 4 2 2 1 4 2 1 2 3 1 1 3 1 1 2 2 1 2 1 2 3 1 1 1 1 1 1 2 2 1 1 1 2 1 2 1 1 1 3 1 1 1 1 3 2 1 1 2 2 1 2 3 1 1 1 1 2 1 3 3 1 2 2 1 1 1 2 1 1 2 1 1 1 2 3 3 3 2 2 1 1 2 4 1 3 1 1 2 1 1 1 1 2 1 1 2 3 3 2 3 6 1 2 1 1 3 2 2 1 3 1 3 2 4 1 1 1 4 1 1 1 1 1 2 1 2 1 2 3 2 2 3 2 2 1 1 2 1 1 1 2 1 1 1 2 2 3 1 2 2 1 1 4 1 1 2 1 1 1 2 1 3 1 1 4 1 1 1 2 1 1 1 2 2 1 2 2 1 2 2 2 2 2 3 1 1 1 1 1 1 2 2 2 3 3 4 1 2 1 1 1 1 1 2 6 1 2 2 1 1 1 2 3 2 3 2 1 2 1 1 2 2 1 2 1 2 1 2 1 2 2 3 3 2 2 4 1 3 1 1 1 4 1 2 2 1 2 2 2 2 2 2 3 1 1 1 3 2 1 3 2 1 1 1 1 2 1 1 1 1 1 3 3 2 1 2 1 1 2 1 2 1 2 1 1 2 1 1 2 3 2 2 3 1 1 2 1 1 1 1 3 1 1 2 2 1 1 2 2 1 1 2 1 5 2 2 1 2 2 2 1 2 1 3 3 4 2 2 1 3 1 1 2 1 1 1 1 1 2 2 1 1 1 2 1 1 1 3 1 1 2 2 1 1 2 2 1 2 2 2 2 2 2 1 1 2 4 1 1 1 4 2 2 1 1 2 3 1 1 1 5 1 1 1 1 1 1 3 2 2 1 1 2 1 1 1 1 1 1 4 1 1 1 1 1 1 1 3 2 2 1 1 1 1 1 1 4 1 2 1 2 1 2 2 1 1 3 2 2 1 3 2 1 1 1 1 3 1 1 1 2 1 1 3 1 2 2 1 1 2 3 3 1 2 3 1 1 2 1 1 1 1 1 2 1 1 2 1 2 1 4 1 1 3 1 1 1 1 2 1 3 2 2 1 1 1 6 3 2 2 1 2 1 1 2 3 1 1 2 1 3 1 1 1 1 3 3 1 1 1 1 2 1 1 2 1 1 3 2 2 1 1 1 1 1 1 1 2 1 1 1 1 2 1 1 2 2 1 1 3 1 2 2 1 1 3 4 2 1 2 1 1 1 3 1 2 1 2 1 2 2 1 2 2 2 3 2 2 2 2 2 1 1 1 2 1 1 1 2 2 1 2 1 1 1 3 2 2 1 1 1 1 1 1 2 1 1 1 2 2 1 4 1 3 5 1 1 2 2 2 1 1 3 1 1 1 1 2 1 1 5 2 1 2 2 3 1 1 1 1 2 2 1 1 1 2 3 2 1 3 2 4 2 3 1 1 4 1 5 2 1 3 2 1 1 5 1 1 1 4 1 1 1 2 1 1 2 2 1 4 1 1 2 4 2 1 1 1 3 2 1 2 4 2 2 1 1 1 1 1 1 2 2 1 1 1 3 2 2 1 1 2 1 1 2 2 1 4 1 1 1 1 2 2 2 1 1 1 3 4 2 2 4 1 3 1 2 4 2 1 4 1 2 3 2 2 2 1 2 2 2 1 1 2 1 1 3 1 2 1 2 2 2 3 1 1 2 1 2 1 2 2 1 4 1 2 3 2 1 1 3 3 1 1 1 2 1 2 1 1 1 1 2 1 3 4 1 2 1 2 1 1 1 1 3 1 2 1 2 2 1 1 1 3 3 4 3 1 1 2 3 1 2 1 1 2 1 2 1 1 3 2 1 1 1 2 1 3 3 1 2 2 2 1 3 1 1 1 2 3 3 2 2 3 1 3 1 1 2 1 1 3 2 1 2 4 1 1 2 1 1 1 1 1 1 3 1 2 1 2 4 3 2 2 1 2 2 3 3 1 4 2 3 1 1 1 1 1 2 1 2 4 4 1 1 2 2 1 2 1 2 1 1 2 1 1 2 2 3 2 1 1 1 3 1 2 1 3 3 2 1 4 1 1 1 1 1 1 4 2 1 2 1 1 1 1 2 1 1 1 2 3 1 1 1 3 2 3 2 1 1 1 1 1 1 3 1 1 2 1 1 1 1 3 2 1 4 1 3 1 1 1 1 2 1 1 2 1 1 1 2 1 2 1 2 1 1 2 1 1 1 2 1 1 2 4 1 2 2 2 1 1 3 1 3 1 3 1 2 2 1 2 3 1 2 1 2 1 2 3 2 1 1 1 2 1 1 1 1 2 2 1 1 1 1 1 3 1 2 2 1 5 2 1 1 1 1 1 2 1 2 1 1 2 2 1 2 1 1 1 3 2 1 2 2 2 2 1 1 1 1 2 1 1 1 1 1 1 1 2 1 2 1 1 1 2 1 1 1 3 1 1 2 2 1 1 2 1 1 1 3 1 2 3 1 1 3 3 2 2 1 2 2 2 1 1 1 1 2 2 2 3 4 2 2 1 1 1 1 1 1 1 1 1 1 3 1 1 1 2 1 1 1 3 1 1 3 3 1 2 1 1 2 1 2 1 1 1 1 1 1 1 2 4 1 1 2 1 2 2 2 1 1 1 2 3 2 1 1 2 1 2 1 2 2 2 3 1 1 1 1 1 1 1 1 1 1 3 1 4 2 1 2 1 2 1 1 1 1 2 2 1 1 1 1 1 4 2 2 2 1 3 3 1 1 1 2 2 1 1 1 2 1 1 2 1 2 1 1 2 2 2 1 1 2 1 1 1 1 2 2 2 2 1 1 1 2 2 1 1 2 3 3 3 1 1 4 2 1 2 1 1 1 1 1 1 2 1 3 1 2 2 1 2 1 1 1 1 1 2 2 1 1 1 2 1 1 2 1 1 1 1 1 3 2 1 2 1 1 1 2 2 1 1 2 1 1 3 2 1 2 2 1 1 1 1 2 3 4 2 3 2 1 3 1 1 1 1 1 1 2 1 2 2 1 1 1 1 1 2 2 1 1 2 3 2 2 1 1 3 1 3 1 1 1 2 1 2 2 1 2 1 1 1 1 1 2 1 2 3 2 1 6 1 3 1 2 2 2 1 1 1 1 1 1 1 3 1 1 1 1 2 2 1 2 1 1 2 4 2 2 1 3 2 1 2 1 2 2 1 2 2 1 3 3 3 2 1 1 1 1 2 1 1 2 1 1 1 2 1 1 1 1 1 3 1 3 2 1 1 1 1 3 1 3 1 1 1 1 2 2 1 2 1 2 1 1 3 1 2 3 1 2 2 1 2 1 2 1 1 1 2 1 1 3 1 2 2 2 3 2 1 2 3 2 3 4 4 1 2 1 2 1 1 1 3 2 3 1 2 1 1 2 1 1 2 1 3 3 1 1 2 1 2 2 2 1 2 2 1 1 1 2 1 2 3 3 2 1 1 1 1 1 3 1 1 1 1 2 1 2 1 1 1 2 1 2 1 4 2 1 1 1 3 1 1 2 1 2 1 2 1 1 1 2 2 1 1 3 2 2 1 1 2 1 2 1 1 4 2 3 2 1 1 1 2 3 2 1 1 2 1 1 1 1 2 1 3 2 1 1 2 1 1 1 1 2 1 2 2 1 2 1 2 1 2 2 3 1 2 2 2 1 2 2 2 1 1 2 3 2 1 2 1 1 3 1 1 2 1 1 1 2 1 2 1 1 1 3 1 1 3 2 2 1 1 3 3 1 1 1 1 1 1 1 2 1 1 2 1 2 1 1 1 1 2 1 1 1 4 2 1 2 6 4 3 1 1 3 3 1 1 2 1 1 1 1 1 2 1 1 2 1 2 1 3 1 1 2 2 1 1 1 3 1 3 1 1 2 4 2 1 1 2 1 2 2 1 1 2 1 2 1 1 2 1 1 1 1 1 1 3 1 1 1 1 1 2 1 3 1 1 2 2 1 2 1 1 1 1 1 1 2 1 1 1 1 2 6 2 1 1 1 2 1 4 1 1 2 1 1 2 4 1 1 2 1 1 2 2 2 1 1 2 1 1 2 1 1 1 1 2 3 1 2 2 1 2 2 1 2 1 2 3 2 2 2 3 1 3 2 2 1 1 2 3 1 3 1 1 3 1 1 1 1 2 1 1 3 2 3 3 2 2 2 2 2 1 1 1 1 2 1 3 1 1 2 2 1 1 1 1 1 1 1 1 4 2 1 1 3 2 1 3 1 1 1 1 2 1 4 2 2 3 1 2 1 2 2 2 2 1 1 2 2 2 2 1 2 2 2 2 1 1 2 2 3 1 1 3 1 2 1 1 1 3 1 2 1 2 1 1 2 2 4 3 2 1 1 2 1 1 2 1 2 1 3 1 1 2 2 1 2 1 3 2 2 3 3 1 2 1 1 2 1 1 1 2 1 1 1 1 2 1 2 3 1 2 1 1 2 2 1 3 1 1 2 1 1 2 1 3 1 1 3 2 1 1 1 1 1 1 1 1 1 2 1 2 1 1 1 1 1 3 2 2 2 1 1 1 1 1 1 1 1 1 1 2 3 2 4 3 1 1 1 2 2 2 1 2 3 2 2 2 2 1 1 1 3 2 1 1 1 1 1 1 1 1 2 1 1 2 1 1 2 2 2 3 2 1 1 1 2 2 2 1 2 1 5 1 1 2 2 1 1 1 1 3 2 2 2 1 2 2 1 1 1 2 1 2 1 1 1 1 2 2 1 1 2 2 1 2 1 2 1 2 1 1 2 1 1 1 1 1 1 3 1 3 2 1 2 2 1 1 2 2 1 4 2 2 3 1 1 2 1 2 2 2 1 1 2 3 1 2 1 1 1 2 2 2 2 2 1 1 1 3 3 3 2 1 2 2 1 2 1 3 3 2 1 2 2 2 1 1 1 1 2 1 1 3 3 2 1 3 1 2 1 1 1 1 1 2 2 2 4 1 1 2 1 2 2 2 2 1 1 1 2 2 4 1 2 2 1 2 2 1 2 1 1 1 1 1 2 1 1 1 1 2 1 3 2 2 1 1 1 1 1 2 2 3 2 2 1 2 1 2 1 3 4 2 1 1 1 1 1 1 1 1 1 1 4 1 1 2 1 1 1 3 2 2 1 1 4 2 2 1 2 1 1 1 1 2 1 4 1 3 3 1 2 1 1 1 2 2 1 1 2 1 2 1 2 1 1 2 1 2 1 4 1 1 1 3 1 1 2 1 2 1 4 2 2 2 2 1 1 1 4 3 2 2 1 2 2 1 1 2 1 3 1 1 1 1 4 1 1 2 2 1 1 1 3 1 1 2 2 3 3 2 2 2 1 3 3 3 1 2 2 1 2 2 1 1 1 2 2 2 2 2 2 1 1 1 1 1 1 1 1 1 1 1 2 2 3 1 1 1 2 1 1 3 1 1 2 2 2 3 2 1 1 2 1 2 2 1 1 1 3 3 1 1 1 3 1 1 1 1 3 1 1 1 1 2 3 2 1 1 2 4 1 2 1 1 1 1 1 1 1 1 2 1 1 1 1 1 1 2 1 1 1 1 1 1 1 1 1 2 1 1 3 1 2 2 3 1 1 2 2 1 1 1 1 3 2 2 3 1 2 1 1 2 2 1 1 1 1 2 1 2 2 2 1 1 1 2 4 2 1 2 1 2 1 1 3 1 1 1 1 4 1 3 2 1 1 3 1 5 1 1 2 3 3 2 2 1 1 1 1 1 1 2 2 4 2 2 3 1 1 1 1 1 1 2 1 1 1 1 1 2 1 1 1 2 1 1 2 1 1 1 1 3 1 1 1 1 1 3 1 1 3 2 3 2 1 1 2 3 1 1 2 3 2 2 2 2 3 1 1 1 2 3 1 1 2 2 1 1 1 2 3 2 3 1 2 1 1 1 1 2 4 1 2 3 2 3 1 2 1 2 1 1 1 1 1 1 1 1 1 1 3 1 2 1 2 1 1 1 2 1 1 1 1 1 1 1 2 1 1 2 1 1 1 2 2 4 1 2 1 3 3 1 2 1 1 3 1 3 3 1 1 1 2 1 1 2 1 2 1 2 1 3 2 1 1 2 2 1 2 1 2 2 2 2 1 2 1 1 1 2 1 3 1 2 1 1 1 2 1 1 1 1 1 2 1 1 1 3 1 1 1 1 1 1 4 1 1 1 1 4 1 2 1 1 3 2 1 2 1 3 1 3 1 2 1 1 1 2 2 2 1 1 1 1 2 4 3 1 3 1 3 1 2 1 4 2 1 1 3 1 1 2 1 1 1 1 1 1 3 1 5 1 3 1 1 2 1 2 1 1 1 3 1 1 2 1 1 1 2 1 3 1 2 1 2 1 2 2 1 4 3 1 2 1 1 2 3 1 3 1 3 2 1 1 1 2 2 1 1 1 3 1 3 1 2 2 1 1 1 1 2 1 2 1 2 1 1 2 1 2 1 1 1 2 1 1 1 1 1 2 1 2 3 2 1 2 1 1 2 1 3 2 4 1 1 1 3 1 1 1 2 1 3 1 2 3 1 1 1 1 2 2 1 2 2 1 1 3 2 2 4 2 1 1 1 1 2 2 1 2 4 1 1 1 1 2 3 2 2 1 1 2 2 1 1 3 3 3 2 1 2 3 2 1 4 4 1 1 1 3 2 1 1 3 1 6 1 1 2 1 1 1 2 2 1 2 2 2 1 1 1 3 1 3 1 2 1 3 3 1 2 1 2 3 2 2 1 2 3 1 1 1 1 1 1 2 1 1 2 1 2 2 2 1 1 1 1 4 1 1 1 1 1 1 3 1 1 1 1 1 1 2 1 1 3 1 1 2 2 1 1 1 2 3 1 2 1 1 1 1 2 1 1 1 1 1 1 3 1 1 2 1 2 2 2 1 2 1 1 3 2 1 1 1 1 1 2 2 1 1 1 1 2 2 2 1 1 2 2 1 2 2 1 1 2 1 2 1 1 3 1 2 1 2 1 1 1 1 2 3 1 1 1 1 1 2 3 4 2 1 2 1 1 1 1 1 2 2 1 1 1 1 1 1 1 1 1 2 2 2 1 1 2 1 3 1 2 1 2 1 1 4 1 1 2 4 1 4 2 2 3 1 1 2 1 3 2 1 3 3 1 1 3 1 2 3 1 2 1 1 1 1 2 2 2 2 2 2 1 2 2 1 1 1 4 1 1 1 1 2 1 1 1 1 4 1 2 2 1 1 3 1 2 1 2 1 1 1 2 1 2 1 1 1 2 1 3 1 1 1 1 1 1 1 2 1 2 2 1 1 3 4 2 2 1 1 1 1 2 3 3 1 2 1 1 2 1 1 1 1 1 2 3 1 3 1 2 1 1 2 1 1 2 1 3 1 1 3 1 1 1 1 3 1 1 1 1 1 1 1 1 1 1 2 1 2 2 1 2 1 2 1 3 1 1 2 1 1 4 1 3 2 1 1 1 1 2 2 1 1 1 1 1 1 2 1 1 1 2 3 1 1 1 2 1 2 1 1 2 2 1 1 2 2 2 1 1 1 2 1 1 2 2 4 6 2 1 3 2 2 1 2 1 1 3 1 2 1 1 2 1 1 1 3 1 2 1 1 2 1 2 2 1 1 5 2 1 2 1 1 1 2 2 1 3 1 2 1 1 1 1 5 2 1 1 1 2 1 2 1 3 1 1 2 2 1 1 1 1 2 1 2 3 2 3 3 1 1 1 1 2 2 2 2 1 1 2 1 4 1 1 1 1 2 1 2 2 2 1 1 2 2 1 1 2 1 1 2 2 4 2 2 1 1 2 2 1 1 3 2 1 2 2 2 2 1 4 1 3 2 1 2 1 1 1 1 5 1 1 2 3 2 1 1 3 2 1 2 2 1 1 1 2 3 2 1 2 1 1 1 3 5 2 1 5 1 1 2 3 1 1 1 2 2 3 2 1 1 3 4 2 1 3 4 4 2 1 1 1 1 2 7 3 1 1 1 1 1 1 1 2 1 1 2 2 3 1 1 2 1 2 1 1 2 1 2 1 1 1 1 3 1 1 2 1 2 1 2 2 1 2 3 1 2 2 1 3 1 3 1 1 2 2 1 2 2 3 3 2 2 2 1 3 3 1 2 3 2 1 2 1 1 2 1 1 2 1 2 1 1 1 2 1 1 1 1 1 1 2 2 1 1 1 2 5 2 1 1 2 3 2 2 2 1 2 1 1 1 4 2 2 3 3 3 1 1 2 1 1 1 2 3 3 1 2 4 2 5 1 1 2 4 1 2 1 1 1 1 1 2 2 1 2 1 3 5 1 1 2 2 2 1 2 1 2 1 1 1 1 1 1 1 4 4 1 4 3 1 1 2 1 1 1 1 1 1 2 1 1 1 1 1 1 2 1 1 2 2 3 1 2 2 1 1 1 3 1 3 2 2 2 1 1 1 2 3 1 3 1 1 2 2 2 2 1 1 1 1 1 2 1 2 1 1 2 1 2 3 1 1 2 1 3 1 2 2 2 1 3 3 1 1 1 3 1 2 1 1 2 1 2 2 2 3 1 1 1 2 4 1 3 1 3 2 4 3 1 1 2 1 1 1 3 4 1 1 1 1 1 1 2 1 1 1 1 2 2 2 3 1 1 2 3 2 2 1 1 1 3 2 2 2 2 1 1 1 1 1 2 3 1 1 3 1 1 1 1 1 2 1 1 1 3 2 1 4 4 3 1 2 1 2 1 1 1 1 2 2 1 1 2 1 1 1 1 3 3 2 1 1 2 1 2 2 2 1 1 2 1 1 1 1 2 1 3 1 1 1 1 3 2 1 4 1 1 2 4 1 1 1 2 2 1 1 1 2 2 2 1 1 2 1 3 1 1 1 2 1 1 1 1 3 1 4 1 1 3 1 1 2 1 1 1 1 3 2 1 1 1 1 1 2 1 1 2 3 2 2 1 1 2 3 1 3 2 1 1 1 1 2 1 2 1 1 1 2 2 1 2 1 2 1 4 2 2 3 2 1 1 1 3 2 1 2 1 1 2 1 1 1 1 1 2 2 1 3 2 2 3 1 2 2 1 2 1 1 1 3 1 1 1 1 1 1 1 1 1 1 1 1 1 1 2 1 1 1 1 2 2 1 1 1 1 1 1 1 1 2 1 1 1 3 1 1 1 1 1 2 3 3 1 1 1 1 1 1 3 3 1 1 3 2 1 1 2 3 2 1 2 2 2 3 2 1 2 1 3 2 1 1 2 1 2 2 2 1 1 2 1 2 2 1 4 2 1 3 1 2 1 1 1 2 2 1 1 1 1 1 1 1 1 1 1 1 2 1 2 1 3 1 1 1 1 3 2 2 2 1 2 2 1 1 2 1 1 3 1 1 1 1 3 1 1 1 1 1 3 2 2 1 1 1 2 2 2 2 2 1 3 2 2 1 2 1 2 2 1 1 1 1 2 1 2 2 2 2 1 1 2 3 2 2 2 3 2 2 2 2 1 2 1 1 1 2 1 2 6 2 1 2 2 1 1 1 2 1 2 2 1 2 1 1 1 4 2 1 2 1 1 5 1 3 2 1 1 1 2 2 2 1 1 1 1 1 1 1 1 1 1 1 2 3 1 3 1 1 3 1 1 2 1 1 1 1 2 1 1 2 2 1 2 1 1 2 3 1 2 1 1 2 4 1 1 1 1 1 1 1 2 1 1 4 3 2 2 2 1 1 3 2 1 3 1 1 1 1 1 1 1 1 1 2 1 1 1 1 2 2 1 2 3 1 1 2 1 3 1 1 2 4 3 2 1 1 2 1 1 4 3 1 1 1 2 1 2 1 3 1 3 2 3 2 1 2 2 3 1 2 3 5 2 1 2 1 2 2 2 1 1 4 1 2 1 2 2 1 1 3 1 2 1 1 1 1 1 1 1 2 2 3 1 1 1 2 3 1 1 1 1 2 4 2 1 1 2 1 3 1 2 2 1 2 1 1 1 1 2 3 1 1 7 4 2 3 1 1 1 1 1 2 1 1 3 3 1 1 1 2 2 3 1 2 1 2 1 2 1 3 1 2 4 3 3 1 2 2 2 3 1 1 1 1 2 1 1 1 2 2 1 1 1 1 2 1 1 1 1 1 2 1 2 1 1 3 1 2 2 1 2 1 1 3 1 3 1 2 1 1 2 1 1 2 2 1 2 1 2 4 1 2 1 2 1 3 1 2 2 1 1 2 1 2 1 2 2 1 1 1 1 1 2 2 2 1 1 2 2 2 3 4 1 3 1 2 1 1 2 1 2 1 1 2 2 2 2 1 1 3 1 1 1 2 3 1 2 4 1 1 2 1 1 1 3 2 2 2 1 1 2 1 1 2 1 1 1 1 1 3 1 3 3 2 2 1 1 1 1 1 3 1 1 2 1 1 1 2 1 2 3 1 2 1 1 1 2 2 4 1 3 1 1 2 2 3 1 1 1 2 1 2 3 1 1 1 2 2 1 2 4 1 1 1 1 2 3 1 2 2 2 1 2 1 1 1 3 2 2 2 1 1 1 1 1 1 2 1 3 2 1 2 1 1 1 1 1 2 2 1 2 1 1 1 3 1 1 1 1 1 1 1 1 3 1 5 1 3 1 1 2 3 1 1 2 1 1 1 1 3 2 1 2 3 1 1 1 2 2 1 1 1 1 2 4 2 2 2 2 1 1 1 2 1 2 2 2 1 1 1 2 2 2 1 1 1 3 1 3 3 1 1 3 2 2 2 2 1 2 1 3 1 2 2 1 2 1 2 2 2 1 2 1 2 1 2 2 2 1 1 1 1 2 1 1 1 1 1 1 1 2 2 1 3 1 1 2 2 2 1 1 1 1 1 1 1 1 3 1 1 2 3 1 1 2 2 1 1 4 1 1 1 2 2 2 2 1 3 3 1 3 1 2 3 1 2 2 1 1 2 2 1 1 2 3 1 1 1 3 1 1 3 1 1 1 1 2 3 1 1 1 1 1 1 1 3 2 1 1 5 4 1 1 2 1 2 1 1 2 1 2 1 1 2 1 2 1 2 3 1 1 1 2 2 2 3 2 1 2 1 3 2 1 2 3 2 1 1 2 1 1 1 1 1 2 3 2 3 2 2 1 1 2 2 2 2 1 1 2 1 1 1 1 1 1 1 4 2 2 2 2 1 1 2 1 1 2 2 1 1 1 1 2 1 1 1 1 3 1 1 3 1 1 1 1 1 1 2 1 1 1 1 2 2 1 1 1 1 1 2 3 2 1 1 2 2 1 1 1 1 2 1 1 1 4 1 2 1 2 3 2 2 2 1 2 3 1 1 1 1 1 2 2 1 1 2 4 2 2 1 3 1 1 1 2 1 1 3 2 1 1 3 2 1 4 2 2 2 1 1 1 1 3 1 1 2 2 2 1 1 3 1 2 2 2 2 1 1 1 1 1 2 2 1 1 2 2 3 1 2 1 1 1 2 1 4 1 2 3 3 1 2 2 1 2 3 1 2 1 2 1 1 1 1 1 2 2 4 1 2 1 1 2 3 1 3 2 2 1 2 3 2 3 3 1 3 1 2 1 3 2 1 1 2 2 3 1 2 2 1 4 1 1 2 1 1 1 2 1 1 3 2 3 1 2 2 1 4 2 1 3 1 1 1 2 1 2 1 5 2 1 1 1 2 5 3 1 2 2 1 2 1 1 3 2 1 3 3 3 2 2 2 1 1 1 1 1 1 3 2 1 1 3 1 1 2 2 3 2 2 1 1 1 1 1 1 1 1 2 1 3 3 2 1 2 1 1 1 2 1 1 1 1 1 1 2 1 1 3 1 1 1 1 3 1 1 2 3 1 1 1 1 3 2 4 2 2 2 2 1 5 1 1 1 1 4 1 1 1 1 2 2 1 2 1 4 1 1 2 1 1 1 1 1 1 3 2 1 2 2 1 3 1 1 1 2 1 1 4 3 1 1 1 1 1 1 3 1 2 4 2 2 2 2 3 1 1 2 1 1 1 3 2 2 1 1 1 1 2 2 2 2 1 1 2 1 1 1 2 1 2 1 3 4 1 2 1 1 3 1 3 1 2 2 2 2 4 1 1 2 1 1 2 1 3 1 1 1 1 3 2 2 1 3 1 2 1 2 1 1 1 3 1 1 1 1 1 1 2 2 3 2 1 1 2 1 2 1 1 3 2 1 2 3 2 2 1 1 2 2 1 1 4 4 1 2 2 1 1 1 2 1 1 2 1 1 2 1 1 3 1 1 1 1 2 2 2 2 2 3 1 1 2 1 1 1 1 1 1 2 1 2 3 1 1 1 1 2 1 3 1 3 1 1 1 3 1 1 1 3 1 1 1 1 1 1 2 1 2 4 1 2 1 4 2 1 3 1 1 2 3 2 1 4 3 1 1 3 1 1 2 1 3 1 1 2 2 1 1 2 3 3 1 2 1 2 1 1 3 1 2 2 1 2 1 2 1 1 1 1 2 1 1 2 1 2 2 1 2 1 2 1 5 2 3 1 2 2 1 2 1 2 2 1 3 1 1 2 3 3 2 1 2 1 1 1 1 1 2 1 2 1 2 1 1 1 2 1 1 2 2 3 1 1 2 1 1 1 1 1 3 2 2 1 2 3 1 1 1 3 2 2 1 3 1 1 2 1 2 1 1 2 1 1 2 1 1 2 1 1 2 1 2 1 1 1 2 1 3 2 2 1 1 2 2 4 1 1 2 2 1 1 1 2 2 2 1 2 1 6 2 3 1 2 1 1 2 2 2 1 1 1 3 2 2 1 2 1 3 1 1 1 1 1 2 1 1 2 2 2 2 2 1 1 2 3 3 2 3 1 4 1 2 2 1 2 1 2 1 2 1 2 1 2 2 2 3 2 1 1 2 1 1 1 1 1 2 2 1 1 1 2 2 2 1 1 2 2 1 1 3 2 1 1 1 1 1 2 1 1 2 2 2 2 2 1 2 1 3 3 3 2 1 2 2 1 2 1 1 2 1 2 2 2 2 1 2 1 2 2 1 1 2 2 1 1 1 1 1 1 1 1 1 1 2 1 2 1 2 2 2 1 1 1 1 4 1 1 3 2 1 2 1 3 2 1 3 2 1 1 1 1 1 1 1 3 2 1 1 1 1 2 4 1 1 1 1 1 1 3 2 2 1 1 5 5 1 1 1 1 2 3 2 2 1 1 1 1 1 1 1 2 2 1 1 2 1 1 1 2 1 1 1 1 2 1 2 2 2 1 4 1 1 1 2 1 1 1 1 2 4 2 1 2 1 1 3 2 2 1 4 2 1 1 2 1 2 1 2 3 5 1 3 1 1 1 2 1 3 3 1 2 1 2 1 1 1 1 2 4 5 1 2 1 2 1 1 2 2 2 1 1 1 2 1 1 4 3 1 1 1 2 2 1 1 2 4 3 1 1 1 3 2 2 2 1 4 1 1 4 1 1 1 2 2 1 3 1 2 2 1 1 1 1 1 1 1 3 2 3 1 2 1 1 1 1 4 2 1 1 2 1 1 2 1 2 1 3 1 2 1 1 4 1 4 2 3 1 1 1 1 2 1 2 1 1 1 1 1 1 1 3 1 2 2 1 2 1 2 1 1 2 1 1 1 3 1 1 1 1 2 1 3 2 2 1 4 1 1 2 3 1 1 2 1 1 1 3 1 2 1 1 1 1 3 1 3 1 1 2 3 1 1 1 1 2 1 2 4 1 1 1 2 1 2 3 4 1 1 1 2 1 2 2 1 2 1 1 1 1 1 2 1 1 1 2 1 1 3 1 1 4 2 1 2 2 1 2 1 2 1 1 1 1 1 1 3 3 1 1 1 1 2 1 2 2 1 1 3 1 2 1 1 1 2 3 3 2 1 1 2 5 2 3 2 2 1 1 4 2 1 3 1 2 2 2 1 1 2 2 3 1 3 1 1 3 1 1 1 1 1 1 2 2 4 1 1 1 2 2 1 1 2 1 2 3 1 2 1 1 1 2 2 2 1 1 1 1 1 2 2 1 3 2 5 1 1 1 3 1 1 2 1 4 3 2 3 1 5 2 2 1 1 2 4 2 1 2 1 1 1 1 1 1 1 1 2 3 2 1 1 1 2 1 1 2 3 2 2 1 1 1 1 4 1 1 3 2 1 2 1 2 1 1 2 2 2 1 3 1 1 1 1 2 3 1 2 3 1 3 1 1 1 2 2 1 2 1 1 2 1 1 2 1 1 2 1 1 1 2 1 1 1 1 2 2 2 1 2 2 1 2 3 1 1 1 1 1 3 1 2 1 2 3 3 4 3 1 1 1 2 2 1 2 1 2 3 1 2 2 1 1 2 3 3 3 2 1 1 2 4 1 1 1 2 2 1 2 1 1 3 2 1 1 4 2 1 1 1 1 1 3 1 3 1 1 2 1 4 1 3 3 2 1 2 1 1 1 1 2 1 2 2 1 1 1 1 5 1 2 1 1 2 2 2 3 1 1 1 2 3 1 1 1 2 1 1 2 1 1 2 2 1 3 1 1 2 1 2 1 1 2 2 1 2 2 1 1 1 2 2 3 3 1 4 2 1 1 3 2 1 1 2 1 1 2 1 2 2 1 3 1 1 2 1 1 2 1 3 2 1 1 2 1 2 2 1 1 1 2 2 2 2 1 3 1 2 1 1 3 1 1 1 1 3 3 2 4 3 1 1 1 2 1 1 2 1 1 1 2 4 3 1 1 2 1 3 1 2 2 1 2 3 2 1 1 1 2 2 2 1 3 2 2 2 2 1 1 4 2 1 1 1 1 1 3 1 3 1 1 1 1 2 1 2 2 2 1 3 1 1 1 1 1 3 2 3 2 1 2 1 1 3 2 2 2 2 1 2 1 1 3 1 1 1 1 1 1 1 2 1 1 3 1 1 2 1 3 2 1 2 3 1 1 1 2 1 1 2 2 2 2 2 1 2 1 2 2 2 2 1 1 1 2 2 2 1 1 2 1 1 1 1 2 3 1 1 2 3 1 2 1 2 1 2 1 2 2 2 1 1 1 2 2 1 1 2 1 1 2 1 1 1 3 1 1 2 1 2 1 3 1 2 2 1 1 3 1 3 2 2 1 2 3 1 1 2 2 3 1 1 2 2 2 1 1 1 1 2 1 2 2 1 2 3 2 1 2 2 1 2 2 1 3 1 1 3 1 1 1 1 2 2 1 2 1 1 1 4 1 1 1 2 1 1 1 3 3 1 2 2 1 2 1 2 1 1 2 3 1 1 1 2 1 1 1 3 3 2 2 1 2 2 2 2 1 1 3 1 3 2 4 1 1 1 1 3 2 4 1 2 2 1 1 2 2 1 1 2 1 2 2 1 1 2 3 1 1 2 1 1 2 1 2 1 1 2 2 1 4 1 1 3 2 1 1 1 2 1 1 1 1 2 1 1 1 1 1 2 1 1 2 1 3 1 1 2 2 1 1 1 3 2 1 1 3 1 1 2 1 2 1 2 1 4 1 2 3 1 1 1 1 1 3 1 1 1 2 1 3 2 1 1 2 1 1 3 2 1 1 1 2 1 2 2 1 1 1 1 1 2 2 1 1 2 3 2 1 1 2 1 2 1 1 2 1 1 2 1 1 3 2 1 1 1 2 1 1 1 1 2 1 1 3 2 1 2 2 3 2 1 1 1 2 1 1 2 2 1 1 1 2 1 3 1 2 1 1 1 1 2 1 1 5 1 1 1 3 2 1 1 2 1 1 1 1 3 1 1 2 2 2 2 1 1 2 1 1 1 1 4 4 1 1 1 1 2 1 1 1 1 3 1 1 4 1 2 1 1 1 3 1 2 3 1 1 2 1 1 1 1 1 1 1 2 1 2 4 1 1 3 1 1 1 2 1 1 2 2 1 3 1 1 1 1 1 1 1 1 1 1 1 1 3 2 1 1 1 1 2 1 1 1 1 2 1 1 1 1 1 3 2 2 3 1 1 2 1 1 4 1 1 1 2 1 1 2 3 1 1 1 2 2 2 1 1 1 1 4 1 2 1 2 2 1 2 1 1 1 1 1 3 2 1 1 1 2 2 2 1 2 2 1 1 1 2 1 3 2 2 1 1 1 2 2 1 1 2 1 3 2 4 1 2 1 1 1 4 1 2 1 1 1 1 2 1 2 2 2 2 1 1 2 2 1 2 1 1 1 1 2 2 1 2 1 2 1 1 1 3 2 2 1 1 2 1 3 3 2 2 2 1 1 2 1 3 2 3 5 2 1 1 1 1 2 2 1 1 1 1 1 2 1 1 1 1 1 1 2 1 1 1 1 1 2 2 1 1 1 1 2 1 1 1 1 2 2 2 1 1 3 2 1 2 2 1 2 2 2 2 2 1 3 2 1 1 1 2 3 1 1 2 1 1 1 1 2 1 1 3 1 2 3 1 1 1 1 3 1 2 1 1 2 1 1 2 1 3 1 1 1 1 1 1 2 1 1 1 2 3 2 2 2 1 2 1 1 1 1 2 1 2 1 2 1 1 2 2 1 2 1 1 1 1 1 3 1 1 1 1 1 1 2 1 2 3 1 1 1 1 1 2 2 1 1 2 1 1 2 4 1 2 1 1 3 2 2 2 1 4 1 1 1 1 1 1 2 1 1 1 1 2 2 2 1 1 1 1 4 1 1 2 1 1 1 3 2 1 1 1 4 3 3 3 1 1 2 1 2 1 2 2 1 1 1 4 3 1 1 2 1 1 2 2 3 1 1 2 3 2 2 1 3 2 2 1 1 2 2 1 2 2 2 3 1 1 3 1 1 3 1 1 1 2 2 1 1 2 1 2 1 1 1 1 1 4 3 1 1 1 2 2 1 1 1 3 2 1 1 1 2 3 2 2 2 1 1 1 1 1 1 1 2 1 4 3 3 1 1 1 1 1 1 2 1 1 2 2 1 2 1 1 3 1 1 2 1 1 1 1 4 1 1 1 2 4 2 2 2 2 5 2 1 1 4 2 5 1 1 1 1 1 1 1 2 2 1 2 2 4 4 1 1 1 2 1 1 2 1 3 2 2 1 3 1 1 2 3 1 2 1 1 1 1 1 1 2 2 1 3 1 4 2 2 1 1 1 1 2 1 2 2 1 2 3 1 2 1 2 3 1 3 1 2 3 1 2 1 1 1 1 1 2 3 1 1 1 1 2 2 3 1 2 1 1 1 1 2 2 1 2 1 2 1 2 1 2 2 2 1 2 1 2 1 4 2 1 1 1 2 1 1 2 1 1 2 2 1 1 1 1 1 2 1 1 1 2 2 1 2 2 1 1 2 2 1 1 1 1 1 1 3 1 1 3 1 1 1 1 1 2 3 1 1 3 1 1 1 1 1 1 1 1 1 1 3 1 2 1 2 1 1 2 1 3 1 1 1 3 1 2 1 2 1 1 1 1 1 1 1 3 1 2 3 1 2 1 1 3 1 1 1 2 1 2 1 1 2 1 1 2 1 1 2 1 1 2 1 1 1 2 1 1 2 1 1 3 1 2 2 2 1 2 1 2 1 1 2 4 2 4 5 3 4 1 1 1 1 1 1 1 2 2 5 2 2 1 1 1 4 1 1 2 1 1 2 2 1 2 1 2 1 2 1 2 2 1 3 2 2 1 3 2 1 2 2 5 2 1 6 1 3 2 2 3 1 1 2 1 2 1 2 1 1 1 1 3 2 2 1 1 2 1 2 1 2 1 2 1 3 2 2 1 1 1 1 1 1 1 1 2 1 1 1 1 1 1 1 2 1 1 1 4 2 1 2 1 1 2 2 2 4 1 2 1 3 2 1 2 1 2 1 2 1 1 2 1 1 1 3 1 1 1 1 3 1 1 1 2 1 2 1 2 1 1 1 1 1 2 1 1 4 1 1 2 1 1 1 2 1 2 1 1 3 1 2 1 1 1 2 2 2 4 2 2 1 1 1 1 1 3 2 1 2 3 2 1 2 1 2 1 3 1 2 1 1 3 1 1 2 3 1 3 3 3 1 1 1 3 1 1 1 1 1 1 1 1 1 1 2 4 1 3 3 1 2 4 1 3 1 2 1 1 1 3 2 1 2 3 2 3 2 1 1 1 1 3 2 3 1 2 1 2 1 2 1 1 2 1 2 2 3 1 1 1 1 1 2 1 1 1 1 3 1 1 1 1 1 3 1 2 1 1 2 1 2 1 1 1 2 2 2 1 1 1 2 1 2 1 1 1 1 3 3 1 3 2 2 1 1 2 3 3 2 1 1 1 2 3 3 2 1 2 1 2 1 3 1 2 1 2 1 2 1 1 2 2 2 1 1 1 1 3 3 3 2 1 1 1 1 2 1 2 1 2 1 4 1 1 2 1 2 1 1 1 3 3 1 1 1 1 1 1 2 1 1 1 2 3 3 1 2 3 2 1 1 1 2 2 2 1 1 1 1 1 3 1 1 1 2 4 1 1 1 2 2 1 2 1 1 1 2 2 2 1 1 1 1 1 1 1 1 5 1 1 2 2 2 2 1 1 1 3 1 3 2 1 1 1 1 2 1 4 2 3 2 1 1 1 4 2 2 2 2 2 2 2 1 2 2 3 1 1 2 1 1 1 2 2 1 1 3 2 1 1 2 2 1 1 2 1 1 4 1 3 1 2 2 1 4 1 2 1 1 1 3 2 2 1 1 2 2 4 1 3 2 1 2 1 1 1 2 1 2 2 1 3 2 1 1 1 1 1 1 2 1 1 1 3 1 1 2 1 2 1 1 2 3 2 2 2 3 2 2 2 1 2 1 1 1 1 1 2 2 1 1 1 2 1 1 1 1 3 2 2 3 1 1 2 3 1 1 5 1 1 1 3 1 1 2 3 3 2 1 1 1 1 1 1 1 3 1 1 1 2 1 1 1 1 1 2 2 3 1 1 2 5 1 1 1 2 1 1 2 2 4 2 1 1 3 1 1 2 1 2 1 2 2 1 1 1 1 2 1 2 1 1 1 2 3 1 1 1 1 2 3 1 2 2 1 1 1 3 2 2 1 2 2 1 2 1 1 1 2 1 1 1 1 1 1 2 2 1 2 2 2 1 1 1 2 1 2 1 3 2 1 1 2 1 2 3 2 1 1 2 3 1 2 2 1 2 3 1 1 1 4 1 2 1 2 1 3 1 4 1 1 4 1 1 4 1 1 1 1 1 3 2 1 3 1 1 1 2 3 1 1 1 1 1 1 2 1 1 1 5 2 2 3 1 1 1 1 1 3 2 2 2 1 1 1 1 2 1 2 2 1 1 1 3 2 2 1 2 1 4 2 1 1 1 1 2 2 1 2 1 2 3 1 1 2 2 2 3 1 1 1 2 2 2 1 2 1 3 1 3 2 1 2 1 2 2 3 2 2 1 1 2 1 3 1 1 2 1 2 1 1 2 1 1 1 2 1 2 2 1 2 3 1 1 1 1 2 1 1 2 1 1 1 1 2 1 1 2 3 1 2 1 1 1 2 2 1 2 1 1 1 1 1 2 1 1 4 1 1 2 1 2 2 2 1 1 1 1 1 1 1 1 1 1 1 1 1 3 1 1 3 5 1 2 2 1 2 1 1 1 3 1 3 1 2 1 1 3 2 2 2 3 1 1 2 2 1 2 1 2 1 1 2 2 2 2 3 2 1 1 1 1 1 1 1 1 2 2 1 2 1 1 2 2 1 1 1 1 1 1 1 1 1 2 1 5 2 3 1 1 4 1 1 2 3 2 1 2 1 1 1 1 2 2 1 2 2 3 1 2 1 1 2 3 2 2 1 1 1 1 2 2 1 1 3 5 1 1 2 1 1 1 3 1 3 1 4 1 1 1 1 1 1 2 3 2 1 1 1 1 1 1 3 1 1 1 1 1 1 1 1 2 3 1 2 3 2 1 1 2 1 2 2 1 1 2 1 1 2 2 1 1 2 1 3 1 1 4 1 2 1 1 3 1 2 1 3 1 1 3 2 1 2 1 1 1 1 2 1 1 2 1 1 1 2 2 1 1 2 2 1 1 3 1 2 1 1 2 2 1 3 2 1 3 2 3 2 3 1 1 1 1 4 1 1 1 1 1 2 1 3 1 2 2 3 2 2 2 1 1 2 2 1 2 1 2 1 1 2 4 1 4 2 2 2 2 2 2 2 1 1 1 1 1 1 2 3 1 1 1 1 1 2 1 2 2 2 1 4 1 2 1 4 1 1 2 2 2 2 2 3 2 1 2 1 1 3 1 1 1 3 1 2 1 1 1 4 2 1 1 1 3 2 1 2 1 1 1 1 2 1 1 2 1 1 3 1 1 3 2 1 2 1 2 2 2 2 1 1 2 1 1 2 1 6 1 1 1 1 2 3 3 1 3 1 2 1 1 1 2 3 1 2 4 1 1 3 1 1 2 2 1 3 1 1 1 3 2 1 1 1 1 1 1 2 2 2 1 2 2 3 2 2 1 4 1 1 1 1 1 1 1 1 1 1 1 1 1 1 1 2 1 2 1 2 1 3 2 4 1 1 1 2 1 2 1 1 2 1 1 1 1 1 1 1 1 1 2 1 3 1 2 3 1 1 1 1 1 2 2 1 2 2 2 1 1 1 3 1 1 2 2 1 3 4 1 1 1 1 2 2 2 1 3 1 1 1 1 1 1 1 1 1 1 1 2 3 1 1 1 2 1 3 1 2 2 2 1 2 1 2 1 1 2 1 1 2 1 1 4 2 3 1 1 1 4 1 2 2 3 1 2 1 4 1 1 1 1 2 1 2 1 1 2 2 1 2 2 1 1 3 1 1 1 1 2 1 1 2 2 1 1 2 2 2 1 2 4 2 1 2 2 2 1 2 1 1 1 1 2 1 4 1 5 1 1 2 1 2 3 2 1 1 1 2 1 1 1 1 1 1 1 2 2 4 1 1 1 1 1 1 1 1 2 1 2 1 2 1 1 2 1 1 2 2 1 1 2 1 1 2 1 2 1 3 1 1 1 2 1 4 1 1 3 1 3 1 1 2 1 3 3 2 2 1 1 1 1 2 2 5 1 1 3 2 1 4 2 1 2 2 1 1 2 3 1 2 1 3 1 1 1 1 1 2 1 1 1 1 2 1 1 2 1 2 2 2 1 1 1 3 2 2 1 1 1 2 2 1 1 1 1 4 3 2 1 1 3 2 1 1 3 1 2 1 2 2 3 2 2 1 1 2 3 1 1 1 1 3 1 1 1 1 1 2 3 3 1 1 1 3 1 2 1 2 1 4 1 2 1 2 1 1 1 1 2 1 2 1 2 2 1 1 1 1 2 1 1 1 2 1 1 1 1 1 1 1 1 2 2 1 2 1 1 2 3 2 1 1 1 1 2 2 1 1 2 1 1 4 1 2 1 1 2 1 1 1 2 1 3 1 2 2 1 1 1 1 2 2 1 2 2 2 2 2 3 1 3 1 2 1 2 2 1 1 1 1 1 1 1 1 1 1 1 2 2 2 1 3 2 1 4 1 2 1 2 1 4 1 3 3 1 1 2 2 1 2 1 2 1 1 1 3 1 3 1 2 1 2 3 1 1 2 1 1 2 1 2 1 1 1 3 1 1 3 1 1 1 1 1 2 1 2 3 1 1 1 4 1 3 2 2 3 3 1 1 1 2 2 1 3 1 1 1 1 2 2 3 2 1 1 1 1 1 1 1 4 1 1 1 4 1 2 2 1 3 2 1 1 1 7 2 1 4 2 5 2 1 1 1 1 2 2 1 4 1 2 1 1 1 1 2 2 2 4 1 1 2 2 2 1 1 1 1 1 2 2 1 1 1 2 1 2 1 1 4 1 2 1 2 2 1 1 2 1 2 1 1 2 1 2 1 1 3 3 1 1 3 2 1 1 1 4 2 1 1 1 2 1 1 1 3 1 2 2 1 3 1 2 1 2 1 1 1 1 1 1 1 1 3 3 1 1 1 3 2 2 1 2 1 3 1 2 1 3 2 1 1 1 2 2 3 2 2 2 3 2 1 1 2 2 1 1 1 1 2 1 1 2 1 1 1 3 2 1 3 1 3 1 1 4 1 1 1 1 2 1 3 1 2 1 1 1 4 4 2 3 1 2 1 1 1 1 1 1 1 1 1 1 1 1 3 1 1 1 1 1 2 1 2 2 1 1 2 2 2 2 2 1 1 1 1 1 1 2 2 1 1 2 2 2 1 1 1 1 3 2 2 2 2 1 2 1 1 1 3 1 1 1 1 1 1 1 3 1 1 2 2 2 1 1 2 3 2 1 2 4 1 1 1 2 1 1 1 1 1 2 3 2 1 2 2 1 1 3 1 1 1 2 1 3 4 2 2 1 4 2 3 1 2 2 1 3 1 2 1 2 2 2 3 2 2 1 3 1 1 3 2 1 1 1 1 1 2 1 1 1 1 1 1 3 1 1 3 1 3 3 2 1 1 1 1 1 2 1 2 3 3 1 2 3 2 1 2 1 2 2 3 5 1 3 1 1 1 1 3 1 1 1 1 1 2 1 4 1 3 2 1 2 2 1 1 1 2 1 1 2 2 3 3 4 1 4 1 1 1 1 1 2 2 1 1 2 1 1 2 1 2 2 1 1 3 1 1 1 1 2 1 1 1 2 1 1 3 2 1 2 2 1 1 1 2 1 1 1 1 1 1 1 1 1 1 2 2 1 2 1 1 1 3 1 2 2 1 1 1 1 1 1 3 2 3 1 1 1 1 1 1 1 2 1 1 2 1 1 2 3 2 1 1 1 1 2 1 2 2 1 1 2 1 1 1 1 1 1 3 5 3 1 1 1 3 1 1 2 1 1 2 1 3 1 1 3 1 1 2 3 1 2 2 1 1 1 1 2 2 3 2 2 1 1 2 2 1 1 1 2 1 2 2 1 1 1 2 1 1 1 1 1 2 1 1 1 2 1 2 1 1 3 1 3 4 3 2 3 2 1 3 1 2 1 4 1 1 1 1 1 1 1 1 2 4 1 1 1 2 1 2 2 2 2 2 1 2 2 1 3 2 2 1 2 1 1 1 1 1 2 1 1 2 3 2 4 1 3 3 2 2 1 4 1 1 2 1 1 1 2 1 4 1 1 2 2 4 3 1 4 1 2 2 1 1 3 2 1 1 1 1 1 1 2 3 1 1 1 1 2 2 2 1 3 1 1 1 3 1 1 1 2 1 1 2 1 3 3 2 1 1 1 1 1 1 2 1 4 1 3 2 1 1 1 2 1 2 1 1 1 1 1 1 1 1 1 1 1 1 1 1 1 1 3 2 2 1 2 2 2 1 1 1 1 1 1 1 1 2 2 2 2 3 2 3 3 3 2 1 3 1 3 1 1 1 1 3 1 1 1 2 2 2 2 1 2 1 1 2 1 3 1 2 1 2 1 1 2 3 1 2 2 2 1 1 2 3 2 2 3 1 2 1 1 2 2 1 1 2 1 2 1 1 3 2 1 1 1 1 1 3 1 2 2 1 1 1 2 2 1 2 2 2 1 3 3 2 1 1 3 1 2 1 1 3 2 1 2 4 1 3 1 2 1 2 1 1 1 1 1 1 1 2 1 2 2 1 2 1 2 1 1 2 3 2 1 2 2 2 1 1 1 1 1 1 1 1 1 1 2 1 1 2 1 3 1 1 3 3 1 3 1 2 1 1 1 2 1 1 1 1 2 2 1 1 3 1 2 1 1 1 1 1 1 2 3 2 1 1 2 1 1 1 2 2 1 1 1 1 1 1 1 4 2 1 1 1 1 1 1 2 2 1 1 1 1 1 2 2 1 2 3 2 4 1 2 1 1 1 1 2 3 2 2 1 1 3 1 2 1 2 3 2 1 1 3 4 1 1 2 1 1 1 1 2 2 1 1 1 2 1 1 3 1 2 1 3 1 1 1 3 2 3 1 2 1 1 1 1 2 1 1 2 1 2 1 1 1 1 1 1 1 3 2 2 3 4 2 4 2 1 3 1 1 1 1 1 1 1 1 1 2 1 1 2 1 2 1 2 3 1 2 2 2 1 1 2 1 1 2 1 1 2 2 1 1 1 1 5 1 1 2 2 2 1 1 1 1 1 2 2 2 2 3 1 1 1 1 1 1 1 1 1 2 1 2 1 1 1 1 2 2 4 1 1 3 1 2 1 2 2 1 1 3 1 3 2 1 1 1 2 1 1 1 1 1 1 1 1 1 3 3 1 2 1 1 2 3 4 2 2 1 2 2 2 1 1 1 1 2 1 3 2 1 1 1 2 1 2 1 1 2 3 1 1 2 1 1 1 1 1 3 1 2 1 1 1 1 3 2 2 1 1 1 1 1 1 2 2 2 1 2 2 1 2 1 2 3 1 3 2 2 3 1 3 1 1 1 3 1 2 3 2 2 1 1 1 2 1 1 1 1 1 1 1 2 1 2 3 2 1 3 1 1 1 2 2 1 1 2 1 1 3 2 2 2 1 2 5 2 1 1 2 1 2 1 2 1 1 1 1 2 4 1 1 1 1 1 1 1 2 2 1 1 1 1 1 1 3 1 1 2 2 1 1 1 2 1 1 3 3 2 1 1 1 1 2 2 2 2 2 3 2 1 1 1 1 1 2 1 1 1 2 2 1 2 3 1 1 1 1 4 1 1 1 2 1 2 1 2 1 1 1 1 1 3 2 2 2 3 2 1 2 1 1 1 1 2 2 1 2 1 1 3 2 2 1 1 1 3 1 1 1 1 1 3 2 2 1 2 2 2 1 1 3 2 2 2 1 3 1 1 2 2 3 2 1 2 1 1 1 2 1 4 1 1 2 1 1 1 1 1 2 4 2 3 2 1 1 1 2 2 4 1 3 2 2 2 3 2 4 2 1 1 2 4 1 3 4 1 1 1 2 1 1 1 1 1 1 2 1 2 2 1 2 1 2 2 1 2 1 1 1 2 3 1 2 1 1 1 2 2 2 2 1 2 2 2 2 1 2 2 4 1 1 1 2 1 1 1 1 2 3 1 1 1 3 1 1 1 1 2 2 3 2 1 2 1 1 2 2 1 2 2 2 2 1 3 1 2 1 1 1 2 2 1 1 1 2 1 1 2 1 1 1 1 2 1 1 1 2 1 3 2 2 2 1 1 1 1 1 1 1 2 2 3 1 1 1 1 1 1 1 2 4 1 5 1 1 1 1 2 1 1 2 2 1 1 3 1 1 1 3 3 4 1 1 2 1 2 4 3 3 2 1 1 2 1 1 1 2 1 1 2 2 1 1 1 2 1 1 1 1 2 2 1 1 3 1 2 1 2 1 3 1 1 1 1 2 2 3 2 3 2 2 1 1 1 1 1 1 1 2 1 2 2 2 4 1 1 2 1 1 1 1 2 2 1 2 1 1 1 1 1 1 1 1 2 2 1 2 2 1 2 4 1 4 2 1 1 1 1 1 2 1 1 1 1 2 1 2 1 1 1 1 1 1 1 2 2 1 1 2 2 1 3 1 3 2 1 2 1 1 1 1 2 3 1 3 2 3 2 1 1 1 2 1 2 2 2 3 1 1 2 2 2 1 2 1 1 1 2 1 3 1 2 1 1 1 1 1 3 1 4 1 1 1 2 1 1 2 1 1 1 1 1 2 3 1 1 1 1 1 2 1 1 2 1 1 4 1 1 3 1 3 1 1 3 1 2 1 3 1 2 1 3 1 1 2 3 1 3 1 1 1 1 2 4 2 2 1 1 4 1 2 1 2 1 1 3 1 1 1 2 1 1 1 2 2 1 1 1 3 1 1 2 4 1 1 3 1 1 1 2 3 1 1 2 2 3 1 2 1 2 1 1 4 1 2 2 1 1 1 2 1 3 1 1 2 2 1 1 1 1 2 1 2 2 1 1 1 1 2 2 1 1 1 1 1 2 2 1 2 6 2 1 2 2 1 2 2 2 1 3 1 1 1 1 1 2 2 3 1 1 1 1 1 1 2 3 1 1 1 2 1 4 1 1 1 1 1 2 2 2 2 2 3 1 2 2 1 1 2 1 1 2 1 3 1 1 1 2 2 2 1 3 2 2 3 2 2 1 1 2 2 2 1 1 1 1 2 1 2 3 1 2 1 2 1 2 1 1 2 1 1 1 1 2 2 2 1 2 1 1 2 2 1 2 1 1 1 1 2 3 1 2 1 2 1 1 1 1 1 1 1 1 1 3 2 3 1 1 1 4 2 2 2 1 1 3 2 1 2 2 1 1 1 1 5 1 1 1 1 2 1 1 1 2 1 1 2 2 2 1 2 2 3 4 3 4 1 1 3 1 2 1 2 3 4 1 2 4 2 2 3 2 1 3 1 1 1 3 1 1 1 1 1 2 3 2 1 2 2 3 2 2 2 3 3 1 3 1 1 1 3 1 3 2 1 3 3 1 1 3 3 2 2 2 2 4 2 2 1 1 1 1 2 4 5 2 1 3 1 1 3 1 3 2 1 1 3 1 2 1 2 1 2 2 4 1 1 1 1 2 1 2 2 3 2 1 1 1 2 1 1 2 4 2 1 2 4 2 1 2 1 1 1 3 3 4 3 2 2 1 3 3 1 1 1 2 3 1 1 1 3 2 3 1 4 2 2 2 1 1 1 1 2 1 2 1 1 1 2 2 1 1 1 2 2 2 1 2 2 1 3 2 1 1 2 2 2 1 1 1 2 1 3 2 1 1 1 6 1 1 1 2 3 2 3 3 3 1 3 1 3 1 3 2 1 2 1 1 1 3 3 2 1 2 1 1 1 1 1 1 2 1 2 1 3 1 1 1 2 3 1 1 1 1 2 3 1 4 1 1 4 1 1 3 1 3 1 1 3 2 2 2 4 1 1 2 1 1 1 1 1 1 1 1 1 1 2 1 2 1 1 2 2 1 2 1 1 1 1 1 2 2 3 2 2 2 2 1 4 1 1 1 2 1 3 2 2 1 1 1 1 2 2 1 1 3 2 1 1 1 1 2 2 1 2 1 1 1 3 2 1 2 1 1 1 2 2 1 3 1 1 1 2 2 1 1 2 1 1 1 2 3 2 2 1 4 1 1 1 3 2 1 1 2 1 1 1 1 3 2 2 2 1 1 2 1 2 2 3 1 1 1 1 2 2 2 3 2 1 1 1 1 2 3 4 1 3 4 4 1 1 2 2 1 1 1 2 1 1 1 1 1 1 2 1 2 2 2 1 3 1 1 2 1 1 3 2 1 3 2 2 2 1 2 2 1 3 2 2 1 2 1 1 2 2 1 4 1 1 1 1 3 1 1 2 2 1 1 1 1 4 2 1 1 1 1 1 1 1 1 1 1 1 1 2 2 2 1 1 1 1 1 2 1 3 1 1 2 2 2 2 2 2 1 2 2 1 1 2 1 6 1 2 2 2 1 2 1 1 3 1 2 1 1 2 1 1 2 1 1 2 2 2 2 1 1 1 1 1 1 1 1 2 1 2 1 2 2 2 1 2 1 4 2 1 2 3 1 2 1 1 1 1 1 2 2 1 2 1 2 1 1 1 1 1 1 2 1 2 1 3 2 2 1 1 2 1 2 1 2 1 1 1 1 2 1 4 1 1 1 1 1 1 2 1 3 1 2 3 1 3 1 2 1 1 3 1 1 2 2 3 1 1 2 2 1 2 3 3 1 1 3 2 2 2 3 1 1 1 1 1 1 1 3 1 2 3 1 2 2 1 1 3 1 1 3 1 1 1 1 1 1 2 1 2 2 1 1 1 2 3 1 1 1 1 2 1 1 1 2 3 1 1 1 4 1 2 1 1 3 1 1 1 1 3 5 1 1 3 2 1 2 1 1 3 1 1 1 1 1 2 1 1 2 1 1 2 2 1 1 2 1 1 1 2 2 1 1 1 1 2 1 1 2 3 3 1 1 2 2 1 2 2 1 1 1 1 5 1 1 1 2 1 1 1 1 2 1 1 3 2 1 1 2 1 1 1 1 1 2 4 2 1 1 1 5 1 1 2 1 2 1 2 1 2 2 1 1 1 1 3 1 3 2 1 3 1 1 2 1 2 1 2 1 2 2 3 2 1 1 1 1 2 1 1 3 1 1 1 1 2 1 1 2 2 1 2 1 4 1 2 1 2 1 2 1 1 1 5 1 1 1 1 1 3 1 1 2 1 1 1 1 1 1 1 1 1 1 1 1 1 2 1 1 2 1 1 2 2 2 1 3 1 1 2 1 1 2 2 2 1 2 1 1 1 2 1 4 1 1 2 1 1 1 3 4 1 1 1 1 1 1 1 1 1 2 1 2 1 1 2 1 1 2 3 2 2 2 1 4 3 2 1 2 1 1 2 2 2 2 1 3 1 1 1 1 2 1 2 3 2 1 1 2 2 2 2 1 3 3 4 2 1 2 2 1 1 1 2 2 1 1 1 4 1 1 3 1 1 1 1 1 1 1 1 1 1 1 1 3 1 1 1 1 3 3 1 1 1 2 1 1 1 1 1 1 1 2 1 1 5 1 1 2 3 1 1 2 1 1 3 1 2 1 3 1 2 2 2 4 3 1 1 2 1 2 2 2 1 1 1 1 1 1 2 1 1 3 6 1 1 1 2 3 1 1 3 2 2 2 1 1 1 3 1 1 1 1 1 1 1 1 3 3 3 1 2 1 1 2 2 2 1 1 1 2 3 1 3 1 4 1 1 1 1 2 2 1 1 1 1 2 1 1 1 1 3 1 2 2 2 2 2 1 1 1 2 1 3 1 5 3 2 3 1 2 2 1 1 2 1 2 1 1 1 3 1 1 1 2 2 2 2 1 3 2 1 1 1 1 1 1 1 1 2 1 2 1 2 2 2 1 1 5 2 1 3 1 2 1 2 2 1 1 1 2 2 3 2 1 2 1 3 2 1 2 2 2 2 1 1 1 1 1 2 2 3 2 2 1 1 2 1 3 2 1 2 2 2 2 1 1 1 2 1 2 1 2 1 1 2 1 4 1 2 4 1 1 1 2 2 2 3 2 1 2 2 1 1 1 1 1 1 1 1 1 5 2 1 2 1 2 3 1 3 1 2 1 2 1 1 2 1 1 2 2 1 1 1 1 2 2 1 1 1 2 2 1 1 1 2 2 3 1 1 1 2 1 1 4 2 1 1 2 2 1 3 1 1 1 1 3 1 1 1 1 2 1 2 1 1 1 2 4 3 3 1 3 1 4 1 2 1 2 1 2 1 1 1 2 1 1 1 2 1 2 1 2 2 1 1 1 5 2 2 1 3 2 1 2 1 2 3 2 2 1 2 1 1 1 1 2 1 1 2 4 1 2 2 2 1 1 1 2 2 1 1 4 4 3 1 1 1 1 3 1 4 2 1 2 1 1 1 3 1 1 4 1 1 3 1 2 1 1 1 1 3 1 1 1 2 3 1 1 2 1 1 3 1 1 2 1 3 2 2 1 2 1 3 2 1 1 1 1 2 1 1 1 1 2 2 1 1 2 1 3 1 1 3 2 4 1 1 2 2 1 1 1 3 1 1 3 1 2 1 2 1 1 1 2 1 1 3 2 1 1 1 1 1 5 1 2 2 1 1 1 1 2 2 1 2 2 1 3 2 1 1 1 2 3 1 2 2 2 1 3 2 2 2 2 2 3 2 2 2 1 3 1 1 2 2 2 3 1 1 1 1 1 2 1 1 1 1 1 4 1 1 1 1 2 1 1 3 2 1 1 1 1 1 1 3 2 1 1 2 2 1 2 2 1 1 3 2 2 3 2 2 3 1 1 1 1 1 4 1 4 1 1 2 1 1 2 4 2 1 1 1 1 1 1 3 2 2 1 3 1 1 2 2 2 1 1 1 2 1 1 1 1 1 1 2 1 2 3 3 2 1 1 1 2 1 3 2 1 1 1 2 2 1 1 3 1 2 3 2 2 1 1 3 1 2 1 1 1 1 1 1 3 1 1 2 3 1 1 3 2 1 2 2 2 1 2 1 1 2 2 1 1 2 2 1 2 4 1 2 2 1 1 4 1 2 1 3 3 3 2 2 2 1 1 1 1 1 1 2 2 2 1 1 1 2 1 1 1 1 3 1 1 2 1 1 1 1 2 1 1 1 1 1 1 4 1 2 2 3 2 1 1 3 1 1 1 3 1 1 1 2 1 1 1 1 1 2 1 2 1 2 2 1 1 2 1 1 1 1 2 1 2 3 3 1 2 2 2 1 1 1 1 1 2 1 1 1 2 1 1 4 3 2 2 1 3 2 1 4 1 1 1 2 1 1 1 1 1 2 1 1 1 1 3 2 1 2 3 1 1 1 1 2 2 1 1 3 1 1 1 1 2 4 1 1 2 2 1 1 2 1 2 2 1 1 2 1 2 1 1 2 2 3 1 1 1 1 2 1 1 1 2 1 2 3 1 6 1 1 2 1 2 3 1 1 1 2 1 1 3 1 3 2 1 2 2 1 3 1 2 2 2 2 2 2 1 1 1 2 2 1 1 1 4 1 1 4 2 1 2 1 1 2 1 1 1 2 1 2 2 4 1 1 1 4 2 1 2 2 1 1 3 2 3 4 2 1 1 1 5 1 2 1 1 1 3 2 1 1 2 1 1 1 3 1 1 1 2 1 2 1 3 1 1 2 5 2 3 1 2 4 4 3 1 3 1 1 2 1 1 1 1 2 1 1 1 1 2 1 2 2 2 1 1 2 2 3 2 2 1 2 2 1 2 1 2 1 1 2 1 1 2 2 1 2 2 1 2 1 3 4 1 1 1 2 2 3 1 2 1 1 1 2 2 2 1 2 2 1 2 1 1 1 4 1 2 2 1 1 1 1 1 1 2 2 1 1 2 3 1 1 2 3 1 2 1 1 1 2 3 1 1 4 2 1 3 2 1 1 2 1 2 2 2 3 2 1 2 1 1 3 1 3 6 1 1 1 1 1 1 1 1 1 1 1 2 2 1 1 1 1 1 1 1 1 2 1 2 1 1 1 2 1 1 1 3 1 1 3 1 2 1 2 1 1 2 1 1 3 1 1 4 1 2 2 1 1 1 1 3 1 1 3 1 1 1 2 2 1 2 2 1 1 1 3 4 1 1 2 1 1 1 2 2 1 1 2 1 1 1 2 1 1 1 2 1 2 1 1 2 2 2 1 1 1 1 1 3 1 1 1 1 1 1 2 2 1 1 2 1 2 1 2 1 2 2 1 1 3 1 1 2 1 2 1 2 1 1 1 1 1 1 5 2 2 1 1 5 3 1 2 2 1 1 2 1 1 1 1 1 2 1 2 2 3 2 3 1 3 1 3 4 1 1 3 1 2 2 2 2 1 1 2 1 1 1 4 1 2 1 2 2 1 2 1 2 1 1 1 1 2 1 4 1 1 1 1 1 1 1 1 2 1 1 2 1 1 3 1 1 2 2 1 1 1 1 1 2 1 1 1 1 3 1 1 1 3 1 1 1 1 1 2 1 2 2 1 1 2 1 1 1 1 1 1 1 2 3 3 4 2 1 2 2 2 1 2 1 2 1 3 1 3 1 1 1 1 1 1 2 1 1 4 2 1 1 2 2 1 1 1 2 1 1 1 1 1 1 1 2 1 2 2 1 2 1 2 2 2 1 1 1 5 2 1 1 2 1 1 2 1 1 1 1 1 1 1 1 2 2 2 2 1 1 1 1 2 2 1 2 1 1 1 1 1 2 1 1 2 1 1 2 2 1 2 2 2 1 1 1 1 2 1 1 2 1 1 1 1 1 1 1 1 1 1 1 3 2 1 2 1 1 3 1 1 1 1 2 1 2 2 2 1 2 2 2 1 1 4 1 2 1 1 2 1 1 1 3 1 1 1 1 2 4 3 3 1 1 2 1 1 3 1 1 2 1 3 2 4 1 2 3 2 2 3 1 2 2 1 1 3 1 4 1 2 2 2 2 1 1 1 1 2 1 2 1 2 2 1 4 1 3 2 1 1 1 2 2 4 1 1 1 2 2 2 3 3 3 2 1 2 1 1 1 2 3 2 2 4 1 1 3 3 1 3 1 1 1 1 2 2 2 2 2 1 2 3 3 2 2 1 4 1 1 1 1 1 1 1 2 1 1 1 1 3 1 2 1 1 1 1 1 2 2 1 1 2 2 3 1 2 2 1 1 1 2 1 2 5 1 1 1 2 2 2 2 4 2 4 1 1 2 3 1 2 3 1 1 2 1 1 1 1 1 2 1 1 1 1 1 1 1 2 1 1 1 1 1 1 2 1 2 2 1 1 1 1 1 2 1 5 2 1 1 1 1 2 1 1 2 3 1 1 1 3 1 3 1 1 1 4 1 3 5 1 1 3 2 1 1 2 2 1 2 1 1 1 1 1 1 1 2 2 1 1 1 1 2 1 4 2 1 1 2 1 3 1 2 2 3 1 1 1 1 2 2 2 3 1 2 3 3 1 1 2 1 1 2 1 2 1 2 2 1 1 1 1 5 2 1 2 3 3 1 1 4 3 1 2 1 1 2 3 1 1 4 1 1 1 1 1 1 2 1 3 1 1 2 1 1 3 1 2 2 3 2 1 2 1 3 1 1 1 4 1 1 1 2 1 1 1 2 2 1 1 2 2 1 1 2 2 3 1 1 2 1 1 1 2 1 2 2 1 1 3 2 3 2 3 2 1 2 3 2 3 2 2 2 2 1 1 4 3 1 1 1 3 3 2 2 2 3 1 2 1 1 2 1 2 1 1 2 2 1 2 2 3 2 1 2 3 1 1 3 2 2 1 1 2 2 1 3 1 1 1 1 1 3 3 1 2 1 1 2 1 2 1 1 2 1 2 3 1 1 1 1 1 2 1 2 1 2 1 3 2 2 2 4 2 2 1 2 2 1 1 1 3 1 1 1 1 4 1 2 2 3 1 2 2 1 1 1 2 1 1 1 1 1 3 1 2 3 1 1 1 1 1 1 3 1 1 1 1 1 1 1 1 1 1 1 1 1 1 1 1 2 1 1 2 2 1 1 2 1 1 1 1 1 2 2 1 2 2 2 2 1 2 2 1 1 1 1 2 2 2 2 1 1 1 3 3 2 3 1 1 1 3 1 1 1 2 3 3 2 1 1 1 2 1 1 3 1 2 1 2 1 2 2 1 1 2 1 1 1 1 1 1 2 1 2 1 1 1 1 1 1 2 1 1 1 1 1 2 1 1 1 2 2 1 3 1 1 2 1 1 2 1 1 2 1 1 1 3 1 1 1 3 1 3 1 1 1 1 1 2 1 1 3 2 1 2 1 2 2 1 1 1 2 1 1 1 2 1 1 1 1 1 1 1 2 4 1 2 1 1 1 2 1 1 3 1 3 3 2 1 3 2 1 1 1 3 1 1 1 1 1 4 2 1 2 2 2 1 1 1 1 2 1 1 1 1 3 2 1 2 1 3 1 2 1 2 3 1 1 4 1 3 1 2 1 1 3 4 1 2 1 1 2 2 2 1 1 2 2 2 1 3 1 1 1 1 1 1 1 2 4 2 2 2 1 2 2 1 1 1 2 2 3 2 1 3 1 3 1 4 1 1 1 1 1 1 2 3 2 1 2 1 2 2 2 2 4 1 1 1 1 1 1 1 2 1 1 2 1 2 2 1 1 1 3 2 2 2 1 2 1 1 1 3 1 2 3 1 1 2 1 3 1 1 2 1 1 1 2 2 1 1 4 1 1 2 2 1 1 2 4 4 3 1 3 1 1 1 3 2 1 2 1 1 2 2 3 2 1 2 3 2 2 2 1 2 1 3 1 1 3 4 1 2 1 1 3 4 1 2 1 1 3 1 1 2 1 2 1 2 1 1 1 2 2 1 2 1 2 2 1 2 1 2 1 1 1 2 3 1 1 1 1 1 1 1 1 3 1 1 1 3 3 1 2 1 1 3 1 1 1 1 2 1 1 3 1 3 1 2 3 2 2 1 2 1 3 2 1 1 1 2 2 3 1 1 1 1 1 1 3 1 2 1 2 2 1 1 2 2 1 1 2 1 3 1 1 1 2 1 2 1 2 1 2 2 2 1 1 1 1 1 1 2 2 1 1 3 1 1 3 5 1 1 3 3 1 1 1 1 1 1 1 2 2 2 1 1 3 1 1 3 1 2 1 1 1 1 1 3 2 1 2 1 1 1 1 1 4 2 1 2 1 1 2 1 1 2 3 2 2 3 2 1 2 1 1 1 1 2 2 2 2 2 2 1 3 1 2 1 1 1 2 1 4 1 1 1 1 1 1 1 2 5 3 2 1 2 2 1 1 2 1 2 1 1 1 1 2 3 1 2 2 1 1 2 1 1 1 2 3 1 1 2 2 2 3 4 1 1 1 1 2 1 2 1 2 1 2 2 1 1 4 1 1 1 2 1 2 2 1 2 2 1 2 2 1 2 1 2 2 2 1 3 1 1 1 1 2 1 2 1 1 2 1 1 1 1 3 4 1 3 1 1 1 2 1 3 3 2 2 1 2 2 3 1 1 2 2 1 1 2 1 3 2 2 3 1 2 4 1 2 2 3 2 3 1 1 3 2 1 2 3 2 2 1 1 1 1 2 1 1 2 1 2 1 1 1 2 1 1 2 2 2 1 1 1 2 1 1 2 1 4 1 2 1 1 3 1 2 1 1 4 1 3 1 2 2 1 1 1 1 1 3 2 1 4 2 3 1 3 1 2 1 1 1 2 1 1 1 1 1 1 1 2 1 2 1 3 3 1 2 2 1 1 1 1 1 2 1 3 3 2 1 1 4 1 1 2 1 2 3 1 2 2 2 1 4 1 1 2 1 1 1 1 1 2 2 4 3 2 1 1 2 1 2 1 1 1 2 3 1 1 2 1 1 3 1 1 1 3 2 1 1 4 1 2 1 2 1 1 2 1 1 1 1 1 1 1 2 1 1 1 1 1 1 1 2 2 1 4 2 5 1 2 1 1 3 1 2 1 2 1 1 1 2 2 1 2 1 1 1 2 3 3 1 2 1 1 1 1 1 1 2 1 2 2 1 1 2 2 1 1 4 1 1 1 1 2 2 3 1 1 3 2 1 1 1 1 1 1 2 1 2 1 1 2 1 3 1 4 1 2 1 2 2 2 2 1 1 1 1 1 3 2 1 2 1 1 1 1 1 1 1 1 4 1 1 2 1 1 3 2 1 2 1 1 2 1 2 5 1 1 2 2 1 2 1 1 1 3 1 4 1 2 1 1 1 2 1 1 1 3 2 2 1 1 2 1 1 3 2 1 4 1 2 1 3 1 1 1 2 2 1 1 1 3 1 1 2 1 3 1 1 2 3 2 1 2 2 2 1 1 1 1 1 2 5 2 2 1 3 5 1 2 1 2 2 1 1 1 1 4 1 1 1 2 2 1 1 3 1 1 2 2 1 1 1 2 1 1 1 1 1 1 1 2 1 1 1 2 1 1 1 1 1 2 3 2 1 1 2 1 2 3 1 1 1 2 1 1 2 1 1 1 1 3 3 1 3 3 1 3 2 1 4 1 2 2 1 1 1 1 2 3 2 2 1 3 3 1 2 2 1 5 4 3 1 1 2 2 1 1 1 1 1 1 4 3 2 1 2 2 2 1 2 1 2 3 1 1 1 1 1 2 1 2 1 1 1 1 2 2 2 4 1 1 2 2 2 2 1 2 1 1 1 2 6 4 2 1 1 2 2 1 2 2 3 3 4 3 2 3 2 3 2 1 1 2 1 1 3 2 1 1 1 2 1 1 1 2 1 1 1 2 1 2 3 2 2 1 1 1 1 1 1 1 1 2 1 3 1 7 2 1 2 1 2 1 2 2 1 1 1 1 1 1 1 1 2 2 2 1 2 2 2 1 1 1 1 2 1 2 1 1 1 2 1 1 1 2 1 2 3 1 2 4 1 1 2 1 2 1 4 1 1 1 1 3 1 3 1 1 1 1 1 1 2 2 1 1 4 3 2 1 1 2 2 1 2 1 1 1 2 4 3 1 2 2 2 3 3 1 3 2 1 1 3 3 1 1 1 2 1 1 4 1 2 2 2 1 1 2 1 1 2 2 2 3 2 1 2 3 1 3 3 1 1 2 3 3 1 1 1 2 2 1 2 1 1 1 2 1 2 1 4 1 1 4 1 3 3 1 1 1 1 2 1 1 1 1 2 1 1 2 2 1 1 1 3 2 2 1 1 1 1 3 3 2 1 1 3 1 2 1 3 1 1 1 2 1 1 1 2 2 1 2 1 1 1 2 1 2 1 1 1 1 1 3 1 1 4 1 2 1 1 1 2 2 1 2 1 3 1 1 1 2 1 2 1 1 1 2 4 1 2 1 3 1 1 1 2 1 2 1 2 1 1 1 3 1 1 1 3 3 3 1 1 3 1 1 2 4 2 2 4 1 3 1 1 2 1 1 1 1 3 1 2 1 1 2 1 2 1 1 1 1 1 1 3 1 1 1 1 2 3 1 3 1 2 1 1 2 2 2 1 1 1 1 2 1 2 1 1 2 2 1 5 1 1 1 1 1 1 2 2 1 2 1 2 1 1 2 1 1 2 3 1 4 1 1 1 1 2 4 2 1 1 1 2 2 1 1 3 1 3 1 1 2 2 2 1 1 3 1 1 3 1 1 1 1 2 2 1 1 4 1 1 1 1 2 2 1 1 3 3 4 2 1 1 2 2 3 1 2 1 1 3 1 1 1 1 3 1 4 2 1 1 3 1 3 2 1 3 1 3 2 3 1 2 1 2 1 1 1 3 1 1 1 1 1 1 1 3 1 1 3 1 1 1 2 1 1 1 1 3 1 1 2 2 1 1 1 1 2 3 2 1 1 1 1 1 1 1 5 3 1 3 1 1 2 2 1 2 1 2 1 1 1 1 1 1 2 3 2 2 1 1 2 1 3 1 1 3 1 1 5 2 3 1 2 1 3 2 1 2 3 1 1 1 1 2 2 3 2 2 1 3 3 1 1 2 1 2 2 1 2 2 2 2 1 1 3 1 2 2 2 1 1 1 3 1 1 1 3 3 2 1 1 1 1 2 1 3 3 3 3 1 2 2 1 3 3 2 1 1 3 4 1 2 2 1 1 1 1 1 3 3 1 2 1 1 1 2 3 3 2 1 1 2 4 2 2 3 1 1 1 2 1 1 2 1 2 2 1 1 2 2 4 1 1 1 4 1 2 1 1 1 1 2 1 1 1 1 2 2 2 1 3 2 1 2 1 1 1 1 1 1 2 2 1 2 1 1 1 3 1 1 1 1 2 1 2 1 1 1 2 1 1 1 2 5 1 2 1 1 1 2 5 1 1 2 4 2 1 1 1 1 1 1 1 1 1 1 1 1 1 1 2 1 1 5 1 1 3 3 1 1 1 2 1 3 2 1 2 2 1 1 3 2 2 1 2 2 2 1 2 1 3 1 2 1 2 1 3 1 1 4 2 1 1 1 1 3 1 1 2 3 1 1 1 1 1 1 1 2 2 1 3 1 3 2 3 1 3 2 2 1 2 1 1 2 1 1 1 2 1 1 1 1 2 1 1 6 5 2 2 1 1 1 1 1 4 1 3 2 1 1 1 1 3 1 1 1 1 1 1 2 3 3 2 1 1 2 3 1 1 1 1 1 1 2 3 2 1 1 1 1 2 1 2 2 2 1 1 2 1 2 1 2 2 2 1 1 2 1 2 1 3 2 2 2 2 1 3 1 3 2 2 1 1 1 2 1 2 4 2 1 2 2 3 2 2 2 3 2 1 2 2 1 1 4 1 2 1 1 2 2 2 2 1 1 3 1 3 2 1 1 1 2 2 1 2 1 1 2 1 4 2 1 3 3 1 3 1 1 3 1 1 1 1 2 2 1 2 2 2 3 1 1 5 1 2 2 1 1 2 1 2 1 1 3 2 1 1 1 1 1 1 3 1 2 1 2 3 2 2 4 2 2 1 1 1 1 2 2 2 1 1 1 1 2 2 4 1 2 1 3 1 2 1 1 3 1 1 1 1 3 2 1 3 1 1 1 2 1 2 2 1 2 1 1 2 2 1 2 1 3 1 1 1 1 1 2 1 1 1 1 1 1 3 1 1 2 2 1 1 2 2 2 1 1 2 2 1 2 2 1 1 1 3 2 2 2 2 1 2 1 1 2 1 1 2 2 1 2 1 2 1 2 2 2 2 1 2 1 1 1 1 1 1 2 3 1 1 1 4 1 2 1 2 1 3 1 1 2 1 2 1 1 4 1 1 2 1 1 1 2 3 1 1 1 3 3 1 1 1 3 3 2 2 2 3 2 1 1 2 1 1 1 2 1 2 3 2 1 1 3 1 2 1 1 1 1 1 1 1 4 2 2 2 1 1 2 2 1 2 1 1 1 2 1 4 1 2 1 1 1 1 2 1 2 3 1 2 1 2 2 1 1 1 2 1 1 1 1 2 1 3 2 2 1 2 3 1 2 3 1 1 3 1 3 2 1 1 1 1 1 2 3 1 2 1 1 1 2 1 1 2 2 1 2 1 2 2 1 2 2 1 1 2 1 1 3 1 2 1 3 1 2 1 1 3 2 1 2 1 2 2 1 1 3 2 2 1 3 1 1 3 2 1 2 2 1 2 2 1 1 2 1 1 1 3 3 1 1 2 1 1 2 2 1 1 1 2 2 1 1 3 1 1 1 1 1 2 2 2 1 1 1 3 1 5 1 2 2 2 2 1 2 1 1 2 3 2 1 2 2 1 1 2 2 2 1 3 1 1 1 1 3 5 1 1 1 3 2 1 1 1 1 1 1 1 1 3 2 1 2 1 1 2 1 2 2 2 1 2 4 1 2 2 2 2 2 3 2 2 1 1 2 4 1 5 1 2 4 1 2 3 1 1 1 1 1 1 1 1 2 3 1 1 2 1 2 2 1 1 1 2 2 1 1 2 1 1 1 3 2 1 2 1 1 1 1 1 1 2 1 1 1 1 1 1 1 2 1 1 3 2 1 2 1 1 1 2 1 2 1 1 1 1 2 1 2 1 1 1 1 2 2 1 1 1 2 1 2 3 3 2 1 2 3 1 1 1 3 1 2 2 1 2 1 1 3 1 4 1 1 3 3 1 1 3 2 1 2 1 1 2 1 2 3 1 3 2 1 1 1 2 1 3 1 1 1 1 1 1 1 1 2 2 2 1 1 1 3 1 2 2 1 1 1 1 5 1 1 1 2 1 2 1 3 1 1 1 2 1 3 3 3 1 2 1 3 1 2 2 1 1 1 1 3 1 1 4 4 3 2 3 1 1 1 2 1 3 1 2 1 1 3 2 2 2 3 2 1 2 1 3 2 3 1 3 1 3 1 3 3 1 1 1 2 1 3 2 1 1 4 1 1 2 1 2 1 2 3 1 5 3 1 1 1 1 6 1 1 1 2 1 1 1 1 3 1 1 3 2 1 1 1 1 1 2 2 1 1 1 2 1 2 1 2 1 2 1 1 1 3 1 1 1 3 2 1 1 1 2 1 1 1 1 1 1 3 2 1 1 2 2 2 1 1 4 2 2 1 2 2 2 1 1 1 1 1 2 1 2 2 1 1 2 1 2 4 3 1 2 3 2 3 2 2 1 2 1 2 1 2 1 1 3 1 1 1 3 1 1 2 2 3 1 2 1 2 1 1 1 2 1 1 1 3 1 1 1 1 1 2 2 1 1 2 2 1 1 1 2 1 1 1 2 2 2 1 2 1 1 2 1 1 1 2 1 1 2 1 2 1 1 1 1 3 1 1 1 2 1 2 1 2 2 2 1 1 2 2 1 1 2 1 3 1 2 3 2 2 2 1 1 1 2 1 2 2 1 1 2 1 2 4 1 3 1 1 1 1 1 3 2 1 2 1 2 2 1 2 4 1 1 1 1 1 1 1 1 2 1 1 1 1 2 1 2 1 2 2 1 2 2 1 1 1 1 2 2 2 4 2 2 3 2 1 2 2 2 1 1 1 1 3 2 2 1 2 4 1 2 2 1 1 3 1 2 1 1 3 1 1 2 1 2 1 2 2 1 2 2 1 1 1 1 2 1 2 2 1 1 1 2 2 3 4 1 1 3 2 2 1 1 1 1 2 3 2 2 3 1 1 2 2 1 2 1 2 2 1 1 1 1 2 1 3 3 1 1 3 1 1 2 3 2 1 1 1 2 1 2 1 2 1 2 1 4 1 2 3 2 1 2 2 1 1 1 1 2 2 3 1 1 2 2 1 1 2 1 3 3 1 1 2 3 1 1 1 2 2 3 1 2 1 5 2 2 3 1 2 1 2 1 1 3 1 1 1 2 1 2 2 1 2 1 1 1 2 1 1 1 3 1 1 2 1 3 4 1 1 1 1 3 2 1 3 2 1 1 2 1 1 1 2 1 1 1 2 2 2 1 1 1 3 2 1 1 2 1 1 1 2 1 2 3 1 1 1 5 1 1 3 1 2 1 1 1 2 1 2 1 2 2 3 1 2 2 1 2 2 2 1 1 1 1 3 3 1 1 1 2 1 1 2 1 2 1 1 1 1 1 2 1 2 4 1 1 2 2 1 1 1 1 1 3 2 2 1 1 1 1 2 1 1 1 3 1 2 2 2 2 2 2 2 1 1 1 4 1 1 3 3 1 2 3 3 2 3 2 1 1 2 1 1 1 2 2 2 2 2 1 3 3 1 2 1 1 2 1 1 1 2 1 2 1 1 1 2 1 1 2 2 2 2 1 2 1 1 2 1 1 1 3 1 1 1 1 3 4 1 2 1 1 2 2 1 1 4 1 1 2 4 1 1 1 1 1 1 2 1 2 3 2 2 2 1 1 3 1 4 1 1 1 4 2 1 1 2 3 1 2 1 3 3 1 2 1 2 2 2 1 1 2 1 1 2 1 3 2 1 1 1 2 2 2 1 1 1 1 4 1 1 1 3 1 1 4 1 4 1 1 3 1 1 1 3 2 2 1 3 1 1 2 2 2 1 1 2 3 1 2 1 1 1 2 1 1 1 1 4 1 1 1 1 1 1 3 2 1 1 2 1 1 2 1 2 2 1 2 1 1 2 1 1 1 2 1 3 3 2 3 1 1 1 2 1 2 2 1 2 1 1 1 1 1 2 3 2 1 5 1 1 1 3 1 1 1 1 2 1 2 1 4 2 1 1 1 1 3 1 1 2 1 3 1 1 1 1 1 2 2 1 1 1 1 3 2 1 1 2 1 1 2 1 4 1 2 1 1 2 1 1 1 1 1 2 2 1 1 3 2 2 1 2 2 1 1 1 2 1 1 2 1 2 2 2 1 2 1 1 1 4 1 1 2 1 1 1 1 3 1 1 1 2 1 1 2 1 1 1 1 1 3 3 2 1 1 1 1 2 2 1 2 2 3 1 1 1 1 1 1 2 1 3 3 3 1 1 1 1 4 3 2 1 2 1 2 2 1 1 1 2 1 2 3 2 1 1 2 1 2 1 2 2 2 1 2 1 2 2 1 1 2 1 1 2 1 2 3 3 2 2 1 1 2 1 1 2 1 1 1 2 1 2 2 1 1 1 2 2 1 1 3 2 1 1 1 1 3 1 1 3 1 3 1 1 1 1 2 1 1 1 1 1 1 2 1 1 1 1 2 2 1 1 1 1 2 3 1 1 1 1 2 2 1 1 1 1 1 1 1 2 1 1 2 1 1 1 2 1 1 1 2 1 1 3 1 1 1 2 2 2 1 1 2 1 2 1 2 2 1 1 2 2 1 1 1 1 2 3 1 1 1 1 3 1 3 1 2 3 1 1 3 1 1 2 1 1 2 2 3 2 1 1 1 1 1 1 5 1 3 3 2 2 1 2 2 1 1 1 1 2 1 1 2 1 2 1 2 1 1 3 3 1 2 1 1 1 2 2 1 1 1 3 1 1 2 1 1 1 2 2 2 1 3 1 4 1 2 1 1 1 1 3 1 3 1 2 1 1 1 2 1 2 1 2 1 2 2 1 2 2 1 3 1 2 1 2 1 1 1 2 3 2 1 2 2 2 1 1 2 2 2 2 1 1 2 1 1 1 4 1 1 1 1 3 1 4 1 2 3 1 2 2 1 1 2 1 1 2 3 1 1 2 1 1 2 2 1 1 3 2 2 2 2 1 2 1 1 1 1 2 1 2 2 2 4 1 1 3 2 1 1 2 1 1 1 1 1 1 1 1 3 2 1 1 1 1 1 1 2 1 2 1 2 3 2 3 3 1 1 2 1 3 2 1 1 1 1 1 2 3 2 2 2 2 3 1 2 1 1 2 2 1 1 2 1 2 1 2 1 1 2 1 2 1 3 3 1 1 1 1 2 2 1 1 2 1 2 1 1 1 1 2 1 1 2 2 1 3 1 2 1 2 1 2 1 1 1 1 2 5 2 1 3 2 1 1 1 1 2 2 1 2 1 2 1 1 2 1 2 1 1 2 1 2 1 2 1 3 1 2 1 1 2 1 4 3 1 1 1 1 2 2 1 2 1 1 2 2 3 3 1 2 1 2 1 1 1 3 2 1 2 1 1 1 3 1 2 3 4 3 1 2 2 2 2 1 2 3 3 1 1 2 1 1 1 1 2 3 4 2 1 1 1 2 2 1 1 5 1 1 3 1 2 1 1 1 2 2 1 1 2 2 2 1 2 2 1 2 1 1 1 1 1 1 1 1 1 3 1 1 1 1 2 1 1 2 3 2 1 3 4 2 1 3 3 2 3 3 1 1 2 1 1 1 1 2 1 3 1 2 1 1 1 1 2 3 1 1 1 1 2 2 1 1 1 1 1 2 1 1 1 1 3 1 1 1 2 2 3 1 4 4 1 1 1 1 2 1 1 1 1 2 2 2 1 3 2 1 1 1 3 2 1 2 3 1 1 3 1 1 2 2 1 1 1 1 1 3 2 2 1 2 2 1 2 2 2 2 2 2 1 3 1 1 3 2 2 2 3 2 2 1 2 2 1 3 4 1 1 1 1 1 1 1 1 1 2 1 1 1 1 2 2 3 2 1 1 1 1 1 2 1 2 2 3 1 1 2 1 1 1 2 2 3 1 2 2 1 1 3 2 1 1 1 2 1 2 1 2 1 1 1 2 3 2 1 1 1 1 1 1 3 2 3 1 1 2 1 3 1 1 1 2 3 1 2 1 2 1 1 2 2 3 2 1 5 2 1 2 1 3 1 1 3 2 1 3 2 1 1 2 1 2 1 1 2 2 2 2 1 1 4 2 1 1 1 1 1 2 1 3 1 2 1 1 1 1 1 2 1 1 1 3 1 1 2 1 1 2 1 3 1 2 2 1 1 1 2 1 1 1 2 5 2 1 6 2 1 3 1 1 1 1 2 3 1 1 1 2 2 1 2 4 2 1 2 1 3 1 1 1 1 1 1 3 1 1 1 3 2 1 1 4 1 3 2 2 2 2 1 1 1 1 2 2 2 1 2 4 2 1 2 2 1 4 1 1 2 1 4 2 1 2 1 2 2 1 2 3 2 1 3 1 1 2 3 1 1 1 1 1 2 2 2 1 1 2 1 2 1 1 2 3 1 2 1 1 1 1 1 1 2 1 2 2 2 1 1 1 1 1 1 1 1 1 1 1 2 1 3 3 1 1 1 2 3 2 2 1 3 2 1 1 1 3 1 3 1 1 1 1 2 2 3 1 1 2 2 1 3 1 1 2 2 1 3 1 1 2 2 1 2 2 1 2 1 1 1 2 2 3 1 2 2 2 1 1 1 1 1 1 2 1 2 1 1 1 2 1 2 2 1 1 1 2 3 3 1 1 1 1 1 3 1 1 1 1 2 1 1 1 2 1 1 3 1 4 5 2 1 1 1 2 1 2 1 1 1 1 1 3 1 3 1 1 1 1 1 1 2 3 1 2 2 1 2 2 3 1 2 1 2 1 1 1 1 1 1 1 2 1 1 2 2 2 1 1 1 2 3 4 2 1 2 2 3 3 2 2 1 2 2 1 2 3 1 5 1 2 1 2 1 1 1 1 2 1 1 1 2 1 1 1 1 1 2 3 1 1 1 1 3 2 1 3 2 1 1 1 1 2 5 2 3 1 2 2 1 2 1 1 2 1 1 1 1 1 2 1 2 1 3 1 2 1 1 3 3 2 2 1 1 2 1 2 1 3 3 1 1 1 1 3 1 4 1 1 1 1 3 2 1 4 2 1 1 2 2 2 1 1 2 1 2 3 1 2 1 1 2 2 3 2 1 1 1 2 1 1 1 1 1 2 1 1 2 1 1 1 1 2 2 1 1 1 5 3 1 1 1 1 2 2 1 2 3 5 1 1 2 1 3 1 1 1 1 1 1 1 2 1 1 1 1 1 3 1 2 2 1 2 2 1 2 1 1 2 2 3 1 3 1 3 1 3 4 2 1 1 2 1 1 1 1 3 3 1 1 1 1 1 1 2 1 1 2 2 1 2 1 3 3 1 1 2 1 2 2 1 1 1 2 1 2 2 1 1 2 2 2 1 3 1 1 1 2 1 1 2 1 1 2 1 1 1 1 3 1 1 2 2 1 1 2 2 2 2 1 2 3 1 2 2 3 2 2 2 1 1 2 1 1 2 1 1 1 3 2 2 2 1 4 2 1 5 3 2 1 1 3 1 1 1 4 2 2 2 1 1 1 1 1 4 2 1 1 1 1 1 2 1 1 1 1 1 1 1 2 3 1 2 1 1 1 1 2 2 1 2 2 1 1 1 4 2 1 2 1 1 1 1 1 2 1 1 5 1 3 2 1 1 1 2 1 2 1 1 2 3 1 2 1 3 1 1 2 3 1 1 2 1 3 1 1 3 1 1 1 1 3 1 1 3 1 2 1 1 2 3 2 1 1 1 2 1 4 1 2 2 1 1 1 1 1 1 3 1 2 1 2 3 1 1 1 1 1 3 1 2 1 1 1 2 2 3 2 1 2 1 1 2 1 3 2 1 2 1 1 2 2 2 3 1 1 1 1 1 1 2 1 2 2 2 1 1 1 3 3 2 1 1 2 3 1 2 1 2 1 1 1 4 1 3 1 1 1 1 2 1 1 1 2 1 2 1 1 1 2 3 4 2 2 1 2 1 5 1 2 1 2 1 3 1 1 1 1 1 1 2 1 2 1 2 1 1 2 1 2 7 2 2 1 1 2 2 1 4 1 1 1 2 1 2 1 1 2 2 1 2 2 1 1 1 1 3 1 1 2 2 2 1 1 1 2 3 2 4 1 2 3 1 1 2 1 2 1 1 2 1 1 1 1 2 1 2 3 1 2 1 1 2 1 3 5 2 1 1 2 1 1 2 2 1 2 2 2 1 4 2 1 3 2 1 2 1 3 2 1 1 1 1 1 3 1 2 2 1 1 1 1 2 2 3 1 1 1 1 1 1 1 1 2 3 1 1 1 2 1 2 2 1 1 1 1 3 3 1 3 1 2 1 1 2 1 1 1 1 2 1 1 3 3 2 1 1 2 3 1 2 2 1 1 1 1 2 1 2 1 1 2 1 1 1 1 2 1 1 1 2 2 3 2 1 1 2 2 1 1 2 4 2 1 1 1 1 3 1 2 1 2 1 1 1 1 1 1 1 2 1 1 1 1 2 1 1 1 3 1 3 1 1 1 1 3 3 2 1 1 3 2 2 1 2 1 2 1 3 1 1 3 2 2 1 1 1 1 1 1 2 1 2 2 2 1 3 2 1 3 1 4 2 2 1 1 2 3 1 1 2 2 2 4 4 2 2 2 2 1 1 1 2 2 2 1 1 2 1 2 4 1 1 2 2 2 1 1 5 1 1 1 2 1 1 1 1 1 2 1 2 2 1 2 2 1 1 1 2 1 1 1 1 1 1 4 2 1 1 3 1 1 1 2 2 2 1 2 1 1 3 1 1 2 1 1 1 2 5 1 4 3 2 1 1 1 3 1 1 1 2 3 2 2 2 1 3 1 2 2 2 4 1 2 1 1 1 2 2 4 1 1 1 2 1 1 1 1 1 1 2 2 2 2 1 1 2 2 1 2 1 3 1 2 2 4 1 1 2 1 1 1 2 3 2 2 1 1 3 3 1 2 3 1 1 1 1 1 4 1 1 1 1 1 1 2 1 1 1 3 2 1 1 1 1 1 1 1 1 1 1 2 3 1 1 3 3 3 1 1 1 4 2 1 2 1 1 3 1 2 3 1 1 1 2 1 2 2 2 1 2 2 1 6 1 1 1 3 2 1 2 1 1 1 3 2 1 1 1 3 1 1 1 1 2 3 2 1 1 1 1 1 1 1 1 1 1 1 1 1 3 1 1 3 3 1 1 1 1 1 2 1 1 2 1 2 1 1 3 1 1 2 1 1 2 1 1 3 2 1 1 2 1 1 1 2 2 1 1 3 1 1 1 3 2 1 3 1 2 2 2 2 2 2 4 4 1 1 1 1 1 1 2 3 2 1 1 1 2 2 1 1 1 1 2 1 1 1 1 1 3 2 1 2 1 1 1 2 1 2 1 3 1 2 3 5 2 2 1 4 2 1 1 1 3 3 2 1 1 1 1 2 1 1 2 2 1 2 1 1 1 3 2 1 3 1 1 1 1 1 4 2 1 1 3 4 2 2 3 1 2 2 2 1 1 3 1 1 2 1 1 3 1 2 1 2 1 1 3 2 1 1 2 2 1 2 3 1 1 2 1 1 1 2 2 1 2 1 1 1 1 1 1 1 2 2 1 1 1 1 1 1 1 2 1 1 1 5 1 1 2 2 1 2 3 1 1 1 1 1 1 3 2 1 1 4 2 1 1 1 3 3 1 2 3 2 1 1 1 1 1 2 1 2 2 1 2 2 1 1 4 1 1 1 1 1 2 2 1 3 2 3 1 2 1 1 1 2 3 3 1 1 1 1 1 1 3 1 2 1 1 1 2 1 1 1 3 3 1 1 3 2 1 1 2 1 1 1 1 1 1 1 2 1 2 1 1 1 2 1 1 2 1 2 1 2 2 1 3 5 3 3 1 1 1 1 1 1 1 1 2 1 1 3 2 2 2 1 2 2 2 1 1 2 2 2 1 1 4 2 1 2 2 2 1 2 3 3 5 1 2 2 2 2 1 2 1 1 2 2 1 1 1 1 2 3 1 1 2 2 1 1 1 1 2 1 1 2 3 2 1 1 2 4 1 4 3 1 4 4 2 1 1 1 2 2 1 1 2 1 3 2 1 1 1 1 2 1 2 1 2 1 1 2 3 2 1 1 1 3 1 1 1 3 1 1 1 2 2 2 3 1 1 2 1 1 1 1 2 2 1 1 1 3 1 2 1 1 1 2 3 1 2 1 1 2 2 1 3 2 1 1 3 1 1 2 2 2 2 1 1 1 1 1 2 1 1 1 1 2 1 2 1 3 1 1 2 1 3 2 1 1 1 2 2 1 1 1 2 2 1 4 3 2 1 2 3 3 1 1 1 1 2 1 1 2 1 1 2 2 1 2 3 1 3 1 1 2 1 1 1 2 2 1 3 1 1 1 1 3 1 1 2 2 2 1 1 3 2 1 1 3 1 3 1 1 1 2 1 1 1 2 1 1 1 1 1 1 1 2 1 1 2 4 4 2 2 1 1 1 1 2 1 1 2 2 1 2 1 1 1 2 1 3 1 1 2 3 3 2 1 1 1 1 1 4 2 1 1 1 1 1 1 2 2 1 1 5 2 1 1 1 1 1 1 1 3 1 1 2 1 2 1 5 1 1 2 2 1 2 1 2 1 2 1 2 1 1 1 2 1 1 2 2 1 2 2 1 2 2 2 1 1 1 2 1 1 1 1 3 1 3 2 1 1 1 1 2 1 1 1 2 1 3 1 2 4 3 2 2 1 1 1 3 3 1 1 2 2 2 1 2 1 1 1 1 1 1 1 1 2 1 2 1 2 4 4 2 2 2 2 2 2 3 1 1 1 3 1 2 2 1 2 2 1 1 1 1 1 2 2 1 2 1 1 2 2 3 1 1 2 2 1 1 2 2 2 1 2 1 2 1 1 1 1 2 1 2 2 1 2 1 1 4 2 2 2 3 1 3 1 3 1 1 2 1 1 2 1 2 1 2 1 3 1 1 2 1 4 1 2 1 2 1 1 1 2 2 1 3 1 2 1 1 1 2 1 1 3 2 4 3 2 1 1 1 2 3 2 2 3 1 1 1 1 1 4 2 3 2 1 1 2 1 1 3 1 3 2 1 1 2 1 2 1 1 3 1 2 1 2 2 3 3 1 2 1 3 1 1 1 2 1 2 2 3 1 2 3 1 2 1 1 3 1 2 1 1 2 2 1 1 1 2 3 1 2 1 1 2 1 2 2 3 1 2 1 1 2 1 1 2 2 1 1 4 1 1 1 1 1 2 3 1 2 3 1 1 1 1 2 1 1 2 1 2 1 2 1 1 1 1 2 1 1 1 1 3 1 1 3 3 1 1 3 2 1 2 2 1 2 2 2 1 1 1 1 1 2 1 2 3 1 1 1 3 1 1 2 1 2 1 2 4 1 1 2 2 2 2 2 1 3 1 1 1 1 1 1 2 1 1 1 2 1 1 1 2 1 1 1 3 1 3 1 1 1 5 1 2 1 2 4 3 3 1 1 1 2 1 1 5 2 1 1 1 1 1 1 1 1 1 1 3 1 1 1 1 1 2 1 2 1 1 5 2 2 2 2 2 1 3 3 1 1 1 1 1 1 2 1 1 1 2 2 4 2 1 1 1 1 1 1 2 2 1 3 1 1 3 2 1 1 2 1 2 3 1 1 1 1 4 1 2 1 3 2 1 1 2 2 2 1 1 1 1 1 1 2 1 3 1 1 3 1 5 1 2 3 1 1 2 4 3 2 1 1 1 2 1 1 2 1 1 1 1 2 2 1 2 1 3 2 1 2 3 1 1 2 1 1 1 1 1 2 1 2 5 4 1 1 2 1 1 3 3 2 1 1 3 3 1 1 1 1 2 1 1 3 3 1 1 2 1 1 1 1 1 1 2 1 2 2 2 2 2 1 1 2 1 4 1 3 1 3 1 2 2 1 1 2 1 1 1 2 1 1 2 1 1 1 1 1 1 2 2 1 1 3 1 2 1 1 1 1 1 1 2 1 1 1 2 2 1 4 2 2 2 2 1 3 2 2 1 2 2 1 1 1 1 1 2 1 1 1 2 2 1 1 3 2 1 1 1 1 1 1 1 1 1 2 1 1 2 3 2 1 1 1 2 1 1 1 2 2 1 1 2 2 1 1 2 1 1 1 2 2 1 1 1 1 1 3 2 1 1 2 3 3 2 2 1 1 2 1 1 1 1 1 3 1 3 1 3 2 1 4 3 2 1 3 2 2 1 2 2 3 1 1 2 1 1 2 1 3 2 1 2 2 2 2 3 2 3 2 1 4 2 1 1 1 2 2 3 1 2 2 2 2 2 7 1 1 1 2 2 1 1 1 1 1 1 2 1 5 1 4 2 2 1 1 1 2 1 2 1 1 3 2 1 2 1 1 1 2 1 1 2 2 1 1 1 2 2 1 1 2 1 3 2 2 1 3 1 1 2 1 2 1 3 1 1 1 1 1 1 1 2 1 1 1 2 1 3 1 2 2 1 1 2 3 1 3 1 1 3 2 4 2 2 1 1 3 1 1 1 4 1 4 2 1 4 1 3 2 1 1 1 1 1 1 3 3 2 1 2 3 1 1 1 2 3 1 3 1 1 1 1 1 2 2 1 2 3 1 2 4 3 1 2 1 2 3 2 1 2 2 1 2 1 1 1 2 2 2 1 1 1 2 1 1 1 2 1 1 1 3 1 4 1 2 1 1 1 1 2 1 1 3 2 1 1 3 1 2 1 1 1 1 1 1 2 2 1 1 1 1 2 3 1 2 3 1 1 1 1 1 1 2 1 1 2 1 1 1 1 2 1 1 3 2 1 2 1 2 2 2 1 2 1 2 1 1 1 1 1 2 3 1 3 1 1 1 1 1 4 2 1 2 1 2 1 2 1 2 2 2 1 1 1 1 1 1 1 1 1 2 1 2 2 3 2 3 1 1 2 4 1 4 1 1 1 1 1 2 1 1 1 1 2 1 2 1 1 2 2 2 1 1 1 1 1 1 2 1 4 1 1 2 1 3 1 1 3 2 1 1 1 4 1 1 1 1 3 2 2 1 1 2 1 1 1 3 1 2 1 2 1 3 1 1 
  #Test Small 25516
  #Test Medium 75027
  #Test Large 106996
