Board size [mm] 250x200

Stats side 1
  #Components with background 38
  #Components with points 203
  #Components nofly 6
  #Components notouch 6
  #Pins 58345
  #GNDs 1644
  #VDDs 1362
  #Clock 21
  #NoFly points 940
  #NoTouch points 1048
  #Points [total] 63360

Stats side 2
  #Components with background 33
  #Components with points 236
  #Components nofly 0
  #Components notouch 0
  #Pins 65443
  #GNDs 1898
  #VDDs 1612
  #Clock 15
  #NoFly points 0
  #NoTouch points 0
  #Points [total] 68968

Stats board (side 1 + side 2)
  #Components with background 71
  #Components with points 439
  #Components nofly 6
  #Components notouch 6
  #Pins 123788
  #GNDs 3542
  #VDDs 2974
  #Clock 36
  #NoFly points 940
  #NoTouch points 1048
  #Points [total] 132328
  #Nets 120515
    Net Size: 3542 2974 36 2 5 1 3 1 4 1 6 2 2 1 1 1 1 1 1 1 2 1 2 2 1 3 1 3 1 2 1 2 1 4 1 1 2 2 1 1 3 2 1 1 2 1 2 3 4 1 3 1 2 3 1 3 3 2 1 3 3 1 1 1 2 2 1 1 4 1 1 1 1 2 2 1 2 2 2 1 2 2 1 1 2 1 2 1 3 1 2 2 1 1 1 1 1 1 1 1 1 1 3 2 1 3 3 1 1 3 2 2 1 1 2 1 1 1 2 3 1 1 2 3 1 3 2 1 2 3 2 1 1 1 1 1 2 3 1 2 1 1 1 4 1 3 3 1 1 1 1 3 3 1 2 2 4 2 2 4 2 1 1 1 2 1 1 1 1 1 2 2 1 2 1 2 1 1 1 1 4 4 1 1 3 1 2 2 2 2 3 2 1 2 1 1 2 1 2 2 2 1 1 1 3 1 1 1 1 1 1 2 1 1 2 1 1 1 1 1 1 1 2 1 1 1 1 1 1 1 1 3 4 3 1 3 4 5 1 1 2 4 1 1 4 1 2 1 1 2 3 1 2 1 1 1 1 4 2 1 2 1 2 1 1 1 1 2 1 2 1 1 4 1 1 5 1 1 1 1 2 2 1 1 1 1 1 3 1 1 1 3 1 2 2 3 3 1 1 3 1 2 2 1 1 2 1 2 2 3 1 1 2 2 1 1 3 1 3 1 1 2 1 1 1 2 2 1 2 1 1 4 1 3 1 2 1 2 1 1 2 3 1 4 1 1 2 2 2 1 1 2 1 1 2 2 1 2 1 2 2 2 2 2 1 1 3 2 2 6 1 2 1 2 1 2 1 1 2 1 5 2 1 3 2 1 1 1 1 1 2 2 2 1 2 3 2 3 1 1 4 2 2 1 1 1 2 1 1 1 2 1 2 2 1 1 2 1 1 3 2 3 2 1 2 1 1 1 1 1 2 1 2 1 4 1 3 1 1 1 1 1 1 1 1 2 1 4 2 2 1 1 1 2 3 2 2 1 1 4 1 1 1 1 1 2 1 2 2 2 2 1 1 4 1 1 1 2 1 2 1 2 1 3 1 1 1 1 1 2 1 2 1 1 1 1 2 1 1 5 2 1 2 3 4 2 2 2 2 3 1 2 1 2 5 2 2 1 2 1 1 1 3 1 1 1 2 3 4 1 1 1 1 2 2 2 2 3 1 3 1 2 2 1 1 2 2 4 1 2 2 1 1 4 1 1 1 2 2 1 1 1 2 1 1 1 2 3 2 1 1 3 3 3 1 3 1 2 2 1 3 1 3 1 1 3 1 1 2 1 1 1 2 3 1 1 2 2 4 1 1 2 2 1 3 1 1 1 2 2 2 1 1 2 3 1 4 2 2 3 2 2 3 1 2 1 3 1 1 2 2 2 1 2 1 1 3 1 1 1 3 2 4 4 3 2 2 1 1 3 2 1 1 3 1 1 3 1 1 1 1 2 1 4 1 3 3 3 3 2 1 2 4 2 1 1 1 2 1 1 4 2 1 2 1 3 2 2 3 1 2 1 1 1 2 2 3 1 2 1 2 1 2 3 3 1 1 2 1 2 2 1 1 1 1 2 1 2 1 1 2 1 2 2 1 3 1 4 2 3 3 3 2 2 3 2 1 1 1 1 1 1 2 1 1 1 1 1 1 2 1 2 2 1 2 1 2 2 2 1 2 1 2 2 2 1 1 1 1 3 2 1 4 1 1 2 2 3 2 2 2 1 3 1 2 1 2 1 1 2 1 1 1 2 1 2 1 2 1 1 1 1 2 1 2 3 1 3 1 1 1 2 1 1 2 3 1 2 2 3 2 1 1 3 2 3 2 2 5 1 2 2 2 1 3 3 2 2 1 2 4 4 3 2 1 1 2 2 1 1 2 2 2 1 3 2 1 2 1 1 4 2 3 1 1 1 1 1 3 4 2 2 2 1 1 2 2 1 3 3 1 1 1 1 1 1 2 2 1 1 2 2 1 2 2 4 2 1 5 2 1 3 4 1 1 1 1 2 2 2 2 4 3 2 2 2 2 1 1 2 3 2 1 3 1 1 1 1 2 1 1 2 1 5 2 5 3 1 2 2 1 2 2 1 3 1 2 3 3 3 1 3 1 1 1 4 1 2 2 1 2 2 1 1 2 1 1 2 3 2 2 1 4 2 1 1 2 3 1 2 2 2 3 2 1 4 2 3 1 2 1 2 1 1 1 2 2 3 1 4 1 1 2 2 1 2 2 1 2 2 2 1 2 2 1 1 2 2 2 3 2 2 1 1 1 2 1 1 2 2 1 2 1 2 2 1 2 1 2 1 1 1 2 2 2 1 1 1 1 4 2 3 1 2 1 2 2 2 2 2 1 4 1 2 1 1 1 3 1 1 1 1 1 1 2 3 1 1 2 2 2 2 1 1 1 1 2 1 2 3 2 1 2 4 1 1 1 1 2 1 1 1 1 1 2 1 2 1 2 3 3 2 2 2 1 3 1 3 1 2 3 1 1 3 2 1 1 2 3 2 1 2 2 2 1 1 1 3 3 2 2 2 1 1 2 3 1 1 3 3 1 4 1 1 1 2 1 3 1 2 2 2 2 1 1 2 2 1 1 3 2 1 2 1 2 2 1 2 1 2 2 2 1 3 1 2 1 1 2 1 1 1 2 3 3 6 2 4 2 1 3 1 1 1 2 2 1 1 1 2 1 1 1 1 1 1 3 2 2 2 1 2 1 1 3 3 1 1 2 2 1 2 2 1 2 3 2 3 1 1 3 1 2 2 1 3 1 1 2 1 2 1 1 1 3 2 1 1 1 1 1 3 4 1 2 2 2 3 1 1 4 1 1 1 4 3 2 1 1 1 1 3 1 2 1 1 2 1 1 3 1 2 2 4 1 2 2 1 2 2 1 3 1 3 1 1 1 2 1 1 2 1 1 3 2 1 1 1 2 1 1 1 1 2 1 1 2 1 2 1 1 1 1 3 1 3 1 4 3 1 2 2 2 2 1 1 1 3 1 1 2 2 2 1 1 1 1 1 1 1 2 4 1 1 2 1 1 1 1 2 3 1 1 1 1 1 2 1 1 1 1 3 3 3 3 1 1 2 1 2 1 4 2 4 1 3 2 2 2 2 1 1 1 1 3 1 3 1 2 1 2 1 1 1 1 2 3 2 2 1 1 4 1 3 2 5 2 3 2 2 2 2 1 2 1 1 2 3 1 3 2 1 1 3 1 1 4 2 1 1 1 1 2 1 1 1 2 2 2 4 1 2 1 3 3 1 2 4 1 1 1 1 6 4 1 2 1 1 2 2 1 1 1 1 2 1 4 1 1 1 2 2 1 1 1 3 1 2 1 3 1 1 1 2 3 1 2 2 1 1 1 2 4 1 1 2 1 2 3 2 1 1 1 1 2 1 1 1 1 1 1 1 2 1 3 1 1 1 2 2 1 2 1 2 3 1 2 2 2 2 1 2 1 1 1 1 1 1 2 2 3 2 1 2 2 1 1 1 3 1 2 2 1 2 1 1 3 1 3 3 1 1 1 3 1 1 1 3 6 2 3 3 1 2 1 2 2 1 6 2 1 1 1 3 1 1 1 2 2 2 1 3 2 2 1 5 3 2 4 3 1 2 2 2 1 1 2 3 1 1 1 1 3 1 1 3 1 1 1 1 2 1 3 1 3 2 3 2 1 1 3 2 2 1 1 2 1 1 2 1 1 3 1 1 1 1 4 3 1 1 1 1 1 2 1 2 2 1 2 1 1 1 2 2 2 1 2 1 1 1 1 1 2 2 1 2 1 1 1 2 3 2 1 1 2 3 1 2 2 1 1 1 1 2 3 2 1 2 1 1 1 1 1 1 1 2 2 2 2 2 1 1 2 1 2 2 1 1 1 1 2 3 4 1 2 2 1 1 1 1 1 1 1 1 3 5 3 3 3 2 3 3 1 4 1 3 1 2 1 3 5 3 1 2 2 1 1 3 1 1 2 2 3 1 3 1 1 1 2 2 1 3 2 2 3 2 2 2 1 4 1 2 2 1 1 1 1 1 2 1 1 2 1 4 3 1 1 1 2 3 1 1 3 1 1 2 1 2 5 2 1 2 1 2 2 3 1 2 1 2 2 1 3 3 2 1 2 3 2 4 1 3 1 4 1 4 1 1 1 1 1 1 1 4 3 2 1 1 2 1 2 1 2 1 1 1 1 2 3 1 4 2 1 4 1 1 2 1 1 2 2 1 1 1 2 2 1 1 1 3 1 1 2 3 1 3 3 2 2 2 3 2 3 1 2 1 1 3 1 2 1 1 1 3 1 3 3 2 2 4 1 1 3 1 3 1 2 2 3 2 1 2 1 2 1 1 2 2 2 1 2 2 1 1 2 2 1 3 2 2 1 1 1 3 1 2 1 3 3 3 1 1 1 3 1 1 1 1 1 3 1 1 2 1 1 1 1 1 1 1 1 2 3 1 4 2 3 2 1 2 3 2 1 2 1 1 1 2 1 3 1 1 1 1 1 1 1 1 1 1 1 2 1 3 2 1 2 2 2 2 1 4 1 1 1 1 2 1 1 1 1 2 1 2 2 3 2 1 1 1 1 1 1 2 1 2 1 1 1 1 2 1 3 1 1 1 2 1 3 2 2 2 1 1 2 2 1 4 1 3 1 2 2 1 1 1 1 2 2 2 1 2 1 2 3 1 1 1 2 1 2 1 1 2 1 3 1 2 1 1 3 1 2 1 1 1 4 1 1 2 1 2 1 1 2 2 2 3 1 1 1 1 2 2 3 1 1 2 1 2 2 2 2 1 1 3 1 1 2 1 1 1 1 1 1 1 3 4 1 2 1 1 3 2 1 1 2 1 2 2 4 2 1 2 1 2 1 2 1 1 2 2 1 1 1 2 2 1 1 2 3 1 3 2 1 2 1 1 3 2 1 1 1 1 2 1 1 1 1 3 1 1 4 1 3 3 1 3 1 2 1 2 3 1 2 1 2 3 5 1 1 1 3 1 3 1 2 2 1 2 1 5 3 1 1 2 3 1 2 2 3 1 2 1 3 2 1 1 1 1 1 1 2 3 1 1 2 2 1 1 1 3 2 1 1 3 1 1 2 4 1 1 1 1 1 2 1 1 2 1 1 2 2 1 3 1 2 1 1 3 1 1 2 1 1 1 1 2 1 1 2 2 4 2 1 2 1 2 1 1 5 2 1 1 1 3 2 1 1 1 2 4 2 4 2 1 2 1 1 1 1 4 2 2 1 2 2 1 3 2 2 1 3 2 1 2 2 2 2 1 1 2 1 1 1 1 1 2 2 2 1 1 2 1 1 1 3 1 2 1 3 2 4 1 1 1 1 1 1 4 2 3 1 2 1 3 3 1 1 2 2 1 1 1 2 3 1 1 2 1 1 3 3 2 3 2 1 4 2 1 1 1 1 1 1 2 3 4 2 3 3 1 2 1 2 2 1 1 2 1 2 4 1 5 1 3 1 1 1 1 3 2 1 1 2 2 1 1 2 3 5 1 1 2 1 1 2 1 2 2 1 2 4 1 1 3 1 2 1 3 4 1 1 3 1 1 3 2 1 2 1 1 1 1 2 2 2 3 3 4 3 1 2 3 1 1 2 2 2 2 2 5 1 3 1 2 1 1 1 1 1 3 2 2 3 3 4 1 1 2 2 1 1 1 1 1 2 4 2 1 1 2 1 1 2 1 1 1 2 2 2 2 1 2 2 1 2 2 2 1 1 1 1 1 1 1 1 2 3 1 3 5 1 1 1 1 1 2 3 4 1 5 2 1 1 4 1 1 2 1 1 1 2 3 4 3 2 3 1 3 2 1 1 1 4 1 1 2 2 1 3 1 3 2 2 1 2 4 1 1 1 2 1 2 3 1 2 1 3 1 2 2 2 2 1 2 1 2 2 1 3 1 3 2 2 1 1 2 1 2 1 1 1 1 2 1 1 2 2 2 1 2 3 1 2 5 1 1 2 1 1 3 2 2 2 1 1 4 2 2 3 1 2 2 1 4 1 2 1 1 2 4 1 1 1 3 5 1 3 2 1 2 3 2 1 3 2 3 1 3 1 2 1 4 2 2 3 2 1 2 2 1 4 2 2 1 1 2 3 2 2 1 2 3 2 1 2 2 3 1 2 3 1 1 3 1 1 1 3 1 3 3 2 3 2 1 1 2 4 1 1 1 1 1 2 1 2 1 2 2 1 3 1 1 1 2 1 2 2 1 2 1 2 2 1 1 3 3 1 1 3 4 1 2 2 2 1 1 1 3 2 3 1 1 1 1 3 1 1 2 1 4 1 3 1 2 1 1 1 2 3 2 2 1 2 1 1 1 2 1 2 2 3 2 1 2 1 1 1 1 2 2 1 1 1 1 2 1 1 4 1 1 1 1 1 1 1 1 2 5 1 4 1 2 1 1 1 3 1 2 5 2 2 1 3 2 3 2 2 3 1 3 2 2 3 1 1 1 1 1 1 1 1 3 1 1 2 1 2 1 1 1 2 1 1 2 3 2 2 2 1 4 4 2 1 2 3 1 1 1 1 3 1 1 1 3 1 1 1 1 1 2 1 2 1 2 4 2 1 1 2 1 2 1 1 4 1 2 2 1 2 1 1 2 1 2 1 2 1 1 2 1 2 3 2 1 2 2 1 5 2 2 1 2 2 1 2 1 2 1 1 1 2 1 1 1 1 3 2 1 1 3 1 2 2 2 4 1 2 1 1 1 1 2 1 3 3 2 1 2 3 2 2 1 3 2 1 1 2 1 3 1 1 2 2 1 3 1 1 1 2 1 2 1 2 2 1 1 3 3 1 2 2 1 1 1 1 1 2 1 1 1 1 3 2 2 2 1 2 1 1 2 2 1 2 1 3 1 1 1 2 2 1 1 1 3 1 1 1 1 2 1 1 2 1 2 2 1 1 2 1 1 1 2 2 3 2 1 2 1 1 1 2 1 1 1 1 2 1 2 2 1 2 1 1 1 1 2 2 1 1 1 1 1 2 1 1 2 4 3 1 1 1 5 1 1 1 2 1 2 1 3 1 1 1 3 1 1 3 2 1 1 2 3 1 1 1 3 1 1 1 2 3 4 2 2 1 1 1 2 2 1 3 1 1 1 2 1 2 1 1 1 1 1 3 2 3 2 2 3 3 1 2 3 1 2 2 1 2 4 1 1 1 3 1 2 1 1 1 1 2 3 1 3 3 2 3 1 1 3 2 2 1 1 3 1 2 1 1 1 1 1 1 1 1 1 1 1 2 1 1 1 1 1 2 2 3 2 1 2 1 2 1 2 1 2 1 3 2 1 2 1 2 2 1 1 3 1 3 3 1 1 1 1 1 3 1 1 1 2 1 2 1 2 1 2 1 2 2 2 4 1 2 2 1 2 2 3 2 1 3 1 1 3 2 1 1 1 1 1 2 4 3 1 2 1 2 1 3 1 1 3 2 2 1 4 1 1 1 1 2 1 1 1 2 2 1 2 3 2 3 3 1 4 2 3 1 2 1 5 1 1 1 1 1 1 2 1 1 1 1 1 4 2 3 1 1 6 1 3 1 1 1 1 1 1 1 3 1 1 2 2 2 1 1 1 1 4 2 1 1 2 1 1 1 1 1 2 3 2 1 3 1 2 3 1 1 1 1 1 2 1 1 1 1 3 3 4 3 2 2 2 2 3 1 3 2 2 2 1 1 2 1 3 1 1 1 1 1 3 2 1 3 2 1 2 1 1 1 1 4 3 4 2 3 1 2 1 1 1 1 3 1 4 1 1 1 3 2 2 4 2 2 1 1 1 1 1 2 1 1 1 2 2 1 1 2 2 3 2 1 2 1 1 1 2 2 2 4 2 1 4 3 1 5 1 2 1 1 1 1 2 1 2 1 1 1 1 1 1 1 1 3 1 2 1 2 1 2 2 1 1 1 1 1 1 2 1 1 2 3 3 1 1 3 2 2 2 1 1 1 2 2 1 1 1 3 7 2 1 1 4 1 2 2 4 1 2 1 2 2 4 4 2 2 2 1 3 1 3 2 2 2 1 2 4 2 1 1 1 3 2 2 1 3 1 3 3 1 3 1 2 2 2 1 1 2 2 1 2 2 1 2 3 1 1 1 2 2 1 1 2 1 1 2 1 2 2 1 2 2 1 3 1 3 2 2 2 1 1 4 1 3 1 1 1 1 2 1 1 1 1 2 1 1 1 2 1 2 2 1 1 1 2 2 2 1 2 2 1 3 1 2 2 1 1 2 2 2 1 1 4 2 3 2 2 3 3 2 2 2 4 1 1 1 1 1 1 5 2 3 3 2 1 1 2 2 3 1 1 1 1 1 2 3 1 3 1 1 2 1 5 4 1 2 4 1 2 1 5 2 1 2 1 2 2 1 2 1 2 2 1 1 1 1 1 3 2 1 3 1 1 1 3 4 2 1 2 1 1 1 1 1 1 1 3 3 2 1 1 2 1 3 1 1 1 2 3 2 2 1 1 1 1 1 1 2 2 1 1 3 1 1 1 1 2 1 2 2 2 4 1 1 2 1 2 1 2 2 2 2 3 4 2 2 2 2 2 3 1 1 2 1 3 2 2 1 2 1 2 1 2 2 1 2 1 3 1 3 3 2 1 1 2 1 3 1 1 4 1 3 1 2 3 1 1 1 1 1 1 2 1 2 1 1 1 1 4 1 3 3 2 1 1 4 2 3 1 1 2 1 2 1 2 2 1 2 1 2 1 3 1 1 1 2 2 1 1 1 1 2 1 2 1 3 2 1 2 1 1 1 1 2 2 3 2 1 2 1 1 1 3 1 2 5 2 1 1 1 1 1 2 3 2 3 2 2 1 1 1 1 1 1 1 3 3 2 1 3 1 1 1 4 1 3 2 1 2 1 1 1 1 1 2 1 5 2 1 1 2 3 1 1 1 3 3 1 4 1 2 1 1 1 1 1 1 1 1 2 2 1 2 1 1 3 1 2 2 1 2 2 1 1 1 1 1 2 3 2 1 2 1 1 2 3 3 2 2 2 2 1 2 4 2 1 1 2 1 2 1 1 1 5 2 2 2 1 1 1 3 1 2 1 1 3 1 2 1 1 1 1 2 3 2 1 1 4 1 1 2 3 1 3 1 1 1 1 2 2 2 2 2 2 1 1 3 2 2 1 1 1 1 1 1 1 1 1 1 2 1 1 2 1 1 2 1 3 2 2 1 1 3 4 1 2 2 1 2 2 3 2 1 1 2 2 2 2 2 1 2 2 3 1 1 1 3 1 1 2 1 2 1 2 1 1 1 2 1 2 1 1 1 5 1 1 1 1 3 1 1 1 1 2 1 2 1 1 2 1 2 1 2 2 2 1 2 2 1 1 1 1 2 1 1 1 1 3 4 2 1 1 1 2 2 2 3 1 1 1 1 5 1 4 2 1 1 1 2 1 1 1 3 2 3 3 3 1 1 2 1 1 2 1 2 1 2 1 1 1 3 2 1 1 1 2 2 4 2 1 1 3 2 1 1 2 1 1 2 2 1 1 2 2 2 1 3 1 3 4 1 2 2 2 3 1 3 1 1 1 1 1 2 1 2 1 3 2 1 3 1 2 1 4 2 1 1 2 1 1 3 1 1 4 1 1 1 2 1 1 2 2 1 2 1 1 2 1 3 1 2 1 1 3 3 1 3 3 1 1 3 2 2 3 1 1 2 3 1 3 2 1 1 1 2 3 4 2 2 2 1 3 1 6 2 2 1 1 2 2 1 1 2 2 2 1 2 1 3 1 1 1 1 3 1 3 3 3 1 2 1 2 3 1 1 1 1 1 3 1 3 1 3 1 2 3 2 5 1 1 2 1 1 1 2 3 1 2 1 2 1 1 1 2 2 1 2 1 1 1 2 1 2 3 1 3 1 2 1 2 1 3 2 1 1 3 1 1 2 1 2 2 2 1 2 3 1 1 1 2 2 3 2 2 3 2 3 1 1 1 1 2 2 2 1 1 1 1 2 3 1 2 1 4 5 2 2 3 2 2 2 2 2 1 3 2 2 2 1 1 1 1 1 1 1 1 2 2 1 1 1 2 1 1 2 2 2 1 2 1 3 2 2 2 3 2 2 1 1 1 3 1 4 2 2 1 1 1 4 1 1 1 1 1 2 2 3 3 1 2 1 1 4 2 2 1 1 1 2 1 1 2 1 2 2 1 1 2 3 1 2 2 4 1 2 1 1 2 1 2 2 2 1 2 1 2 2 1 2 1 1 2 2 2 1 1 1 2 3 1 2 1 2 1 1 1 5 2 2 2 3 2 3 2 2 2 1 1 3 1 3 3 1 1 2 1 2 3 1 1 2 1 1 3 1 3 1 2 2 2 1 3 2 2 1 1 2 1 3 1 2 1 1 2 2 1 1 1 3 1 4 2 1 3 1 2 1 3 2 1 1 2 1 1 1 2 1 2 1 1 2 2 1 2 4 4 1 1 1 3 1 1 1 3 1 1 1 1 2 1 1 1 1 3 1 1 2 1 1 1 1 1 1 1 2 1 1 1 1 1 1 3 2 3 1 2 2 1 1 3 1 2 2 4 1 1 1 2 1 2 1 5 3 1 2 1 2 1 1 2 2 2 3 1 2 1 1 2 1 2 2 1 1 1 1 3 1 2 1 3 1 2 2 1 1 1 1 3 3 1 4 2 3 1 1 1 3 4 1 2 3 1 2 2 2 1 2 2 3 1 1 1 2 2 1 2 2 1 3 2 1 1 1 2 1 2 1 2 2 1 1 2 2 1 5 1 2 3 1 2 1 2 1 1 2 1 1 1 1 1 1 2 1 3 3 2 1 2 1 3 1 3 1 2 2 1 2 2 4 1 1 2 1 2 2 1 1 2 1 1 1 1 1 2 3 1 4 4 1 1 3 2 2 1 2 1 2 1 1 1 1 1 1 2 2 2 1 1 1 1 3 3 2 3 3 1 1 2 4 1 1 1 3 2 2 1 3 1 3 1 1 2 1 2 1 1 3 1 1 2 2 1 1 1 2 1 2 2 1 2 1 2 1 1 1 3 2 2 1 1 2 1 2 1 1 2 1 2 1 2 6 1 1 5 2 1 1 1 1 1 1 1 1 1 3 1 2 2 1 1 2 2 1 1 2 1 4 1 1 1 2 2 1 1 3 1 2 1 1 1 1 2 1 1 4 3 1 1 2 4 2 2 1 1 1 1 1 2 1 1 1 1 2 1 3 2 2 4 2 1 2 2 1 3 3 2 1 1 2 1 1 1 2 2 1 2 2 1 2 1 3 2 1 4 3 1 2 1 2 1 1 2 3 2 1 2 2 1 1 1 3 2 1 2 1 1 1 4 1 2 2 3 1 3 1 2 1 1 2 1 2 3 1 3 1 2 1 1 2 2 1 1 2 1 1 3 1 3 1 2 2 3 1 1 1 2 5 3 1 1 3 1 1 1 2 2 1 1 2 2 1 2 2 3 1 1 4 3 3 2 1 1 2 1 1 1 2 1 2 1 4 2 1 2 1 1 2 2 2 3 1 1 2 2 1 3 3 1 2 2 3 1 1 2 1 1 2 4 1 4 2 1 1 3 1 2 2 1 1 1 1 2 2 3 2 1 1 5 1 4 2 1 1 2 2 2 1 1 4 1 1 1 2 2 1 2 1 2 2 1 2 1 1 2 1 3 1 1 1 1 1 2 3 3 2 3 2 4 2 1 1 2 1 2 1 2 1 1 2 1 2 3 2 1 2 2 1 1 1 1 3 1 2 2 1 2 2 3 4 1 2 1 1 2 2 2 1 1 1 2 2 4 1 2 3 1 4 1 1 2 4 2 1 1 2 1 3 2 1 1 3 2 2 3 1 2 1 1 4 1 1 3 2 1 1 3 1 1 1 2 1 2 1 1 3 1 3 2 1 1 1 1 1 4 2 1 3 2 4 1 1 1 2 1 1 2 1 1 2 2 1 1 1 1 1 1 2 1 1 2 2 2 3 2 1 3 3 1 1 1 1 1 1 1 1 2 1 1 1 2 1 1 1 1 4 1 1 1 1 1 1 1 3 1 2 1 3 1 3 1 4 2 2 1 2 5 3 1 1 1 2 2 2 2 2 1 2 2 4 1 1 2 2 3 1 1 1 3 1 1 1 1 1 4 3 1 3 2 1 5 1 2 1 1 2 3 2 1 1 4 3 1 1 1 4 5 1 1 2 2 1 2 2 2 3 2 1 3 2 1 1 1 2 4 2 2 3 1 1 1 2 1 1 1 1 4 1 4 1 1 1 1 1 2 1 1 1 1 4 1 3 1 2 2 2 1 1 1 2 1 2 1 2 1 2 3 2 1 2 1 1 1 2 1 3 2 2 2 2 4 3 1 1 1 1 1 1 2 1 2 2 5 3 1 1 1 1 2 3 1 1 1 1 1 2 1 3 2 1 1 2 1 1 1 3 1 2 4 3 2 1 1 1 2 1 3 2 1 1 5 1 1 1 1 1 1 2 3 2 2 3 1 1 3 1 1 1 1 1 1 1 1 2 3 2 1 1 1 1 1 3 2 3 1 1 2 1 2 1 1 1 1 1 4 1 3 2 1 5 1 2 1 3 2 2 2 3 2 4 1 2 3 2 1 1 2 1 3 1 2 3 1 2 1 2 1 2 1 1 1 1 1 1 2 3 1 3 2 1 3 3 3 1 2 6 3 1 2 1 2 1 1 1 3 1 1 1 2 1 2 1 3 2 3 2 1 1 4 1 2 2 2 1 2 1 1 3 3 3 1 1 2 2 2 1 3 1 3 1 2 1 2 2 1 1 2 1 1 4 1 1 2 1 2 1 4 1 1 3 2 1 2 1 2 2 2 1 1 1 2 1 1 2 1 2 3 1 1 1 1 2 2 2 2 2 2 2 2 1 1 1 2 2 2 1 1 1 2 1 2 2 1 1 1 1 1 2 1 1 1 1 2 2 1 3 2 3 1 3 1 2 2 1 1 2 1 1 1 3 2 2 1 1 1 2 2 1 2 1 1 1 1 1 1 3 1 1 1 2 3 2 1 1 4 1 1 3 3 2 1 2 2 2 1 2 1 2 2 2 3 1 2 2 3 2 1 2 1 1 2 1 3 2 1 2 1 1 2 1 1 3 1 3 1 1 2 1 1 2 1 2 4 1 2 1 3 3 4 1 1 1 1 1 3 2 2 2 5 2 1 1 3 1 1 1 3 1 1 3 1 3 1 1 2 2 1 2 1 1 1 3 1 1 1 2 2 2 1 4 2 1 1 2 1 3 4 1 3 1 1 2 1 2 1 1 2 2 1 1 1 2 2 1 1 4 1 2 1 4 2 2 2 2 3 2 3 1 2 1 2 1 1 1 1 2 1 1 2 2 1 1 1 2 2 3 1 1 1 1 1 1 1 2 1 3 1 1 4 1 3 1 6 1 1 1 2 1 2 2 1 1 3 1 2 2 1 2 2 1 2 1 1 3 4 2 3 2 2 3 2 3 2 2 2 2 1 1 1 1 1 1 2 2 2 4 2 1 2 1 1 2 1 1 1 2 1 1 1 1 1 1 1 3 2 1 1 1 1 2 2 1 3 2 3 1 1 3 1 1 1 1 1 1 1 3 2 1 2 3 1 2 2 3 1 2 3 1 1 2 1 1 3 1 1 1 1 1 2 3 1 1 1 1 1 1 4 3 1 2 1 2 4 1 1 1 2 1 1 1 1 2 1 1 3 1 3 2 2 2 3 2 1 1 5 1 2 3 2 1 1 1 1 1 3 1 1 3 2 4 1 2 1 1 1 2 1 2 1 1 1 2 1 2 1 1 1 1 2 1 1 2 1 1 2 1 2 3 2 2 3 2 2 1 3 3 1 2 3 1 4 1 1 1 4 3 3 2 1 2 2 1 3 1 1 1 3 2 1 2 1 3 3 2 2 1 1 1 3 1 1 1 6 2 3 2 1 3 3 1 1 3 5 1 2 3 2 1 2 1 2 1 1 4 3 1 1 2 1 2 1 2 3 2 2 2 2 1 1 1 1 1 1 2 1 2 2 3 2 1 1 1 2 1 1 2 1 4 2 3 1 2 3 1 1 4 3 3 2 1 3 2 2 1 1 2 1 2 3 1 2 2 1 1 1 1 3 1 1 1 1 1 1 2 1 3 1 2 1 3 2 2 3 2 3 1 1 1 3 1 2 1 1 1 1 2 2 4 1 1 3 1 2 1 1 4 1 2 4 3 2 1 1 1 1 1 1 5 2 1 1 1 1 1 2 3 1 2 2 1 1 3 2 1 2 2 2 2 2 3 2 3 1 2 3 4 1 1 1 3 1 3 3 3 2 1 1 2 2 2 1 1 2 2 4 1 1 1 1 2 2 2 1 2 3 2 1 1 1 2 2 4 1 3 2 1 1 1 1 1 1 2 1 2 3 1 2 2 3 3 1 1 3 1 1 4 2 2 2 1 2 1 3 1 2 2 1 2 3 3 1 1 1 3 2 2 1 3 1 1 2 2 5 1 4 3 1 2 1 2 2 1 2 2 4 2 3 2 2 3 2 1 2 3 2 1 4 5 2 2 2 1 2 1 3 1 2 2 1 1 4 2 1 1 2 1 2 1 2 1 2 1 1 2 1 1 2 1 1 1 1 2 2 1 1 1 2 2 1 3 2 3 3 1 2 2 2 2 2 2 2 1 1 2 4 3 1 4 2 2 1 1 2 1 1 3 2 1 1 3 1 1 1 2 3 1 2 1 2 1 1 2 1 1 1 1 1 2 1 1 1 2 1 3 2 1 1 3 2 3 4 1 2 1 1 1 2 1 1 4 3 1 1 1 3 4 1 1 1 1 1 1 4 1 1 1 2 1 1 2 3 2 1 2 1 1 1 1 1 1 3 1 1 3 3 3 2 2 1 1 1 1 1 1 2 1 1 1 1 3 1 2 2 3 3 1 3 1 1 1 1 1 3 1 1 2 1 1 2 1 1 2 2 2 3 3 1 3 3 1 1 2 3 2 2 1 2 1 2 1 1 2 1 1 1 1 1 4 1 1 2 2 2 1 3 2 2 1 2 1 4 4 1 1 1 3 1 1 1 2 1 2 1 1 1 1 1 1 2 1 1 1 5 1 1 2 1 6 2 2 1 3 2 1 3 1 1 1 1 3 1 1 1 1 2 2 1 3 2 1 1 1 3 1 2 2 2 2 1 1 1 1 2 1 2 5 2 2 2 3 4 1 1 1 2 1 1 4 2 2 1 4 3 2 3 2 1 1 1 1 2 3 1 2 1 1 4 1 1 1 1 1 1 2 1 2 1 1 1 2 1 1 1 2 3 1 2 2 2 1 3 8 2 1 1 1 3 2 1 2 3 1 1 3 3 2 3 1 1 2 1 1 1 1 1 1 1 3 2 2 1 2 1 2 2 1 1 3 3 1 1 1 2 1 2 1 2 2 2 2 1 1 1 1 3 1 1 1 1 2 1 2 1 2 1 1 2 1 1 1 2 2 2 2 1 1 3 2 1 1 1 2 4 1 1 1 2 1 1 1 1 1 1 1 1 3 1 3 3 3 2 1 2 2 1 1 1 2 2 2 1 1 2 1 1 1 3 1 2 3 1 1 3 1 3 2 2 1 1 2 1 1 2 1 1 1 1 2 2 2 2 2 2 2 2 2 1 1 2 5 3 1 1 1 1 1 3 1 1 2 1 2 1 2 3 2 1 1 1 1 1 1 2 3 1 1 2 1 1 1 1 2 1 1 2 1 1 3 1 1 1 1 3 1 2 1 2 1 1 1 2 1 1 2 2 2 2 1 2 1 2 2 2 3 1 1 1 1 3 1 3 1 2 2 2 2 2 2 3 3 1 2 3 2 4 2 1 1 4 2 1 1 4 1 1 1 1 1 1 1 4 1 1 3 1 1 1 1 1 2 2 4 1 2 1 1 1 1 1 1 2 1 2 1 2 1 1 2 1 2 1 2 2 1 1 1 1 1 3 1 1 1 1 1 1 1 1 3 1 1 1 1 3 3 1 1 1 1 1 4 1 5 1 1 1 1 3 1 2 2 4 1 2 3 1 2 2 1 1 1 3 2 1 1 1 1 4 1 2 2 1 3 4 1 3 1 3 2 2 3 1 1 2 1 1 1 2 3 1 1 1 3 2 2 2 2 1 1 2 2 1 1 2 1 1 2 1 2 5 2 1 1 2 1 2 2 1 2 2 4 2 1 3 1 2 1 2 3 3 3 4 2 2 1 2 1 3 5 2 1 1 1 4 1 1 1 2 1 1 2 1 1 1 1 1 3 1 1 3 1 1 2 1 1 2 2 1 1 1 1 1 1 3 1 2 3 1 2 1 1 1 1 2 2 1 
  #Test Small 9478
  #Test Medium 19263
  #Test Large 29840
