Board size [mm] 350x300

Stats side 1
  #Components with background 76
  #Components with points 504
  #Components nofly 6
  #Components notouch 6
  #Pins 138683
  #GNDs 4080
  #VDDs 3183
  #Clock 43
  #NoFly points 940
  #NoTouch points 1048
  #Points [total] 147977

Stats side 2
  #Components with background 67
  #Components with points 533
  #Components nofly 0
  #Components notouch 0
  #Pins 159206
  #GNDs 4972
  #VDDs 3965
  #Clock 39
  #NoFly points 0
  #NoTouch points 0
  #Points [total] 168182

Stats board (side 1 + side 2)
  #Components with background 143
  #Components with points 1037
  #Components nofly 6
  #Components notouch 6
  #Pins 297889
  #GNDs 9052
  #VDDs 7148
  #Clock 82
  #NoFly points 940
  #NoTouch points 1048
  #Points [total] 316159
  #Nets 285617
    Net Size: 9052 7148 82 1 3 1 2 2 1 1 2 2 2 2 1 3 2 2 2 2 3 1 2 3 1 2 3 2 1 2 2 3 1 4 2 2 1 1 1 2 4 1 3 1 2 1 2 1 2 1 2 2 2 2 1 2 2 1 1 1 1 1 3 1 1 3 1 4 2 1 1 3 2 3 2 1 2 1 2 1 2 1 2 1 3 2 5 4 1 2 3 1 1 1 1 1 3 2 2 2 2 1 2 1 3 1 3 1 1 2 3 2 1 1 1 3 1 4 2 3 1 1 2 1 1 2 1 4 2 2 1 1 1 2 2 1 2 1 2 1 3 1 1 2 1 1 1 1 1 1 2 2 5 3 2 3 4 2 1 1 2 1 3 2 4 1 5 1 1 1 2 1 1 2 1 1 4 2 3 2 1 3 4 3 1 4 1 1 4 3 3 2 1 1 1 1 2 3 2 1 2 1 1 1 1 6 1 2 2 2 1 1 1 2 1 5 1 2 1 1 3 3 1 1 3 1 4 1 2 2 1 1 2 1 1 1 2 2 1 2 2 1 1 3 1 2 3 6 3 1 2 1 1 1 1 5 4 2 3 4 6 1 1 1 4 1 1 2 2 2 1 2 3 2 2 2 2 2 2 2 1 3 1 2 1 2 1 1 2 1 1 3 4 1 2 2 3 2 2 1 1 1 3 1 2 1 2 4 2 2 1 2 1 1 2 1 3 1 2 2 2 2 2 1 1 1 1 1 1 1 3 2 2 1 1 1 2 3 3 1 1 1 1 1 2 2 3 2 2 3 1 2 2 2 1 1 3 3 2 2 1 3 4 1 1 1 1 3 5 2 1 3 1 3 3 3 3 4 3 1 1 6 1 1 1 3 2 1 1 3 1 1 1 1 1 8 1 1 2 2 2 2 1 1 2 1 3 1 3 1 1 1 1 1 1 6 3 4 3 1 2 3 1 2 1 1 1 1 3 2 2 1 2 3 7 3 2 3 1 2 4 1 2 1 2 3 2 2 1 2 2 2 1 1 4 4 1 2 4 1 1 1 1 1 4 2 3 1 2 2 2 2 4 1 1 3 2 2 2 2 2 2 3 2 2 4 1 3 2 4 3 3 1 5 2 1 4 3 1 3 2 1 1 3 1 1 2 2 1 1 1 4 1 2 1 4 1 2 4 1 2 1 1 1 1 3 4 1 1 1 1 1 3 1 2 4 3 2 4 2 2 2 1 2 1 2 1 1 1 2 2 1 1 1 3 2 3 1 2 2 6 1 3 3 1 2 3 1 5 1 3 2 2 1 3 1 4 1 1 1 3 1 3 3 4 2 1 2 1 3 2 1 4 4 1 1 2 2 1 3 3 3 1 1 1 2 1 1 2 3 2 1 3 2 1 1 1 1 1 1 1 2 6 5 2 6 2 3 2 1 4 2 1 2 2 5 2 1 2 1 1 3 1 1 2 1 1 1 2 1 3 1 1 1 1 3 3 1 3 1 1 5 3 1 3 2 1 3 1 2 2 2 1 2 1 1 1 5 1 2 2 1 3 1 2 1 1 1 2 1 2 2 3 2 2 2 4 1 1 3 2 1 2 4 2 1 2 1 1 7 2 2 1 2 2 2 2 1 3 2 2 2 2 1 2 4 1 1 1 1 2 2 1 2 2 3 2 3 1 4 4 4 1 1 1 1 1 2 3 2 2 3 1 2 1 3 1 3 3 1 1 1 1 1 1 1 4 2 1 1 2 1 1 1 4 2 1 1 2 1 3 2 2 2 4 3 1 2 1 2 2 2 1 2 1 3 1 3 2 1 2 1 2 2 3 3 2 2 2 2 1 1 1 2 3 1 1 3 2 1 4 1 3 1 1 1 2 3 2 3 3 3 4 1 3 2 2 2 2 2 2 3 1 1 3 1 3 1 2 1 2 1 2 1 2 1 2 2 1 2 1 1 3 2 1 3 1 1 4 3 4 1 2 1 3 3 1 2 1 1 1 1 3 1 1 1 1 2 3 2 3 1 3 3 4 2 1 1 1 1 1 4 1 2 1 3 2 2 1 2 2 1 1 1 1 2 1 3 1 2 2 1 2 1 1 2 1 2 3 2 1 2 3 1 1 2 2 2 2 1 1 2 1 3 2 4 3 2 1 3 2 2 3 1 5 2 3 1 1 3 1 2 4 3 2 3 3 4 1 3 1 1 1 1 1 2 3 1 1 1 4 1 3 1 5 2 1 3 1 2 1 1 1 1 3 3 1 1 1 2 1 3 2 3 1 2 2 2 3 2 2 2 1 1 1 1 3 1 1 4 1 1 4 3 1 2 4 1 1 1 1 1 1 1 2 1 2 2 2 2 1 5 3 2 1 1 1 1 1 1 1 2 3 1 3 1 1 2 1 2 2 2 1 2 1 1 2 2 1 1 2 1 3 1 2 2 1 3 1 1 2 1 2 3 1 1 1 1 3 1 2 2 1 2 1 2 1 1 2 1 4 1 1 2 2 2 5 1 2 1 1 1 1 3 3 1 5 1 1 1 2 1 4 1 1 1 1 1 1 2 1 2 2 1 1 3 3 2 2 1 1 1 3 1 3 1 1 2 1 2 1 1 2 2 1 3 1 2 3 3 1 2 2 1 1 2 1 2 1 2 1 2 2 1 4 2 1 3 3 2 2 2 2 2 2 1 1 2 1 1 2 1 1 3 4 1 3 1 4 2 2 1 2 3 1 1 3 3 1 1 2 3 6 4 2 1 3 3 2 3 4 1 1 1 3 2 2 3 2 2 2 2 2 1 2 1 2 2 1 1 1 3 1 1 1 1 1 2 3 2 3 2 2 1 2 2 3 4 1 2 3 1 2 1 2 1 1 1 1 2 1 1 2 2 3 2 2 4 1 2 2 1 3 1 2 1 1 3 1 2 3 1 1 2 1 2 5 1 2 6 4 1 3 2 2 1 2 1 1 2 3 1 1 2 1 5 1 1 2 2 2 2 1 1 2 1 2 1 1 2 2 1 3 1 1 1 1 1 2 2 1 2 2 3 2 1 1 2 1 3 1 2 1 3 1 1 2 1 2 1 1 1 2 4 1 1 2 1 2 2 2 1 5 3 3 3 1 1 2 2 2 1 3 2 3 2 1 1 1 1 3 1 1 3 2 1 1 1 3 1 3 1 3 3 2 3 2 5 2 3 1 2 3 1 1 2 1 3 2 3 2 4 1 1 3 1 7 1 1 2 3 4 2 1 1 1 2 1 1 2 2 3 1 4 2 2 1 5 1 4 2 1 1 1 1 1 1 1 1 2 4 2 2 1 1 1 4 3 1 1 2 2 3 2 2 4 2 1 1 2 3 3 3 2 2 1 1 4 1 1 4 1 1 1 2 1 1 3 1 2 1 3 3 2 1 3 1 3 4 1 2 2 1 1 3 3 3 1 1 2 1 3 1 1 2 1 4 1 1 2 3 1 1 1 2 5 2 3 1 1 1 1 3 1 2 1 1 1 3 3 1 2 1 2 2 1 1 2 1 1 2 1 2 2 2 1 2 1 1 2 2 1 2 1 3 1 1 2 1 3 4 3 1 2 1 1 1 1 2 1 1 2 2 1 3 1 1 2 1 1 2 3 1 3 1 3 1 1 1 1 2 1 1 4 1 1 2 3 1 3 1 1 4 1 1 1 1 1 1 2 1 1 1 4 2 4 1 1 3 1 2 3 4 1 2 2 3 2 1 2 2 3 1 2 2 2 2 1 2 1 1 1 2 1 2 1 1 1 1 1 8 2 2 2 1 2 2 3 4 2 1 1 1 1 2 1 1 3 1 2 6 1 1 2 2 2 2 1 3 2 1 2 3 3 2 4 2 1 2 3 1 3 5 1 4 1 1 1 1 1 2 3 2 1 1 1 5 2 1 1 1 1 1 2 1 1 1 1 2 1 3 6 4 2 1 2 3 2 3 5 2 1 3 2 2 2 1 2 2 5 2 3 1 1 2 1 3 3 3 3 1 1 2 1 2 4 4 5 1 6 2 1 1 1 1 3 2 4 2 3 1 2 2 4 2 2 1 1 1 2 1 2 2 1 2 2 1 1 1 3 2 3 2 1 4 3 2 3 2 1 2 2 1 1 1 2 1 1 2 1 1 1 2 2 1 2 1 1 2 2 5 1 1 2 3 1 2 1 1 2 1 2 1 2 1 1 1 3 2 1 1 4 2 4 1 1 1 3 2 1 1 1 1 2 1 1 2 3 1 2 1 2 1 1 1 2 1 4 2 2 1 1 2 5 3 3 2 1 1 3 5 2 2 2 1 2 1 2 1 4 1 1 1 1 1 1 3 2 2 1 5 3 1 2 4 1 2 4 1 1 1 3 2 1 3 3 1 2 1 1 3 1 1 2 4 6 2 1 3 3 2 1 1 1 2 3 3 2 6 2 1 1 1 1 1 1 1 1 1 3 3 2 3 2 1 2 2 1 1 2 1 2 1 1 1 2 1 3 3 2 4 3 2 1 3 2 2 1 3 1 2 2 1 5 1 1 2 4 1 2 2 2 2 3 2 2 4 3 2 1 2 2 3 4 1 1 1 1 1 3 1 5 1 2 2 1 2 1 1 1 2 1 2 1 1 1 5 2 1 1 3 2 2 2 3 3 4 2 3 1 1 1 1 1 2 2 3 1 3 1 1 1 1 2 2 3 3 2 5 2 1 2 2 2 2 1 1 1 2 1 4 2 1 1 1 1 2 1 2 1 4 1 1 2 2 1 1 1 4 3 1 2 1 3 3 1 1 4 2 1 1 1 2 1 1 1 1 1 1 3 4 5 3 2 4 2 1 1 1 2 1 1 2 4 1 1 2 1 1 2 3 3 3 2 3 1 3 2 1 1 1 2 3 1 3 5 1 1 1 1 1 1 1 1 1 1 1 3 2 2 2 1 1 2 1 3 3 2 1 1 1 1 2 1 2 3 2 2 2 3 2 3 1 1 1 3 3 5 1 2 2 4 2 1 2 2 1 4 2 2 3 2 3 2 6 1 1 2 1 3 1 1 1 2 1 4 1 1 1 6 1 1 1 1 2 1 2 1 2 1 2 2 2 1 4 2 2 2 2 3 2 1 3 1 2 1 1 1 1 2 3 2 1 3 1 2 3 1 4 4 2 2 1 1 2 1 3 3 3 1 1 2 1 5 3 1 4 1 3 4 1 1 3 3 2 1 1 1 2 1 2 2 2 1 1 2 3 1 1 2 2 2 2 3 5 3 3 1 1 2 1 5 2 5 1 3 1 2 1 1 1 4 1 1 1 1 1 2 3 1 1 2 3 4 3 2 2 2 1 1 1 1 2 1 2 3 2 2 1 1 2 1 1 2 1 2 2 2 1 1 2 1 3 1 3 2 2 1 2 3 1 3 2 3 2 1 1 4 2 2 1 2 1 2 1 1 3 2 1 1 3 1 3 2 2 1 2 2 1 2 2 2 1 1 2 3 2 2 1 2 1 1 3 4 1 4 1 1 3 1 3 3 1 3 2 2 1 1 2 1 3 1 1 1 1 1 1 6 2 3 8 5 2 2 2 1 1 1 1 1 1 1 3 1 1 3 2 1 2 1 1 1 3 1 1 2 1 1 1 4 2 2 1 3 3 2 2 2 4 1 2 1 2 1 2 2 1 2 2 2 2 2 1 3 1 2 2 1 1 2 3 2 4 1 2 3 1 1 1 2 1 3 1 2 1 1 2 2 2 3 3 1 3 1 3 1 1 1 1 2 2 2 1 3 4 1 2 2 3 3 2 3 4 1 1 2 3 2 4 4 1 2 4 2 2 2 3 6 1 1 2 2 4 1 2 2 2 1 6 1 2 2 2 1 3 1 1 2 1 2 1 1 1 1 2 1 2 2 2 3 2 2 2 1 1 1 2 3 2 1 2 3 2 4 1 1 2 1 1 1 2 1 3 1 1 1 1 3 1 1 1 2 1 1 1 1 2 2 2 2 3 2 2 1 1 2 3 3 1 2 2 1 4 2 2 1 3 2 2 3 5 1 1 2 3 1 2 1 2 1 2 2 1 1 2 3 1 3 1 1 1 3 1 1 2 2 1 1 1 2 1 3 2 2 1 1 2 1 1 1 2 2 1 3 1 1 1 3 2 1 2 2 2 1 1 1 2 1 1 1 4 2 1 4 1 1 1 2 3 3 1 2 1 1 1 2 2 1 3 1 1 1 3 2 1 1 1 4 1 1 1 3 2 3 1 1 1 1 3 1 4 3 2 1 3 2 2 3 3 1 4 3 4 1 1 2 2 1 3 2 2 3 1 2 5 2 2 4 3 2 2 3 1 1 2 3 2 1 3 2 1 2 1 2 2 2 1 4 2 1 2 4 4 2 4 2 1 1 1 2 3 1 1 1 3 2 1 1 1 7 3 4 1 1 1 2 2 3 1 1 1 2 1 3 1 1 1 3 2 2 3 3 1 2 2 1 3 2 1 1 2 1 4 2 1 2 1 1 2 1 2 2 1 3 2 1 1 1 1 1 3 2 2 1 3 1 2 1 3 3 1 3 4 2 1 1 2 1 1 1 1 1 3 1 1 1 2 2 3 4 3 3 2 4 1 2 3 2 2 1 6 4 2 4 3 1 3 2 2 2 2 1 2 1 3 1 6 3 1 2 1 1 1 5 1 1 2 1 1 1 2 2 2 2 3 2 5 1 1 3 2 5 4 1 3 2 3 2 2 1 3 1 2 5 1 2 1 1 1 3 1 1 2 1 2 3 2 2 1 1 2 2 2 2 3 1 2 4 2 3 1 1 1 2 3 1 1 1 2 3 2 4 1 2 3 3 2 3 2 1 2 1 2 1 1 2 2 2 1 3 2 1 1 2 2 1 1 1 2 2 2 2 3 1 1 1 5 2 3 1 1 2 1 3 4 3 4 2 2 1 4 1 2 1 1 2 1 2 5 1 3 1 1 3 1 2 1 2 2 3 2 3 1 2 2 1 3 2 2 2 1 2 1 2 1 5 2 1 4 2 2 1 2 3 3 1 1 1 1 1 3 1 4 2 1 2 3 2 2 2 3 1 2 1 1 2 1 2 2 2 2 1 5 1 2 2 1 2 3 1 2 1 3 1 3 2 1 1 1 1 2 2 6 1 1 1 1 3 1 1 1 1 2 1 5 4 1 2 2 3 2 3 3 2 3 1 1 5 3 1 2 2 1 2 2 4 2 1 2 2 3 2 5 2 1 1 2 2 1 2 2 2 2 2 3 1 1 1 1 1 3 2 1 2 2 2 1 3 2 1 1 2 2 3 1 1 1 2 3 5 1 2 3 1 1 2 2 1 2 2 1 2 2 3 3 2 3 1 1 1 3 1 2 2 2 2 3 1 3 1 1 2 3 3 3 2 1 1 3 3 1 2 1 2 1 1 3 2 2 1 2 2 1 1 3 2 3 1 1 3 1 4 2 2 3 1 2 2 2 3 3 2 2 3 1 1 4 1 2 2 1 2 2 2 1 2 3 1 1 2 1 1 1 1 3 1 3 1 2 3 4 4 3 2 2 1 1 1 1 1 3 2 2 3 1 1 1 3 3 3 1 1 2 3 2 3 2 2 2 1 3 1 1 1 2 1 4 1 2 1 2 2 1 3 3 1 4 1 1 2 2 1 2 4 1 1 3 2 1 1 2 2 4 3 4 2 1 1 2 1 4 2 2 2 3 2 1 3 2 1 1 4 1 1 2 1 2 3 1 1 3 4 3 3 1 1 1 1 2 1 2 1 2 1 1 2 1 2 3 1 2 3 1 5 1 2 2 3 3 1 5 1 1 2 2 1 2 2 4 2 1 1 2 1 1 4 1 2 2 4 1 4 2 1 2 2 1 2 2 1 1 3 1 2 1 1 3 1 3 3 3 1 2 2 2 1 1 2 3 2 2 1 2 2 2 5 3 1 2 2 1 2 2 2 2 1 1 1 1 1 3 1 6 1 1 1 1 1 2 2 1 1 1 5 4 4 1 2 1 5 3 3 2 1 2 1 1 3 2 1 2 2 1 1 1 4 1 2 1 3 1 1 3 6 1 2 1 1 1 1 4 1 1 1 1 1 2 2 3 4 2 2 3 1 4 3 2 2 3 2 1 2 1 4 2 2 1 2 2 2 2 5 3 2 1 2 2 1 1 1 2 1 3 2 3 1 2 3 1 2 3 2 2 1 2 1 1 3 1 2 2 2 4 1 2 1 1 1 1 3 2 1 2 2 1 3 2 1 2 3 1 1 2 2 4 2 2 1 3 3 1 1 1 1 2 1 2 1 1 2 4 4 1 2 1 4 5 1 1 1 3 3 2 2 3 1 2 1 3 1 1 3 2 1 1 3 2 1 1 1 1 2 1 1 1 2 3 4 1 1 3 1 2 2 2 1 1 4 2 1 1 2 1 2 2 2 3 1 3 2 2 2 1 1 2 2 1 1 1 2 5 2 2 2 2 2 1 1 2 1 3 1 4 2 3 3 3 3 1 2 3 1 2 2 1 2 4 6 2 1 1 2 3 1 4 3 3 1 2 1 1 2 2 1 1 2 3 1 1 1 3 1 3 1 3 1 6 2 3 1 4 1 2 2 1 1 2 4 5 2 1 1 1 1 1 1 1 2 5 1 1 1 1 4 1 3 1 1 1 4 2 1 2 2 1 2 1 1 2 1 3 3 2 1 3 1 1 3 2 1 1 1 2 3 1 1 2 1 2 1 1 2 1 1 1 2 2 1 1 4 1 2 2 1 3 2 2 1 1 1 1 1 3 2 1 3 3 1 2 2 4 1 1 2 2 3 2 1 1 1 1 2 2 1 2 2 2 6 2 2 2 2 1 2 3 1 1 1 2 1 2 3 3 1 2 2 1 2 3 1 3 1 1 1 1 1 1 4 2 2 3 2 2 1 3 3 1 3 1 1 1 1 2 2 2 2 1 4 3 4 2 1 3 1 2 1 2 3 2 4 1 1 1 1 3 1 1 2 3 2 1 1 2 3 1 2 1 1 2 1 1 2 1 2 2 1 1 2 1 1 2 3 4 1 1 3 1 1 1 2 5 1 3 2 3 4 1 1 2 3 1 3 1 3 2 4 3 2 2 1 2 1 2 1 1 5 1 1 1 2 1 1 1 1 1 2 1 2 2 3 3 2 1 2 3 1 5 1 3 3 1 3 2 2 2 1 1 1 1 1 3 2 1 1 3 3 4 1 1 4 2 2 2 1 1 2 2 1 1 3 1 1 2 1 1 3 2 1 1 2 1 1 3 3 2 2 2 1 3 2 3 3 1 1 2 2 1 3 3 2 1 1 1 1 1 2 2 2 2 2 1 2 4 1 1 4 3 2 3 1 3 3 3 1 2 2 1 2 2 1 3 2 2 1 2 2 1 2 2 2 2 1 3 2 1 2 2 2 1 1 1 1 1 3 2 1 2 1 2 2 3 5 1 2 1 1 3 2 2 2 1 1 1 1 1 4 2 1 4 2 5 2 2 2 3 3 2 1 2 1 1 1 2 1 2 2 2 2 2 1 3 2 1 1 3 1 2 3 1 1 3 2 3 1 3 2 1 1 2 2 2 2 2 1 1 3 1 3 1 2 1 3 1 2 1 1 2 1 2 3 3 1 2 1 4 3 2 1 1 2 2 2 1 3 2 3 4 1 1 1 1 1 1 1 1 2 1 1 1 2 3 2 2 4 2 2 2 2 1 4 2 3 1 1 2 1 2 2 2 2 1 1 2 2 1 4 2 1 2 3 1 2 4 1 3 1 1 2 2 1 1 5 2 3 2 2 1 2 2 1 2 1 2 1 2 2 3 2 1 4 1 1 1 1 1 2 3 2 4 4 2 4 1 2 1 2 2 3 1 2 1 2 1 1 3 3 1 2 1 1 3 2 3 2 1 2 1 1 5 2 2 2 2 2 4 4 1 1 4 2 2 1 2 2 1 2 3 3 4 2 1 1 2 2 1 3 2 2 3 5 2 1 1 1 2 1 1 3 1 1 1 2 1 1 1 2 3 1 2 2 1 1 4 1 2 1 3 2 1 3 3 4 1 1 2 5 3 2 3 1 2 1 2 1 1 2 3 1 1 3 2 1 1 1 3 2 1 2 2 1 2 3 1 1 1 1 1 3 1 1 4 1 1 2 3 4 2 2 1 3 3 1 1 2 1 3 3 3 2 3 3 1 2 1 3 2 1 2 2 1 3 1 1 3 2 1 1 2 2 4 1 1 3 2 1 3 2 1 2 2 2 1 1 2 4 1 1 1 2 2 2 1 2 2 1 3 2 1 1 2 2 3 4 1 1 2 1 1 1 2 2 1 1 1 2 2 2 1 2 2 2 2 4 1 3 2 2 1 1 1 1 2 3 3 2 1 2 2 1 1 1 2 3 2 1 3 1 3 1 4 4 3 2 3 1 1 2 3 2 2 4 1 2 2 1 4 1 1 1 1 2 1 1 1 2 1 2 3 3 2 1 1 1 2 2 2 1 1 4 3 1 1 2 1 2 2 2 2 1 3 3 2 3 1 2 2 2 1 2 1 1 2 4 2 2 1 2 3 1 3 1 1 1 4 2 2 2 3 2 1 4 2 5 2 5 3 1 2 1 1 1 6 1 2 1 2 4 6 1 1 2 1 1 4 1 1 1 3 1 3 4 1 3 2 1 3 1 1 3 2 1 2 1 2 1 2 4 2 1 2 2 3 2 3 3 2 1 1 2 1 1 1 2 2 3 1 1 4 2 1 3 1 3 3 1 2 3 1 1 1 2 2 2 2 1 2 2 2 2 1 1 3 1 1 1 1 2 1 2 1 2 1 1 1 2 1 3 2 1 1 3 2 2 5 3 2 2 1 2 1 4 2 4 1 1 4 1 2 3 1 1 3 2 1 1 3 2 1 2 1 3 3 2 2 3 1 1 3 4 4 3 1 1 1 4 1 1 3 1 5 1 1 4 3 2 1 1 1 1 1 2 3 3 2 2 1 2 1 2 5 3 1 2 2 1 5 2 1 2 1 2 2 4 1 1 2 1 1 1 5 4 2 2 1 3 1 2 2 6 2 2 1 2 4 2 1 3 1 1 3 3 1 1 2 3 2 1 5 1 1 2 1 1 2 2 1 1 2 1 3 1 1 2 2 1 2 5 3 2 1 1 2 4 5 2 1 1 1 5 1 2 1 1 3 2 3 2 2 1 7 1 1 3 1 2 1 1 2 1 3 3 3 1 1 1 2 6 2 2 1 2 3 1 2 2 2 2 2 2 1 1 1 3 1 1 1 3 2 2 2 2 2 2 3 1 1 3 3 2 3 1 3 2 1 1 3 2 1 2 1 1 1 2 2 4 1 3 1 1 2 2 1 1 2 1 1 2 1 1 3 2 3 1 3 1 1 1 1 3 2 2 2 3 7 1 2 1 3 1 2 4 1 2 1 2 3 2 1 1 4 1 1 1 1 1 1 2 1 1 2 1 5 2 2 1 4 2 2 3 2 2 3 3 2 1 1 1 3 1 3 2 1 2 1 1 3 4 3 2 3 2 2 3 2 1 2 1 2 1 1 2 1 1 1 2 1 1 3 1 3 4 1 1 3 1 3 2 2 4 2 1 1 1 1 2 2 1 3 3 2 1 3 1 2 2 2 2 2 1 2 1 1 2 4 1 2 1 1 2 1 2 2 1 1 1 1 1 1 3 1 1 1 3 1 2 1 1 2 1 4 1 1 2 2 2 5 1 1 5 2 2 2 1 1 1 2 1 2 2 1 2 3 4 1 3 2 2 1 2 3 5 2 3 3 1 5 2 1 2 3 2 4 3 2 1 4 2 1 1 1 1 1 3 2 1 1 1 3 2 2 1 2 2 1 1 3 2 3 1 2 1 3 1 1 5 3 4 2 1 1 3 1 2 2 1 4 1 2 2 4 3 1 1 1 3 2 2 1 1 1 1 1 1 1 3 1 1 1 4 1 1 1 2 3 1 2 1 3 1 1 1 2 2 1 2 2 4 2 1 1 3 1 2 1 1 3 1 2 3 2 1 3 2 3 1 1 2 2 1 1 2 2 1 1 6 1 3 3 3 2 1 1 1 1 2 1 4 2 3 2 2 1 3 1 1 2 2 1 1 3 2 3 2 3 1 1 2 1 1 1 1 1 1 4 1 2 1 1 3 2 1 5 5 1 1 1 1 4 1 1 3 1 4 1 2 1 3 2 2 1 1 4 4 4 3 2 3 1 2 1 2 1 4 1 1 2 1 3 2 1 3 2 1 2 3 5 1 1 1 4 4 2 2 1 2 2 2 2 1 1 2 3 3 3 2 3 1 3 1 2 4 2 3 1 2 2 2 3 1 2 3 3 2 2 2 2 1 2 3 2 1 1 2 2 1 1 1 3 3 1 2 3 1 2 3 1 1 3 2 3 1 2 2 2 3 2 2 1 2 2 3 1 1 4 1 1 1 4 1 5 2 1 2 2 1 1 1 1 1 2 2 1 3 1 2 1 3 1 2 1 3 2 2 2 1 3 1 2 1 2 1 2 1 2 2 4 1 2 1 1 1 1 1 1 3 3 5 3 1 1 1 1 4 1 2 2 1 1 3 1 1 2 2 1 1 2 3 1 3 1 1 1 1 2 1 1 2 1 3 1 1 2 1 1 2 2 2 1 2 3 1 3 1 1 1 1 4 5 3 3 3 4 2 1 3 1 1 1 1 3 1 1 2 1 1 1 1 1 2 1 1 5 2 2 2 1 2 3 1 4 2 2 1 3 3 4 1 2 2 2 3 2 3 4 6 2 1 2 1 2 3 1 2 2 2 1 1 3 2 1 2 2 3 2 2 2 1 1 3 3 1 1 2 1 2 1 2 4 2 1 4 2 2 1 3 1 1 2 4 2 2 1 2 1 1 1 5 2 1 1 3 3 1 1 2 2 3 2 1 3 1 3 2 2 1 1 1 2 1 2 3 3 4 3 3 1 2 1 1 3 3 3 4 2 2 1 1 3 1 2 4 1 3 2 1 3 2 4 3 2 4 1 3 3 3 7 1 2 4 1 4 3 3 2 1 1 1 1 2 3 2 2 2 1 4 1 1 1 1 2 2 4 4 4 2 2 1 6 1 1 1 1 4 1 4 1 1 1 1 1 1 2 2 2 3 1 1 2 2 1 1 1 2 2 1 1 1 5 1 4 1 1 3 4 2 4 2 1 3 2 2 4 3 2 2 2 2 2 1 1 2 1 1 3 2 2 1 1 6 2 1 1 2 1 3 1 2 2 1 2 2 1 2 2 1 3 2 2 2 4 1 1 2 2 1 1 2 3 3 3 1 1 3 2 2 2 2 2 1 2 5 3 3 3 1 2 2 3 3 2 2 1 1 2 1 1 3 2 2 1 3 2 1 2 1 1 3 1 3 2 1 3 2 1 1 6 3 1 1 1 1 2 1 1 1 2 2 1 1 1 1 2 3 1 2 1 3 1 2 3 4 2 1 1 2 2 2 1 1 2 1 1 2 1 2 2 1 2 2 2 2 1 1 2 4 1 1 2 6 1 1 1 4 2 1 1 1 1 2 2 1 5 3 1 2 1 3 2 2 2 2 1 1 1 1 2 2 2 2 1 3 2 1 3 1 1 1 1 1 1 3 2 2 3 1 1 2 1 2 1 3 3 2 1 3 4 2 2 1 2 1 2 3 1 3 2 1 2 1 2 1 2 1 1 1 2 1 2 1 3 3 7 2 3 1 2 2 2 1 1 1 1 1 2 2 3 2 1 3 1 2 2 3 2 2 3 1 1 2 1 3 1 1 1 1 1 1 1 2 1 1 1 2 2 1 3 1 2 1 1 2 6 3 1 4 2 1 4 2 1 1 2 1 1 2 4 3 1 2 1 1 1 1 3 1 2 1 4 2 2 2 2 1 1 1 1 1 2 1 1 1 2 2 2 2 2 1 2 2 1 1 1 1 2 1 1 3 4 1 1 1 2 2 2 1 2 2 2 1 1 2 1 1 2 1 3 3 2 1 3 1 2 3 1 2 1 2 1 2 3 3 3 2 1 1 1 2 2 3 1 4 2 2 2 2 5 1 1 3 2 3 2 1 1 1 2 2 2 2 4 1 2 3 1 1 3 2 1 2 2 3 2 1 2 2 1 4 1 1 1 1 5 3 3 1 1 1 2 1 3 1 3 4 1 1 2 2 2 1 1 2 3 1 1 1 1 1 2 1 1 1 1 2 1 1 2 1 2 2 1 2 1 2 4 1 1 2 1 1 1 3 1 1 1 1 4 3 4 1 1 1 1 2 3 4 1 2 1 4 1 2 1 1 4 1 2 2 1 1 1 2 1 2 1 3 2 2 2 1 1 2 1 2 3 2 1 2 1 1 3 1 3 2 1 2 1 1 1 2 3 3 2 1 2 2 1 1 1 1 1 1 1 3 1 3 2 1 2 1 1 1 3 2 1 2 4 2 4 2 1 1 1 3 1 2 1 1 2 3 2 2 6 1 2 2 2 3 1 1 1 1 1 2 1 2 4 4 2 2 1 1 2 1 1 3 2 4 2 1 2 1 2 1 2 2 2 2 3 5 1 1 3 2 2 1 3 3 3 2 2 3 1 3 2 1 2 2 3 5 2 2 2 2 2 3 2 2 6 2 1 2 2 3 3 1 1 3 1 2 1 1 2 1 1 1 1 2 1 3 1 1 1 1 2 5 2 1 1 2 2 3 3 3 2 3 1 2 2 1 4 3 1 2 2 2 1 3 1 1 2 1 4 1 4 1 1 3 3 1 1 2 3 1 1 3 2 3 1 1 2 2 1 1 1 1 3 1 2 1 1 2 2 1 2 2 1 1 3 1 1 1 1 1 1 2 2 1 2 2 4 4 1 1 1 2 1 2 2 3 2 1 4 1 1 1 3 1 3 3 2 1 1 4 2 2 1 3 1 3 2 2 1 4 1 2 2 1 3 1 3 2 1 2 1 3 1 2 2 1 2 1 1 2 3 1 3 1 1 2 2 1 1 1 2 2 1 5 2 2 5 2 1 2 1 1 5 3 2 1 2 1 1 2 2 2 3 2 2 2 1 1 3 2 1 2 1 2 3 1 2 2 1 3 1 1 1 1 1 1 3 1 3 1 1 6 1 1 1 1 3 1 2 5 3 3 4 1 2 1 1 3 2 2 1 1 3 4 1 1 1 1 3 2 3 3 2 1 5 4 2 1 1 2 1 1 1 2 2 1 2 2 1 1 2 1 4 2 3 5 3 4 1 3 1 5 2 1 2 1 4 2 1 1 2 1 3 1 2 3 2 1 2 3 2 2 1 2 2 1 1 2 2 3 1 2 3 1 3 3 1 1 1 2 5 3 3 1 2 2 1 1 1 1 3 1 1 1 4 1 2 1 1 1 1 2 2 2 3 2 3 4 1 1 2 2 3 2 3 1 3 2 1 1 2 1 1 2 2 2 2 1 3 1 2 3 2 5 3 1 2 2 2 1 1 3 1 1 3 1 3 2 2 1 2 3 1 2 2 1 2 2 2 1 2 3 2 1 1 1 4 1 2 4 1 1 2 1 1 3 1 1 1 1 1 2 2 3 2 2 2 4 3 4 3 1 1 1 1 1 4 1 5 2 2 1 1 1 2 1 3 3 1 1 2 2 2 1 2 1 2 1 1 4 2 1 2 2 2 4 3 4 1 2 1 3 2 1 1 2 2 2 2 3 2 1 1 1 4 1 1 1 1 1 2 1 2 2 2 2 1 1 3 2 1 3 2 2 1 2 2 1 3 1 1 1 4 2 1 1 1 2 2 1 3 2 4 2 4 2 3 1 3 1 3 1 1 1 1 1 3 3 3 1 1 1 1 2 2 1 2 2 1 1 1 4 3 2 2 2 2 2 1 3 2 1 2 1 2 2 1 2 2 2 2 2 3 3 2 1 4 1 1 2 1 2 3 2 1 2 2 2 1 4 3 1 1 1 1 1 2 1 3 3 2 3 1 1 2 1 3 3 5 1 2 1 3 2 2 2 2 3 3 2 2 2 1 4 2 2 3 6 1 1 1 1 3 3 1 2 1 1 1 2 1 3 1 1 1 2 1 1 1 2 1 2 2 2 1 2 4 3 1 2 1 4 1 1 4 1 1 3 1 2 3 3 3 4 2 4 1 2 2 3 2 2 1 1 1 1 1 2 4 1 2 2 1 1 1 1 2 3 1 1 1 1 1 2 1 1 1 2 1 1 2 3 2 2 1 2 5 1 1 2 2 3 4 1 2 3 1 2 2 2 1 4 2 3 2 3 2 2 1 4 1 1 2 1 1 1 2 1 2 2 1 1 3 1 4 1 3 2 2 1 1 1 3 1 1 1 2 3 1 2 1 3 2 1 3 3 2 1 1 1 1 1 2 1 2 1 1 3 2 3 1 1 2 1 1 2 1 2 2 1 2 1 1 2 1 2 1 1 1 1 1 1 3 2 1 1 2 3 3 1 2 2 3 1 1 1 2 1 1 1 1 2 2 2 2 1 1 1 2 1 7 4 3 4 2 2 1 2 3 1 1 1 4 2 2 2 4 1 2 1 3 4 2 2 2 1 6 1 1 1 3 5 2 1 2 1 2 2 2 3 1 2 2 2 1 3 1 3 1 2 2 1 1 3 2 3 2 1 1 3 1 4 1 1 2 1 2 2 4 2 1 2 1 2 1 1 1 1 2 3 3 3 2 2 3 3 1 1 3 1 1 3 1 4 1 2 1 8 1 2 2 2 2 3 1 1 2 1 1 2 1 2 2 3 1 2 2 3 2 2 2 3 4 2 1 2 3 1 1 2 1 3 1 2 3 3 2 1 1 2 2 3 2 2 2 2 1 1 2 2 2 2 1 3 1 2 1 2 2 2 1 1 2 1 3 1 1 1 2 5 1 3 2 2 2 2 1 2 1 2 1 1 2 3 2 1 1 1 2 3 1 1 3 1 2 2 3 1 2 1 4 2 1 1 1 2 3 4 1 1 3 3 3 1 1 1 2 1 2 1 2 1 1 3 1 2 2 2 4 3 2 3 1 3 2 2 1 4 2 5 1 2 1 3 2 2 3 1 3 1 1 1 1 2 2 1 1 1 2 4 2 3 1 1 2 5 3 2 2 2 1 3 2 1 1 4 2 1 4 2 2 2 2 1 1 2 1 2 1 1 2 2 1 1 2 2 2 4 3 2 5 3 2 2 2 3 2 2 2 2 2 3 2 3 1 1 1 2 1 1 1 1 1 3 1 2 3 2 2 2 1 1 2 3 1 1 1 1 4 2 2 1 2 1 2 1 1 3 1 1 2 1 2 1 1 1 1 2 2 2 1 1 4 1 2 2 1 1 2 1 4 5 3 2 2 4 3 2 2 1 2 1 2 2 2 2 2 1 1 3 2 2 2 2 2 1 1 5 4 1 2 3 1 3 1 1 1 5 3 5 2 2 1 1 1 1 1 8 1 4 6 1 1 1 1 3 1 1 1 1 1 3 2 4 4 6 2 2 3 1 3 2 3 1 1 4 4 3 1 2 1 1 1 2 4 3 3 2 1 1 2 1 2 1 2 3 1 1 2 1 2 1 3 3 2 1 1 2 1 1 1 2 1 1 2 1 2 6 2 3 1 2 2 1 1 3 1 2 1 2 1 1 2 1 3 1 1 1 5 4 3 3 2 3 2 1 5 4 3 1 2 1 2 1 2 2 1 2 3 1 3 2 1 2 4 1 6 1 2 4 3 1 2 3 2 1 1 1 1 1 1 1 3 3 3 3 2 1 3 1 3 4 3 1 5 1 1 2 2 2 1 2 5 2 3 1 1 2 3 1 4 1 2 1 3 2 3 2 1 1 1 2 2 3 1 2 1 1 3 1 1 1 3 1 4 2 1 2 5 1 1 1 1 2 1 4 1 1 1 1 1 3 2 3 2 2 4 3 5 1 2 3 1 2 3 2 1 3 3 1 4 2 1 1 2 3 2 1 1 3 2 3 2 1 2 3 3 1 5 2 1 1 4 2 1 1 3 3 2 2 1 1 3 1 1 1 2 3 2 1 1 2 2 2 2 2 2 4 2 2 2 2 1 1 2 5 6 1 2 3 3 2 1 1 3 2 1 2 1 1 2 1 2 2 2 2 1 2 1 3 1 3 2 1 3 3 2 2 2 1 4 2 5 1 6 2 3 3 1 3 3 1 2 1 3 2 3 1 2 3 1 2 1 1 3 1 4 2 1 2 1 1 1 3 1 2 2 1 3 2 2 1 2 1 3 1 4 3 2 1 2 2 3 1 2 3 1 2 1 1 2 1 2 1 3 1 2 1 2 1 1 4 2 2 1 2 1 1 1 1 3 1 4 3 1 2 1 3 3 2 2 1 1 2 1 1 1 1 1 3 2 1 1 1 1 1 2 1 1 2 1 1 1 1 3 1 3 3 2 2 6 2 4 2 1 1 4 1 1 2 2 1 4 5 2 1 2 2 1 2 1 1 1 3 3 1 3 1 4 1 1 1 1 3 2 1 1 2 2 1 4 2 1 2 1 2 2 1 5 3 1 2 1 3 1 1 1 1 3 1 2 1 3 4 1 1 3 2 1 1 2 1 2 1 3 2 4 1 1 3 2 3 1 2 3 1 2 2 2 4 1 1 1 3 1 2 1 1 1 3 1 2 2 1 1 2 1 1 1 2 2 4 1 1 2 1 1 2 4 2 1 1 2 1 3 1 2 2 1 2 2 2 1 2 3 1 1 5 1 1 1 1 1 3 2 1 1 3 4 2 1 1 1 2 1 2 1 4 1 1 2 1 1 3 2 2 1 2 1 3 1 3 1 5 1 3 3 3 2 1 2 2 1 3 3 1 1 1 2 1 1 3 3 3 1 2 2 2 3 1 1 2 1 2 2 1 2 4 2 3 4 1 1 1 3 1 3 3 1 1 2 4 1 2 1 1 1 1 1 1 1 1 4 2 3 2 2 3 3 3 1 1 1 4 2 2 1 1 1 3 2 1 3 3 4 2 1 2 1 1 4 1 2 1 2 2 2 1 2 2 5 1 1 2 1 1 2 1 2 1 2 2 2 1 2 2 2 1 2 1 3 3 1 3 3 3 1 1 1 1 1 1 1 2 3 1 1 1 2 1 3 2 2 1 2 1 4 1 4 2 1 4 2 1 2 2 3 1 2 2 5 3 1 1 3 2 1 3 3 2 1 2 2 3 2 2 1 3 2 1 3 2 1 2 4 1 2 2 2 1 2 2 2 2 1 2 3 3 1 2 2 3 2 1 1 2 2 2 2 2 6 2 1 1 2 1 1 2 1 1 2 1 2 2 2 3 1 1 4 4 2 2 1 1 3 3 1 1 2 1 2 3 1 2 2 2 1 4 3 1 1 1 2 1 3 3 5 2 2 1 1 3 1 1 3 1 3 2 1 1 1 4 2 1 1 1 1 3 3 2 2 2 1 1 2 4 3 1 1 3 3 3 1 3 1 2 1 5 1 1 2 1 3 4 1 3 1 1 2 1 1 2 3 2 1 2 4 1 2 2 4 1 1 1 4 2 1 1 2 1 2 3 1 2 2 1 1 2 3 2 2 1 2 1 1 3 1 3 2 3 1 2 1 2 2 4 2 1 1 3 1 2 4 3 1 3 1 3 2 2 3 2 1 1 1 1 1 1 3 2 1 3 1 1 2 3 4 2 2 1 1 3 1 3 2 3 4 2 2 3 4 1 3 1 3 2 2 1 1 2 2 2 2 4 4 1 2 2 2 1 1 1 4 3 1 1 1 4 3 2 1 4 2 2 2 1 1 1 2 1 1 3 1 1 1 3 3 1 3 1 3 2 1 2 2 1 1 2 1 5 1 2 2 1 2 1 3 4 2 2 2 1 1 1 2 1 2 5 1 1 2 3 1 2 1 1 1 1 1 2 1 2 3 1 2 1 1 2 1 5 3 4 7 1 1 2 2 4 1 1 1 2 2 1 2 1 1 4 1 2 3 1 1 1 2 1 1 2 2 2 2 2 2 3 1 1 2 4 1 1 2 2 1 1 1 4 1 1 2 2 3 2 2 2 4 3 1 2 1 1 1 2 1 2 1 2 1 1 1 2 2 1 2 1 1 1 1 4 1 5 3 1 2 3 1 2 4 2 1 1 1 1 2 1 3 1 2 2 1 1 2 3 2 2 2 1 1 1 1 1 3 1 3 2 3 1 1 2 1 2 1 1 3 1 2 1 3 1 3 1 2 1 4 2 5 1 1 1 1 1 1 1 3 4 1 1 1 2 3 4 4 2 1 1 2 1 4 3 2 1 1 4 2 1 1 1 3 6 1 3 2 3 2 2 3 2 3 1 2 3 1 3 4 1 1 2 1 1 2 3 1 3 3 3 5 1 1 3 2 2 1 2 2 1 2 3 1 3 3 5 2 3 3 1 1 2 3 3 1 3 1 3 2 2 1 2 1 1 2 3 3 3 2 2 1 1 3 5 5 1 1 1 1 4 3 2 1 2 2 1 4 2 3 1 1 1 1 1 2 3 1 2 2 1 1 1 2 1 3 1 6 1 1 2 1 3 2 4 1 1 3 1 1 1 2 2 3 2 5 1 3 1 1 3 1 3 3 1 1 3 1 2 1 2 3 3 3 1 2 2 2 1 2 2 2 3 4 1 2 1 1 2 1 2 1 2 1 1 1 2 1 1 1 2 3 2 2 4 3 3 2 1 1 2 1 1 2 3 4 3 3 1 1 5 2 1 3 1 2 1 4 1 4 2 3 1 1 3 2 2 2 2 3 4 1 3 3 2 2 6 2 1 2 1 5 2 2 1 1 1 1 2 2 5 1 2 1 1 2 3 1 3 2 1 1 2 1 1 4 4 1 3 2 1 3 1 1 1 2 3 2 2 2 2 4 1 2 4 1 3 1 1 2 2 3 4 2 1 2 3 2 1 1 1 1 1 4 2 2 1 2 3 1 1 3 1 1 1 2 5 1 3 2 1 2 1 1 3 1 3 1 5 3 3 2 3 2 1 2 3 1 1 1 4 1 1 1 1 3 2 3 1 2 2 2 1 2 5 2 3 1 1 2 1 2 2 2 1 1 1 1 2 2 1 2 1 2 1 1 3 1 1 3 5 2 4 2 1 3 1 2 2 2 2 3 1 2 2 5 2 1 1 1 1 1 1 5 1 2 3 2 3 2 1 4 1 1 2 1 1 2 2 1 4 4 1 1 1 1 1 2 1 2 5 2 2 1 3 1 2 4 2 1 3 2 3 1 1 1 1 1 4 2 2 2 2 1 1 2 6 1 3 3 3 1 2 2 2 2 3 2 3 3 1 2 3 1 5 3 2 1 1 4 3 4 2 2 2 1 1 1 1 1 3 4 3 3 1 3 2 2 2 3 1 2 3 4 2 1 2 1 2 3 1 1 4 1 2 4 2 3 1 1 1 1 2 6 2 2 3 3 3 1 1 2 2 2 1 1 2 1 2 2 2 3 1 1 1 3 1 1 3 2 1 2 1 1 2 2 2 2 4 3 1 2 1 1 3 2 1 2 2 1 1 1 2 2 1 2 1 2 1 1 4 1 3 2 1 1 1 1 2 3 2 2 2 2 3 2 1 2 1 1 2 1 2 1 1 2 1 1 1 1 1 1 1 2 1 1 1 2 3 1 3 1 1 3 2 3 1 1 2 1 2 1 3 1 5 1 1 2 1 4 1 1 2 2 4 3 2 1 1 1 2 1 2 1 2 2 1 1 1 1 1 1 1 3 1 1 1 3 1 1 1 4 2 1 1 1 1 1 2 3 2 1 1 2 1 1 3 3 4 3 2 1 1 2 3 1 6 1 2 3 1 4 2 3 8 1 3 4 2 2 3 1 1 3 3 1 1 1 1 1 1 1 2 3 2 1 2 1 3 3 3 2 1 1 2 3 1 3 2 2 1 3 4 1 2 1 3 2 1 2 3 2 1 1 3 3 2 1 2 2 3 1 3 1 1 1 1 4 3 1 2 2 1 2 2 1 4 2 4 2 1 1 1 3 4 2 1 2 2 1 1 1 3 1 4 2 1 2 2 1 1 1 1 1 2 3 3 5 2 1 3 3 3 1 1 1 3 1 2 3 2 2 1 1 2 1 1 1 5 2 1 2 1 1 2 1 2 1 3 1 1 1 3 2 1 3 1 1 2 2 1 1 1 2 2 1 1 2 3 2 3 1 2 4 3 2 2 1 1 1 2 1 3 2 2 2 3 2 2 3 2 1 2 2 2 1 4 3 2 3 1 1 1 2 3 2 2 1 2 1 1 1 2 1 1 2 4 1 2 2 1 2 2 1 1 2 1 1 3 1 1 1 1 2 4 1 1 2 1 2 2 2 2 1 3 1 1 5 2 2 1 3 1 2 2 1 2 3 1 2 1 4 1 2 2 2 1 4 2 3 2 2 4 1 2 3 1 3 1 2 3 1 1 1 2 1 3 1 2 1 1 1 2 2 1 3 2 1 1 1 1 2 3 6 2 2 2 1 1 3 1 3 1 4 2 1 3 1 2 2 2 1 1 1 3 3 1 2 2 2 2 1 2 2 2 1 1 3 1 2 2 2 3 1 1 1 1 2 1 1 2 3 1 1 3 1 2 3 1 1 2 1 1 2 3 3 2 2 1 2 2 1 1 1 3 2 2 1 2 1 1 1 1 1 2 2 2 1 1 1 1 1 2 3 1 1 1 1 3 1 1 1 1 3 1 2 4 2 1 2 2 2 1 1 2 2 1 1 4 3 2 2 2 1 1 1 2 1 2 3 2 3 1 2 1 1 2 1 1 1 5 1 2 1 1 1 1 2 1 2 1 2 1 1 3 3 3 1 2 2 1 3 3 3 1 2 1 3 3 1 3 1 2 4 1 2 1 2 1 1 3 3 1 2 2 1 3 1 1 2 1 1 1 1 1 2 2 1 1 2 2 3 3 2 3 4 2 4 2 1 2 2 4 1 3 2 1 1 2 1 2 4 2 1 1 2 2 3 1 2 2 2 1 1 2 6 1 1 1 1 1 1 2 2 1 3 1 1 1 1 2 1 1 2 1 2 1 2 1 1 3 1 1 1 3 1 2 1 2 1 2 1 3 1 3 5 3 1 3 1 2 1 2 1 1 5 1 1 3 2 1 3 2 1 3 3 2 3 3 3 2 3 1 2 1 2 1 2 1 3 1 2 2 2 1 4 3 2 2 3 1 1 2 1 1 2 3 1 2 1 1 4 1 1 2 1 1 2 2 1 1 2 2 3 4 2 1 1 3 3 2 1 1 3 2 2 1 1 1 2 1 1 2 2 2 3 1 3 1 3 2 2 1 2 1 1 2 2 2 1 3 1 1 1 1 2 1 2 1 1 3 1 1 1 1 1 3 3 1 2 3 1 1 2 1 2 1 1 1 6 1 4 3 3 1 1 2 1 2 2 3 1 2 3 1 1 3 1 2 1 3 2 2 1 4 1 1 1 2 1 2 2 1 3 1 3 2 4 4 1 2 1 1 1 1 3 4 2 1 1 3 4 1 1 2 1 2 2 1 3 3 1 2 1 1 2 1 1 1 1 1 1 2 1 1 1 1 1 4 2 1 3 2 1 4 1 2 1 1 1 2 3 1 2 1 2 4 2 3 1 2 1 1 1 2 4 3 3 1 2 2 3 2 2 2 2 1 2 1 1 1 2 2 3 1 2 1 1 3 4 2 1 2 2 1 1 3 2 2 3 2 1 2 2 3 1 1 3 2 1 1 1 4 1 1 3 2 4 2 1 3 1 1 2 1 1 3 2 2 2 5 1 2 2 1 3 2 3 3 4 1 5 2 2 4 3 1 1 1 4 1 1 3 2 1 1 1 2 2 2 1 3 2 1 1 2 1 1 1 1 3 1 2 3 1 1 4 2 1 2 3 1 1 3 2 2 1 2 3 2 1 3 2 1 3 4 2 3 1 1 5 1 1 1 2 1 2 3 2 1 2 1 4 2 4 2 1 1 2 4 2 3 2 1 4 2 2 3 5 2 3 1 3 3 1 1 2 2 2 3 3 1 3 2 1 1 1 2 3 2 2 2 2 1 2 2 4 1 1 2 1 1 1 1 3 5 1 1 2 3 3 1 3 2 4 2 1 1 1 1 2 3 1 3 2 1 3 2 1 2 2 1 1 1 1 3 4 2 1 1 2 2 2 3 1 3 2 3 2 2 2 5 2 1 1 4 1 3 3 2 1 2 2 2 2 3 1 2 2 1 4 2 3 2 1 2 1 1 3 1 2 2 2 1 3 4 1 2 1 3 1 1 1 3 4 2 5 3 1 3 1 1 1 2 2 1 3 3 5 2 1 2 3 2 2 3 1 1 2 4 1 1 1 1 1 1 2 3 2 3 1 1 2 3 1 3 2 2 4 1 3 1 1 3 1 3 3 2 1 1 1 2 2 1 2 1 6 3 3 4 2 2 1 2 1 1 2 1 1 2 1 2 1 4 1 2 2 1 2 1 3 1 2 1 3 1 3 1 1 1 2 2 2 1 1 1 1 1 1 1 2 2 1 2 1 1 1 4 4 2 4 1 1 1 1 1 1 1 1 2 3 4 2 2 2 1 1 1 2 1 5 2 2 1 1 2 1 4 2 3 3 4 3 1 1 3 2 2 2 1 3 1 1 5 1 1 2 2 2 2 2 1 3 4 1 1 3 4 1 3 3 2 2 1 1 1 2 1 1 1 1 1 2 3 1 3 4 1 1 1 2 2 2 1 3 1 1 1 2 2 1 1 4 4 1 3 3 6 3 2 1 5 2 1 1 2 1 1 3 1 2 2 3 4 1 2 3 2 2 4 3 3 2 2 3 2 4 1 1 1 1 1 3 2 3 1 2 2 1 1 1 2 2 3 1 3 1 2 2 1 1 1 1 1 4 4 2 4 5 1 2 2 1 1 1 1 5 2 1 1 1 1 2 2 3 1 1 2 1 2 1 1 1 2 1 3 3 6 2 1 1 1 3 2 2 1 2 3 2 1 3 2 3 1 1 1 1 1 2 2 2 1 1 3 1 2 2 1 1 1 2 4 1 2 2 1 2 1 3 4 2 1 1 2 2 1 2 2 2 1 4 3 1 1 1 2 2 1 1 1 1 2 2 4 1 2 2 2 2 2 1 2 1 2 3 4 1 2 1 4 1 3 3 3 3 2 2 1 1 4 2 2 3 2 3 1 1 2 4 2 3 3 3 1 2 3 1 1 2 3 1 2 2 1 5 1 1 2 3 2 2 1 1 1 1 3 1 2 1 2 1 2 4 1 2 1 1 1 3 1 1 3 2 3 1 1 1 2 1 2 1 1 2 2 1 3 2 1 2 3 3 1 2 1 1 3 1 4 4 2 2 4 3 1 2 2 1 1 3 1 2 1 1 2 1 2 2 1 2 1 4 1 3 1 2 3 1 2 2 2 2 1 3 1 6 1 1 2 1 1 3 1 2 1 2 2 1 1 2 1 1 2 4 2 1 2 3 1 1 2 4 2 4 2 1 5 1 2 2 2 1 2 2 2 1 3 1 4 3 1 2 1 1 3 3 5 1 3 6 2 1 3 1 3 2 4 3 4 2 3 1 1 6 6 2 3 1 1 1 4 1 1 2 2 1 1 3 3 1 2 1 1 1 1 3 2 5 2 1 4 1 1 1 1 2 3 1 1 3 1 3 1 1 3 3 3 1 1 2 3 2 3 3 5 2 2 1 2 1 1 4 3 2 1 2 4 4 4 1 4 1 1 2 1 1 4 3 2 1 1 1 3 1 2 1 2 3 1 2 1 2 3 1 2 1 2 2 2 2 1 1 2 1 1 2 1 3 3 1 2 1 3 2 2 4 3 5 1 1 1 2 5 2 1 1 1 1 2 1 3 1 1 1 2 2 2 1 1 2 4 2 3 2 2 1 3 1 1 3 1 1 2 3 2 2 2 2 1 1 1 1 1 2 1 2 1 2 2 1 1 2 1 1 2 1 1 2 1 1 1 1 1 2 3 1 1 4 3 2 2 2 1 1 1 3 2 2 1 1 1 1 2 4 2 2 1 1 3 2 2 1 3 1 2 1 1 2 2 2 1 1 1 2 2 1 2 1 2 2 4 1 3 2 1 4 3 1 3 2 1 3 5 2 1 3 1 1 1 2 2 2 1 3 1 3 1 1 2 1 1 1 1 2 1 2 2 1 4 1 1 1 2 1 1 1 3 1 2 3 2 1 1 1 3 1 2 4 2 3 1 1 2 3 1 1 1 1 1 2 1 2 3 3 2 2 1 4 2 1 1 4 2 3 1 1 2 1 1 3 4 1 2 1 1 3 1 3 1 1 2 2 2 2 1 1 3 1 2 1 2 1 1 2 3 1 3 1 1 1 1 3 1 2 2 1 1 4 1 2 1 1 1 3 1 3 3 3 3 1 1 2 1 1 2 3 1 2 3 3 1 2 3 4 2 1 2 3 2 3 2 1 3 1 1 2 2 1 3 1 2 3 2 3 3 2 1 2 2 1 1 2 4 1 2 2 2 1 3 1 2 1 1 1 1 1 2 1 2 1 2 3 1 2 1 1 3 2 2 1 3 4 1 1 2 1 1 2 1 1 1 5 2 2 1 2 1 1 4 1 3 1 2 2 1 3 2 3 4 2 1 1 2 2 1 3 3 1 2 2 1 1 2 1 1 1 3 2 1 5 2 2 1 1 3 3 2 3 4 1 3 2 1 6 1 2 3 2 1 2 2 4 1 1 2 5 1 1 1 2 2 2 1 2 3 3 2 2 2 3 2 1 4 1 2 1 1 1 2 4 3 4 1 2 2 1 1 1 2 2 1 1 2 3 1 4 1 1 2 3 1 1 3 1 5 1 3 3 2 3 1 1 1 2 1 3 1 2 2 1 2 2 2 1 3 4 3 1 2 1 1 2 1 4 2 1 2 1 1 1 1 3 3 1 7 2 2 1 3 3 1 1 4 2 1 3 2 1 2 2 1 1 2 1 1 2 2 2 2 1 1 1 2 2 2 2 2 1 1 2 2 3 1 2 1 2 2 1 3 1 3 3 4 2 2 3 2 1 2 2 2 1 2 3 1 3 3 2 3 1 4 3 2 1 4 2 1 2 2 2 1 1 4 4 2 1 2 1 2 2 1 1 2 1 1 1 1 2 2 4 8 4 1 3 1 1 1 2 1 2 4 3 4 2 3 2 2 2 1 3 3 1 1 2 2 1 2 1 3 4 1 1 2 1 3 2 1 2 2 2 2 2 3 2 1 2 1 2 1 1 1 2 2 1 1 1 1 1 4 2 1 2 2 1 3 1 3 2 2 1 3 1 1 2 2 2 2 2 1 1 1 2 1 1 1 3 1 1 4 4 2 2 3 1 2 2 6 1 1 2 1 2 2 1 1 3 1 5 3 1 4 1 2 2 5 2 2 2 2 1 3 2 1 1 1 1 1 1 1 1 1 2 1 1 3 1 3 1 4 1 2 2 3 1 3 2 2 1 1 1 1 3 1 2 1 1 2 1 1 1 2 1 5 1 1 3 1 1 4 3 4 1 3 1 1 1 2 1 1 1 3 1 1 2 4 1 4 1 1 4 2 2 1 2 4 3 4 2 1 2 1 1 2 1 1 3 3 1 1 1 1 1 2 3 2 1 2 2 2 1 3 3 1 1 3 2 3 3 3 2 1 2 2 1 3 2 2 1 1 1 2 3 2 2 2 2 2 2 1 2 1 1 3 1 2 1 1 2 3 3 1 1 2 2 3 1 1 2 3 2 1 2 1 6 1 2 2 1 1 2 1 2 1 1 1 2 3 1 1 4 1 1 1 3 1 3 2 1 2 2 3 2 4 5 2 6 5 3 3 1 1 1 1 6 2 3 2 3 4 1 1 1 5 4 1 1 1 1 1 2 4 2 1 4 1 1 1 2 4 1 2 1 1 1 2 3 2 3 2 4 1 2 1 2 1 2 3 1 1 1 1 1 2 2 2 4 1 2 2 2 1 2 4 1 1 2 2 2 1 1 1 1 1 2 1 1 1 2 1 1 1 1 1 4 2 6 2 2 3 2 2 3 1 1 3 3 2 2 2 3 2 4 1 3 1 2 2 2 1 1 1 2 3 2 3 1 1 2 1 1 2 1 4 2 2 2 2 5 1 1 1 3 3 1 5 1 4 3 1 5 1 2 1 1 1 2 2 2 1 1 4 1 1 1 2 3 2 2 1 4 2 4 2 2 2 1 2 2 1 3 2 1 2 3 1 1 1 2 4 1 1 1 3 3 2 3 1 2 2 2 1 2 1 1 1 3 1 2 1 2 1 2 1 2 3 1 1 2 2 1 1 1 1 2 1 1 1 1 1 2 2 2 1 3 3 2 3 1 1 2 2 1 2 2 1 1 1 2 1 1 1 1 2 3 2 1 1 3 1 2 1 1 2 1 3 2 1 3 3 1 4 1 1 1 1 3 2 2 4 4 2 1 2 2 2 1 1 2 1 2 1 2 3 1 3 1 1 3 2 4 1 2 2 5 3 1 1 1 2 1 2 2 1 3 1 2 2 1 2 2 2 1 3 3 1 3 1 2 2 3 2 1 2 1 2 2 1 4 1 2 2 1 1 1 2 4 2 1 2 2 1 1 2 2 2 5 2 3 1 2 1 1 1 2 1 2 2 2 2 1 2 2 3 1 1 1 4 1 2 3 1 2 1 3 1 4 2 4 1 2 3 3 1 5 2 1 1 1 1 2 2 4 1 2 1 3 2 3 3 3 2 1 1 1 4 2 2 2 1 3 2 5 2 1 2 1 2 1 1 2 1 1 3 1 3 1 2 1 2 2 1 3 2 2 2 1 1 3 2 1 1 2 2 2 1 1 2 4 2 2 1 4 5 2 4 4 1 1 3 2 1 3 1 3 2 1 1 3 4 1 2 2 4 2 2 1 1 1 2 3 2 2 1 1 2 2 1 1 1 1 1 1 2 1 1 2 2 1 2 2 1 3 2 2 2 3 2 1 1 1 1 1 1 4 1 1 1 1 3 1 1 2 2 2 6 4 3 2 3 3 1 3 2 1 1 1 1 1 1 3 1 3 1 4 1 3 1 1 3 2 2 2 3 3 3 1 3 1 4 1 3 2 1 2 1 1 2 3 2 3 2 2 2 2 3 1 3 3 5 3 1 1 1 2 1 2 3 1 1 2 2 2 2 3 2 2 2 2 1 1 2 1 3 3 1 2 1 1 2 2 5 3 2 3 1 1 1 1 1 1 2 1 1 2 1 1 1 1 2 1 2 2 3 1 2 2 2 3 3 5 2 2 3 1 1 3 2 1 3 2 3 2 1 1 1 3 1 2 1 2 1 2 3 2 2 1 2 1 1 1 1 2 1 2 1 3 2 1 2 1 1 2 2 2 1 2 1 5 2 3 2 3 1 3 2 3 1 2 1 1 2 3 1 3 1 1 1 1 5 1 2 4 1 1 2 1 2 3 1 1 2 1 1 3 1 1 2 1 2 5 2 1 2 4 1 1 3 3 1 1 3 1 2 3 1 2 1 3 2 1 1 1 3 2 1 4 1 1 4 2 2 1 1 4 1 1 2 1 1 4 4 1 2 1 1 2 1 2 1 2 3 1 2 1 4 1 2 1 3 2 2 2 1 1 2 3 1 2 3 2 2 1 4 1 2 2 2 3 3 4 1 2 2 1 2 3 1 1 1 2 2 1 1 1 1 1 3 1 1 4 5 1 1 2 1 1 1 1 1 2 2 2 1 1 1 1 2 1 1 3 3 1 2 1 2 2 3 4 3 3 3 1 2 3 2 1 2 3 2 2 2 1 5 2 2 2 2 1 2 2 4 1 1 2 1 3 2 2 2 3 2 1 1 5 1 2 3 2 2 2 3 2 1 1 2 1 1 2 2 5 1 2 2 2 6 4 4 4 2 1 1 4 1 2 2 2 4 1 1 2 1 1 4 3 1 2 1 5 1 2 1 4 3 1 2 2 3 3 1 1 2 2 2 2 2 1 1 2 1 1 3 3 2 2 3 1 4 1 5 1 3 2 2 1 1 1 1 1 4 2 1 1 4 2 1 1 2 2 2 4 2 2 3 3 3 4 1 1 4 1 3 2 1 3 1 2 1 1 3 2 2 1 2 2 3 4 2 1 1 1 3 2 2 2 2 2 2 1 2 2 1 2 1 3 1 2 1 3 1 2 2 1 1 2 2 3 1 1 3 1 3 4 2 2 1 3 1 2 1 2 4 2 1 2 2 3 1 3 1 4 1 1 3 2 2 3 3 2 2 1 1 4 2 1 1 2 3 3 3 2 1 2 1 2 1 2 1 3 2 1 1 3 2 1 3 2 1 1 2 2 1 1 4 1 1 1 3 2 3 2 2 3 2 1 2 2 5 1 2 3 2 1 2 1 2 1 2 2 1 3 2 2 1 1 2 4 2 1 2 1 1 2 1 4 3 1 2 2 3 1 2 1 1 3 1 1 1 1 2 2 2 1 1 1 2 1 2 3 4 1 2 1 2 2 4 1 3 3 1 2 2 2 2 2 2 2 2 2 5 2 1 2 3 2 2 1 1 5 1 4 1 2 1 6 4 1 2 4 1 1 2 2 2 2 2 4 1 1 1 3 1 2 1 5 3 1 1 2 6 3 2 1 2 1 2 2 4 1 2 2 2 2 1 2 1 2 1 4 1 2 2 2 2 1 2 1 2 2 3 2 4 5 5 4 1 1 2 2 1 2 1 1 1 2 3 3 1 2 2 1 1 6 2 5 2 2 2 1 2 1 1 3 1 3 1 2 1 1 2 2 2 2 1 2 1 4 1 3 3 3 3 2 3 1 2 1 2 1 3 2 2 1 4 1 1 3 2 1 1 2 4 2 1 2 1 2 3 3 1 2 1 1 2 1 3 2 3 1 4 1 1 1 5 1 3 2 1 1 2 1 1 2 1 1 3 2 1 3 2 1 3 1 1 4 1 1 1 2 2 1 1 1 1 1 3 2 1 2 1 1 1 2 2 3 2 1 2 1 1 2 1 2 2 1 3 1 4 2 1 1 1 3 2 2 1 2 1 3 1 2 1 2 2 3 2 3 3 1 1 2 2 3 1 1 2 3 2 1 2 3 2 4 2 1 1 2 1 4 2 2 2 1 1 1 2 3 4 1 2 4 2 3 2 5 3 4 1 3 1 1 1 5 1 2 3 1 1 2 2 1 1 1 1 2 3 2 3 2 2 2 2 4 3 1 3 1 3 1 1 2 2 1 1 1 3 2 1 3 2 2 3 3 2 3 1 2 3 1 1 1 1 1 2 4 1 2 2 4 1 2 1 1 3 4 1 2 1 2 1 2 1 3 2 2 4 3 3 2 1 1 1 3 2 1 1 3 1 3 1 3 1 1 1 1 1 1 1 1 2 2 1 1 3 2 1 2 1 2 2 1 1 3 1 2 4 2 1 2 1 2 1 2 1 3 1 1 1 2 1 1 2 1 4 3 4 1 4 2 2 2 1 3 2 1 1 1 1 4 1 2 2 1 3 3 1 2 3 1 1 1 2 1 1 1 1 3 1 1 2 1 3 1 2 1 2 2 1 2 3 3 1 2 4 2 2 3 1 1 4 2 2 3 4 1 1 5 1 2 2 2 1 1 2 1 1 5 2 2 2 1 1 1 2 1 2 6 3 1 1 3 1 1 1 2 1 1 1 2 1 1 2 1 2 2 1 1 3 2 1 1 1 1 2 2 1 2 1 1 2 1 2 1 2 2 1 1 1 1 2 1 1 1 3 1 3 3 2 4 5 1 4 2 3 4 1 2 1 3 4 1 2 2 2 1 2 3 3 2 1 1 4 3 1 3 3 1 1 3 1 1 1 2 3 3 1 3 3 2 2 2 4 1 1 2 3 2 1 1 1 1 1 2 1 3 2 2 1 1 2 2 1 4 1 1 2 3 1 4 1 3 1 3 2 1 1 2 1 1 4 1 2 1 1 3 2 1 3 2 2 1 2 1 1 5 2 1 1 3 2 1 1 1 1 1 2 1 2 2 1 4 1 2 2 2 1 2 2 1 4 2 2 1 4 5 2 1 1 1 1 2 1 1 1 1 1 5 3 1 3 3 1 1 2 1 2 1 1 1 1 3 2 3 1 3 1 1 1 3 2 1 2 1 4 2 1 2 1 2 3 1 2 1 2 1 3 1 2 4 1 1 1 2 1 2 3 4 1 2 1 3 2 3 1 4 2 1 2 1 2 2 1 1 3 1 2 2 2 2 4 1 1 1 4 1 3 1 3 2 1 1 5 1 3 2 1 2 2 2 2 1 2 2 2 1 2 1 2 4 2 3 4 3 1 4 4 2 1 1 2 1 3 5 2 1 1 2 1 1 3 1 7 3 1 4 2 2 1 1 1 1 4 1 1 3 2 1 4 2 2 2 1 1 4 1 2 2 2 1 1 2 1 1 1 1 1 4 1 1 3 5 2 4 1 1 2 1 2 3 6 1 4 2 1 2 2 2 1 2 3 1 1 3 2 1 2 1 2 4 1 2 3 2 3 1 3 1 3 3 1 1 4 2 3 2 3 1 2 3 1 1 1 2 2 5 2 4 1 1 2 3 3 2 1 1 3 1 1 2 2 2 3 2 1 3 2 3 1 1 2 4 3 1 1 1 4 1 2 2 2 2 1 2 3 3 2 2 1 3 2 2 1 2 2 2 2 4 1 1 1 1 3 2 1 1 2 1 5 1 1 2 2 1 1 2 2 1 4 3 3 1 2 3 3 2 2 1 2 1 1 1 1 2 1 2 4 2 1 1 1 1 3 2 2 1 3 5 1 1 1 2 3 2 3 3 1 1 2 2 3 1 1 2 1 1 2 2 1 1 1 2 3 1 3 4 2 4 3 1 2 2 2 1 1 2 2 1 1 2 2 1 2 1 1 2 4 3 1 3 1 3 3 1 1 2 1 1 1 2 2 2 3 2 3 1 1 2 2 1 2 1 2 1 2 3 1 3 1 5 2 3 2 3 2 2 1 1 1 1 1 2 2 4 2 1 1 1 1 3 1 1 2 1 1 1 1 1 1 3 1 1 2 3 2 1 1 2 1 4 2 3 1 4 1 1 1 4 2 3 3 1 1 1 2 1 2 2 3 2 2 1 1 1 2 1 2 3 1 1 4 1 2 4 1 1 2 4 3 2 1 2 1 1 1 2 1 2 2 2 1 1 3 1 4 1 2 2 1 2 1 1 2 1 5 2 1 1 2 2 2 4 1 3 1 2 1 1 1 1 1 1 2 2 3 1 2 1 1 2 3 2 2 4 1 1 2 1 3 2 2 2 2 1 2 1 2 3 2 1 2 3 3 2 3 2 1 3 2 1 1 5 3 3 1 3 3 1 3 1 1 1 1 1 1 4 1 3 1 2 4 3 2 2 1 2 1 2 5 2 3 1 1 4 3 1 2 1 3 2 1 1 2 3 2 2 1 3 2 2 2 2 1 2 1 2 1 1 1 1 3 2 2 4 3 1 2 1 2 1 4 2 1 1 1 2 3 1 2 2 1 3 3 1 2 3 1 1 2 1 2 1 1 1 1 1 3 1 2 5 1 1 3 2 3 1 3 1 2 4 2 2 1 2 1 3 1 1 1 3 2 2 3 1 1 1 1 4 4 2 3 4 1 1 1 3 1 3 1 1 2 2 1 2 2 1 1 1 1 1 2 1 4 1 2 3 1 2 3 1 1 1 1 1 1 5 2 1 1 2 5 1 4 1 3 1 1 2 3 2 1 1 1 2 1 2 4 5 2 2 4 2 5 2 1 2 3 2 3 1 2 1 1 3 1 1 4 2 2 1 1 1 1 2 2 1 1 1 1 2 4 1 1 2 1 1 1 1 6 2 1 2 1 3 1 3 2 1 2 1 2 3 2 2 2 2 2 1 1 2 3 2 1 1 1 3 1 2 1 2 2 2 4 1 3 2 1 1 3 2 1 1 7 2 1 1 3 2 1 1 2 3 2 1 2 1 2 2 1 2 3 1 1 3 2 2 2 1 2 4 2 4 2 1 4 1 3 2 3 3 5 1 2 2 1 1 1 1 1 3 1 2 1 1 1 1 6 2 2 1 1 2 3 2 1 1 2 2 3 2 5 1 1 2 1 2 1 1 1 1 1 1 3 2 5 1 1 2 2 1 3 2 1 2 1 2 1 1 1 2 1 1 4 2 3 1 1 1 1 2 3 2 1 2 2 1 2 1 2 1 1 1 3 2 3 1 2 2 1 3 3 2 1 1 1 1 2 3 2 2 3 2 2 2 4 3 1 1 1 2 4 1 5 1 3 2 2 2 3 4 1 2 3 2 1 1 1 1 1 2 1 1 2 3 2 3 4 3 1 1 1 1 2 2 1 3 2 1 2 4 1 2 1 2 3 2 2 1 1 2 2 2 3 3 1 1 1 1 2 2 1 1 1 1 2 2 1 2 1 3 3 2 1 2 4 2 3 4 1 1 1 3 2 1 3 2 3 1 2 1 2 1 2 1 2 2 3 1 1 3 1 1 2 1 2 3 5 1 1 2 3 1 2 1 1 1 2 3 1 1 1 3 1 1 1 1 4 1 1 3 2 1 1 1 3 2 2 1 2 2 1 2 3 2 1 5 1 3 4 1 4 3 2 2 2 2 1 1 1 2 3 1 1 2 3 1 1 1 1 1 2 1 4 2 2 2 1 3 2 1 1 2 2 1 2 2 2 1 3 1 1 1 2 1 3 2 3 1 1 2 1 1 2 2 1 2 1 1 1 3 1 1 1 2 1 1 2 2 3 1 2 4 2 1 7 4 1 2 1 2 1 1 3 3 2 1 2 2 1 2 2 1 4 2 2 1 2 1 2 2 3 1 3 4 1 2 2 2 3 3 1 5 1 4 3 1 1 1 2 3 4 3 1 1 1 2 3 2 1 2 1 1 1 5 1 1 1 1 2 2 1 4 3 1 2 1 1 1 1 2 1 3 5 2 2 2 2 1 1 1 1 1 2 3 2 3 2 
  #Test Small 24303
  #Test Medium 44691
  #Test Large 66519
