Board size [mm] 375x325

Stats side 1
  #Components with background 150
  #Components with points 830
  #Components nofly 6
  #Components notouch 6
  #Pins 150578
  #GNDs 7334
  #VDDs 6038
  #Clock 46
  #NoFly points 940
  #NoTouch points 1048
  #Points [total] 165984

Stats side 2
  #Components with background 173
  #Components with points 875
  #Components nofly 0
  #Components notouch 0
  #Pins 166897
  #GNDs 6564
  #VDDs 5097
  #Clock 100
  #NoFly points 0
  #NoTouch points 0
  #Points [total] 178658

Stats board (side 1 + side 2)
  #Components with background 323
  #Components with points 1705
  #Components nofly 6
  #Components notouch 6
  #Pins 317475
  #GNDs 13898
  #VDDs 11135
  #Clock 146
  #NoFly points 940
  #NoTouch points 1048
  #Points [total] 344642
  #Nets 19881
    Net Size: 13898 11135 146 2 1 2 2 1 1 1 3 2 1 2 2 1 3 1 2 1 1 2 2 2 1 1 1 2 1 1 3 3 3 3 1 1 3 1 2 1 2 1 1 2 2 1 1 3 1 1 1 1 1 2 2 1 1 1 3 4 1 1 4 1 1 1 1 1 3 2 2 1 1 3 2 1 2 1 1 1 2 2 1 1 2 2 2 2 1 2 1 1 1 2 1 1 1 4 3 1 2 1 1 2 2 1 3 3 1 1 2 1 1 1 1 2 1 2 1 1 1 1 3 2 2 1 1 1 1 2 2 2 1 1 1 2 1 1 2 2 3 1 1 1 1 1 3 1 1 2 1 1 1 1 1 4 2 1 2 1 3 1 2 1 2 2 2 2 3 2 1 1 1 1 1 1 3 3 2 3 2 1 1 2 1 3 2 1 3 1 3 2 2 1 3 1 1 1 1 2 1 1 4 1 2 1 1 1 1 1 1 1 1 1 1 3 3 3 1 1 1 2 3 1 1 2 1 1 1 1 3 1 1 1 1 2 1 1 2 2 2 1 2 2 3 4 1 2 2 3 1 2 2 2 1 2 1 1 1 1 1 1 1 1 1 1 4 1 1 1 1 1 2 1 1 5 3 1 2 2 1 1 1 1 1 2 2 1 2 2 1 1 1 1 1 1 1 1 1 1 1 1 1 1 2 1 1 4 1 2 2 1 2 3 1 1 1 3 3 2 1 1 1 4 1 2 2 1 1 1 1 1 1 2 2 2 1 2 1 2 1 2 2 3 3 2 4 1 2 4 1 2 5 1 1 1 3 1 1 1 4 2 2 2 2 2 4 1 2 2 1 1 1 1 1 1 1 1 2 1 2 1 1 1 1 1 1 3 1 1 1 1 1 1 1 1 1 1 1 1 2 2 1 1 2 1 1 1 4 1 1 1 3 1 1 3 4 1 2 1 2 1 2 1 2 2 1 1 1 2 1 3 2 2 3 2 2 1 1 1 1 1 2 3 1 2 1 1 2 1 2 1 2 1 1 1 2 1 1 1 1 1 2 2 1 2 1 1 1 2 1 1 1 1 1 1 1 1 1 1 2 1 2 1 1 2 1 1 2 2 2 1 2 1 1 1 1 2 2 2 1 1 2 2 1 2 3 3 2 1 2 1 1 2 1 2 3 1 1 1 3 2 2 1 1 1 2 1 3 3 2 1 1 2 1 1 2 1 1 1 2 1 1 1 2 2 2 1 2 1 5 1 3 1 1 1 1 2 2 2 2 2 1 1 1 1 1 2 1 2 2 1 1 2 1 3 4 1 1 1 1 3 2 1 2 3 1 3 4 6 1 1 3 1 1 1 1 2 2 1 1 2 3 1 3 3 1 1 1 1 1 3 2 1 1 1 3 1 1 3 3 2 1 1 2 2 3 4 1 1 2 2 1 1 1 1 1 1 3 2 3 1 1 2 1 4 2 1 1 1 3 2 1 1 2 2 1 1 2 2 1 1 2 1 4 3 1 3 4 1 1 4 2 2 1 1 2 1 1 1 1 2 2 3 3 3 2 2 1 2 2 2 2 1 1 2 1 1 1 2 1 1 1 3 1 1 1 2 2 1 2 2 1 2 2 2 1 1 1 3 2 2 1 1 1 1 1 1 3 2 2 2 1 1 1 1 2 1 2 1 1 2 2 1 1 1 1 1 1 2 2 1 1 2 1 1 2 3 1 1 1 1 1 2 1 1 2 1 2 1 1 1 1 1 3 2 2 1 2 2 3 2 1 2 2 2 1 3 2 1 1 3 1 3 2 1 3 1 2 1 1 3 1 1 2 2 1 3 3 1 1 1 1 3 2 4 1 1 2 1 1 2 1 2 1 3 2 2 1 1 1 1 3 2 3 4 3 5 1 1 1 2 1 2 1 1 2 1 1 1 2 1 1 1 3 1 1 1 1 1 1 2 1 1 1 1 1 1 2 3 2 3 1 1 1 2 1 1 2 1 1 1 2 3 2 5 2 1 1 2 1 2 1 1 1 3 1 1 1 3 2 1 2 2 1 2 1 1 3 1 1 2 2 1 2 3 2 2 1 3 1 2 1 1 1 1 2 1 1 2 1 3 2 1 1 1 3 1 1 1 2 1 2 1 1 3 1 3 1 2 1 1 1 2 2 2 3 1 2 1 3 1 2 3 1 1 2 1 1 2 1 2 1 1 3 1 1 3 3 1 2 2 2 1 1 2 1 1 1 2 1 3 1 2 1 2 1 2 2 1 1 1 1 1 1 2 1 1 1 3 1 1 1 2 1 2 2 2 3 1 4 1 2 2 1 2 1 1 1 1 4 3 2 4 4 1 3 1 1 2 1 3 2 3 2 2 2 2 2 1 2 1 1 2 2 3 1 1 3 1 3 1 1 1 1 1 1 2 2 1 1 1 3 2 2 1 1 2 5 2 1 2 1 1 3 1 2 1 1 4 1 1 5 1 3 1 4 1 3 2 1 2 1 4 1 2 3 2 2 4 3 1 1 1 3 1 2 2 1 2 4 3 1 1 1 1 1 1 2 1 1 2 2 2 3 3 2 1 2 2 1 3 1 1 1 1 3 1 2 1 1 2 1 2 1 1 1 1 1 1 2 2 1 1 2 1 1 1 2 1 1 1 2 1 1 1 1 3 1 2 3 1 2 2 1 1 1 1 1 3 2 1 2 1 3 1 1 1 3 1 2 1 1 1 2 3 3 3 2 1 1 1 1 1 1 2 2 2 1 1 1 1 2 2 1 1 4 2 1 1 1 1 1 1 2 1 2 1 1 2 1 1 3 2 4 3 2 3 1 1 1 2 2 1 1 1 1 1 1 1 1 1 2 2 1 1 2 1 3 3 2 1 2 1 2 2 3 1 2 1 1 2 3 2 3 2 4 3 1 2 2 1 2 2 1 1 3 1 2 2 1 2 1 1 2 1 3 1 2 2 1 2 1 2 1 1 3 1 1 1 2 1 1 1 3 2 2 1 2 1 1 1 3 1 1 2 1 1 1 3 2 1 1 1 1 4 1 1 1 2 2 2 1 2 2 3 3 2 2 1 3 1 1 1 1 2 1 2 2 1 1 2 1 1 1 1 4 2 1 2 1 1 1 1 3 1 2 1 1 1 4 2 1 2 1 1 1 2 2 4 1 1 1 1 1 5 1 1 3 1 1 1 1 1 1 2 1 2 1 3 2 2 1 1 1 1 1 1 1 1 2 1 1 1 2 1 1 1 1 3 1 2 1 2 1 1 1 1 1 1 1 1 3 2 1 2 4 1 1 2 3 3 2 4 2 1 1 1 1 1 1 1 1 1 1 1 2 3 2 1 2 2 1 1 1 1 1 1 1 1 3 1 1 2 1 3 1 1 1 2 3 2 1 2 1 2 2 2 4 1 2 2 3 2 2 1 1 1 1 1 1 2 3 2 1 1 1 1 2 2 1 2 1 1 2 1 1 1 1 2 1 3 1 4 1 2 3 1 2 1 1 1 2 1 3 2 3 4 1 1 1 1 1 2 1 1 1 4 3 1 1 2 2 1 3 1 1 2 1 2 1 1 1 1 2 1 1 2 2 3 2 1 1 1 1 3 2 1 1 1 1 1 3 2 1 1 1 1 4 2 2 1 2 1 1 1 1 1 1 4 2 1 1 1 3 2 1 1 3 1 1 1 2 1 2 2 1 1 3 3 1 1 1 1 3 1 2 1 1 1 3 1 2 2 1 2 3 3 1 2 2 1 1 1 2 1 1 2 1 1 1 2 1 1 1 1 1 1 2 4 2 2 1 3 3 2 1 1 3 2 1 2 2 1 2 2 1 1 1 3 1 1 2 2 1 1 1 3 2 1 1 1 1 3 1 1 1 2 1 1 1 2 1 3 1 1 1 1 2 1 1 2 2 4 2 1 1 2 1 2 1 1 2 3 1 2 2 1 1 1 2 1 2 1 2 2 2 3 1 3 1 3 2 1 3 3 1 1 3 1 1 1 1 1 1 1 1 1 2 1 2 2 1 1 1 2 1 1 2 1 1 2 1 2 1 2 2 3 2 3 1 2 1 1 2 2 2 2 2 1 2 1 2 1 1 1 1 2 1 2 2 2 1 1 3 1 3 1 1 1 1 2 2 1 1 1 2 1 1 1 2 1 1 3 2 2 1 1 1 1 1 2 1 2 1 3 2 1 5 1 1 1 1 2 3 3 1 2 2 1 2 2 3 1 1 3 2 2 1 2 1 1 2 1 2 2 3 4 1 4 1 2 2 3 2 1 1 2 1 1 2 1 2 1 2 1 1 1 2 2 1 1 1 2 1 2 2 1 2 4 1 2 2 3 1 1 1 1 1 1 3 2 1 1 1 1 2 3 1 1 1 1 1 2 1 1 1 1 2 1 2 3 1 1 1 1 1 1 3 1 2 1 1 2 1 3 1 2 1 1 2 1 2 3 2 2 2 2 1 1 1 2 1 1 1 1 1 1 1 1 3 1 3 1 4 1 1 1 2 1 2 1 1 2 1 1 1 4 2 1 2 1 1 1 1 1 2 1 1 2 2 2 1 1 3 2 1 2 1 2 1 1 1 1 1 1 1 1 3 4 2 1 1 2 1 1 1 1 1 2 2 2 1 1 2 2 2 1 1 3 1 2 1 1 1 2 2 1 1 3 1 2 1 1 1 1 1 1 2 1 2 2 2 1 2 1 2 1 2 1 1 2 1 2 1 1 2 3 1 1 1 1 2 1 3 3 2 1 1 3 3 3 2 1 1 1 2 1 1 2 2 2 1 3 2 1 1 1 1 2 2 1 3 1 1 1 2 1 1 3 1 1 1 1 2 1 1 1 3 1 2 1 1 1 3 2 1 2 1 2 1 1 1 3 2 1 2 1 1 1 3 1 1 2 1 1 4 1 3 1 2 1 1 1 1 1 1 1 2 1 3 2 1 2 1 2 1 1 2 1 1 2 1 1 1 2 2 2 1 1 2 1 2 1 1 3 2 1 3 1 1 1 2 1 1 1 1 2 1 1 1 2 3 1 2 1 2 1 1 1 1 1 1 3 2 1 2 2 2 3 1 1 1 1 2 1 1 1 3 1 1 1 2 1 1 5 1 1 1 1 1 2 1 1 1 2 1 2 2 2 1 2 2 2 1 3 4 1 1 1 1 2 2 1 2 1 2 1 1 1 1 2 1 2 1 1 3 2 3 2 3 4 1 1 2 2 2 1 2 2 1 1 1 1 2 1 2 1 1 1 3 2 1 1 2 1 2 1 1 1 1 2 2 2 1 1 1 1 1 1 3 1 2 2 2 1 5 1 2 3 2 1 1 1 2 2 1 1 1 3 2 1 2 1 1 2 3 1 1 3 3 1 1 2 2 1 1 1 1 2 2 2 1 1 1 2 2 1 4 1 1 2 1 2 1 1 2 2 1 3 1 1 3 2 1 1 1 1 1 2 1 1 2 2 1 1 1 2 1 2 1 1 2 2 1 2 2 1 2 1 3 3 2 2 1 1 1 1 1 1 1 2 3 1 3 2 2 1 3 3 1 1 1 1 2 1 3 1 1 1 1 1 2 1 1 1 2 3 1 1 1 1 2 1 1 2 1 1 2 1 1 1 1 1 1 1 1 2 1 2 2 3 1 2 1 2 2 1 1 3 1 1 1 3 2 1 3 2 2 2 3 2 2 1 2 1 2 1 1 2 2 3 1 1 1 4 1 1 4 1 1 3 2 1 2 3 1 2 1 2 2 1 1 4 1 1 2 1 1 2 1 2 3 3 1 1 2 1 2 2 3 1 2 1 2 1 2 4 1 2 1 1 1 2 1 1 1 2 3 1 1 2 4 1 1 1 1 1 1 1 1 1 1 1 1 3 1 3 2 1 1 1 1 2 2 1 1 2 1 1 2 1 2 1 3 1 1 1 1 1 2 1 1 1 1 1 1 2 2 1 1 1 1 2 1 1 1 2 2 1 1 1 1 1 3 1 2 1 2 2 2 2 1 2 1 1 1 1 2 1 3 1 1 1 2 2 2 4 1 2 3 1 1 3 1 2 1 1 2 2 1 1 3 2 1 1 1 1 2 1 2 1 1 1 6 1 1 2 2 1 2 2 1 1 1 1 3 1 2 1 1 3 1 2 1 2 1 2 1 2 1 1 1 1 1 2 1 1 1 2 1 1 4 2 3 1 2 1 3 1 1 1 1 2 1 1 1 2 3 3 1 2 3 2 1 2 4 1 1 1 1 2 2 3 3 1 1 1 1 3 1 1 1 1 2 1 2 1 1 4 3 1 3 1 2 5 1 1 1 3 1 2 2 1 1 1 1 1 2 1 1 2 2 1 1 1 1 3 3 1 1 1 2 1 1 1 2 1 1 3 2 1 5 1 2 1 2 1 1 1 1 1 2 3 1 1 2 2 1 1 1 2 2 1 1 2 1 1 1 4 2 1 2 1 3 1 2 3 2 2 2 2 1 1 1 5 1 1 1 1 2 1 1 1 2 2 5 3 3 2 1 2 1 2 1 1 1 2 3 1 2 2 1 1 3 1 3 2 1 3 2 2 2 1 2 1 1 1 2 1 2 2 3 3 1 3 2 3 1 3 1 2 3 1 2 1 2 1 1 2 1 2 1 2 1 2 1 1 1 1 1 1 1 1 1 1 1 1 2 2 3 1 2 1 1 1 4 1 1 1 1 2 1 2 4 1 2 1 3 1 1 3 2 1 1 1 1 1 1 1 1 1 1 4 1 2 2 2 1 1 2 2 4 1 1 1 3 2 3 1 1 1 1 2 1 2 3 1 2 3 1 1 2 2 1 1 1 2 3 2 1 1 1 1 2 1 2 1 2 1 2 1 1 2 1 1 2 1 3 1 3 1 1 1 2 1 2 3 1 1 1 2 1 1 1 1 2 1 3 1 3 1 2 1 2 2 1 1 1 3 1 1 1 3 1 1 1 1 1 3 2 1 1 1 3 1 3 3 2 2 2 1 2 1 1 1 2 4 1 1 3 1 2 1 1 1 1 1 3 2 1 1 3 1 3 1 1 2 1 3 3 1 3 3 2 2 1 2 3 2 1 1 1 2 3 3 1 4 1 2 2 1 3 2 1 1 1 1 1 1 2 1 3 3 1 1 2 4 1 1 1 2 2 1 1 1 2 1 2 3 1 1 1 1 1 1 3 1 1 1 1 1 1 1 1 1 2 1 2 2 1 1 1 1 1 1 1 1 3 2 1 3 1 1 2 1 1 2 1 1 1 4 1 1 2 2 1 2 1 2 2 1 2 1 1 1 1 1 2 1 1 1 1 1 1 1 1 2 1 1 1 1 3 3 1 1 1 1 1 1 1 1 2 1 1 1 2 3 1 1 1 1 3 1 2 2 1 1 2 1 1 1 2 2 3 2 2 1 2 2 1 1 2 3 2 3 1 4 1 1 2 3 2 2 4 2 1 1 1 5 1 4 1 1 3 1 1 1 1 1 1 1 2 1 4 1 1 2 1 2 1 2 3 2 2 1 1 1 1 2 2 1 2 1 2 1 2 2 1 2 2 1 5 1 2 1 1 1 1 1 1 1 1 1 3 1 2 1 2 1 1 1 1 2 5 4 2 2 1 1 1 2 2 1 1 1 1 2 1 1 1 2 1 2 2 1 2 2 3 1 1 1 2 3 1 2 1 1 2 2 1 1 2 1 2 2 1 1 1 1 1 1 1 2 1 2 1 1 1 2 3 1 3 2 5 2 1 2 2 3 2 1 2 3 2 4 3 1 1 3 2 2 1 1 1 2 2 1 2 5 1 3 3 1 2 1 1 3 1 1 1 1 1 1 2 1 1 1 1 3 5 1 2 1 2 1 1 1 2 1 1 1 1 4 2 1 1 2 1 2 1 1 2 1 2 1 1 2 1 1 1 1 3 2 2 2 1 1 1 1 1 2 1 2 2 1 1 1 2 1 1 1 2 1 3 2 1 1 2 1 3 3 1 1 1 1 4 1 1 1 2 2 1 1 1 2 2 2 2 1 2 1 1 1 1 2 1 1 1 3 1 1 2 3 1 1 1 3 2 2 1 2 1 1 1 2 1 1 1 1 1 1 1 2 1 2 2 1 1 1 1 1 1 1 2 2 1 3 2 1 3 2 2 4 1 3 1 1 4 1 1 1 1 2 1 1 1 1 1 1 1 1 4 3 5 1 1 1 3 1 1 3 1 1 1 2 1 1 2 2 1 3 1 2 1 2 1 1 2 1 2 2 3 3 1 1 1 1 2 1 1 1 1 2 1 1 1 2 1 2 2 3 1 1 1 1 2 1 1 3 1 1 1 2 2 2 2 3 1 2 1 2 1 1 1 2 3 1 1 1 2 1 1 2 1 2 2 2 1 1 2 1 1 2 3 2 1 2 2 2 2 1 1 1 1 1 4 3 1 2 2 2 1 1 1 1 2 1 1 4 3 1 1 1 2 1 1 1 4 1 4 1 1 4 3 1 2 1 2 1 1 2 1 1 2 2 2 1 2 1 1 4 1 1 1 1 2 1 1 2 3 1 1 1 1 1 1 1 1 3 2 3 1 1 1 1 1 3 1 2 2 2 1 2 1 1 2 3 3 1 1 2 2 2 1 2 1 4 4 2 2 2 1 1 1 1 2 2 1 2 1 3 1 1 3 1 1 1 1 3 1 1 1 2 1 3 1 4 1 1 1 1 1 1 1 1 2 1 3 2 1 2 1 2 1 1 1 2 2 2 2 2 1 1 1 3 4 1 2 1 1 2 2 2 2 2 3 1 1 1 1 1 3 2 1 1 1 1 1 1 2 2 2 2 2 1 2 1 1 2 1 1 4 1 1 2 2 3 1 1 3 2 1 1 1 2 2 2 1 2 1 1 2 1 1 2 1 3 2 1 1 2 4 2 1 2 2 1 1 1 2 6 1 1 2 2 2 2 2 1 1 1 1 1 1 1 1 4 3 1 1 1 1 1 2 2 1 4 1 2 1 1 1 2 1 2 1 3 2 1 1 1 2 2 1 1 1 1 4 2 1 1 1 2 1 1 3 2 1 1 2 1 2 2 3 1 2 1 1 2 2 1 1 2 2 2 3 3 2 2 2 1 1 2 1 2 3 1 2 1 2 1 1 3 1 2 2 1 1 1 1 3 1 2 3 2 1 1 1 5 1 1 1 4 1 2 2 2 2 1 2 3 1 2 1 2 1 1 1 1 1 2 2 1 1 1 2 1 3 1 1 1 1 1 2 1 1 2 1 1 2 1 2 1 4 1 2 1 1 2 1 2 3 1 1 1 1 1 4 1 1 1 1 1 2 2 4 1 1 2 2 2 1 1 1 2 2 3 1 2 3 2 1 1 2 1 1 1 1 1 3 2 1 1 2 1 1 2 1 2 2 2 1 2 1 1 1 3 3 1 2 1 1 2 3 1 1 2 2 1 1 1 1 2 1 1 2 2 2 1 2 2 1 2 1 1 3 3 1 1 2 1 1 1 3 1 2 1 1 3 2 1 2 1 1 1 2 1 1 1 2 2 3 1 1 1 1 1 2 2 1 2 1 1 2 2 1 1 3 2 1 1 2 1 1 3 1 2 1 1 2 1 2 1 4 1 1 1 2 1 2 1 2 2 1 5 2 3 2 1 2 2 1 1 3 2 1 1 1 1 1 1 1 1 2 1 1 1 2 5 2 1 1 1 1 2 2 3 3 2 4 2 2 1 2 3 1 1 1 2 2 1 3 1 1 1 4 2 1 1 1 4 2 1 1 1 1 1 3 1 2 1 1 1 1 1 1 4 1 1 2 1 1 2 1 1 1 1 1 2 1 1 1 1 2 2 5 1 1 2 2 4 1 1 2 3 1 3 1 1 1 1 2 2 2 1 3 1 1 1 1 1 1 2 3 3 1 1 1 2 1 2 3 1 1 1 2 1 1 3 2 1 1 3 1 3 1 1 1 1 2 3 1 2 2 3 1 2 1 1 1 1 1 1 3 2 2 1 2 2 1 1 1 3 2 2 1 3 2 1 2 1 1 1 2 1 2 2 3 2 3 3 2 2 2 1 1 1 2 1 1 2 2 2 1 2 2 2 2 2 1 1 2 2 1 1 3 2 2 2 1 2 1 2 3 1 2 1 2 1 2 1 1 1 2 1 1 2 1 1 1 1 1 2 1 1 2 2 1 1 1 1 2 1 1 1 2 1 1 1 1 3 1 2 1 1 1 1 1 1 1 2 3 1 2 1 1 1 1 2 2 2 1 2 1 2 1 2 1 1 4 1 1 1 1 1 1 1 2 2 3 1 1 1 2 3 2 1 1 2 1 1 1 1 1 2 1 3 1 2 1 2 1 1 4 1 1 1 4 1 1 4 1 4 3 3 2 2 3 2 1 1 2 1 1 1 2 1 2 2 3 1 2 2 4 1 1 2 1 3 1 1 2 3 2 1 2 1 3 1 1 1 1 2 1 3 3 1 1 1 2 2 2 2 2 1 1 2 3 1 2 1 1 2 1 2 2 2 3 1 2 1 1 1 2 1 2 2 1 1 2 5 1 3 1 3 1 1 2 1 1 3 1 1 1 1 1 2 1 2 1 1 2 2 1 1 2 2 1 2 1 2 1 1 1 1 1 3 1 3 1 2 2 1 2 1 2 2 1 2 2 1 1 1 2 1 1 2 2 2 3 2 2 1 3 1 1 2 3 1 2 1 1 2 1 3 2 1 1 2 1 1 2 1 1 1 2 1 1 1 4 1 1 2 1 1 3 3 1 1 2 2 2 2 1 2 1 1 3 1 1 1 2 1 1 2 2 1 1 2 2 1 3 1 1 2 2 2 1 2 2 1 2 1 1 1 1 1 1 1 1 2 2 1 2 1 1 1 1 1 2 1 1 1 2 2 1 1 3 1 2 2 1 7 1 2 1 1 1 2 1 1 2 3 1 2 1 2 1 3 1 2 1 1 1 2 1 1 1 2 3 1 1 2 2 1 3 1 1 1 2 2 1 3 3 2 2 2 1 2 2 2 1 4 3 1 3 4 3 1 1 1 1 2 2 1 1 3 1 2 2 1 1 2 3 2 3 1 1 2 2 3 1 2 3 1 1 1 2 1 1 2 1 3 2 1 1 2 1 1 2 2 2 2 1 3 1 2 1 2 2 1 1 1 3 1 2 1 1 1 1 1 1 4 1 3 1 1 1 5 3 1 2 1 1 3 2 2 1 2 1 3 2 2 1 4 1 2 1 1 2 2 2 2 3 3 2 2 1 1 1 2 2 1 3 1 1 1 2 2 1 1 1 3 1 2 1 3 1 1 1 1 1 1 1 1 3 1 2 1 1 1 1 2 2 2 1 1 1 2 1 1 1 1 2 3 1 2 1 2 1 2 1 1 1 1 1 2 1 2 4 3 2 2 1 1 2 2 3 1 2 1 2 2 1 2 2 3 1 1 2 2 1 1 1 1 2 2 1 3 3 1 2 2 1 2 1 1 1 1 3 1 1 2 2 1 1 1 1 2 2 1 1 1 1 2 4 1 2 1 1 1 2 2 1 1 2 2 1 1 1 1 2 3 1 2 1 1 1 2 4 3 1 2 3 1 1 2 1 2 1 3 1 2 2 1 2 1 4 1 2 2 1 1 1 1 2 2 3 1 1 2 1 4 2 2 2 2 3 2 2 3 3 1 1 2 3 1 1 2 3 2 3 2 1 1 2 1 1 1 2 3 1 4 1 3 2 1 1 1 3 2 2 1 1 1 2 1 1 1 1 1 2 1 2 3 1 1 1 1 1 1 2 1 2 1 3 1 1 3 1 1 1 1 1 2 1 4 2 4 1 1 2 1 3 1 1 2 1 2 1 2 2 2 1 1 2 3 1 1 1 4 1 1 2 1 1 1 1 1 2 1 1 2 2 3 1 1 1 5 1 2 2 2 2 2 2 3 1 3 2 2 3 1 2 3 1 1 3 2 1 2 1 2 1 1 2 2 1 1 1 1 1 1 1 3 1 1 1 2 2 2 1 1 1 1 1 1 2 1 1 2 2 1 1 3 2 1 1 1 1 1 1 1 1 1 1 1 2 1 2 2 2 1 1 5 2 2 3 1 1 3 3 1 2 1 1 1 1 2 1 1 2 1 3 1 1 2 1 2 2 3 2 1 1 2 2 1 3 1 1 2 1 2 1 2 2 1 1 2 1 3 1 1 3 2 3 3 4 1 2 4 5 2 2 1 1 2 2 1 1 1 1 2 1 2 1 1 3 2 1 1 1 1 2 1 3 1 1 1 3 1 1 1 1 1 3 1 1 4 1 1 1 3 1 2 3 2 1 1 1 1 2 3 1 1 2 1 1 1 2 2 2 1 2 3 1 2 1 1 1 1 3 1 3 2 1 1 2 1 1 1 2 2 1 1 1 1 3 1 2 1 1 1 1 2 1 1 1 1 1 2 3 1 2 1 2 1 1 1 1 1 1 2 1 1 1 1 1 2 1 3 1 2 1 1 1 2 1 2 1 1 1 2 4 2 1 1 1 2 1 1 1 3 2 2 2 1 1 2 2 1 1 1 5 2 2 1 3 2 1 1 2 2 2 1 2 2 5 2 2 2 1 2 1 1 2 1 2 1 2 1 2 1 1 3 2 1 2 2 1 2 1 3 3 1 1 3 2 1 1 3 1 1 1 1 1 1 2 2 1 1 1 2 1 1 2 1 1 1 1 1 1 1 1 1 2 1 1 1 1 1 1 2 1 1 3 1 1 2 1 1 1 1 3 4 1 1 1 2 3 1 2 1 3 2 2 1 2 1 3 1 2 1 1 1 1 1 1 1 2 1 2 1 3 3 1 1 2 1 1 1 2 1 1 1 1 2 2 1 1 1 3 1 1 1 1 1 1 2 2 1 2 1 3 2 1 2 1 2 1 1 1 4 2 1 1 1 2 3 1 2 1 2 2 4 2 2 2 2 3 1 1 1 1 1 2 1 3 2 1 1 2 1 2 1 4 1 2 1 1 2 1 2 2 2 3 2 2 1 1 1 3 1 2 1 1 1 1 1 1 2 2 3 1 3 2 1 3 4 1 1 1 1 2 1 1 2 1 2 2 2 2 2 2 3 2 3 1 2 1 1 2 1 1 1 1 2 1 1 1 2 1 1 2 1 1 1 1 1 4 2 1 1 1 3 3 4 3 1 1 2 1 1 1 1 2 3 1 1 1 2 2 1 2 1 2 1 3 2 1 3 1 1 1 1 1 1 1 2 1 2 2 1 1 1 3 1 1 2 1 1 3 1 1 2 1 1 1 2 1 2 1 1 1 1 2 1 2 2 1 1 1 1 2 3 2 1 2 1 1 1 2 2 3 3 1 1 1 1 1 1 1 3 1 3 1 1 3 2 3 1 2 1 2 1 1 1 1 3 1 2 1 1 1 1 1 1 1 2 3 1 2 2 1 2 1 1 2 3 1 2 1 1 1 1 4 1 1 2 1 1 1 2 2 3 1 3 1 3 2 2 1 2 1 1 1 1 2 2 1 2 4 2 4 1 2 2 1 2 2 1 2 2 1 1 1 2 3 1 1 1 2 1 3 2 1 1 1 2 1 1 3 2 1 2 2 1 2 2 2 1 2 2 2 3 2 2 1 2 2 2 1 5 1 1 1 2 2 1 1 1 1 2 2 1 1 4 2 2 2 2 2 1 1 1 1 1 1 3 1 1 1 2 2 2 3 1 1 1 1 2 1 1 2 1 1 2 1 2 3 1 1 3 1 1 2 3 1 1 1 1 2 3 2 1 2 2 2 2 3 1 1 2 1 1 2 1 1 2 1 1 2 1 2 2 6 2 1 1 1 1 2 3 3 1 2 1 3 3 1 2 1 2 1 1 1 4 1 2 1 1 2 1 3 1 2 1 2 1 1 2 1 2 2 2 1 1 2 4 1 1 1 2 1 1 1 1 1 1 1 1 1 2 1 2 1 4 4 2 1 1 1 1 1 2 3 3 1 2 1 1 2 1 1 2 2 2 1 5 1 4 1 2 1 1 1 2 1 1 4 5 1 1 1 1 3 2 3 2 2 1 2 1 1 1 1 1 2 1 1 4 1 1 1 1 2 1 2 1 1 1 3 1 1 1 1 3 2 1 2 1 3 1 1 1 1 1 1 1 2 4 1 3 2 1 2 1 1 1 1 1 3 1 1 2 2 2 3 1 1 3 1 3 3 2 1 1 1 1 2 2 3 1 3 1 1 2 1 1 1 1 2 1 2 2 1 2 1 2 1 2 1 1 1 2 2 1 1 2 2 1 1 3 1 1 1 1 1 1 1 1 1 1 1 2 1 1 2 2 1 2 2 1 1 1 2 1 2 1 1 2 1 1 1 1 2 1 1 1 2 1 1 1 1 2 1 2 2 1 1 1 1 2 1 2 2 1 1 1 2 1 1 1 1 1 3 2 3 2 1 4 1 1 1 3 1 1 1 1 1 1 1 1 2 5 2 1 1 1 4 2 2 1 3 1 2 2 4 3 1 2 2 1 2 1 1 1 1 2 1 3 1 2 1 1 2 3 1 3 1 1 1 2 3 3 1 2 2 1 2 1 1 1 1 1 2 2 1 3 2 4 1 2 1 1 1 1 2 2 3 2 1 1 3 1 2 2 2 2 2 1 1 3 2 2 3 2 4 2 2 1 2 3 2 1 1 1 3 2 2 1 2 5 1 1 2 1 1 1 1 2 1 1 1 1 3 1 1 1 1 3 1 1 2 4 2 2 1 1 3 2 1 2 1 2 2 2 2 1 3 3 1 3 1 1 1 4 1 3 2 1 1 3 2 2 1 1 1 1 1 1 1 1 3 1 1 1 1 1 1 1 1 1 1 2 1 1 2 1 2 1 2 2 3 1 1 1 1 1 1 1 2 2 1 1 2 1 1 1 1 1 1 2 1 2 3 2 2 1 1 1 1 1 1 3 2 1 1 2 1 1 1 3 1 2 3 1 1 1 2 3 2 2 2 2 1 2 1 1 2 1 1 1 1 1 1 3 2 3 1 1 2 1 2 2 1 1 1 1 3 1 2 1 2 1 2 2 1 1 1 1 1 1 2 2 4 1 1 2 1 3 2 1 2 1 1 2 1 2 2 1 1 1 2 1 1 1 1 2 1 2 1 1 1 1 3 1 1 1 1 1 2 1 3 2 1 1 1 2 2 3 2 2 1 4 2 2 1 1 1 1 2 3 1 1 1 1 2 3 2 1 1 1 1 1 1 1 1 1 1 3 1 1 1 1 1 3 1 2 1 1 2 4 1 2 1 3 1 2 1 1 2 1 1 1 1 1 2 1 2 1 1 1 1 1 1 2 1 1 1 1 1 1 1 2 3 2 2 1 1 2 3 1 2 1 2 1 2 2 2 2 1 4 1 2 1 1 2 1 1 2 1 2 1 2 2 2 2 1 4 1 1 1 3 1 1 2 1 4 2 3 2 1 2 2 1 1 2 1 3 1 1 1 2 1 1 1 2 1 1 1 1 1 1 1 3 2 2 3 2 1 1 1 2 3 1 2 2 1 1 2 1 2 2 1 1 1 2 1 1 2 2 2 1 1 2 2 3 1 2 1 1 3 1 1 3 2 2 1 2 3 1 1 1 1 3 2 3 1 2 1 1 3 2 1 3 1 2 3 2 2 1 2 1 2 1 3 2 1 1 1 2 2 1 1 1 1 2 1 3 3 2 3 5 1 2 1 1 1 4 1 2 1 3 1 1 1 3 1 4 3 3 2 1 1 1 2 2 2 2 1 1 1 1 1 2 1 1 1 1 1 1 2 2 1 1 1 2 1 1 3 1 3 2 3 2 1 2 1 1 1 2 2 1 1 1 1 3 2 4 1 1 1 1 1 2 1 2 1 1 1 1 3 2 1 1 2 2 1 1 1 2 2 1 1 2 1 1 3 2 1 1 2 1 3 2 1 2 4 1 1 1 1 2 1 1 2 2 3 1 1 1 2 1 1 2 2 2 1 1 2 2 3 1 2 1 1 1 2 1 2 3 1 2 1 2 1 1 1 1 1 1 2 1 2 1 2 2 1 1 1 2 1 1 1 2 3 1 1 1 2 2 3 1 2 1 1 1 1 2 1 1 1 1 1 1 2 2 2 1 1 1 1 3 1 2 2 1 1 1 2 1 1 2 2 1 2 1 1 2 1 1 1 1 2 3 1 1 2 2 2 1 1 1 1 2 2 3 2 1 3 1 2 4 1 2 1 1 3 1 3 1 2 1 2 1 2 2 1 2 1 2 2 2 1 1 1 1 1 4 2 2 2 1 2 3 1 3 3 1 1 1 1 1 1 1 2 1 2 2 1 3 1 2 2 1 2 2 1 2 1 3 1 1 1 2 2 2 2 3 1 1 3 3 2 3 1 1 4 1 1 1 1 6 3 1 1 1 2 1 1 1 1 1 2 2 1 1 1 2 1 1 2 1 3 2 2 3 3 2 1 2 2 2 1 2 1 1 3 1 1 1 1 2 1 2 1 3 2 1 1 2 1 2 1 2 1 3 3 1 1 3 3 1 1 1 2 1 2 1 3 2 3 1 1 3 2 1 1 1 5 2 1 3 1 3 1 1 1 1 1 2 2 2 1 1 2 1 1 3 1 2 2 2 6 3 1 1 1 3 1 1 1 3 2 1 1 3 1 1 1 2 1 1 1 1 1 3 2 1 1 1 1 1 2 1 1 2 1 1 1 2 1 2 3 1 1 1 1 1 1 1 2 2 3 1 2 2 2 3 1 2 1 3 2 2 1 2 3 1 1 4 2 2 2 2 1 1 2 1 4 1 1 1 1 2 2 1 1 2 2 1 2 1 1 1 2 1 1 3 1 2 1 4 2 3 2 1 3 1 1 2 2 2 3 1 1 2 3 2 2 3 1 3 1 2 2 1 1 2 3 1 4 1 2 2 1 1 2 1 3 2 2 2 1 1 3 3 2 2 4 1 1 2 2 1 1 2 1 2 1 1 1 1 1 1 2 1 1 1 1 2 1 1 1 1 1 1 2 1 1 1 1 2 1 1 1 3 2 1 2 1 1 1 1 1 1 2 1 1 1 1 2 1 1 3 2 1 1 1 2 2 1 2 1 2 1 2 1 1 1 1 1 1 2 1 1 4 1 1 1 3 1 1 2 3 1 1 4 1 1 3 3 1 2 1 3 1 4 1 1 1 1 1 1 1 1 1 1 1 2 2 1 1 1 2 1 1 1 2 3 1 1 3 1 2 1 1 1 1 2 3 3 1 2 1 1 1 1 1 1 1 2 1 2 1 1 1 4 2 1 1 2 1 1 2 1 2 2 1 1 1 1 5 1 1 1 3 2 2 2 1 1 3 1 1 2 1 1 2 1 2 1 2 4 3 1 2 1 1 1 2 2 1 2 1 2 2 1 1 1 1 2 1 1 1 1 2 4 1 2 2 1 4 4 1 1 1 1 2 1 3 1 1 1 1 2 1 1 1 2 1 1 1 1 1 1 2 2 2 1 1 1 2 1 1 2 1 1 3 2 2 1 2 3 1 1 3 1 1 1 1 1 1 1 1 1 1 4 1 1 1 1 1 2 1 3 2 2 2 2 1 1 1 2 1 1 1 1 3 1 1 1 1 1 2 1 2 2 3 3 3 1 2 1 1 3 4 1 1 1 1 1 3 1 2 1 1 1 1 2 1 1 1 1 1 1 1 2 2 1 1 2 1 1 2 1 2 3 2 3 2 1 1 2 1 1 3 1 1 1 1 1 1 6 3 2 1 1 1 1 1 3 1 5 1 1 2 1 2 1 1 1 4 2 3 1 1 1 1 1 1 1 1 1 1 1 2 1 2 1 1 1 1 1 1 1 3 1 1 1 1 1 1 2 2 3 2 2 1 1 1 1 1 2 1 1 3 2 3 2 1 1 1 1 2 2 1 1 1 1 1 2 1 2 1 2 1 2 1 1 1 1 1 1 4 1 3 1 3 1 1 1 4 1 1 1 1 2 1 2 2 1 2 1 2 1 1 3 2 2 1 1 1 3 2 4 1 1 1 3 2 1 3 1 1 2 1 3 1 2 1 2 3 1 2 1 1 2 1 2 1 3 1 1 1 4 1 2 1 1 2 3 2 2 1 2 1 2 1 1 1 2 2 1 1 1 2 1 1 1 2 2 2 1 3 1 1 1 1 1 1 1 3 1 3 1 2 1 2 3 1 1 1 1 1 1 1 1 1 2 1 1 2 4 2 1 1 1 3 2 2 2 1 2 1 1 1 2 1 1 2 1 1 1 2 1 1 1 1 1 1 1 2 4 1 1 2 1 3 1 2 1 1 1 3 1 1 2 2 2 1 1 1 2 3 1 3 1 1 1 1 1 1 1 3 1 1 1 1 1 1 2 1 2 2 1 1 1 2 2 1 1 2 1 1 2 1 1 2 1 1 3 1 1 1 1 2 1 1 2 3 1 1 1 1 1 1 1 1 2 2 3 1 1 1 1 1 2 2 3 2 1 2 1 1 1 1 2 2 1 1 2 1 1 2 1 2 1 1 1 1 2 2 1 1 1 1 2 1 1 1 3 2 3 1 1 2 1 2 3 2 1 3 2 1 3 4 2 1 2 1 3 3 1 3 1 1 2 1 3 4 2 1 1 1 1 1 4 2 1 1 3 1 2 1 1 1 2 1 1 2 1 3 1 1 1 1 2 1 1 1 2 1 1 1 1 1 3 1 3 1 1 1 1 1 1 5 1 3 2 1 1 2 1 1 2 2 2 1 1 1 1 1 3 3 2 3 2 2 1 1 4 3 2 1 1 1 1 1 1 2 1 1 1 2 2 1 1 1 1 2 2 2 1 1 1 1 1 1 1 1 1 2 1 1 2 1 1 1 1 1 1 1 2 3 1 2 1 1 2 1 2 2 1 1 1 3 1 2 1 1 1 2 1 1 2 1 1 2 2 2 2 2 1 2 1 1 1 2 1 1 2 1 2 2 1 1 1 2 1 2 2 1 2 1 1 2 1 3 1 6 2 2 4 1 1 2 1 2 3 1 1 1 2 1 1 1 2 1 1 2 1 1 2 1 1 2 3 2 1 1 1 2 1 3 1 2 1 1 2 2 2 1 1 1 1 2 1 2 1 1 2 2 1 2 2 2 2 1 1 1 1 1 1 1 3 1 1 1 1 1 3 4 3 1 2 1 2 1 1 1 1 2 1 1 1 1 2 1 1 3 1 1 3 1 2 1 1 1 1 1 2 1 1 1 1 1 2 1 4 2 1 1 1 2 2 2 1 1 3 1 1 2 3 2 4 1 1 1 1 4 1 1 2 2 1 1 1 2 2 1 1 1 2 2 1 2 1 1 3 1 2 2 4 1 3 1 2 1 1 2 2 1 1 1 4 1 1 1 1 2 1 2 3 1 1 1 1 1 1 2 3 1 1 1 4 1 2 1 1 2 3 2 3 1 2 2 2 2 1 1 2 2 2 1 1 1 1 2 1 1 1 1 1 2 2 4 2 1 2 1 1 1 1 1 2 2 2 1 1 1 1 1 3 3 3 1 1 1 2 3 1 3 1 2 2 1 1 2 1 1 1 2 2 2 1 1 3 2 1 2 1 1 1 1 1 2 1 1 2 1 2 1 2 1 2 1 1 1 3 1 1 1 1 3 1 1 1 1 3 1 1 5 2 1 2 1 1 1 1 1 1 2 1 1 3 3 1 2 1 1 1 1 2 1 1 1 1 1 1 1 1 1 1 1 1 3 3 2 1 2 1 1 1 1 3 1 2 1 3 1 1 2 1 1 2 1 1 1 1 1 1 4 2 2 2 1 1 2 1 1 2 1 2 1 1 1 1 3 1 1 1 1 4 1 1 1 2 1 1 1 2 1 5 1 2 1 4 2 1 3 1 4 1 2 1 2 2 2 2 1 2 2 1 3 2 1 1 2 1 1 1 1 1 1 1 2 1 3 1 2 1 2 2 1 1 1 1 1 1 1 1 1 2 1 2 2 2 4 4 2 1 1 1 2 1 2 1 1 1 1 1 1 2 1 1 2 1 1 1 1 1 3 3 1 2 2 2 1 1 1 1 7 2 1 1 2 2 4 2 2 1 1 1 2 4 1 2 1 1 2 2 2 1 2 2 1 1 1 1 1 2 1 2 1 1 2 1 3 1 2 1 1 2 1 1 2 2 1 1 1 1 1 4 1 3 2 1 1 3 1 2 3 2 2 1 3 1 1 1 2 1 1 2 2 2 2 1 1 1 1 1 1 1 1 1 2 2 1 3 1 2 1 1 3 3 1 3 1 2 1 2 2 1 1 2 2 2 2 2 2 2 1 1 2 1 1 1 2 1 1 1 2 1 1 1 1 1 1 1 2 1 1 3 1 2 3 1 2 2 2 3 1 1 3 3 2 1 1 1 1 2 2 5 2 3 2 1 1 1 2 1 1 1 1 1 1 1 2 5 1 1 1 1 1 1 1 1 2 2 1 2 2 2 1 1 1 3 3 4 1 1 2 1 2 1 2 1 3 2 1 2 3 2 1 1 1 1 1 3 1 2 1 1 2 1 1 1 2 3 1 2 1 2 1 1 1 1 1 2 3 1 3 1 1 3 2 1 1 3 2 2 1 1 6 1 1 2 1 2 1 1 1 2 2 1 1 2 1 1 1 2 1 1 1 1 1 1 2 1 1 1 3 1 3 1 1 1 1 1 3 2 2 3 3 1 3 2 1 1 1 1 2 1 1 1 1 1 1 1 3 1 1 1 1 3 1 1 1 1 2 3 2 1 1 2 1 1 2 1 1 1 1 3 1 6 2 1 2 1 3 3 2 3 1 4 2 1 2 1 1 3 1 1 1 1 1 2 1 2 1 1 2 1 1 1 1 1 1 1 2 1 2 2 3 1 1 1 3 2 1 2 2 1 2 1 1 3 2 1 1 3 2 1 3 1 2 2 1 1 2 2 2 1 1 1 1 1 2 1 2 1 2 1 1 1 1 3 2 1 2 3 2 1 2 1 2 1 1 2 1 1 3 1 2 1 1 2 1 2 2 2 1 1 2 1 1 1 3 2 1 1 1 1 1 1 1 2 1 2 1 1 1 2 1 2 1 5 1 1 3 1 1 1 1 1 1 1 1 2 1 1 1 1 1 3 2 2 1 1 2 3 1 1 2 1 2 1 1 1 3 1 3 3 1 1 1 3 1 1 1 2 1 1 1 1 2 2 1 1 1 1 1 1 1 1 2 1 1 2 2 3 2 3 4 2 1 1 1 2 2 1 2 1 1 1 1 2 1 1 3 1 1 2 1 3 2 2 1 1 3 1 5 2 2 1 2 1 2 3 1 1 1 3 2 2 1 2 3 1 2 3 1 3 1 1 1 2 2 2 1 3 2 1 1 2 1 2 2 1 1 2 1 1 1 2 1 2 1 1 1 1 2 2 1 1 1 1 1 1 1 1 1 1 1 2 2 2 1 1 1 1 2 2 1 2 1 1 1 2 2 1 1 2 2 3 1 1 2 1 1 1 1 2 1 1 2 3 1 3 2 2 2 2 2 1 1 1 1 6 1 1 2 1 1 1 1 2 2 1 2 3 1 1 2 1 1 3 4 2 1 2 2 3 2 1 4 2 1 1 1 2 2 1 1 2 1 1 2 1 4 1 1 1 2 2 1 1 1 1 2 1 2 2 1 1 1 1 4 3 1 1 4 2 3 1 2 1 2 1 1 1 3 1 1 1 1 1 1 2 1 1 1 2 1 1 1 1 1 2 3 1 2 2 1 1 1 2 3 1 3 1 1 3 1 3 1 2 2 1 2 1 1 1 1 1 1 1 2 2 1 2 2 1 1 1 2 3 3 1 1 1 1 1 1 2 2 2 1 1 1 1 3 2 2 2 3 1 1 1 1 2 1 1 1 1 3 1 3 2 2 1 2 2 1 1 1 1 1 1 2 3 2 2 1 1 1 1 1 1 1 1 2 1 1 2 1 1 1 1 1 4 3 1 1 1 1 1 1 1 4 2 4 2 2 1 2 1 1 1 1 1 3 3 3 1 2 2 1 3 2 1 2 1 2 2 1 1 1 1 1 1 1 1 2 1 1 2 1 1 4 1 1 2 1 1 3 2 2 2 1 1 2 2 1 1 1 1 1 1 2 1 2 2 1 1 1 3 1 1 2 1 2 2 5 1 1 1 3 2 2 2 2 2 1 2 1 1 3 1 2 3 1 3 1 1 2 2 1 1 1 1 1 1 2 1 1 2 1 2 5 6 1 1 2 2 2 1 1 1 3 1 1 2 1 2 2 1 3 1 3 1 3 2 1 2 1 2 2 2 2 1 2 1 1 1 1 1 2 2 2 1 1 2 1 1 2 1 2 1 1 3 1 1 1 1 2 1 2 1 2 1 4 1 2 4 1 2 1 1 3 1 1 2 1 1 1 3 2 3 1 3 1 1 1 1 1 2 1 1 2 3 1 1 1 2 1 1 1 1 1 1 1 2 1 1 1 1 2 2 1 1 1 2 1 2 1 1 1 1 1 1 2 1 1 1 3 1 2 1 3 1 1 2 2 1 1 2 2 2 1 2 2 3 1 3 2 3 2 2 2 1 2 1 2 3 2 3 1 5 6 2 1 2 2 1 2 1 2 1 4 3 1 1 1 1 3 3 1 1 3 2 2 2 1 1 3 2 1 1 1 1 2 1 1 2 2 1 1 1 1 1 2 1 4 2 1 2 1 1 1 2 1 1 2 2 1 1 1 1 1 1 1 4 2 1 1 1 1 1 2 1 1 1 1 1 3 3 2 4 3 1 3 2 2 1 1 1 1 2 3 2 1 1 1 2 2 1 2 2 1 1 1 1 1 1 2 2 3 1 2 2 1 2 2 1 1 2 2 1 1 1 1 2 2 1 1 2 2 2 1 1 3 2 2 2 2 2 2 1 3 1 2 3 2 1 2 2 3 3 2 2 1 1 1 1 1 2 1 2 2 1 3 2 2 1 2 1 2 1 1 2 1 1 2 2 2 1 2 1 4 2 1 1 1 1 1 2 1 3 3 1 1 1 2 1 2 2 2 2 1 2 1 1 1 3 1 1 1 1 2 2 3 1 2 2 1 1 1 2 1 1 2 1 1 3 1 2 2 1 3 3 1 1 1 3 2 2 1 1 2 1 4 2 4 2 1 1 3 1 1 1 1 1 1 3 1 4 2 1 1 1 1 1 1 2 3 2 1 1 1 1 1 2 2 2 2 2 1 1 2 1 1 1 1 1 1 4 3 3 3 1 2 1 2 1 2 3 2 2 1 1 1 1 1 2 1 1 2 1 3 2 1 1 1 2 1 1 3 1 1 1 2 2 5 1 4 3 1 1 1 1 2 1 1 1 1 1 3 2 1 1 1 2 1 1 1 1 1 1 2 1 1 3 1 1 1 2 3 1 1 1 1 1 1 2 1 1 2 1 1 2 4 2 1 3 1 1 2 2 1 1 1 1 2 1 1 2 2 2 1 2 1 1 2 1 3 1 1 1 1 2 3 2 4 2 2 1 1 1 1 2 2 1 3 1 1 1 2 1 1 1 2 1 1 2 1 1 1 1 2 1 1 1 1 1 1 1 1 1 2 1 1 2 3 1 3 1 1 2 3 1 1 1 1 1 1 1 1 1 2 2 3 1 2 1 2 2 1 1 1 3 1 2 1 2 1 1 1 1 1 1 2 2 1 1 1 4 3 2 2 2 1 1 1 3 3 1 1 1 1 2 2 1 3 1 2 1 1 2 1 3 1 3 1 2 1 2 2 4 1 2 1 1 2 3 1 1 1 2 1 2 2 2 2 2 1 1 1 1 1 1 1 4 1 2 2 2 1 1 1 1 3 1 1 3 1 2 1 1 2 1 3 2 1 2 1 4 1 1 1 2 2 2 1 2 2 2 1 1 1 1 2 2 1 1 1 1 2 2 1 1 2 2 2 3 5 1 1 2 3 1 2 1 2 2 1 1 3 1 2 1 1 1 1 1 1 1 2 1 1 2 1 1 1 1 1 1 2 3 2 2 1 1 3 1 1 2 1 2 1 1 6 1 2 1 1 1 1 1 2 1 1 4 1 1 1 1 1 1 1 1 1 1 2 1 2 1 2 1 1 1 1 1 2 2 3 1 1 2 3 2 1 1 1 1 2 3 2 3 1 2 2 1 1 1 3 1 3 1 2 2 2 4 1 2 1 1 1 1 1 1 1 1 1 1 1 1 3 1 2 1 3 1 3 1 2 2 2 1 1 2 1 3 2 1 1 3 1 1 2 3 2 3 3 2 2 1 3 2 1 2 1 3 1 2 1 1 3 2 1 1 1 4 1 1 3 1 4 2 1 2 2 1 2 2 3 3 1 1 3 1 2 3 1 1 4 1 2 1 1 1 1 2 1 1 1 1 1 1 1 1 1 3 3 1 1 2 1 1 1 3 1 3 1 1 2 1 2 1 1 1 1 3 2 2 1 1 2 3 1 1 2 1 2 1 3 2 1 2 3 1 5 1 1 1 2 2 1 1 2 2 1 2 1 3 2 1 1 3 1 2 1 1 5 1 2 1 2 1 2 1 2 1 2 1 3 1 2 1 2 1 1 1 1 1 1 2 2 1 1 1 1 1 2 1 1 2 1 1 1 1 1 2 1 1 1 1 1 2 1 1 1 1 1 2 1 1 1 1 1 1 1 1 1 1 1 2 1 2 3 3 2 2 2 1 2 2 1 1 1 1 1 2 2 1 1 1 1 1 1 1 1 2 4 1 1 2 1 3 1 2 3 1 2 1 2 2 1 2 2 3 2 5 1 1 1 3 1 1 2 1 4 1 1 1 1 2 1 1 1 1 2 2 2 2 1 1 3 1 2 4 1 2 1 1 2 2 1 1 2 1 2 1 1 1 1 1 1 1 1 2 1 2 1 2 1 3 2 2 1 2 3 1 1 1 2 1 1 1 2 2 1 2 1 2 3 1 1 2 3 2 2 1 1 3 1 2 1 1 2 1 3 1 3 2 2 2 1 1 1 1 1 1 1 1 3 2 3 1 1 2 1 3 1 1 4 2 1 1 2 1 2 1 2 1 1 2 1 2 1 1 1 1 3 4 2 1 1 3 1 1 1 1 2 1 1 1 2 1 1 2 1 2 1 1 1 1 2 1 1 1 1 1 2 1 1 1 2 2 2 1 2 1 1 1 3 1 1 1 1 1 4 1 1 2 1 2 1 1 2 1 2 1 2 1 2 2 1 1 3 2 1 1 2 1 2 3 1 2 2 1 1 3 1 2 3 2 2 1 1 2 1 2 6 1 1 1 4 1 3 3 1 1 2 2 1 1 1 1 1 2 2 1 1 2 2 3 2 2 1 2 1 2 1 1 3 1 2 1 1 1 3 1 1 1 3 2 1 1 1 2 1 2 1 1 1 2 1 1 1 2 2 1 2 1 1 1 1 1 3 2 1 1 1 1 1 1 1 2 2 2 1 1 1 1 1 1 1 1 1 1 1 1 1 3 1 1 1 4 1 2 1 1 2 3 1 1 2 2 1 1 2 1 1 2 3 2 1 2 4 2 2 4 1 2 2 3 1 4 1 1 1 3 1 1 1 1 1 1 1 1 1 1 1 1 3 1 1 1 1 1 1 2 1 2 2 2 3 1 2 2 1 1 1 2 1 2 1 1 1 3 3 4 1 3 1 1 3 6 2 2 2 1 1 1 1 1 2 1 2 1 1 3 1 1 2 3 1 3 1 1 1 1 1 1 4 1 1 2 1 2 3 1 1 1 4 2 1 2 2 1 1 2 2 1 1 1 2 2 1 2 3 2 1 2 1 1 2 4 2 2 1 1 3 1 1 2 1 1 1 2 2 1 1 2 2 1 2 1 1 1 1 3 3 1 1 3 2 1 1 3 2 1 2 1 2 1 1 1 1 1 2 2 1 2 2 1 1 1 1 1 1 1 1 2 1 1 2 1 2 1 3 1 1 1 2 2 1 1 1 1 1 1 2 2 2 1 2 2 2 1 1 1 1 1 1 1 2 4 1 1 1 1 1 1 1 1 1 1 1 1 1 1 1 2 1 3 1 1 2 3 1 2 2 1 2 2 2 2 1 2 1 4 1 2 2 1 2 2 1 2 1 1 2 2 1 4 2 4 1 1 1 2 1 3 1 2 1 1 3 2 1 3 3 2 1 1 2 1 1 1 1 1 2 2 2 2 1 2 2 2 1 2 2 2 3 1 1 1 1 1 1 2 1 1 1 1 1 2 1 1 1 1 1 4 1 1 2 3 1 1 2 1 2 2 1 1 2 2 1 1 1 2 2 2 1 2 1 3 1 3 1 1 2 1 2 2 1 1 1 2 1 1 2 1 3 1 1 6 2 2 1 1 1 2 1 1 1 1 3 1 2 1 2 1 1 1 3 2 1 1 2 1 2 1 3 1 3 2 1 1 2 2 3 1 2 1 4 2 2 1 1 1 3 1 1 1 2 2 1 2 1 1 1 1 1 3 1 1 1 2 1 3 1 1 3 1 1 1 1 2 1 2 1 2 1 1 2 4 1 1 2 1 3 2 4 2 3 1 2 1 2 1 1 2 2 1 3 1 1 2 1 2 2 1 1 3 1 1 2 1 3 1 1 2 2 1 2 1 4 1 1 3 2 3 1 2 1 1 1 2 3 1 1 3 2 4 1 1 1 1 1 1 2 3 2 1 1 1 1 2 1 1 1 1 1 2 1 3 3 1 2 1 1 3 1 1 1 1 2 1 1 2 1 1 3 1 1 2 2 1 3 1 1 2 3 2 1 4 1 2 2 2 1 1 2 1 2 2 1 1 1 1 1 2 3 2 1 1 4 2 1 1 1 1 1 2 2 1 1 1 2 2 2 1 3 3 1 1 1 1 5 1 1 2 1 2 4 4 1 1 1 2 1 1 1 2 1 4 1 1 1 1 2 2 3 1 1 2 2 1 1 2 1 2 1 4 1 4 2 1 1 2 1 2 2 1 1 3 1 1 1 2 2 1 1 1 1 1 2 1 3 1 1 1 3 2 1 1 1 1 2 2 2 2 1 3 1 4 1 1 2 1 1 1 1 1 2 2 1 5 1 2 2 2 1 2 1 1 1 2 1 1 1 1 1 3 3 1 2 3 1 1 1 3 2 1 5 1 1 1 2 1 4 1 1 2 4 1 2 1 1 1 1 1 2 1 2 1 1 3 1 3 1 1 2 1 3 1 1 2 1 2 2 3 1 2 1 1 1 2 3 1 1 3 2 1 3 4 1 1 1 1 1 2 1 2 1 3 2 2 1 1 1 1 1 3 1 1 2 1 2 4 1 1 1 1 1 1 2 1 1 1 2 3 1 1 2 2 1 2 1 2 1 2 2 2 2 1 1 1 1 1 1 2 1 2 2 1 2 1 3 1 2 1 1 1 1 2 3 2 2 2 3 2 1 2 1 2 2 2 1 2 3 2 1 1 2 4 2 2 2 1 1 2 1 3 1 2 2 2 1 3 2 1 1 1 1 1 2 1 5 1 1 2 1 1 1 2 3 3 2 1 2 1 1 1 1 2 1 1 2 1 4 1 1 1 1 2 4 1 1 1 2 2 2 4 3 2 1 4 1 2 1 1 1 3 2 2 2 3 2 1 2 2 1 2 2 3 2 1 2 1 1 1 1 2 1 2 2 1 1 1 2 1 1 1 1 2 1 3 3 1 1 1 1 1 2 1 1 1 3 1 2 1 1 2 1 1 2 5 1 3 2 1 1 4 3 1 1 2 1 1 2 2 1 2 1 2 2 1 1 2 2 2 1 3 2 1 1 3 2 1 2 2 1 1 1 1 1 1 2 2 2 3 1 2 3 2 1 1 1 2 2 1 1 2 1 1 1 1 1 2 1 2 2 1 1 4 1 1 3 1 2 3 1 1 1 1 1 2 3 3 3 1 2 2 1 4 4 2 2 3 2 2 1 1 1 2 1 1 2 1 1 1 2 1 1 1 1 1 3 1 1 1 2 1 1 1 1 3 2 1 3 1 2 3 1 1 2 2 3 2 1 1 1 3 1 1 2 1 1 1 3 1 1 2 3 1 1 1 1 1 3 1 2 1 2 2 1 3 1 1 1 1 2 1 2 1 1 1 1 1 1 1 1 1 2 1 1 1 1 1 1 3 1 3 1 1 3 2 2 1 1 1 1 1 2 3 3 2 2 3 2 2 2 2 1 1 1 1 2 2 2 2 1 1 1 2 2 2 1 2 1 1 1 1 1 4 2 1 1 2 1 1 2 1 1 1 1 1 1 1 1 1 2 2 1 3 1 1 1 2 2 2 1 1 1 1 2 1 2 2 1 2 3 1 1 1 1 2 1 2 1 1 3 1 4 2 3 1 1 1 3 1 2 1 1 1 1 2 2 1 1 1 2 3 1 3 2 1 2 1 2 2 1 1 2 2 1 3 1 1 1 2 1 2 1 1 1 1 3 2 2 1 1 1 1 1 1 1 1 1 1 1 2 1 1 1 2 1 1 2 1 1 4 1 1 1 2 1 2 2 1 1 1 3 1 1 3 1 2 1 1 2 1 1 2 1 2 1 2 1 1 1 2 1 2 1 2 1 1 1 2 2 1 1 1 2 1 1 1 2 1 2 2 1 2 2 2 1 2 2 1 1 1 2 1 1 1 1 2 1 1 1 1 2 1 4 1 6 3 1 1 1 1 2 1 3 2 2 1 2 2 1 2 1 2 2 2 2 1 1 2 2 1 1 2 2 4 3 2 2 2 1 1 1 1 1 1 2 1 1 3 1 1 1 1 1 1 1 1 1 1 2 1 2 1 2 1 1 3 1 1 2 2 3 2 2 2 1 1 1 1 1 1 2 1 2 2 2 1 3 1 2 1 2 1 1 1 1 1 1 1 2 1 1 1 3 2 1 2 1 1 1 1 1 1 1 2 1 2 3 4 1 1 1 1 1 2 1 2 3 2 1 1 4 1 1 2 2 2 2 2 2 1 1 2 5 1 1 4 1 1 1 1 1 1 2 1 1 1 1 1 2 2 1 2 1 4 1 1 3 3 1 1 1 1 1 1 1 2 2 2 1 2 1 1 2 3 1 5 2 1 1 1 1 1 3 2 1 2 1 2 3 1 2 3 1 1 2 1 1 4 1 3 2 1 1 2 1 1 2 1 2 3 1 2 1 1 1 2 1 1 1 1 1 2 1 2 2 1 1 1 1 3 1 1 2 5 3 4 1 2 1 1 1 1 1 1 1 1 4 2 1 3 1 2 1 1 1 2 2 2 1 2 2 3 2 2 1 2 3 1 1 2 1 1 2 1 1 2 1 2 1 1 1 1 1 1 1 1 1 3 2 1 3 1 2 2 1 1 1 1 2 1 2 1 2 1 1 3 1 1 2 1 1 2 2 1 1 1 1 2 1 1 3 4 1 1 1 1 2 2 3 1 1 1 2 2 1 1 1 1 1 1 1 1 3 3 1 1 1 1 2 3 2 2 1 1 3 2 1 2 2 1 2 1 1 1 1 2 2 1 1 2 1 3 1 2 1 1 1 3 1 1 2 1 1 1 1 2 1 2 3 3 2 2 1 1 2 2 1 1 1 1 5 2 2 2 1 3 2 1 1 3 1 1 1 2 1 2 2 1 1 2 2 1 1 1 2 1 1 1 1 2 1 1 1 3 2 1 1 1 2 5 6 2 2 1 1 1 1 1 1 3 1 2 3 1 1 1 3 1 1 1 3 1 4 1 1 1 1 1 3 3 1 2 2 1 1 3 2 3 1 1 1 1 4 1 1 2 2 1 2 1 1 2 2 1 1 1 2 1 1 1 3 5 1 2 1 1 1 1 1 1 2 1 1 1 1 2 2 2 1 2 1 1 1 2 1 1 2 1 2 2 2 1 1 4 1 2 1 1 3 2 1 3 1 1 1 1 1 3 1 2 1 2 1 2 1 2 4 2 1 1 3 3 1 2 1 2 2 1 1 2 1 1 1 1 1 1 1 1 2 2 1 1 2 2 1 2 2 1 1 1 1 3 1 1 1 2 2 1 2 1 2 1 1 2 1 2 3 3 3 1 1 2 1 1 1 1 1 1 1 2 1 2 3 1 2 1 1 1 2 1 1 2 1 1 1 1 1 1 1 1 1 1 2 3 1 2 1 2 1 1 1 2 1 1 3 2 1 1 3 2 1 1 3 2 2 4 1 3 1 2 3 2 1 2 1 4 2 2 1 1 2 2 1 1 2 2 1 1 3 1 1 1 1 1 1 1 1 1 1 3 2 2 1 2 1 3 1 1 1 1 3 1 3 1 2 1 1 1 1 1 2 2 1 2 1 3 1 1 1 2 1 2 2 1 1 1 1 4 1 1 1 1 1 1 3 1 1 2 1 2 1 1 1 2 1 2 1 1 1 3 2 2 1 1 1 1 1 2 1 1 1 1 2 2 1 2 2 3 2 1 1 1 1 1 2 2 3 1 1 5 1 1 4 1 2 1 1 1 1 1 1 2 1 1 2 2 2 2 1 1 2 3 1 1 1 1 1 1 2 4 1 2 3 2 3 2 1 3 2 4 1 1 3 2 1 1 2 1 2 1 1 3 2 2 2 2 1 1 2 1 3 2 1 1 2 1 2 1 2 1 1 2 1 3 1 1 1 1 1 2 2 1 2 1 2 1 1 1 1 1 1 4 3 3 1 1 1 1 1 3 3 1 1 3 1 2 1 1 1 1 2 2 1 2 1 1 1 1 1 1 2 3 2 2 1 1 4 1 4 1 1 1 3 2 1 1 2 1 1 1 1 2 1 1 1 3 1 1 2 1 1 1 1 1 1 3 2 1 2 1 2 1 2 1 2 1 3 1 3 1 1 3 2 1 1 1 3 1 1 3 2 2 3 2 1 1 1 1 1 1 1 1 1 2 3 2 2 1 1 3 1 3 1 1 2 3 1 1 1 1 1 2 3 3 1 1 1 1 1 2 1 1 3 1 2 1 2 1 2 2 1 1 1 2 2 1 1 2 3 2 1 2 1 3 1 2 1 2 1 2 1 2 3 1 4 1 2 3 1 1 1 2 1 1 2 2 4 1 1 1 1 1 2 2 1 1 2 4 2 1 1 1 1 1 2 2 1 1 2 1 2 2 2 2 1 4 1 1 2 3 1 1 1 1 1 2 1 2 1 2 2 1 1 1 2 2 1 1 2 1 1 2 1 3 1 3 1 2 3 1 1 1 1 1 1 3 1 1 1 1 2 2 2 1 2 2 1 1 2 2 2 1 2 1 1 1 1 1 1 1 1 2 1 4 2 2 2 1 1 4 2 3 1 1 2 1 1 1 1 1 2 2 1 1 1 1 1 1 2 1 1 1 1 1 1 1 1 2 1 2 1 1 2 3 1 2 1 3 1 1 4 2 3 1 1 1 1 3 2 1 2 4 1 1 5 2 1 2 5 2 3 1 1 1 1 1 1 1 1 2 2 2 1 1 2 1 1 1 1 3 1 1 2 1 1 3 1 1 1 1 2 1 1 1 4 2 1 1 1 1 1 2 1 5 1 1 3 2 1 2 2 1 1 2 2 1 6 2 2 1 2 2 2 2 1 1 2 2 1 1 3 1 1 1 2 2 1 3 2 1 2 2 2 1 1 2 1 1 1 2 3 1 3 1 3 1 3 1 1 2 1 2 1 2 1 2 2 1 3 1 2 1 1 1 1 1 1 1 1 1 1 1 1 1 1 2 2 1 1 1 2 1 3 1 1 1 1 2 2 2 1 1 1 2 1 2 2 1 2 2 2 1 1 2 2 2 2 1 1 1 1 2 1 2 1 3 1 1 2 1 3 1 2 2 3 2 1 2 2 2 1 1 1 1 1 1 1 1 1 1 1 1 5 2 1 1 1 1 3 2 1 3 2 1 2 1 1 1 1 1 1 1 1 1 1 1 1 3 3 2 3 2 1 2 1 1 1 2 1 1 1 1 1 1 1 1 2 1 2 1 3 2 1 2 1 2 2 2 2 2 1 1 2 2 2 1 1 2 3 1 1 1 1 1 3 3 2 3 1 2 1 2 1 1 1 2 3 3 1 1 1 1 1 3 2 1 2 3 3 1 3 1 2 2 1 2 1 1 2 1 2 2 1 1 1 1 1 1 2 1 1 1 2 1 1 2 1 4 3 1 2 1 2 1 3 1 1 3 1 1 4 2 2 2 1 1 1 2 1 1 1 1 1 2 1 1 5 3 1 1 1 1 2 1 4 1 1 1 1 3 1 1 1 2 2 1 2 1 2 2 1 1 2 3 2 1 1 1 3 2 1 1 1 1 1 1 2 1 1 2 1 1 1 1 1 1 1 1 1 4 2 1 2 2 2 1 2 1 2 1 1 1 2 1 2 2 1 2 2 1 2 1 1 1 2 1 1 2 4 1 1 1 1 2 3 2 2 3 2 2 1 1 2 1 3 3 1 2 1 1 3 3 1 2 2 1 1 1 2 1 1 1 1 1 1 1 1 1 1 1 1 1 1 1 2 2 2 1 2 3 1 2 1 2 3 1 1 2 1 1 3 1 1 2 1 1 1 1 2 2 1 2 1 3 2 1 1 2 2 2 1 3 1 1 3 1 2 1 2 3 2 3 1 2 1 1 1 1 2 2 1 1 1 1 1 1 1 3 1 1 1 2 2 1 4 1 1 1 2 1 1 1 2 1 2 1 3 1 1 1 3 1 2 1 1 1 2 2 1 1 1 3 2 1 1 3 1 2 1 1 2 2 2 1 1 1 1 2 2 2 1 3 1 1 2 1 3 1 1 2 2 1 1 1 5 1 1 2 1 6 1 2 2 1 1 1 3 3 1 1 1 1 1 1 2 1 1 1 1 1 1 1 1 1 2 1 1 1 1 2 1 3 1 1 1 2 2 3 3 1 3 2 1 1 1 1 2 1 1 1 1 1 1 1 1 1 1 1 2 5 1 1 1 2 3 2 1 1 1 1 1 1 3 1 3 2 1 3 1 1 1 1 1 1 2 1 3 1 2 1 1 1 1 1 3 2 1 1 2 2 1 1 1 1 2 1 1 3 1 1 2 1 1 1 2 1 1 1 2 1 1 1 2 2 2 4 3 2 1 2 1 1 2 1 1 3 2 1 1 3 1 1 1 1 2 3 1 2 1 2 1 3 2 3 2 2 2 1 1 3 2 1 1 2 2 1 1 4 2 1 1 2 1 1 2 1 1 1 1 2 2 2 1 2 3 3 1 5 3 1 2 1 2 3 1 2 2 2 1 3 1 1 1 4 1 1 1 1 2 3 1 1 2 2 1 3 1 2 1 2 3 1 1 3 1 2 2 3 2 2 1 1 1 1 1 2 1 3 1 1 3 3 2 1 4 2 2 1 1 2 1 2 1 1 1 1 2 1 2 1 1 2 2 2 2 1 1 1 3 4 3 1 1 2 3 2 1 2 1 2 2 3 1 2 2 1 1 1 1 1 1 2 2 1 1 2 3 1 2 2 2 1 3 1 1 2 1 2 1 1 2 1 1 1 1 1 1 1 1 1 1 1 3 3 1 2 1 1 1 1 3 1 2 1 1 2 1 1 1 2 2 1 1 2 3 3 1 2 3 2 2 1 2 2 1 1 2 1 1 1 1 4 2 4 2 1 3 2 1 4 3 2 1 3 1 2 3 2 1 1 1 1 2 2 1 2 1 2 1 3 1 2 4 1 1 1 1 2 3 2 2 2 1 1 3 1 2 1 2 1 3 2 2 3 3 1 1 1 1 2 1 1 2 1 4 2 1 1 1 2 4 2 1 3 1 1 2 3 2 1 1 2 1 2 1 1 1 1 3 3 1 1 3 2 1 1 1 1 1 1 1 1 2 1 2 1 2 3 1 1 1 1 2 2 2 1 2 2 3 1 2 1 1 1 5 1 1 1 1 2 1 2 1 1 3 2 1 1 1 1 2 1 1 1 1 1 2 1 2 2 1 1 1 2 1 2 1 2 1 1 2 1 1 2 1 1 1 2 1 1 1 3 1 1 1 2 1 1 1 1 1 2 1 2 2 2 1 3 2 1 1 2 3 1 4 1 2 1 1 1 2 1 2 2 2 2 1 1 1 1 2 1 2 1 3 1 1 1 1 1 2 1 2 1 2 1 1 1 1 1 2 1 2 2 1 3 1 4 1 2 1 1 1 3 1 1 4 2 1 1 1 1 2 1 1 3 2 1 1 2 1 1 2 1 1 1 1 1 2 1 2 4 1 3 1 2 1 1 2 1 1 2 1 3 2 1 1 6 1 2 2 1 2 1 1 1 1 1 1 1 2 3 2 3 2 1 1 1 2 2 2 1 3 1 1 1 1 1 1 3 1 3 2 2 1 2 1 2 1 1 1 1 2 1 1 2 2 1 5 1 1 1 1 3 2 3 1 1 3 1 1 1 3 3 1 1 2 1 3 1 2 1 4 1 1 2 2 1 3 1 1 1 3 2 1 1 1 2 1 1 1 1 3 1 1 1 1 1 1 3 1 3 3 2 2 1 1 2 2 2 4 1 1 5 1 2 1 2 2 4 1 1 1 1 1 1 1 2 1 2 3 2 1 2 2 1 1 3 2 1 3 2 2 1 1 1 2 2 1 1 1 1 3 1 1 2 1 3 2 2 1 3 1 1 2 1 2 2 1 1 2 1 3 2 1 1 1 2 1 1 1 2 1 1 3 2 1 1 2 1 2 1 2 1 2 1 1 1 1 2 1 2 2 2 1 2 2 2 1 4 2 1 1 2 1 1 2 1 1 1 2 1 2 1 1 3 1 1 1 2 2 2 3 2 1 1 1 1 1 2 1 1 1 3 1 2 2 1 4 3 1 1 3 3 2 1 1 3 1 3 1 1 1 1 1 1 2 2 2 1 1 1 2 1 1 1 1 1 1 3 1 1 1 1 2 1 2 1 1 1 1 3 2 1 1 1 1 4 3 1 2 1 1 1 2 1 1 2 2 2 1 1 1 1 1 2 1 1 2 2 1 1 2 3 1 1 1 1 1 1 1 2 1 1 1 4 1 1 2 2 3 3 2 1 1 2 1 2 1 2 1 2 2 1 1 1 2 1 1 1 1 1 1 1 1 3 1 1 1 3 1 2 1 2 2 4 1 2 1 2 2 1 1 1 3 2 3 1 2 1 2 3 1 2 1 1 1 1 1 1 1 1 2 2 1 2 1 1 1 2 3 1 1 1 2 1 3 3 3 1 2 1 1 1 1 4 2 1 2 1 2 3 1 3 1 3 1 1 2 1 2 2 1 2 1 1 2 1 1 1 2 2 1 2 1 1 1 1 1 1 2 1 3 1 1 1 2 1 2 4 1 2 1 1 3 1 2 1 1 3 1 1 1 1 1 1 1 2 1 2 1 2 1 1 4 2 4 2 1 2 4 4 1 2 1 2 1 2 1 1 4 1 1 1 2 1 2 2 2 2 3 2 1 1 1 1 1 2 1 1 2 1 3 2 1 2 1 1 1 1 1 2 4 1 1 2 1 4 2 1 1 1 1 2 1 2 1 1 2 1 2 2 2 1 1 1 1 1 1 2 2 1 1 1 1 1 2 2 1 1 2 1 1 2 2 1 1 1 2 3 1 1 1 1 3 1 1 1 1 1 1 5 2 1 1 1 2 1 1 2 1 2 1 3 2 1 2 2 1 2 1 1 2 2 1 1 1 1 2 1 1 2 1 1 1 3 1 2 1 1 1 1 2 1 2 2 2 1 1 2 1 3 1 1 1 1 1 1 2 1 3 1 2 2 1 1 2 2 2 2 1 1 2 1 1 2 1 1 1 2 3 2 1 1 1 2 2 1 1 1 2 1 2 4 1 1 2 2 1 2 2 1 2 2 2 2 1 3 1 1 1 2 1 2 3 2 2 3 1 1 2 1 1 1 4 1 3 2 1 2 2 1 1 1 2 2 1 3 1 2 1 1 1 7 1 1 1 1 2 3 3 1 1 2 3 1 1 2 2 3 1 1 3 1 3 2 2 1 2 2 2 1 1 1 1 1 1 2 1 1 1 2 1 3 1 1 2 2 1 2 2 1 2 1 1 2 3 2 2 2 3 2 3 1 1 1 1 2 1 2 1 2 1 1 1 2 2 1 1 1 1 1 2 1 2 2 1 1 1 2 1 1 2 2 3 2 1 1 2 2 5 2 1 1 4 1 2 2 1 1 2 1 2 2 1 1 2 2 2 1 2 1 1 1 1 4 2 1 2 2 1 1 1 2 1 1 2 2 1 1 3 1 3 2 2 2 1 4 1 2 1 2 1 4 1 1 1 1 3 1 1 1 2 1 1 1 3 2 2 2 1 1 1 1 1 3 2 3 1 2 2 2 3 1 1 1 1 2 1 1 1 1 2 1 2 2 1 1 2 1 1 1 3 1 3 1 1 1 1 1 2 1 1 2 2 3 2 1 2 3 1 1 2 5 1 2 1 1 3 1 1 1 1 1 1 4 1 1 1 1 2 1 2 1 1 1 1 4 1 3 1 1 1 4 1 2 1 4 1 1 3 1 2 1 3 1 1 3 1 2 2 1 2 2 1 2 1 2 2 2 1 1 2 3 4 2 2 1 1 3 1 3 1 1 1 4 3 3 1 1 1 2 1 1 3 2 1 3 1 1 1 3 3 3 2 3 2 1 3 1 2 3 3 1 1 1 1 1 2 1 1 1 2 1 2 1 1 2 3 1 1 2 1 3 1 1 1 1 2 4 1 2 1 1 1 1 1 1 2 3 1 3 1 2 1 3 1 1 1 1 2 2 2 1 2 1 1 2 2 1 1 2 2 2 1 2 1 2 1 1 1 1 1 1 4 1 2 3 1 1 2 1 1 2 1 1 1 2 2 2 1 1 1 1 5 1 2 2 1 1 3 1 1 2 2 3 1 1 2 2 2 1 1 1 2 2 1 4 2 1 1 1 1 1 1 1 2 3 1 1 1 1 2 1 3 2 1 2 2 1 1 1 1 1 1 1 1 1 1 1 1 1 1 4 3 1 2 4 3 1 1 1 1 2 2 2 2 3 1 2 2 2 2 1 2 2 1 4 2 2 1 1 2 2 3 1 1 1 2 1 2 2 1 2 2 2 1 1 3 2 2 1 2 2 1 2 1 1 1 2 2 3 1 1 1 1 1 1 1 1 3 2 1 2 1 2 2 2 1 2 1 2 1 1 2 1 2 1 3 3 1 3 1 1 1 1 2 1 3 4 4 1 2 1 2 3 1 2 1 1 2 1 1 1 3 4 2 1 2 2 1 1 1 1 1 1 2 1 2 1 2 1 1 1 1 1 3 4 1 2 2 1 2 1 3 4 1 2 1 1 1 1 1 1 1 1 1 3 1 2 1 1 1 2 2 1 1 1 1 2 3 1 1 2 1 1 1 3 1 1 2 1 3 3 1 1 3 2 2 4 3 1 2 4 1 2 2 2 3 3 2 2 1 3 1 3 1 2 1 2 1 1 1 4 2 2 3 1 2 2 1 2 1 1 1 4 1 1 2 4 1 2 1 4 2 2 2 3 1 1 1 2 2 2 2 2 1 1 2 2 3 2 1 1 2 2 2 1 2 1 1 1 1 1 1 1 1 1 1 3 2 1 2 1 2 1 1 1 1 1 2 2 2 1 2 1 1 3 1 1 1 1 1 1 2 1 1 1 1 1 2 2 1 1 1 1 3 1 1 4 1 1 1 1 1 1 1 2 3 1 1 1 2 1 1 1 2 2 2 2 2 2 1 2 1 2 2 1 1 2 2 1 3 2 1 2 2 1 2 2 1 1 3 1 1 1 6 2 2 2 1 1 1 1 1 1 1 1 2 1 1 1 1 1 3 1 2 3 1 1 3 2 3 1 2 1 2 2 4 3 1 2 3 1 1 2 1 1 1 3 1 1 1 2 1 2 1 1 2 1 1 1 1 2 2 1 1 2 2 2 3 1 1 1 2 3 2 3 2 2 1 1 3 1 1 1 2 1 1 1 2 2 2 1 1 1 1 2 1 1 2 1 2 1 2 1 2 1 1 1 1 2 4 3 2 1 1 1 1 1 1 1 2 1 3 1 2 2 2 1 1 1 1 3 2 2 1 1 2 1 1 1 1 3 2 1 1 1 1 3 1 3 1 2 1 1 1 4 2 1 1 1 1 1 1 1 1 1 3 1 1 2 2 2 1 1 2 2 2 1 1 1 1 2 3 1 1 1 1 1 1 1 1 1 1 1 1 1 1 1 1 1 1 2 1 1 1 3 1 2 1 3 2 1 3 1 3 1 1 4 1 1 1 2 2 1 1 2 1 3 2 2 1 1 2 1 1 3 1 1 3 1 1 4 1 1 1 1 1 3 1 1 1 1 2 1 1 2 1 2 1 1 1 1 1 1 1 3 1 3 1 1 2 3 1 1 1 1 2 1 2 2 2 3 2 1 1 4 2 1 1 1 1 2 1 1 1 1 1 2 3 1 1 2 1 2 2 1 2 2 2 1 3 1 1 1 2 2 2 1 1 1 1 1 1 1 2 1 1 1 3 1 1 2 1 1 1 1 1 3 2 2 1 2 1 3 1 1 1 1 2 1 1 2 1 1 1 2 1 2 3 1 1 1 3 1 1 1 2 1 2 1 1 1 1 2 1 1 1 2 1 1 2 2 1 2 1 1 3 4 2 2 1 1 1 1 1 1 3 1 2 1 1 1 1 1 1 1 3 2 1 1 1 1 2 2 2 1 1 1 3 1 1 1 1 2 1 1 4 1 2 1 2 1 1 1 1 2 1 2 1 2 1 2 1 1 1 1 2 1 2 1 1 1 2 1 2 1 1 1 1 1 2 3 2 1 1 1 3 2 1 1 1 2 1 1 2 2 1 3 1 1 1 1 2 1 4 2 1 1 1 2 1 4 1 2 1 1 1 1 1 1 1 1 1 2 1 1 2 2 1 3 1 1 1 2 3 2 2 2 1 2 2 1 1 1 3 1 3 1 4 1 3 1 2 1 1 1 1 3 3 1 2 1 3 1 1 1 1 1 3 1 1 1 1 2 2 1 1 1 2 2 1 1 1 1 1 1 2 2 2 1 2 2 1 2 3 1 2 1 2 3 2 1 1 1 1 1 1 2 1 1 2 1 2 1 1 2 2 2 1 1 2 2 1 4 2 1 1 1 2 2 1 2 1 2 1 1 3 1 1 1 2 1 1 1 1 1 1 2 3 1 1 2 3 1 1 1 1 1 1 2 2 1 2 2 2 1 1 1 4 1 2 1 1 6 1 1 2 1 1 1 2 3 3 2 2 1 1 1 1 1 1 2 1 1 1 2 3 1 1 1 1 2 3 1 1 3 3 3 1 2 1 2 1 1 1 1 1 2 1 1 1 3 3 1 2 1 3 1 2 1 3 2 1 1 3 1 2 1 3 1 1 1 2 2 2 2 1 1 3 1 3 1 1 2 1 2 2 1 1 3 1 2 2 1 1 1 1 1 1 1 3 3 1 2 1 2 3 1 1 1 2 3 1 1 1 1 1 1 1 1 1 1 1 1 2 1 1 3 1 1 3 2 1 1 1 3 3 1 1 1 1 1 2 1 2 5 2 2 2 2 2 1 1 2 1 1 1 1 1 2 2 3 1 1 1 2 1 1 2 1 1 1 1 2 2 1 2 1 3 1 1 1 3 1 2 2 2 1 1 3 2 3 1 1 3 2 2 2 2 1 2 2 1 3 1 3 1 2 1 1 1 3 1 1 3 4 2 1 2 2 2 2 1 2 2 4 1 1 2 2 2 1 4 1 2 2 1 1 1 2 1 1 2 1 3 1 2 2 7 3 1 1 1 3 2 1 3 2 3 1 2 2 2 1 1 2 1 1 2 1 2 1 1 1 2 2 1 1 2 2 1 2 5 3 1 1 2 1 1 1 3 2 3 1 2 1 2 2 1 2 1 2 1 1 2 2 1 3 1 3 1 2 1 1 1 2 2 1 1 2 3 1 3 3 1 2 1 3 1 2 1 2 1 1 2 3 1 1 1 2 2 2 1 4 2 1 1 1 1 1 1 2 1 1 1 2 2 2 2 2 2 2 2 1 3 1 1 2 1 2 1 1 2 2 1 1 1 1 3 1 2 2 1 3 1 3 2 3 2 2 1 2 1 2 5 2 1 2 1 1 2 1 1 1 2 4 4 1 5 3 1 1 3 1 1 1 1 3 1 1 1 3 1 1 2 2 3 2 2 1 1 2 2 1 1 2 1 2 3 1 2 1 2 2 2 1 1 2 1 2 1 3 1 1 1 1 2 1 2 1 2 4 1 1 5 2 1 2 2 1 1 1 1 2 2 3 1 1 1 1 2 1 1 1 2 1 2 1 1 1 1 1 1 1 2 1 1 2 1 2 1 1 1 1 2 2 1 1 1 3 1 1 3 2 1 1 2 3 3 2 1 2 2 1 1 2 2 2 1 1 1 2 1 2 2 1 3 3 1 1 1 1 1 1 1 1 3 1 1 2 2 3 1 2 2 4 4 1 1 2 1 2 2 2 2 2 1 1 3 2 1 2 1 1 2 1 1 1 1 2 1 1 1 1 2 1 3 1 2 1 1 2 1 1 3 1 1 2 1 1 2 1 2 1 2 1 2 3 2 1 3 1 1 1 1 2 1 1 4 2 2 1 4 2 1 1 2 2 1 3 1 1 1 1 2 1 3 4 2 1 1 3 3 1 1 2 2 2 1 1 1 1 1 2 2 1 1 3 2 2 1 4 2 2 2 3 2 1 2 1 1 1 1 3 1 4 1 2 1 1 1 1 2 1 3 1 1 2 3 1 1 1 2 1 1 1 2 2 2 2 1 1 1 1 3 1 2 1 1 1 1 1 2 2 2 1 2 2 2 2 3 1 2 5 2 1 2 1 1 3 1 1 1 2 3 1 1 2 1 1 3 1 2 1 2 1 1 3 3 2 3 2 1 2 1 1 1 2 3 3 1 1 1 1 2 1 1 1 1 2 1 1 4 1 1 1 2 3 2 1 1 1 2 1 1 2 1 1 1 1 1 1 2 2 1 1 1 2 2 1 1 1 2 1 1 3 2 1 2 1 1 1 1 2 2 2 1 1 2 2 3 3 2 1 3 1 1 1 3 2 1 1 1 2 1 1 1 2 2 2 2 1 2 1 2 5 1 1 1 2 5 1 1 1 1 1 4 1 4 1 1 2 1 4 1 3 1 1 3 1 1 2 1 1 1 2 1 1 1 3 2 1 1 2 4 1 1 2 2 1 1 2 1 1 2 1 2 2 5 1 2 1 1 1 1 1 2 1 3 1 1 1 2 1 2 1 3 2 1 1 3 1 1 2 2 1 1 2 1 1 1 1 1 1 1 1 1 1 1 1 1 1 3 2 3 2 2 1 2 3 1 3 3 2 1 1 1 1 1 2 2 1 3 4 6 1 2 1 1 2 2 1 1 1 2 1 2 1 4 2 1 1 2 1 2 1 1 2 1 1 3 2 1 1 1 2 1 1 2 1 2 4 1 2 1 1 2 1 1 1 2 2 2 1 2 1 1 1 1 2 4 1 1 2 3 1 1 2 2 2 1 2 1 1 1 2 1 2 1 2 1 1 2 3 1 1 1 1 1 2 2 4 2 2 1 1 1 1 1 1 2 1 1 1 1 1 1 3 1 2 1 1 1 1 4 2 1 3 1 1 3 2 1 1 1 1 1 1 1 3 1 1 3 2 2 2 1 1 2 2 2 1 1 2 1 1 2 1 1 1 2 1 2 2 1 2 1 1 6 1 1 2 4 2 1 1 3 4 3 2 1 1 1 1 1 2 1 1 1 1 1 2 1 1 2 3 1 2 1 3 1 1 1 1 1 2 2 3 2 3 1 2 1 3 2 2 1 1 1 1 1 1 2 1 1 1 1 1 1 3 1 2 1 1 1 2 2 1 1 2 1 4 1 4 1 1 1 1 1 2 2 1 1 1 2 1 2 2 1 2 2 1 1 3 1 1 1 1 1 1 1 2 1 2 1 2 2 3 3 1 2 3 1 3 3 1 1 2 2 1 3 1 1 2 2 1 1 4 2 1 1 1 1 2 3 3 2 1 2 2 2 1 1 1 1 2 1 1 3 3 1 1 2 1 1 1 3 1 1 2 1 1 3 1 2 1 1 1 1 1 3 1 2 1 2 1 1 1 1 1 1 2 3 3 1 2 1 2 2 2 1 1 1 2 1 2 1 2 2 1 1 2 1 1 2 1 1 1 1 1 1 2 2 1 2 2 1 1 1 1 1 1 1 1 1 1 2 2 1 1 1 1 2 4 1 2 1 2 3 1 1 3 2 1 2 2 1 3 1 3 1 1 1 1 1 2 1 1 1 1 1 1 4 1 1 2 1 2 2 2 1 1 2 1 1 2 2 1 2 2 2 2 1 1 3 2 1 1 3 1 1 1 1 2 3 1 1 1 2 2 1 2 1 1 1 1 1 1 3 2 1 2 1 1 2 1 3 1 1 2 1 1 1 2 1 1 1 1 1 2 1 1 2 1 1 1 1 1 1 1 1 2 1 1 1 2 2 1 1 1 1 2 1 1 1 1 1 3 1 1 1 2 1 1 1 1 1 1 2 1 2 1 2 1 2 1 2 1 2 2 1 2 2 1 2 1 3 3 2 2 1 2 1 1 1 3 1 1 1 1 1 2 2 4 1 1 1 2 3 1 3 1 2 1 1 2 4 1 2 1 1 3 1 1 1 1 2 3 2 3 1 2 2 2 1 1 2 3 1 3 3 1 1 1 3 3 2 2 1 1 1 1 1 1 1 2 2 2 4 1 3 1 2 2 1 1 2 1 1 1 1 1 1 1 1 1 1 1 1 1 1 3 1 1 1 1 2 1 2 1 1 2 3 3 3 1 2 3 1 2 2 1 1 3 2 1 1 2 1 1 2 1 2 1 2 1 2 1 1 1 1 1 1 3 2 1 1 1 2 1 1 2 1 1 1 2 1 2 1 1 1 1 1 2 1 2 1 2 1 1 1 1 1 1 3 1 2 1 1 1 1 3 1 4 4 1 1 3 1 3 3 1 1 3 1 1 1 3 1 2 3 1 1 1 1 1 2 1 1 1 1 1 2 1 1 1 3 2 3 2 1 2 1 1 3 1 4 2 1 1 3 3 2 1 2 2 2 1 1 1 1 1 1 1 1 3 1 2 2 2 2 1 1 2 1 2 1 1 1 2 1 2 1 3 3 1 1 1 1 1 2 1 2 1 1 2 2 4 3 2 1 1 3 1 2 2 2 1 1 1 2 3 1 2 1 1 1 3 1 1 1 2 2 1 2 2 3 1 2 1 2 2 3 4 1 1 2 1 3 1 2 1 1 2 1 5 1 1 1 2 2 2 1 1 1 2 2 1 2 1 2 1 2 1 2 2 1 1 1 2 1 1 1 1 1 3 1 1 1 2 2 3 1 1 2 2 2 3 4 4 1 1 1 1 1 1 1 4 1 1 1 1 2 5 1 2 1 1 3 2 1 1 1 3 2 3 2 2 2 1 1 2 2 1 1 1 2 1 2 1 1 1 1 1 2 1 2 1 2 1 3 1 2 1 2 2 1 1 3 1 1 2 4 1 1 1 1 2 2 2 3 3 1 1 1 1 2 2 1 2 3 1 1 2 1 1 2 1 1 2 1 1 2 3 1 2 2 1 1 1 2 5 1 2 1 1 1 1 3 2 1 1 1 5 2 3 2 1 2 1 2 2 1 2 1 1 1 1 3 1 1 1 3 3 4 2 1 3 2 1 1 1 1 1 2 2 3 2 1 2 1 1 3 2 2 2 1 1 3 1 3 2 1 2 3 2 2 1 2 1 1 1 2 1 1 1 1 1 2 2 1 1 1 1 3 2 1 2 1 2 1 1 2 2 1 1 1 1 2 1 2 1 1 2 1 2 1 1 2 4 1 1 1 1 2 1 2 3 3 2 1 2 2 1 3 1 1 3 1 1 2 1 3 3 1 2 1 2 1 2 1 3 2 2 1 2 1 1 2 1 1 1 1 2 1 1 1 1 1 2 2 1 1 1 3 2 1 2 1 1 1 1 3 3 1 1 1 3 1 4 2 1 2 1 1 1 1 2 5 1 1 1 1 3 1 2 1 1 2 2 1 2 1 1 1 1 4 2 1 2 3 2 1 1 3 2 1 1 2 2 1 1 1 4 4 2 2 4 1 1 1 1 1 1 3 2 3 1 1 1 1 1 1 1 3 3 1 1 1 2 3 2 2 1 3 1 1 1 1 3 2 1 2 2 3 1 1 2 1 1 1 2 1 1 1 1 1 1 1 1 2 1 1 4 4 1 3 2 1 4 1 2 4 3 2 1 1 3 3 1 2 5 1 1 2 3 1 1 1 2 2 1 2 1 2 3 1 1 1 2 1 1 2 1 1 1 1 1 1 1 3 2 3 1 1 2 2 2 1 2 2 1 1 3 2 1 2 2 1 1 4 2 1 1 1 2 1 2 1 1 2 1 1 1 1 3 3 2 1 1 1 1 2 1 1 2 1 1 2 1 2 1 1 1 3 2 2 2 2 2 2 2 2 1 3 1 1 3 1 1 1 1 1 1 1 2 2 2 2 1 2 1 1 2 1 1 1 2 1 2 3 1 4 1 2 2 2 1 5 1 1 1 2 2 1 1 1 1 1 1 1 2 3 1 2 1 2 1 1 1 1 1 3 2 1 3 3 1 1 2 1 2 1 2 2 1 5 2 2 2 
  #Test Small 25692
  #Test Medium 50623
  #Test Large 82296
