Board size [mm] 50x400

Stats side 1
  #Components with background 7
  #Components with points 81
  #Components nofly 1
  #Components notouch 1
  #Pins 28825
  #GNDs 682
  #VDDs 578
  #Clock 8
  #NoFly points 138
  #NoTouch points 170
  #Points [total] 30401

Stats side 2
  #Components with background 12
  #Components with points 59
  #Components nofly 0
  #Components notouch 1
  #Pins 18993
  #GNDs 633
  #VDDs 523
  #Clock 3
  #NoFly points 0
  #NoTouch points 170
  #Points [total] 20322

Stats board (side 1 + side 2)
  #Components with background 19
  #Components with points 140
  #Components nofly 1
  #Components notouch 2
  #Pins 47818
  #GNDs 1315
  #VDDs 1101
  #Clock 11
  #NoFly points 138
  #NoTouch points 340
  #Points [total] 50723
  #Nets 46092
    Net Size: 1315 1101 11 1 1 1 1 2 1 1 1 2 1 2 1 3 1 3 1 4 1 1 4 1 3 2 2 2 1 2 3 1 4 1 2 1 1 1 1 1 2 1 1 1 1 3 1 1 1 2 2 1 1 1 3 2 2 1 1 3 4 1 1 2 2 2 6 1 1 6 2 4 2 2 2 2 1 1 2 1 1 1 3 1 3 2 2 1 3 1 2 1 3 1 1 3 3 1 1 1 4 1 3 1 1 2 2 1 2 1 2 2 3 1 1 2 1 1 1 3 1 1 2 1 1 2 1 1 1 1 1 1 1 2 2 1 3 2 1 1 2 3 2 1 2 1 1 2 1 3 2 1 2 2 3 2 1 3 1 1 1 3 5 1 1 2 1 1 1 3 1 1 2 2 1 2 1 2 1 2 1 3 2 1 1 1 2 2 1 1 1 2 3 1 2 1 1 2 1 2 1 2 1 1 1 2 2 1 1 2 1 1 2 5 1 2 1 3 3 1 2 3 1 1 4 3 1 1 2 2 2 3 2 2 2 2 1 1 5 1 1 1 1 2 1 1 1 1 2 1 1 2 1 1 2 1 1 1 1 1 1 1 1 4 2 3 2 1 2 2 2 2 1 2 2 3 1 3 3 2 1 1 1 4 4 2 3 1 2 1 2 1 2 1 2 3 1 1 1 2 1 1 5 2 2 4 4 2 2 1 1 1 1 2 2 1 2 1 1 2 1 2 2 3 2 1 2 1 3 1 2 4 3 1 1 1 1 1 2 3 2 1 1 1 1 2 1 2 3 2 3 3 2 1 1 2 3 1 2 2 1 1 1 2 2 1 1 2 2 1 1 1 2 3 2 1 1 1 1 3 2 2 3 1 1 2 1 2 2 2 1 4 3 1 2 2 4 5 3 2 2 2 4 4 1 3 3 2 1 2 4 1 4 2 2 1 2 2 1 1 1 4 1 1 1 2 2 1 3 3 2 1 1 1 3 4 1 1 3 2 2 1 1 1 5 1 1 1 1 2 3 2 2 2 1 2 2 2 1 2 3 2 1 1 3 1 1 4 1 2 1 2 1 1 2 3 4 3 1 1 1 1 1 3 1 2 2 1 2 1 3 2 1 1 2 1 2 2 2 1 2 1 2 2 2 1 2 1 4 2 2 1 2 2 2 2 1 1 1 2 2 1 2 2 2 2 1 1 1 3 1 1 4 3 1 1 1 1 3 3 1 4 1 3 2 3 3 1 1 3 2 4 2 1 2 2 3 1 1 1 3 1 2 1 3 1 1 1 1 3 1 3 1 3 3 1 3 1 1 1 2 2 1 1 2 2 1 1 2 1 1 3 2 1 3 3 2 1 3 1 1 2 4 1 2 1 1 2 2 1 1 4 1 1 3 1 1 2 4 1 2 2 2 1 1 3 3 2 1 1 1 3 1 1 2 1 1 3 1 1 1 1 3 2 4 1 2 5 3 1 2 2 4 2 2 1 2 2 1 1 1 1 6 4 1 2 1 4 2 1 1 1 2 1 1 2 4 2 1 1 1 1 1 2 1 1 2 3 3 1 3 1 3 2 2 2 1 2 4 1 2 2 1 1 2 1 1 3 1 1 3 1 4 1 3 2 1 1 1 1 2 5 1 1 1 3 1 3 1 1 3 1 1 3 2 1 3 1 2 3 1 2 1 2 1 1 2 1 2 1 2 1 1 2 1 1 3 1 5 4 1 2 2 1 1 2 2 3 2 2 4 1 5 2 2 1 1 1 3 2 2 3 1 2 2 1 2 2 1 2 1 2 3 1 1 1 4 1 3 1 2 3 3 2 1 1 1 1 1 1 2 3 2 2 1 3 1 1 1 2 1 1 1 2 2 3 1 1 1 1 2 1 2 2 1 1 1 2 2 1 3 2 2 3 1 1 1 1 2 1 1 2 1 3 2 2 1 1 1 2 1 1 1 2 4 2 1 1 1 2 1 1 1 2 1 3 1 1 4 1 3 1 1 1 2 1 1 1 3 1 1 1 2 1 2 2 1 3 2 1 1 3 3 2 2 3 1 1 2 1 2 2 3 2 2 2 1 1 1 2 2 1 1 1 1 2 3 2 2 1 2 3 2 2 2 1 3 2 1 2 2 1 1 1 1 2 1 2 4 1 2 1 1 2 1 1 2 1 3 1 2 2 1 1 1 1 3 1 1 1 1 1 1 2 3 1 1 2 1 2 3 1 1 3 2 3 3 1 1 3 1 2 2 2 1 2 1 1 1 1 2 1 1 1 2 2 1 1 1 2 1 1 1 3 2 2 1 2 2 2 1 1 3 1 2 1 2 1 3 3 2 1 1 1 3 1 1 4 4 1 2 2 2 2 1 1 1 2 1 4 2 2 2 1 2 1 1 2 2 1 2 2 2 1 3 4 1 2 4 1 1 2 4 1 3 1 1 2 4 5 1 1 2 1 3 2 2 3 1 4 1 2 1 1 1 3 1 1 2 3 1 1 2 3 1 1 1 1 4 3 2 1 3 3 2 3 1 1 3 2 3 1 1 2 2 1 1 1 1 2 1 1 2 1 2 1 1 2 3 1 3 2 2 3 2 2 1 5 1 5 1 1 4 1 2 1 3 1 1 2 3 2 3 3 3 3 1 1 2 1 1 3 2 1 3 2 1 2 1 3 1 4 3 3 3 1 2 2 1 2 2 3 2 5 2 1 1 1 2 3 4 1 2 2 1 1 3 2 1 1 2 1 3 3 2 2 3 1 1 1 3 1 3 2 2 2 1 2 6 2 2 3 2 2 2 1 2 3 3 3 2 3 2 3 2 3 2 2 2 1 1 3 2 1 2 1 1 2 2 4 1 2 1 1 1 2 2 2 2 1 1 1 1 2 2 3 3 1 1 3 1 1 2 1 2 3 1 1 4 2 1 1 1 2 1 3 2 2 3 1 2 1 3 2 2 1 1 1 2 3 2 2 2 1 1 1 3 1 1 1 1 2 2 1 2 1 2 1 2 1 3 2 2 4 1 2 1 2 2 1 1 2 2 2 2 4 2 1 1 3 1 3 2 1 2 4 1 1 4 1 3 2 1 4 4 1 3 2 4 2 3 2 1 4 1 1 2 1 1 4 1 2 1 4 2 1 1 1 2 2 1 2 2 3 6 2 2 1 3 3 3 2 1 2 1 1 1 4 1 1 1 1 2 1 2 2 3 2 1 3 3 1 2 1 3 2 1 1 2 2 1 2 1 1 1 2 3 1 1 2 2 1 1 1 6 2 2 2 1 1 2 1 1 2 1 2 3 4 1 3 2 2 1 1 2 3 1 1 2 6 3 1 1 1 2 2 2 2 2 1 3 1 2 3 4 4 1 1 1 2 1 1 2 2 1 1 1 1 1 1 1 2 1 2 1 2 2 2 2 1 1 1 1 1 1 1 2 1 2 3 2 1 1 3 1 2 1 1 5 2 1 2 3 2 1 3 1 1 2 2 3 1 2 1 1 1 2 2 1 1 1 1 2 2 1 1 1 2 3 3 3 3 3 2 2 2 1 2 3 1 2 1 2 3 1 3 1 4 1 1 2 1 2 2 2 3 1 1 4 1 2 1 4 1 1 3 1 1 2 3 2 1 4 1 2 1 2 2 1 2 1 1 1 4 3 2 1 1 1 2 1 2 1 1 2 1 2 3 4 1 1 1 2 1 1 5 1 2 1 3 1 2 1 1 3 1 1 1 1 3 1 1 2 1 4 1 1 1 5 2 1 2 2 1 1 1 1 3 1 2 1 3 1 1 1 2 5 1 2 1 1 1 3 2 1 1 1 1 2 1 2 3 3 6 1 1 2 2 2 2 1 3 2 2 2 1 1 2 3 3 3 1 1 1 2 1 1 4 1 2 1 1 1 2 2 1 2 2 2 2 2 3 2 1 1 3 1 2 2 1 1 2 3 1 1 2 1 2 2 2 3 3 2 1 1 1 2 1 1 1 1 2 4 1 3 2 1 2 2 2 1 3 3 2 1 1 4 1 1 1 2 2 3 3 2 3 1 1 1 2 2 3 1 1 2 2 2 1 4 1 1 3 2 3 1 1 1 3 3 1 1 2 3 2 3 4 1 4 3 3 2 2 1 1 1 2 1 2 2 3 3 1 1 2 2 1 4 2 3 4 2 1 1 2 1 2 2 1 3 4 1 2 1 1 3 3 2 2 3 2 1 1 1 1 3 1 2 4 2 4 1 2 1 3 1 1 2 1 2 1 1 1 1 2 1 2 1 3 4 2 1 1 2 2 3 1 1 1 2 1 2 2 5 4 1 2 2 1 1 4 2 1 4 4 1 2 2 2 1 3 1 1 4 2 2 2 1 1 1 1 2 1 4 2 1 3 1 1 1 2 1 2 1 2 3 1 2 3 3 4 1 1 1 1 1 1 1 1 1 1 1 1 3 1 3 2 5 2 1 1 3 1 3 2 4 3 1 3 1 2 1 2 1 2 2 1 1 2 1 1 1 1 1 1 3 1 1 3 3 1 1 1 2 2 3 1 2 1 2 2 2 2 1 1 3 2 4 1 2 1 2 3 3 2 1 1 1 3 2 2 1 2 2 2 1 1 2 2 2 2 1 1 3 3 1 4 1 3 1 1 1 1 1 1 2 3 3 2 5 2 4 1 2 5 4 4 2 1 1 1 2 2 1 4 1 4 1 1 1 1 2 3 1 1 5 1 1 1 2 1 3 2 1 2 2 1 2 3 1 2 1 1 2 3 1 1 2 1 3 1 2 1 1 2 1 2 1 2 1 1 1 2 3 2 2 1 2 2 1 2 2 2 3 2 2 1 3 1 1 1 3 2 1 1 3 4 1 3 1 1 1 1 3 1 1 5 2 2 2 1 5 2 2 1 2 4 1 1 2 1 2 2 1 2 2 1 1 1 2 2 3 1 3 2 1 1 2 2 2 3 2 2 2 2 1 2 2 1 3 1 3 1 1 2 1 1 1 3 2 4 2 1 2 2 1 3 3 1 4 1 2 3 2 1 4 2 1 1 3 2 3 3 3 2 3 1 1 2 2 1 2 2 1 2 2 1 3 1 1 1 3 1 6 1 1 4 2 1 1 3 3 1 5 1 2 1 1 4 4 3 2 4 2 1 1 3 2 1 1 1 1 4 3 2 4 3 3 1 2 3 3 3 1 2 1 2 2 1 2 1 2 3 3 3 3 3 1 2 1 2 3 1 1 2 2 1 4 1 1 2 1 1 2 3 2 1 1 2 3 1 1 1 1 3 2 1 3 4 4 2 1 2 2 1 1 4 1 3 3 1 2 2 1 2 1 1 1 1 2 2 2 1 1 2 2 1 1 1 2 1 2 1 1 1 1 3 2 3 1 3 1 1 4 1 1 1 3 3 1 1 1 3 7 1 2 3 1 1 3 1 2 1 2 1 3 1 1 1 2 1 2 2 1 2 2 3 2 1 1 5 1 2 1 2 6 1 1 3 1 1 4 2 2 1 3 2 1 2 1 3 1 2 1 1 2 1 3 3 2 1 1 5 3 2 2 3 3 1 1 1 1 1 2 3 1 2 3 1 2 1 1 1 1 2 3 2 2 3 1 2 3 1 2 3 1 1 1 1 1 1 1 1 2 2 2 2 2 4 1 3 2 1 2 2 1 3 4 1 1 2 1 1 1 1 3 3 2 1 2 3 1 1 4 1 1 1 3 1 3 2 3 1 2 4 1 1 3 1 1 1 2 1 4 2 3 2 3 1 1 2 1 2 4 1 2 5 1 2 1 2 2 3 4 1 1 1 4 1 1 2 4 3 1 1 1 4 1 1 1 1 1 3 3 3 1 2 2 3 1 4 1 1 1 2 5 1 3 2 2 2 2 2 1 2 1 2 2 3 5 1 1 2 3 4 2 3 1 1 1 1 2 3 4 1 2 4 2 2 2 
  #Test Small 3409
  #Test Medium 8170
  #Test Large 10961
