Board size [mm] 225x125

Stats side 1
  #Components with background 38
  #Components with points 190
  #Components nofly 1
  #Components notouch 4
  #Pins 37531
  #GNDs 1145
  #VDDs 849
  #Clock 26
  #NoFly points 120
  #NoTouch points 756
  #Points [total] 40427

Stats side 2
  #Components with background 47
  #Components with points 189
  #Components nofly 3
  #Components notouch 2
  #Pins 37748
  #GNDs 1020
  #VDDs 757
  #Clock 13
  #NoFly points 544
  #NoTouch points 292
  #Points [total] 40374

Stats board (side 1 + side 2)
  #Components with background 85
  #Components with points 379
  #Components nofly 4
  #Components notouch 6
  #Pins 75279
  #GNDs 2165
  #VDDs 1606
  #Clock 39
  #NoFly points 664
  #NoTouch points 1048
  #Points [total] 80801
  #Nets 3762
    Net Size: 2165 1606 39 1 1 3 1 2 1 2 4 2 2 1 2 4 1 3 2 1 4 3 1 2 3 1 1 1 1 3 2 3 1 2 2 2 2 1 5 5 2 3 2 1 1 2 1 3 3 1 2 1 2 1 2 2 1 3 5 3 1 2 2 3 2 3 2 3 2 2 1 2 1 1 1 1 2 2 3 4 1 1 1 2 1 3 2 1 1 2 3 1 1 1 2 1 1 3 1 2 1 3 3 1 1 2 1 6 2 2 1 2 1 2 3 3 1 1 2 2 2 4 4 1 3 1 1 1 1 3 2 1 2 3 2 2 2 4 2 5 2 1 1 1 1 2 1 2 1 3 3 2 1 1 1 2 1 2 1 1 1 1 5 1 1 2 1 2 1 2 2 7 1 1 1 2 1 1 1 1 3 1 3 2 1 1 2 2 2 2 1 2 1 2 3 2 3 1 2 1 1 1 2 3 2 1 2 3 2 2 2 1 1 1 1 2 1 1 2 3 2 1 4 1 1 3 3 1 3 3 2 1 3 2 1 2 2 2 1 2 2 2 3 2 1 1 2 4 2 1 1 3 2 2 1 4 1 3 1 2 2 2 3 2 1 2 1 2 2 3 2 3 2 2 2 2 1 1 3 2 1 2 2 1 4 3 3 1 1 1 1 2 2 2 3 1 1 3 1 4 1 1 1 1 1 4 1 1 2 3 2 1 1 3 1 1 1 1 2 2 2 2 1 4 4 3 1 3 1 3 2 1 1 2 1 3 5 1 4 3 3 4 2 2 2 2 2 2 2 3 2 1 2 1 2 1 1 2 2 1 4 3 2 2 2 2 1 1 1 2 2 2 2 3 2 3 3 2 4 3 2 1 1 3 1 2 3 2 2 2 3 1 3 2 2 2 2 1 1 3 1 3 1 1 4 1 2 2 3 3 1 1 5 2 3 1 2 2 3 2 1 1 3 1 2 1 4 1 1 2 4 1 1 2 1 1 1 1 3 2 1 2 2 2 1 1 2 3 1 2 2 2 2 1 2 2 2 1 1 2 1 3 2 2 2 1 1 2 1 1 1 2 1 2 2 4 4 2 1 3 2 2 2 4 3 1 1 1 2 3 1 1 3 1 1 3 2 3 2 1 1 1 3 1 2 5 1 2 1 1 2 3 2 1 2 1 3 2 4 1 2 1 1 2 2 3 2 2 1 1 3 1 2 2 3 1 2 1 3 2 1 1 1 2 1 1 1 2 1 4 1 4 3 1 2 1 2 2 1 3 3 1 3 1 1 5 1 3 1 2 2 1 4 1 3 1 1 3 1 3 4 4 4 4 3 3 5 2 2 3 2 5 3 1 1 1 3 2 3 1 6 2 1 3 3 1 3 1 3 3 3 3 2 2 2 1 3 5 3 2 2 1 3 1 1 2 1 2 2 1 2 1 1 2 4 1 2 3 3 1 3 2 4 1 4 2 1 1 5 3 2 1 1 5 2 2 3 4 3 1 2 1 2 2 1 1 3 1 1 4 1 4 1 1 2 3 4 2 3 2 2 4 1 2 2 3 2 2 1 2 1 2 3 2 1 2 1 3 1 2 1 2 1 1 3 1 2 2 3 3 1 3 1 1 2 3 1 3 4 1 3 1 1 1 2 2 2 2 8 1 2 2 2 2 1 2 3 2 1 5 4 5 1 2 1 1 5 2 1 2 1 1 2 1 1 3 1 2 1 1 3 1 2 3 2 1 2 2 2 1 3 1 1 1 4 2 2 3 2 1 2 1 3 1 5 3 2 2 4 1 3 1 3 2 3 1 6 5 1 4 1 1 1 2 2 3 2 4 2 1 2 1 3 2 1 2 1 1 3 2 1 5 4 1 3 2 3 2 1 2 2 4 4 2 3 1 2 2 2 5 1 2 1 2 1 1 2 2 2 1 2 2 3 2 1 2 1 2 2 3 1 4 2 1 2 1 2 1 1 3 3 2 1 2 2 1 2 4 2 1 2 4 1 3 1 4 2 3 1 2 2 3 1 1 2 1 4 1 1 1 1 3 1 3 2 2 2 2 4 2 1 2 3 3 2 1 1 1 3 3 2 3 2 2 2 1 3 1 3 2 1 1 3 2 2 1 1 4 2 4 1 2 1 2 2 1 4 1 2 3 1 2 1 1 2 3 3 2 4 3 3 2 1 1 3 1 1 8 2 1 3 1 4 4 1 2 2 2 1 4 2 2 2 3 2 3 3 2 2 2 3 5 1 4 1 1 2 1 2 1 2 4 1 1 1 3 5 3 2 1 2 1 1 2 2 5 3 1 2 1 1 1 3 1 1 3 3 1 3 3 6 4 3 2 2 4 4 3 1 4 1 4 1 1 2 3 1 1 3 1 2 2 2 2 3 2 2 2 1 1 2 4 1 2 1 1 2 1 1 2 1 3 3 1 1 2 2 3 2 1 2 2 1 1 1 4 1 4 3 5 1 1 1 2 1 1 3 5 2 2 1 1 2 3 1 2 1 2 2 4 1 2 1 2 2 3 3 3 3 2 1 2 1 1 2 3 4 3 2 4 1 3 1 2 2 1 1 1 1 2 1 3 3 5 2 3 1 2 1 1 1 2 1 2 2 2 1 4 6 1 1 1 1 2 1 3 1 2 4 4 1 2 1 3 4 6 3 1 1 1 2 1 1 3 2 2 2 3 2 2 2 2 1 1 3 2 1 3 4 2 2 2 3 1 2 3 1 2 3 1 2 2 1 4 5 4 4 2 1 2 1 7 4 3 1 3 1 1 1 1 2 1 2 1 3 2 2 2 2 1 1 3 5 2 4 2 1 3 1 1 3 1 5 2 1 1 1 1 4 3 2 3 2 3 2 3 1 1 4 1 1 1 3 1 2 4 2 2 2 3 2 2 1 3 2 3 2 3 2 2 1 2 2 3 2 1 2 2 2 1 3 2 1 1 1 2 1 2 5 2 1 1 1 1 2 1 2 1 2 2 2 1 4 3 2 3 4 1 1 2 1 5 1 2 1 1 2 1 3 3 2 2 1 5 3 2 4 3 1 1 1 4 3 2 2 1 2 4 2 3 4 1 2 1 4 1 2 3 2 4 1 1 2 1 3 4 1 2 1 1 2 1 3 3 3 3 3 4 3 1 3 2 2 3 1 4 2 2 1 1 2 2 1 2 1 1 2 3 5 2 2 2 3 2 1 3 2 2 1 2 1 2 2 2 4 2 2 4 2 3 4 2 3 1 3 6 2 2 2 2 2 1 2 1 2 4 1 2 3 1 1 1 3 1 2 1 2 2 1 2 4 2 1 2 1 4 2 1 2 3 2 1 3 2 3 2 1 1 1 2 1 2 3 1 2 1 1 2 2 3 1 4 2 1 6 2 3 1 2 1 2 1 1 2 1 1 1 2 2 3 2 1 5 4 1 1 2 3 2 1 2 2 2 3 2 1 3 2 1 1 1 1 4 3 1 2 1 1 2 1 1 2 4 2 4 3 1 3 3 3 5 6 4 1 1 3 1 2 4 1 3 3 2 1 2 3 2 1 2 2 2 1 2 1 4 3 1 4 2 2 3 2 1 3 1 1 2 1 1 2 2 1 3 2 1 2 1 2 1 4 1 4 1 3 2 2 2 2 4 5 1 1 2 1 1 2 4 5 2 1 1 1 1 2 2 1 2 2 1 2 2 2 2 1 3 3 1 1 2 4 3 1 1 4 2 2 5 1 1 1 2 2 2 2 1 1 2 2 1 5 1 1 2 1 1 2 4 1 1 1 1 1 1 1 3 4 2 2 2 2 2 2 2 1 2 2 1 1 3 1 4 5 1 1 1 1 1 2 1 2 2 2 2 2 2 2 2 4 2 3 3 2 1 4 4 2 2 3 2 1 7 4 3 2 2 1 3 2 1 2 1 1 2 1 2 2 1 1 2 1 3 1 2 1 4 5 1 5 1 2 1 1 2 1 2 3 2 2 2 2 2 1 5 3 1 2 1 1 1 2 1 1 2 1 1 1 1 1 3 3 3 3 4 1 2 1 3 3 2 3 3 1 1 1 1 3 2 1 1 4 2 1 2 2 1 2 1 1 3 2 2 1 3 2 2 1 3 3 1 2 3 1 2 2 2 2 3 1 2 2 2 1 2 3 3 1 1 2 2 2 4 2 2 4 2 1 2 2 3 3 1 1 1 2 4 2 1 1 3 2 1 3 2 1 3 1 1 4 2 2 1 1 1 1 1 2 1 4 2 3 2 2 1 1 4 1 2 4 2 1 1 1 4 2 2 1 1 3 3 1 1 3 4 2 1 1 1 2 2 5 1 3 2 1 2 1 3 1 1 2 4 2 2 1 4 3 1 1 3 2 4 1 2 1 1 1 3 2 2 4 1 1 1 1 2 3 3 1 5 3 2 1 1 2 4 4 2 1 2 4 2 2 1 1 2 2 3 3 2 1 4 3 3 2 1 2 1 1 1 1 2 3 1 4 1 1 1 1 2 2 3 3 1 3 3 2 5 2 1 1 6 1 3 2 1 1 1 2 2 6 2 2 3 5 2 1 3 2 2 1 4 1 3 1 2 5 3 4 4 2 2 1 3 2 1 1 1 1 4 3 1 3 3 1 1 2 2 1 1 2 4 6 1 1 2 2 4 2 1 2 2 2 1 3 1 3 3 1 1 1 1 1 1 2 1 3 1 2 3 1 2 1 3 1 2 2 1 1 3 3 1 2 3 2 2 1 3 3 3 1 3 1 1 1 1 3 1 3 1 1 1 1 1 1 1 2 1 4 1 3 1 1 1 3 2 3 4 1 1 2 1 1 1 2 1 2 4 2 1 4 1 1 2 1 1 1 2 2 4 2 1 2 1 1 1 3 1 2 4 3 3 1 4 3 1 1 2 4 1 1 4 1 3 2 5 1 1 2 3 2 2 1 2 1 5 3 6 1 2 3 2 1 3 3 1 1 3 2 2 2 2 3 2 2 2 1 2 5 3 1 4 3 1 3 3 1 5 2 1 1 2 2 1 1 2 3 2 1 1 2 2 1 4 5 2 3 1 3 1 2 1 2 2 3 1 3 4 1 1 5 1 1 2 1 1 2 1 2 1 3 2 1 1 4 2 3 1 4 2 2 1 1 4 3 1 1 3 1 2 2 2 2 1 3 3 2 2 1 1 2 1 1 2 1 4 1 1 1 1 2 2 1 3 1 3 2 1 1 1 1 3 1 1 1 1 4 2 3 2 2 1 1 1 3 3 1 1 1 2 2 1 1 5 1 3 1 2 1 3 1 1 1 3 3 6 1 4 1 2 2 1 2 2 1 2 1 2 3 4 3 2 5 1 1 2 1 4 1 2 1 1 2 3 4 1 1 1 3 4 1 4 1 4 3 3 1 4 2 2 1 1 1 7 2 2 1 4 2 1 2 1 1 1 1 1 2 2 2 2 2 2 3 2 1 1 2 3 2 4 2 3 2 2 2 1 1 1 2 2 1 1 1 2 3 2 3 1 3 2 3 8 1 2 5 2 3 1 2 1 1 2 1 2 2 2 1 1 2 1 2 3 1 2 3 3 2 4 2 4 3 1 3 1 3 1 1 1 1 2 2 2 1 2 2 3 1 1 2 2 1 2 1 1 3 1 1 3 3 3 2 4 1 2 2 1 4 2 3 1 4 1 1 1 4 2 2 4 1 1 1 3 4 1 4 1 3 2 1 2 2 3 1 2 3 1 1 1 1 1 3 3 1 2 4 2 1 1 2 1 1 2 2 2 1 2 2 3 2 1 4 1 1 2 1 2 1 2 3 4 1 2 1 2 4 1 1 1 3 3 2 2 2 1 2 1 1 2 2 2 3 1 2 3 1 1 2 2 5 1 2 1 3 5 4 2 2 3 3 4 1 2 2 4 3 2 3 2 1 1 1 2 1 5 2 1 3 1 1 2 3 1 1 2 2 1 1 4 1 1 1 2 1 2 1 2 1 1 1 1 2 2 1 2 1 2 1 3 2 1 1 3 1 1 1 1 3 2 1 1 5 4 5 2 1 1 1 3 1 2 1 2 3 1 3 1 1 2 1 1 3 1 1 2 2 3 1 1 3 1 1 2 3 2 1 3 3 1 1 2 3 2 2 1 2 1 2 2 2 1 1 1 4 2 2 2 2 3 1 2 1 3 3 1 4 2 1 1 1 3 1 2 2 2 2 2 1 1 1 3 3 3 2 1 1 1 2 2 1 3 2 1 2 1 1 2 2 2 1 3 3 1 1 1 2 2 1 3 2 1 3 1 1 2 4 3 2 4 1 2 1 2 2 1 3 1 4 4 3 2 1 2 2 4 4 3 1 1 2 2 2 1 3 1 1 1 1 1 4 1 2 1 2 1 3 2 3 1 2 1 1 3 2 2 1 1 1 2 3 3 2 2 1 1 1 2 3 1 1 4 1 2 1 1 5 4 2 1 1 1 4 1 3 2 1 2 1 1 3 3 1 1 3 3 1 2 1 1 4 2 2 4 2 1 5 1 1 2 2 2 1 3 4 3 1 1 3 4 2 1 1 2 5 3 4 1 1 1 2 1 4 3 2 2 2 2 2 3 2 1 2 3 1 1 1 2 1 2 1 2 2 3 2 4 1 1 2 2 2 4 2 2 1 3 2 2 3 1 2 1 4 2 3 3 2 3 1 1 1 2 1 4 1 2 2 2 3 3 1 3 1 2 4 1 1 2 3 1 1 2 1 4 1 2 1 2 3 1 1 1 1 1 2 2 4 4 3 1 2 1 2 1 3 2 2 1 1 2 1 3 3 1 1 3 2 3 1 5 4 1 2 1 2 2 1 3 3 1 1 1 3 1 2 3 1 3 1 1 1 2 2 3 1 3 5 1 1 1 2 2 1 1 1 1 2 2 1 3 2 1 1 2 1 3 2 1 2 1 2 1 1 2 3 1 3 2 1 2 2 2 1 1 2 4 2 4 4 1 6 3 1 1 3 3 1 2 2 6 1 3 1 1 2 1 3 2 3 3 1 1 3 3 3 2 1 2 3 2 2 1 2 2 2 2 3 2 1 6 2 1 3 3 1 2 4 1 2 3 2 1 1 3 1 1 3 1 1 2 2 1 3 1 3 2 3 2 1 2 1 1 1 1 2 1 1 1 3 2 2 4 3 4 5 3 1 1 1 1 3 1 2 3 2 4 4 1 2 2 2 2 4 3 4 2 1 5 1 3 2 3 4 2 2 1 1 2 2 2 1 4 1 3 1 3 3 1 3 1 2 4 2 1 2 4 2 2 1 2 1 1 2 2 2 1 5 2 3 2 1 2 1 2 6 1 6 2 2 1 3 1 2 1 1 2 1 1 2 1 2 1 3 2 3 1 1 2 1 3 1 2 2 1 1 1 1 5 1 1 2 2 2 1 2 1 3 1 1 4 3 5 2 1 1 3 3 3 1 3 1 4 1 2 2 3 2 1 1 1 1 1 1 1 1 1 1 1 2 2 3 2 3 3 1 3 4 2 2 3 1 4 1 1 2 2 1 1 4 1 1 1 2 3 2 1 1 2 1 3 1 1 4 3 2 2 1 4 2 4 3 2 2 1 1 1 1 1 1 1 3 1 4 1 3 2 1 2 5 3 3 3 2 2 3 2 2 1 3 1 2 1 1 1 1 1 1 2 1 3 1 4 3 2 1 4 2 1 3 3 2 5 1 2 1 2 3 2 1 3 1 1 1 1 1 2 1 2 2 5 2 3 1 1 1 1 3 1 3 1 2 1 1 1 2 2 3 1 2 2 3 1 3 3 3 2 1 1 2 1 4 3 1 3 2 3 2 1 1 4 2 1 1 2 3 3 2 3 3 2 2 1 3 3 1 2 1 2 2 4 2 5 1 3 2 3 3 1 2 3 2 1 4 4 4 3 1 1 2 3 2 1 1 1 3 1 3 3 2 1 1 2 2 3 1 2 4 2 2 4 1 2 1 3 1 1 3 1 2 2 3 1 3 1 6 2 3 1 2 1 2 3 2 2 2 2 7 1 3 1 1 2 1 5 1 1 1 4 2 2 1 3 3 2 1 1 3 3 3 1 1 1 1 4 1 1 2 1 1 3 2 3 1 1 1 1 2 2 2 1 3 1 2 1 3 2 1 4 8 1 3 1 1 2 1 1 1 3 1 3 1 3 1 2 1 3 2 1 2 3 2 2 1 4 3 2 2 2 1 3 3 1 2 3 4 2 1 1 1 2 4 4 1 1 2 1 2 3 1 1 1 1 3 1 4 3 1 2 1 5 2 1 3 3 2 2 2 1 3 3 2 1 2 3 2 3 1 1 4 2 3 2 2 1 1 2 4 3 1 1 2 2 1 2 1 1 3 5 2 1 2 2 2 1 5 2 2 2 2 2 1 6 1 1 2 1 2 2 1 2 1 2 2 1 1 1 1 1 2 3 1 2 1 3 1 1 4 2 2 2 2 1 5 1 3 3 2 4 4 2 1 1 6 1 2 
  #Test Small 7974
  #Test Medium 13564
  #Test Large 18507
