0000000000000000000000000000000000011111111111111111111111111111111111111111111111111111111111101111111111111111111111111111111111111111111111111110000000000000000000000000000000000000000000000011111111111111111111111111111111111111111111111111111111111100000000000000000000000000000001111111111111111111111111111111111111100000000000000000000000000000000000000000000000000000000000000000000000000000
0000000000000000000000000000000000011111111111111111111111111111111111111111111111111111111111101111111111111111111111111111111111111111111111111110000000000000000000000000000000000000000000000011111111111111111111111111111111111111111111111111111111111100000000000000000000000000000002121212121112121212121211121212121212100000000000000000000000000000000000000000000000000000000000000000000000000000
0000000000000000000000000000000000011111111111111111111111111111111111111111111111111111111111101111111111111111111111111111111111111111111111111110000000000000000000000000000000000000000000000011111111111111111111111111111111111111111111111111111111111100000000000000000000000000000001212121211111212121212111112121212121100000000000000000000000000000000000000000000000000000000000000000000000000000
0000000000000000000000000000000000011111111111111111111111111111111111111111111111111111111111101111111111111111111111111111111111111111111111111110000000000000000000000000000000000000000000000011111111111111111111111111111111111111111111111111111111111100000000000000000000000000000002121212111112121212121111121212121211100000000000000000000000000000000000000000000000000000000000000000000000000000
0000000000000000000000000000000000011111212121212121212121212121212121212121212121212121211111101111111111111111111111111111111111111111111111111110000000000000000000000000000000000000000000000011111111111111111111111111111111111111111111111111111111111100000000000000000000000000000001212121111111212121211111112121212111100000000000000000000000000000000000000000000000000000000000000000000000000000
0000000000000000000000000000000000011111111111111111111111111111111111111111111111111111121111101111212121212121212121212121212121212121212121211110000000000000000000000000000000000000000000000011111111111111111111111111111111111111111111111111111111111100000000000000000000000000000002121211111112121212111111121212121111100000000000000000000000000000000000000000000000000000000000000000000000000000
0000000000000000000000000000000000011111211111114121212121212121111212121212121212111111111111101111111111111111111111111111111111111111111111111110000000000000000000000000000000000000000000000011111111111111111111111111111111111111111111111111111111111100000000000000000000000000000001212111111111212121111111112121211111100000000000000000000000000000000000000000000000000000000000000000000000000000
0000000000000000000000000000000000011111111111111111111111111111111111111111111111111111121111101111211111111111111111111111111111111111111111211110000000000000000000000000000000000000000000000011111111111111111111111111111111111111111111111111111111111100000000000000000000000000000002121111111112121211111111121212111111100000000000000000000000000000000000000000000000000000000000000000000000000000
0000000000000000000000000000000000011111211111112121212121212121111212121212121212111111111111101111111111111111111111111111111111111111111111111110000000000000000000000000000000000000000000000011111111111111111111111111111111111111111111111111111111111100000000000000000000000000000001211111111111212111111111112121111111100000000000000000000000000000000000000000000000000000000000000000000000000000
0000000000000000000000000000000000011111111111111111111111111111111111111111111111111111121111101111211111111111111111111111111111111111111111211110000000000000000000000000000000000000000000000011111111111111111111111111111111111111111111111111111111111100000000000000000000000000000002111111111112121111111111121211111111100000000000000000000000000000000000000000000000000000000000000000000000000000
0000000000000000000000000000000000011111211111112121212121212121111212121212121212111111111111101111111111111111111111111111111111111111111111111110000000000000000000000000000000000000000000000011111111111111111111111111111111111111111111111111111111111100000000000000000000000000000001111131141111111111311411111111113114100000000000000000000000000000000000000000000000000000000000000000000000000000
0000000000000000000000000000000000011111111111111111111111111111111111111111111111111111121111101111211111111111111111111111111111111111111111211110000000000000000000000000000000000000000000000011111111111111111111111111111111111111111111111111111111111100000000000000000000000000000002111111111112121111111111121211111111100000000000000000000000000000000000000000000000000000000000000000000000000000
0000000000000000000000000000000000011111211111112121212121212121111212121212121212111111111111101111111111111111111111111111111111111111111111111110000000000000000000000000000000000000000000000011111111111111111111111111111111111111111111111111111111111100000000000000000000000000000001211111111111212111111111112121111111100000000000000000000000000000000000000000000000000000000000000000000000000000
0000000000000000000000000000000000011111111111111111111111111111111111111111111111111111121111101111214121212121212121212121212121212121212141211110000000000000000000000000000000000000000000000011111111111111111111111111111111111111111111111111111111111100000000000000000000000000000002121111111112121211111111121212111111100000000000000000000000000000000000000000000000000000000000000000000000000000
0000000000000000000000000000000000011111211111112121212121212121111212121212121212111111111111101111111111111111111111111111111111111111111111111110000000000000000000000000000000000000000000000011111111111111111111111111111111111111111111111111111111111100000000000000000000000000000001212111111111212121111111112121211111100000000000000000000000000000000000000000000000000000000000000000000000000000
0000000000000000000000000000000000011111111111111111111111111111111111111111111111111111121111101111212121212121212121212121212121212121212121211110000000000000000000000000000000000000000000000011111111111111111111111111111111111111111111111111111111111100000000000000000000000000000002121211111112121212111111121212121111100000000000000000000000000000000000000000000000000000000000000000000000000000
0000000000000000000000000000000000011111211111112121212121212121111212121212121212111111111111101111111111111111111111111111111111111111111111111110000000000000000000000000000000000000000000000011111111111111111111111111111111111111111111111111111111111100000000000000000000000000000001212121111111212121211111112121212111100000000000000000000000000000000000000000000000000000000000000000000000000000
0000000000000000000000000000000000011111111111111111111111111111111111111111111111111111121111101111212121212121212121212121212121212121212121211110000000000000000000000000000000000000000000000011111111111111111111111111111111111111111111111111111111111100000000000000000000000000000002121212111112121212121111121212121211100000000000000000000000000000000000000000000000000000000000000000000000000000
0000000000000000000000000000000000011111211111112121212121212121111212121212121212111111111111101111111111111111111111111111111111111111111111111110000000000000000000000000000000000000000000000011111111111111111111111111111111111111111111111111111111111100000000000000000000000000000001212121211111212121212111112121212121100000000000000000000000000000000000000000000000000000000000000000000000000000
0000000000000000000000000000000000011111111111111111111111111111111111111111111111111111121111101111212121212121212121212121212121212121212121211110000000000000000000000000000000000000000000000011111111111111111111111111111111111111111111111111111111111100000000000000000000000000000002121212121112121212121211121212121212100000000000000000000000000000000000000000000000000000000000000000000000000000
0000000000000000000000000000000000011111211111112121212121212121111212121212121212111111111111101111111111111111111111111111111111111111111111111110000000000000000000000000000000000000000000000011111111111111111111111111111111111111111111111111111111111100000000000000000000000000000001111111111111111111111111111111111111100000000000000000000000000000000000000000000000000000000000000000000000000000
0000000000000000000000000000000000011111111111111111111111111111111111111111111111111111121111101111212121212121212121212121212121212121212121211110000000000000000000000000000000000000000000000011111111111111111111111111111111111111111111111111111111111100000000000000000000000000000001111111111111111111111111111111111111100000000000000000000000000000000000000000000000000000000000000000000000000000
0000000000000000000000000000000000011111211111112121212121212121111212121212121212111111111111101111111111111111111111111111111111111111111111111110000000000000000000000000000000000000000000000011111111111111111111111111111111111111111111111111111111111100000000000000000000000000000002121212121112121212121211121212121212100000000000000000000000000000000000000000000000000000000000000000000000000000
0000000000000000000000000000000000011111111111111111111111111111111111111111111111111111121111101111212121212121212121212121212121212121212121211110000000000000000000000000000000000000000000000011111111111111111111111111111111111111111111111111111111111100000000000000000000000000000001212121211111212121212111112121212121100000000000000000000000000000000000000000000000000000000000000000000000000000
0000000000000000000000000000000000011111211111112121212121212121111212121212121212111111111111101111111111111111111111111111111111111111111111111110000000000000000000000000000000000000000000000011111111111111111111111111111111111111111111111111111111111100000000000000000000000000000002121212111112121212121111121212121211100000000000000000000000000000000000000000000000000000000000000000000000000000
0000000000000000000000000000000000011111111111111111111111111111111111111111111111111111121111101111212121212121212121212121212121212121212121211110000000000000000000000000000000000000000000000011111111111111111111111111111111111111111111111111111111111100000000000000000000000000000001212121111111212121211111112121212111100000000000000000000000000000000000000000000000000000000000000000000000000000
0000000000000000000000000000000000011111211111112121212121212121111212121212121212111111111111101111111111111111111111111111111111111111111111111110000000000000000000000000000000000000000000000011111111111111111111111111111111111111111111111111111111111100000000000000000000000000000002121211111112121212111111121212121111100000000000000000000000000000000000000000000000000000000000000000000000000000
0000000000000000000000000000000000011111111111111111111111111111111111111111111111111111121111101111212121212121212121212121212121212121212121211110000000000000000000000000000000000000000000000011111111111111111111111111111111111111111111111111111111111100000000000000000000000000000001212111111111212121111111112121211111100000000000000000000000000000000000000000000000000000000000000000000000000000
0000000000000000000000000000000000011111211111112121212121212121111212121212121212111111111111101111111111111111111111111111111111111111111111111110000000000000000000000000000000000000000000000011111111111111111111111111111111111111111111111111111111111100000000000000000000000000000002121111111112121211111111121212111111100000000000000000000000000000000000000000000000000000000000000000000000000000
0000000000000000000000000000000000011111111111111111111111111111111111111111111111111111121111101111211111111111111111111111111111111111111111211110000000000000000000000000000000000000000000000011111111111111111111111111111111111111111111111111111111111100000000000000000000000000000001211111111111212111111111112121111111100000000000000000000000000000000000000000000000000000000000000000000000000000
0000000000000000000000000000000000011111211111112121212121212121111212121212121212111111111111101111111111111111111111111111111111111111111111111110000000000000000000000000000000000000000000000011111111111111111111111111111111111111111111111111111111111100000000000000000000000000000002111111111112121111111111121211111111100000000000000000000000000000000000000000000000000000000000000000000000000000
0000000000000000000000000000000000011111111111111111111111111111111111111111111111111111121111101111211111111111111111111111111111111111111111211110000000000000000000000000000000000000000000000011111111111111111111111111111111111111111111111111111111111100000000000000000000000000000001111131141111111111311411111111113114100000000000000000000000000000000000000000000000000000000000000000000000000000
0000000000000000000000000000000000011111211111112121212121212121111212121212121212111111111111101111112121212121212121212121212121212121212121111110000000000000000000000000000000000000000000000011111111111111111111111111111111111111111111111111111111111100000000000000000000000000000002111111111112121111111111121211111111100000000000000000000000000000000000000000000000000000000000000000000000000000
0000000000000000000000000000000000011111111111111111111111111111111111111111111111111111121111101111211111111111111111111111111111111111111111211110000000000000000000000000000000000000000000000011111111111111111111111111111111111111111111111111111111111100000000000000000000000000000001211111111111212111111111112121111111100000000000000000000000000000000000000000000000000000000000000000000000000000
0000000000000000000000000000000000011111211111112121212121212121111212121212121212111111111111101111112121212121212121212121212121212121212121111110000000000000000000000000000000000000000000000011111111111111111111111111111111111111111111111111111111111100000000000000000000000000000002121111111112121211111111121212111111100000000000000000000000000000000000000000000000000000000000000000000000000000
0000000000000000000000000000000000011111111111111111111111111111111111111111111111111111121111101111211111111111111111111111111111111111111111211110000000000000000000000000000000000000000000000011111111111111111111111111111111111111111111111111111111111100000000000000000000000000000001212111111111212121111111112121211111100000000000000000000000000000000000000000000000000000000000000000000000000000
0000000000000000000000000000000000011111211111112121212121212121111212121212121212111111111111101111112121212121212121212121212121212121212121111110000000000000000000000000000000000000000000000011111111111111111111111111111111111111111111111111111111111100000000000000000000000000000002121211111112121212111111121212121111100000000000000000000000000000000000000000000000000000000000000000000000000000
0000000000000000000000000000000000011111111111111111111111111111111111111111111111111111121111101111211111111111111111111111111111111111111111211110000000000000000000000000000000000000000000000011111111111111111111111111111111111111111111111111111111111100000000000000000000000000000001212121111111212121211111112121212111100000000000000000000000000000000000000000000000000000000000000000000000000000
0000000000000000000000000000000000011111211111112121212121212121111212121212121212111111111111101111112121212121212121212121212121212121212121111110000000000000000000000000000000000000000000000011111111111111111111111111111111111111111111111111111111111100000000000000000000000000000002121212111112121212121111121212121211100000000000000000000000000000000000000000000000000000000000000000000000000000
0000000000000000000000000000000000011111111111111111111111111111111111111111111111111111121111101111211111111111111111111111111111111111111111211110000000000000000000000000000000000000000000000011111111111111111111111111111111111111111111111111111111111100000000000000000000000000000001212121211111212121212111112121212121100000000000000000000000000000000000000000000000000000000000000000000000000000
0000000000000000000000000000000000011111211111112121212121212121111212121212121212111111111111101111112121212121212121212121212121212121212121111110000000000000000000000000000000000000000000000011111111111111111111111111111111111111111111111111111111111100000000000000000000000000000002121212121112121212121211121212121212100000000000000000000000000000000000000000000000000000000000000000000000000000
0000000000000000000000000000000000011111111111111111111111111111111111111111111111111111121111101111211111111111111111111111111111111111111111211110000000000000000000000000000000000000000000000011111111111111111111111111111111111111111111111111111111111100000000000000000000000000000001111111111111111111111111111111111111100000000000000000000000000000000000000000000000000000000000000000000000000000
0000000000000000000000000000000000011111211111112121212121212121111212121212121212111111111111101111112121212121212121212121212121212121212121111110000000000000000000000000000000000000000000000011111111111111111111111111111111111111111111111111111111111100000000000000000000000000000001111111111111111111111111111111111111100000000000000000000000000000000000000000000000000000000000000000000000000000
0000000000000000000000000000000000011111111111111111111111111111111111111111111111111111121111101111211111111111111111111111111111111111111111211110000000000000000000000000000000000000000000000011111111111111111111111111111111111111111111111111111111111100000000000000000000000000000002121212121112121212121211121212121212100000000000000000000000000000000000000000000000000000000000000000000000000000
0000000000000000000000000000000000011111211111114121212121212121111212121212121213111111111111101111112121212121212121212121212121212121212121111110000000000000000000000000000000000000000000000011111111111111111111111111111111111111111111111111111111111100000000000000000000000000000001212121211111212121212111112121212121100000000000000000000000000000000000000000000000000000000000000000000000000000
0000000000000000000000000000000000011111111111111111111111111111111111111111111111111111121111101111211111111111111111111111111111111111111111211110000000000000000000000000000000000000000000000011111111111111111111111111111111111111111111111111111111111100000000000000000000000000000002121212111112121212121111121212121211100000000000000000000000000000000000000000000000000000000000000000000000000000
0000000000000000000000000000000000011111212121212121212121212121212121212121212121212121211111101111113121212121212121212121212121212121212121111110000000000000000000000000000000000000000000000011111111111111111111111111111111111111111111111111111111111100000000000000000000000000000001212121111111212121211111112121212111100000000000000000000000000000000000000000000000000000000000000000000000000000
0000000000000000000000000000000000011111111111111111111111111111111111111111111111111111111111101111211111111111111111111111111111111111111111211110000000000000000000000000000000000000000000000011111111111111111111111111111111111111111111111111111111111100000000000000000000000000000002121211111112121212111111121212121111100000000000000000000000000000000000000000000000000000000000000000000000000000
0000000000000000000000000000000000011111111111111111111111111111111111111111111111111111111111101111111111111111111111111111111111111111111111111110000000000000000000000000000000000000000000000011111111111111111111111111111111111111111111111111111111111100000000000000000000000000000001212111111111212121111111112121211111100000000000000000000000000000000000000000000000000000000000000000000000000000
0000000000000000000000000000000000011111111111111111111111111111111111111111111111111111111111101111211111111111111111111111111111111111111111211110000000000000000000000000000000000000000000000011111111111111111111111111111111111111111111111111111111111100000000000000000000000000000002121111111112121211111111121212111111100000000000000000000000000000000000000000000000000000000000000000000000000000
0000000000000000000000000000000000011111111111111111111111111111111111111111111111111111111111101111111111111111111111111111111111111111111111111110000000000000000000000000000000000000000000000011111111111111111111111111111111111111111111111111111111111100000000000000000000000000000001211111111111212111111111112121111111100000000000000000000000000000000000000000000000000000000000000000000000000000
0000000000000000000000000000000000000000000000000000000000000000000000000000000000000000000000001111211111111111111111111111111111111111111111211110000000000000000000000000000000000000000000000011111111111111111111111111111111111111111111111111111111111100000000000000000000000000000002111111111112121111111111121211111111100000000000000000000000000000000000000000000000000000000000000000000000000000
0000000000000000000000000000000000000000000000000000000000000000000000000000000000000000000000001111111111111111111111111111111111111111111111111110000000000000000000000000000000000000000000000011111111111111111111111111111111111111111111111111111111111100000000000000000000000000000001111131141111111111311411111111113114100000000000000000000000000000000000000000000000000000000000000000000000000000
0000000000000000000000000000000000000000000000000000000000000000000000000000000000000000000000001111211111111111111111111111111111111111111111211110000000000000000000000000000000000000000000000011111111111111111111111111111111111111111111111111111111111100000000000000000000000000000002111111111112121111111111121211111111100000000000000000000000000000000000000000000000000000000000000000000000000000
0000000000000000000000000000000000000000000000000000000000000000000000000000000000000000000000001111121212121212121212121212121212121212121212111110000000000000000000000000000000000000000000000011111111111111111111111111111111111111111111111111111111111100000000000000000000000000000001211111111111212111111111112121111111100000000000000000000000000000000000000000000000000000000000000000000000000000
0000000000000000000000000000000000000000000000000000000000000000000000000000000000000000000000001111111111111111111111111111111111111111111111111110000000000000000000000000000000000000000000000011111111111111111111111111111111111111111111111111111111111100000000000000000000000000000002121111111112121211111111121212111111100000000000000000000000000000000000000000000000000000000000000000000000000000
0000000000000000000000000000000000000000000000000000000000000000000000000000000000000000000000001111111111111111111111111111111111111111111111111110000000000000000000000000000000000000000000000011111111111111111111111111111111111111111111111111111111111100000000000000000000000000000001212111111111212121111111112121211111100000000000000000000000000000000000000000000000000000000000000000000000000000
0000000000000000000000000000000000000000000000000000000000000000000000000000000000000000000000001111111111111111111111111111111111111111111111111110000000000000000000000000000000000000000000000011111111111111111111111111111111111111111111111111111111111100000000000000000000000000000002121211111112121212111111121212121111100000000000000000000000000000000000000000000000000000000000000000000000000000
0000000000000000000000000000000000000000000000000000000000000000000000000000000000000000000000001111111111111111111111111111111111111111111111111110000000000000000000000000000000000000000000000011111111111111111111111111111111111111111111111111111111111100000000000000000000000000000001212121111111212121211111112121212111100000000000000000000000000000000000000000000000000000000000000000000000000000
0000000000000000000000000000000000000000000000000000000000000000000000000000000000000000000000001111111111111111111111111111111111111111111111111110000000000000000000000000000000000000000000000011111111111111111111111111111111111111111111111111111111111100000000000000000000000000000002121212111112121212121111121212121211100000000000000000000000000000000000000000000000000000000000000000000000000000
0000000000000000000000000000000000000000000000000000000000000000000000000000000000000000000000000000000000000000000000000000000000000000000000000000000000000000000000000000000000000000000000000011111111111111111111111111111111111111111111111111111111111100000000000000000000000000000001212121211111212121212111112121212121100000000000000000000000000000000000000000000000000000000000000000000000000000
0000000000000000000000000000000000000000000000000000000000000000000000000000000000000000000000000000000000000000000000000000000000000000000000000000000000000000000000000000000000000000000000000011111111111111111111111111111111111111111111111111111111111100000000000000000000000000000002121212121112121212121211121212121212100000000000000000000000000000000000000000000000000000000000000000000000000000
0000000000000001111111111111111111111111111111111111111111111111111111111111111111111111111111111111111111111111111000000000000000000000000000000000000000000000000000000000000000000000000000000011111111111111111111111111111111111111111111111111111111111100000000000000000000000000000001111111111111111111111111111111111111100000000000000000001111111111111111111111111111111111111111000000000000000000
0000000000000001211212131112112112112141312121121111211111411212121121211411212121121112131131211121211111114131211000000000000000000000000000000000000000000000000000000000000000000000000000000011111111111111111111111111111111111111111111111111111111111100000000000000000000000001111111111111111111111111111111111111111111111111111111111110001111111111111111111111111111111111111111000000000000000000
0000000000000001111111111111111111111111111111111211111211111111111111111111111111111211111111112111112111311111111000000000000000000000000000000000000000000000000000000000000000000000000000000011111111111111111111111111111111111111111111111111111111111100000000000000000000000001111111111111111111111111111111111111111111111111111111111110001111111111111111111111111111111111111111000000000000000000
0000000000000001312112121121112121112112141212121111311111211131114131111111111111111111111113111111111111114131111000000000000000000000000000000000000000000000000000000000000000000000000000000011111111111111111111111111111111111111111111111111111111111100000000000000000000000001111111111111111111111111111111111111111111111111111111111110001111111111111111111111111111111111111111000000000000000000
0000000000000001111111111111111111111111111111111111111111111111111111111111111111111111111111114111111111111111111000000000000000000000000000000000000000000000000000000000000000000000000000000011111111111111111111111111111111111111111111111111111111111100000000000000000000000001111111111111111111111111111111111111111111111111111111111110001111111111111111111111111111111111111111000000000000000000
0000000000000001111141111111111111111111111114111114111111111311111131111111111111111111111111411111111111111121121000000000011111111111111111111111111111100000000000000000000000000000000000000011111111111111111111111111111111111111111111111111111111111100000000000000000000000001111111111111111111111111111111111111111111111111111111111110001111111111111111111111111111111111111111000000000000000000
0000000000000001111111111121113121211111111411111111121311141111121111111111111111212111111121111211111112111111111000000000011121212121212121212121212121100000000000000000000000000000000000000011111111111111111111111111111111111111111111111111111111111100000000000000000000000001111111111111111111111111111111111111111111111111111111111110001111111111111111111111111111111111111111000000000000000000
0000000000000001111121121111211111114112121111121311111111111211111112121121111211111112111111211112121111112121211000000000011111111111111111111111111111100000000000000000000000000000000000000011111111111111111111111111111111111111111111111111111111111100000000000000000000000001111111111111111111111111111111111111111111111111111111111110001111111111111111111111111111111111111111000000000000000000
0000000000000001121111111131112121111111111211111111111111111111111111111111111111114111111111111111111413111111111000000000011121111111111111111111111112100000000000000000000000000000000000000011111111111111111111111111111111111111111111111111111111111100000000000000000000000001111111111111111111111111111111111111111111111111111111111110001111111111111111111111111111111111111111000000000000000000
0000000000000001111111111111111111113131111111111111111131111311111111111111111111111111111111111111111111111111111000000000011111121212121212121212121411100000000000000000000000000000000000000011111111111111111111111111111111111111111111111111111111111100000000000000000000000001111111111111111111111111111111111111111111111111111111111110001111111111111111111111111111111111111111000000000000000000
0000000000000001311111111131212121111111111111111121211111111111211111111111111111131211111111111111111111111111111000000000011121212121111111111121211112100000000000000000000000000000000000000011111111111111111111111111111111111111111111111111111111111100000000000000000000000001111111111111111111111111111111111111111111111111111111111110001111111111111111111111111111111111111111000000000000000000
0000000000000001111111111111111111111111411111111111111111111111111412111111111111111111111111111111111111111111111000000000011111111111111111111111111211100000000000000000000000000000000000000011111111111111111111111111111111111111111111111111111111111100000000000000000000000001111111111111111111111111111111111111111111111111111111111110001111111111111111111111111111111111111111000000000000000000
0000000000000001111111111111111121211111111112111112111111111113111111111111211111111211211111111111111211111121111000000000011121112121111111111121211112101111111111111111111111111111111111110011111111111111111111111111111111111111111111111111111111111100011111111111111111111001111111111111111111111111111111111111111111111111111111111110001111111111111111111111111111111111111111000000000000000000
0000000000000001111111211111211111111111111111112111111111112111121312121211111211211111112121111212111111211111211000000000011111111111111111111111111211101111111111111111111111111111111111110011111111111111111111111111111111111111111111111111111111111100011111111111111112121001111111111111111111111111111111111111111111111111111111111110001111111111111111111111111111111111111111000000000000000000
0000000000000001211111111111111121121212111111111112121111111112111111111112121111111211111111211111121211113111111000000000011121212121111111111121211112101111111111111111111111111111111111110011111111111111111111111111111111111111111111111111111111111100011111111111111121211001111111111111111111111111111111111111111111111111111111111110001111111111111111111111111111111111111111000000000000000000
0000000000000001111212121213113111111111121311213111111212121211141311212111111212121112112111111212111112111121121000000000011111111111111111111111111211101111111111111111111111111111111111110011111111111111111111111111111111111111111111111111111111111100013111111111111212121001111111111111111111111111111111111111111111111111111111111110001111111111111111111111111111111111111111000000000000000000
0000000000000001211111111111111121211211111111111121211111111112111111111121111111111211111112111111121111111111111000000000011121112121111111111121211112101111212121111117777777777777777111110011111111111111111111111111111111111111111111111111111111111100011112121111111121211001111111111111111111111111111111111111111111111111111111111110001111111111111111111111111111111111111111000000000000000000
0000000000000001111112121212111111111114111212111111112131211111121413121111211211131111214111111212111311214111211000000000011111111111111111111111111211101111111111111117111111111111117111110011111111111111111111111111111111111111111111111111111111111100012121211111111112121001111111111111111111111111111111111111111111111111111111111110001111111111111111111111111111111111111111000000000000000000
0000000000000001212111111111111121311211121111111121211111112121111111111121111111111111111111311111111111111111111000000000011121112121111111111121211112101111121211111117111111111111117111110000000000000000000000000000000000000000000000000000000000000000011112121111111111211001111111111111111111111111111111111111111111111111111111111110001111111111111111111111111111111111111111000000000000000000
0000000000000001111111311111111111111114111111111111111111311111121212131111111111121111311111111213111121111111111000000000011111111111121212121111111211101111111111111117111111111111117111110000000000000000000000000000000000000000000000000000000000000000012121211111111112121001111111111111111111111111111111111111111111111111111111111110001111111111111111111111111111111111111111000000000000000000
0000000000000001131111112111111111212111114111111112111111112111111111111111111111111111111111311111111111111111111000000000011121212121111111111121211112101111212121111117111111111111117111110000000000000000000000000000000000000000000000000000000000000000011112121111111111211001111111111111111111111111111111111111111111111111111111111110001111111111111111111111111111111111111111000000000000000000
0000000000000001111111111111131131111111111112112111131212111111211121211111113111111112111111111121211111111111111000000000011111111111121111121111111211101111111111111117111111111111117111110000000000000000000000000000000000000000000000000000000000000000012121211111111112121001111111111111111111111111111111111111111111111111111111111110001111111111111111111111111111111111111111000000000000000000
0000000000000001111111111111111111111111111111111111111111111111111111111111111111112111141211111111111112121211111000000000011121212121111111111121211112101111121211111117111111111111117111110000000000000000000000000000000000000000000000000000000000000000011112121111111111211001111111111111111111111111111111111111111111111111111111111110001111111111111111111111111111111111111111000000000000000000
0000000000000001111111111131111212111111411121112111121111111111111311113111111111111111111111111111311111111111411000000000011111111111121111121111111211101111111111111117111111111111117111110000000000000000000000000000000000000000000000000000000000000000012121111111111111111001111111111111111111111111111111111111111111111111111111111110001111111111111111111111111111111111111111000000000000000000
0000000000000001111111111111111111111111112111111121111111211211111111111121131211121111111111111121111111121211111000000000011121212121111111111121211112101111212121111117111111111111117111110000000000000000000000000000000000111111111111111111110000000000011111111111111111111001111111111111111111111111111111111111111111111111111111111110001111111111111111111111111111111111111111000000000000000000
0000000000000001111112111311111111113111111111111111111111111113111111111111111111111213121212121111212121111112121000000000011111111111121111121111111211101111111111111117111111111111117111110000000000000000000000000000000000111111111111111121210000000000012121111111121111111001111111111111111111111111111111111111111111111111111111111110001111111111111111111111111111111111111111000000000000000000
0000000000000001111111111111111111111111111111111111111111111111111111111111131111111111111111111311111111111111111000000000011121212121111111111121211112101111121211111117111111111111117111110000000000000000000000000000000000111111111111111212110000000000011111111111211111111001111111111111111111111111111111111111111111111111111111111110001111111111111111111111111111111111111111000000000000000000
0000000000000001111112121121211112121111211112121211121112111111112111111111111111111111111111111113111111111111111000000000011111111111121111121111111211101111111111111117111111111111117111110000000000000000000000000000000000131111111111112121210000000000012111111112111111111001111111111111111111111111111111111111111111111111111111111110001111111111111111111111111111111111111111000000000000000000
0000000000000001111111111111111111111111111111111111111111111311111111111121114121121111114111121211111111121212111000000000011121212121111111111121211112101111212121111117111111111111117111110000000000000000000000000000000000111121211111111212110000000000011111111121121111111001111111111111111111111111111111111111111111111111111111111110001111111111111111111111111111111111111111000000000000000000
0000000000000001111211211121111121211111111111111111111111111111111111411111111111111111111111111111111111111111141000000000011111111111121111121111111211101111111111111117111111111111117111110000000000000000000000000000000000121212111111111121210000000000012111111211211111111001111111111111111111111111111111111111111111111111111111111110001111111111111111111111111111111111111111000000000000000000
0000000000000001121111111111211111111111121211141114111111111212111111111111121211111211112111211211121111141111111000000000011121212121111111111121211112101111121211111117111111111111117111110000000000000000000000000000000000111121211111111112110000000000011111112112111111111001111111111111111111111111111111111111111111111111111111111110001111111111111111111111111111111111111111000000000000000000
0000000000000001111313113121111313112141111112111111111211211111112112112121111114121112111111111111111411111311121000000000011111111111121111121111111211101111111111111117111111111111117111110000000000000000000000000000000000121212111111111121210000000000012111121121111111111001111111111111111111111111111111111111111111111111111111111110001111111111111111111111111111111111111111000000000000000000
0000000000000001111111111111211111111111112111121121121111111312111111111111211211111111121111212112131111411111111000000000011111212121111111111121211112101111212121111117111111111111117111110000111111111111111111111111111000111121211111111112110000000000011111211211111111111001111111111111111111111111111111111111111111111111111111111110001111111111111111111111111111111111111111000000000000000000
0000000000000001111312112121111212112121211121111111111211211111121121111211111111111111111211111111111111111212121000000000011121111111121111121111111211101111111111111117111111111111117111110000111111111111111111111111111000121212111111111121210000000000012111121121111111111001111111111111111111111111111111111111111111111111111111111110001111111111111111111111111111111111111111000000000000000000
0000000000000001111111111111211111111111112111211111111111111311111111111111111111111114111111141111111111121111111000000000011111212121111111111121211112101111121211111117111111111111117111110000121212121212121212121212121000111121211111111112110000000000011111112112111111111001111111111111111111111111111111111111111111111111111111111110001111111111111111111111111111111111111111000000000000000000
0000000000000001212114112111112121311211211111111111111121211111111211113121111111111111111111111111111111111212111000000000011121111111121111121111111211101111111111111117111111111111117111110000121212121212121212121212121000121211111111111111110000000000012111111211211111111001111111111111111111111111111111111111111111111111111111111110001111111111111111111111111111111111111111000000000000000000
0000000000000001111111111121311111111111112121211112111111111121111111111111111111314111113111111111111111111111111000000000011111212121111111111121211112101111212121111117111111111111117111110000112121212121212121212121211000111111111111111111110000000000011111111121121111111001111111111111111111111111111111111111111111111111111111111110001111111111111111111111111111111111111111000000000000000000
0000000000000001211121211111114111112111111111112111141121121111112111111111111111111111111111111111111111111112111000000000011121111111121111121111111211101111111111111117111111111111117111110000112121212121212121212121211000121211111111211111110000000000012111111112111111111001111111111111111111111111111111111111111111111111111111111110001111111111111111111111111111111111111111000000000000000000
0001111111111001111111113112111113111121111111111121111111111312111111111111212112121211121111111111111111111111111000000000011111212121111111111121211112101111121211111117111111111111117111110000121212121212121212121212121000111111111112111111110000000000011111211111211111111001111111111111111111111111111111111111111111111111111111111110001111111111111111111111111111111111111111000000000000000000
0001111211111001141111111111111111111111111121121111211111311111112121111411111111111111111111111111111111111111111000000000011121111111121212121111111211101111111111111117111111111111117111110000121212121212121212121212121000121111111121111111110000000000012111111111121111111001111111111111111111111111111111111111111111111111111111111110001111111111111111111111111111111111111111000000000000000000
0001121111211001111111111121211111111211111111111111111211113121111111111112112121311111121111111113111111111111211000000000011111212121111111111121211112101111212121111117111111111111117111110000112121212121212121212121211000111111111211211111110000000000011112111111111111111001111111111111111111111111111111111111111111111111111111111110001111111111111111111111111111111111111111000000000000000000
0001112111111001111111111111111111111111314111111111111111111111111212141111111111111114111212121411112121111111111000000000011121111111111111111111111211101111111111111117111111111111117111110000112121212121212121212121211000121111112112111111110000000000012111111111111111111000000000000000000000000000000000000000000000000000000000000000001111111111111111111111111111111111111111000000000000000000
0001211112111001111111111112111111112121111111111111111211112111111111111211111412114111111111111112111111112121211000000000011111212121111111111121211112101111121211111117111111111111117111110000121212121212121212121212121000111111121121111111110000000000011111211111111111111000000000000000000000000000000000000000000000000000000000000000001111111111111111111111111111111111111111000000000000000000
0001111111111001212111121211111411111111212112131212111112111111212131111112121111111121112121211111141211111111111000000000011121111111111111111111111211101111111111111117111111111111117111110000121212121212121212121212121000121111211211111111110000000000012112111111111111111000000000000000000000000000000000000000000000000000000000000000001111111111111111111111111111111111111111000000000000000000
0001111111121001111131111113121111121111111111111111112111121121111111113111111121214111111111111212111112111212111000000000011111212121111111111121211112101111212121111117111111111111117111110000111111111111111111111111111000111112112111111111110000000000011131111111111111111000000000000000000000000000000000000000000000000000000000000000001111111111111111111111111111111111111111000000000000000000
0001121211111001212111121111111211111121131121212111111111111111111211311131121111111121112114121111111211131111121000000000011121111111111111111111111211101111111111111117111111111111117111110000111111111111111111111111111000121111211211111111110000000000012111111111111111111000000000000000000000000000000000000000000000000000000000000000001111111111111111111111111111111111111111000000000000000000
0001111111111001111121111121111112121111111111111112121111111311211111112111111141121111411111111214111111111211111000000000011111212121111111111121211112101111121211111117111111111111117111110000111111111111111111111111111000111111121121111111110000000000011121111111111111111000000000000000000000000000000000000000000000000000000000000000001111111111111111111111111111111111111111000000000000000000
0001111111111001112111112111312111111121312113121111111212121111111121211112111111111121114113111111111212111111131000000000011121111111111111111111111211101111111111111117111111111111117111110000111111111111111111111111111000121111112112111111110000000000012111111111514131211000000000000000000000000000000000000000000000000000000000000000001111111111111111111111111111111111111111000000000000000000
0000000000000001111121411111111121141111111111111111211111111211111111111111141111411111111111111131111111111111111000000000011111112121111111111121211112101111212121111117111111111111117111110000121212121212121212121212121000111111111211211111110000000000011111111111111111111000000000000000000000000000000000000000000000000000000000000000001111111111111111111111111111111111111111000000000000000000
0000000000000001111111111111111111111111111311113111114131211111111111111121111111111111121212111111111212131211411000000000011121121212121212121212121211101111111111111117111111111111117111110000121212121212121212121212121000121111111121111111110000000000014121111111111111111000000000000000000000000000000000000000000000000000000000000000001111111111111111111111111111111111111111000000000000000000
0000000000000001111211111111111111111111111111111111111111111111411111111111111111212112111111112111121111111111111000000000011111111111111111111111111112101111111111111117111111111111117111110000112121212121212121212121211000111112111112111111110000000000011111111111111111111000000000000000000000000000000000000000000000000000000000000000001111111111111111111111111111111111111111000000000000000000
0000000000000001111111121111311111111211111111111111111111111111111111111111111111111111111111111111111111111111111000000000011111212121212121212121212121101111121211111117111111111111117111110000112121212121212121212121211000121111111111211111110000000000011111111111111111111000000000000000000000000000000000000000000000000000000000000000001111111111111111111111111111111111111111000000000000000000
0000000000000001111312111211112121111111212111111113112111312111121111211112112121211211111111112121211111111111111000000000011111111111111111111111111111101111111111111117111111111111117111110000121212121212121212121212121000111121111111111111110000000000011111111111111111111000000000000000000000000000000000000000000000000000000000000000001111111111111111111111111111111111111111000000000000000000
0000000000000001111111111112111111111311111111411111111131111111111111111111111111111113111131111111111111111111111000000000011111111111111111111111111111101111212121111117111111111111117111110000121212121212121212121212121000121111111111111111110000000000011111111111111112121000000000000000000000000000000000000000000000000000000000000000001111111111111111111111111111111111111111000000000000000000
0000000000000001141212121111121211111112121111111112121111111411121114111112111121111111111111211212121211111111211000000000000000000000000000000000000000001111111111111117111111111111117111110000112121212121212121212121211000111112111111111111110000000000011111111111111121211000000000000000000000000000000000000000000000000000000000000000001111111111111111111111111111111111111111000000000000000000
0000000000000001111111111114111111111111111111114111111113111111111111111111111111111111111111111111111111111111111000000000000000000000000000000000000000001111121211111117111111111111117111110000112121212121212121212121211000121121111111111111110000000000013111111111111212121000000000000000000000000000000000000000000000000000000000000000001111111111111111111111111111111111111111000000000000000000
0000000000000001111111141111111411111111111141111111112111114111121211111141111111111111111111212121131111111111121000000000000000000000000000000000000000001111111111111117111111111111117111110000121212121212121212121212121000111311111111111111110000000000011112121111111121211000000000000000000000000000000000000000000000000000000000000000001111111111111111111111111111111111111111000000000000000000
0000000000000001121112111111111112121111111111112121111121111121111112111111211212111212111121111111111212121211111000000000000000000000000000000000000000001111212121111117111111111111117111110000121212121212121212121212121000121111111111111111110000000000012121211111111112121000000000000000000000000000000000000000000000000000000000000000001111111111111111111111111111111111111111000000000000000000
0000000000000001111211114121111211111212121212111111211111121111211211121211111111111111121111212111111111111112141000000000000000000000000000000000000000001111111111111117111111111111117111110000111111111111111111111111111000111211111111111111110000000000011112121111111111211000000000000000000000000000000000000000000000000000000000000000001111111111111111111111111111111111111111000000000000000000
0000000000000001121112111111121111111111111111121211114111111111111113111113112121121121111121111112121312141111111000000000000000000000000000000000000000001111121211111117111111111111117111110000111111111111111111111111111000121111111115141312110000000000012121211111111112121000000000000000000000000000000000000000000000000000000000000000001111111111111111111111111111111111111111000000000000000000
0000000000000001111111111112111213121112111111111111111111111111111111111111111111111111111111131111111111111111111000000000000000000000000000000000000000001111111111111117111111111111117111110000111111111111111111111111111000111111111111111111110000000000011112121111111111211000000000000000000000000000000000000000000000000000000000000000000000000000000000000000000000000000000000000000000000000000
0000000000000001311111111111111111111111111111111111111111111111111111311111111111111111111111111111111111111111111000000000000000000000000000000000000000001111311141111117777777777777777111110000111111111111111111111111111000141211111111111111110000000000012121211111111112121000000000000000000000000000000000000000000000000000000000000000000000000000000000000000000000000000000000000000000000000000
0000000000000001111111111111111111111111111111111111111114111111111111114111141111111111111111111111112111111112121000000000000000000000000000000000000000001111111111111111111111111111111111110000121212121212121212121212121000111111111111111111110000000000011112121111111111211000111111111111111111111111111111111111111111111111111111111111111111111111111111111111111111111111111111111111111000000000
0000000000000001211121212121111111111211121112111211121211112121111121111112111212111111111111211131111141214111111000000000000000000000000000000000000000001111111111111111111111111111111111110000121212121212121212121212121000111111111111111111110000000000012121111111111111111000111111111111111111111111111111111111111111111111111111111111111111111111111111111111111111111111111111111111111000000000
0000000000000001111111111111111211211112111111111112111111311111212111211211111111121121212131112111211111111121111000000000012111111110000000000000000000001111111111111111111111111111111111110000112121212121212121212121211000111111111111111111110000000000011111111111111111111000111311121112111211121112111211121112111211121112111211121112111211121112111211121112111211121112111211121114111000000000
0000000000000001112111212112121111114111141111111111111131111111111111111111111111111111111111111111111111111111111000000000011112111310000000000000000000001111111111111111111111111111111111110000112121212121212121212121211000111111111111111121210000000000012121111111121111111000111111111111111111111111111111111111111111111111111111111111111111111111111111111111111111111111111111111111111000000000
0000000000000001111111111111111111111111111111111111111111111111111314111111111111111111111211113121211111111121111000000000011211111110000000000000000000000000000000000000000000000000000000000000121212121212121212121212121000111111111111111212110000000000011111111111211111111000111111111111111111111111111111111111111111111111111111111111111111111111111111111111111111111111111111111111111000000000
0000000000000001112121111112111111111111121212121111312141112111111111121111113111111111111112111111111121211111111000000000011121111110000000000000000000000000000000111111111100000000000000000000121212121212121212121212121000131111111111112121210000000000012111111112111111111000000000000000000000000011111000000000000000000000000000000000000000000000000001111111111110000000000000000000000000000000
0000000000000001111111111111111111111111111111111111111111111111111111111111111111141111111111131131111111111111111000000000012111112110000000000000000000000000000000111121111100000000000000000000112121212121212121212121211000111121211111111212110000000000011111111121121111111000000000000000000000000011111000000000000000000000000000000000000000000000000001111111111110000000000000000000000000000000
0000000000000001111131111111111111111111111141311111111211214111111111141311112111111111111211111111312121111111111000000000011211111110011111000001111111111100000000112111121100000000000000000000112121212121212121212121211000121212111111111121210000000000012111111211211111111000000000000000000000000012221000000000000000000000000000000000000000000000000001111111111110000000000000000000000000000000
0000000000000001111111121141111111111312111111111111111111111112121212111112111121121212121111211211111111312111121000000000011111121210011121000001211111112100000000111211111100000000000000000000121212121212121212121212121000111121211111111112110000000000011111112112111111111000000000000000000000000011111000000000012111111110000000000000000000000000000001131313131310000000000000000000000000000000
0000000000000001111211111111211411211111121212111121111211411411111111131211114111111111111211111113112111111141111000000000014112111110011211000001121111121100000000121111211100000000000000000000121212121212121212121212121000121212111111111121210000000000012111121121111111111000000000000000000000000011111000000000011112111310000000000000000000000000000001212121212110000000000000000000000000000000
0000000000000001311111121111111111111312111111121111111111111111212112111112111112121112111111212111111111214111111000000000011111111110012111000001112111211100000000111111111100000000000000000000111111111111111111111111111000111121211111111112110000000000011111211211111111111000000000000000000000000011111000000000011211111110000000000000000000000000000001111111111110000000000000000000000000000000
0000000000000001112111111111111111111111111111111111111411111411111111113111111111111111111111111111111111111141111000000000011111111110011111000001211212112100000000111111112100000000000000000000111111111111111111111111111000121212111111111121210000000000012111121121111111111000000000000000000000000011111000000000011121111110000000000000000000000000000001212121212110000000000000000000000000000000
0000000000000001111111111121111111121212111111131111141111111111311121111111111111212121111111111111111111212111111000000000000000000000011111000001121121121100000000112121111100000000000000000000111111111111111111111111111000111121211111111112110000000000011111112112111111111000000000000000000000000012221000000000012111112110000000000000000000000000000001121212121210000000000000000000000000000000
0000000000000001112111121111111111111111111412111211111112112111112111121411121111111111112141111111111111111121111000000000000000000000011121000001112111211100000000111111111100000000000000000000111111111111111111111111111000121211111111111111110000000000012111111211211111111000000000000000000000000011111000000000011211111110000000000000000000000000000001212121212110000000000000000000000000000000
0000000000000001111121111112111212121411121111111111212111111111111114111114111111111211111111121111111111314111111000000000000000000000011211000001111212111100000000111111111100000000000000000000121212121212121212121212121000111111111111111111110000000000011111111121121111111000000000000000000000000011111000000000011111121210000000000000000000000000000001111111111110000000000000000000000000000000
0000000000000001121111111111121111111111111121121111111121111111311211111111111112111111111312111121121121111111411000000000000000000000012111000001111121111100000000000000000000000000000000000000121212121212121212121212121000121211111111211111110000000000012111111112111111111000000000000000000000000000000000000000014112111110000000000000000000000000000001212121212110000000000000000000000000000000
0000000000000001111111121112111212113141211111111211111111112111111112121213111111111111111111111111111111121121111000000000000000000000011111000001111111111100000000000000000000000000000000000000112121212121212121212121211000111111111112111111110000000000011111211111211111111000000000000000000000000000000000000000011111111110000000000000000000000000000001121212121210000000000000000000000000000000
0000000000000001111411111411141111111111111312111112131111111111113111111111111111131211112111121111211111111111121000000000000000000000000000000000000000000000000000000000000000000000000000000000112121212121212121212121211000121111111121111111110000000000012111111111121111111000000000000000000000000000000000000000011111111110000000000000000000000000000001212121212110000000000000000000000000000000
0000000000000001111111211111111131111121211111121211111141212121211111211211112121111111111111111111111121113112111000000000000000000000000000000000000000000000000000000000000000000000000000000000121212121212121212121212121000111111111211211111110000000000011112111111111111111000000000000000000000000000000000000000000000000000000000000000000000000000000001111111111110000000000000000000000000000000
0000000000000001111111112111211111111111111121111111111111111111114111111111211111111121111111214121111111211111141000000000000000000000000000000000000000000000000000000000000000000000000000000000121212121212121212121212121000121111112112111111110000000000012111111111111111111000000000000000011111111111111111111111111111111111111111111111111111111111100001212121212110000000000000000000000000000000
0000000000000001412111411111111121211212111111211211111211121121111112111211113112111111112111111111411111111121111000000000000000000000000000000000000000000000000000000000000000000000000000000000112121212121212121212121211000111111121121111111110000000000011111211111111111111000000000000000011111111111111111111111111111111111111111111111111111111111100001121212121210000000000000000000000000000000
0000000000000001111111111131111111111111112131111111111112111111121411121111111111111411111112121121111121141111211000000000000000000000000000000000000000000000000000000000000000000000000000000000112121212121212121212121211000121111211211111111110000000000012112111111111111111000000000000000011111111111111111111111111111111111111111111111111111111111100001212121212110000000000000000000000000000000
0000000000000001211412121111111212112121211111212121111211121111111111111211112113111112131111111111111111111111111000000000000000001111111111111111111111111111111111111111111111111111111111110000121212121212121212121212121000111112112111111111110000000000011131111111111111111000000000000000011111111111111111111111111111111111111111111111111111111111100001111111111110000000001111100000000000000000
0000000000000001111111111211111111111111111111111111111113111111111111111111111111111111111111111111111141111111111000000000000000001111111111111111111111111111111111111111111111111111111111110000121212121212121212121212121000121111211211111111110000000000012111111111111111111000000000000000011111212121212121212121212121212121212121212121212121211111100001212121212110000000001111100000000000000000
0000000000000001131121111112111121111141111111141111111111111111111111111111111111111111111111111111111111111111111000000000000000001111111111111111111111111111111111111111111111111111111111110000111111111111111111111111111000111111121121111111110000000000011121111111111111111000000000000000011111111111111111111111111111111111111111111111111111121111100001121212121210000000001222100000000000000000
0000000000000001111111111111111111113111111111111111111111111112111211111111111111111111111131111111111131111111111000000000000000001111111111111111111111111111111111111111111111111111111111110000111111111111111111111111111000121111112112111111110000000000012111111111514131211000000000000000011111211111114121212121212121111212121212121212111111111111100001212121212110000000001111100000000000000000
0000000000000001111111211111112111211111113121111111111111121411131111111111111111131111111111111111111111111111111000000000000000001111121212121212121212121212121212121212121212121212121111110000111111111111111111111111111000111111111211211111110000000000011111111111111111111000000000000000011111111111111111111111111111111111111111111111111111121111100001111111111110000000001111100000000000000000
0000000000000001111111111111111111111111111111113112121414111114111411111111111111111211131314121121111112121111111000000000000000001111111111111111111111111111111111111111111111111111112111110000111111111111111111111111111000121111111121111111110000000000014121111111111111111000000000000000011111211111112121212121212121111212121212121212111111111111100001212121212110000000001111100000000000000000
0000000000000001211212111112112121211111121112111111111111111211131111212121121211111112111111111111121111111212111000000000000000001111121111111412121212121212111121212121212121211111111111110000121212121212121212121212121000111112111112111111110000000000011111111111111111111000000000000000011111111111111111111111111111111111111111111111111111121111100001121212121210000000001111100000000000000000
0000000000000001111111111211111111112121111111121312111213141111111211111111111112121211121211112112111121111111141000000000000000001111111111111111111111111111111111111111111111111111112111110000121212121212121212121212121000121111111111211111110000000000011111111111111111111000000000000000011111211111112121212121212121111212121212121212111111111111100001212121212110000000001222100000000000000000
0000000000000001112112111111121111111111131412111111121111111211211112121121111111111112111111211111121111121112111000000000000000001111121111111212121212121212111121212121212121211111111111110000112121212121212121212121211000111121111111111111110000000000000000000000000000000000000000000000011111111111111111111111111111111111111111111111111111121111100001111111111110000000001111100000000000000000
0000000000000001111111141311111112111131111111121211111112121111111111111111121212111211112111111114111212111111111000000000000000001111111111111111111111111111111111111111111111111111112111110000112121212121212121212121211000121111111111111111110000000000000000000000000000000000000000000000011111211111112121212121212121111212121212121212111111111111100001212121212110000000001111100000000000000000
0000000000000001111311111111111111111111111111111111111111111111111141111111111111111111111111111111111111111111111000000000000000001111121111111212121212121212111121212121212121211111111111110000121212121212121212121212121000111112111111111111110000000000000000000000000000000000000000000000011111111111111111111111111111111111111111111111111111121111100001121212121210000000000000000000000000000000
0000000000000001111111111111111111111211111111111111111111111111111111111111111111111111111111311111141111111111111000000000000000001111111111111111111111111111111111111111111111111111112111110000121212121212121212121212121000121121111111111111110000000000000000000000000000000000000000000000011111211111112121212121212121111212121212121212111111111111100001212121212110000000000000000000000000000000
0000000000000001111411111111111111111111111211111141111411111121111211112111111111212121111111111111111111121312141000000000000000001111121111111212121212121212111121212121212121211111111111110000112121212121212121212121211000111311111111111111110000000000000000000000000000000000000000000000011111111111111111111111111111111111111111111111111111121111100001111111111110000000000000000000000000000000
0000000000000001211114111121211411131112111111212111111112121111311112111111213111111111121111121311312111111111111000000000000000001111111111111111111111111111111111111111111111111111112111110000112121212121212121212121211000121111111111111111110000000000000000000000000000000000000000000000011111211111112121212121212121111212121212121212111111111111100001212121212110000000000000000000000000000000
0000000000000001112111121111111111111111131411111111121211111121112111111211111121212131111141111111111114121213121000000000000000001111121111111212121212121212111121212121212121211111111111110000121212121212121212121212121000111211111111111111110000000000000000000000000000000000000000000000011111111111111111111111111111111111111111111111111111121111100001111111111110000000000000000000000000000000
0000000000000001111111111111111111111111111111111111111111111111111111111111111111111111111111111111111111111111111000000000000000001111111111111111111111111111111111111111111111111111112111110000121212121212121212121212121000121111111115141312110000000000000000000000000000000000000000000000011111211111112121212121212121111212121212121212111111111111100001111111111110000000000000000000000000000000
0000000000000000000000000000000000000000000000000000000000000000000000000000000000000000000000000000000000000000000000000000000000001111121111111212121212121212111121212121212121211111111111110000111111111111111111111111111000111111111111111111110000000000000000000000000000000000000000000000011111111111111111111111111111111111111111111111111111121111100001111111111110000000000000000000000000000000
0000000000000000000000000000000000000000000000000000000000000000000000000000000000000000000000000000000000000000000000000000000000001111111111111111111111111111111111111111111111111111112111110000111111111111111111111111111000141211111111111111110000000000000000000000000000000000000000000000011111211111112121212121212121111212121212121212111111111111100001111111111110000000000000000000000000000000
0000000000000000000000000000000000000000000000000000000000000000000000000000000000000000000000000000000000000000000000000000000000001111121111111212121212121212111121212121212121211111111111110000121212121212121212121212121000111111111111111111110000000000000000000000000000000000000000000000011111111111111111111111111111111111111111111111111111121111100001222222222210000000000000000000000000000000
0000000000000000000000000000000000000000000000000000000000000000000000000000000000000000000000000000000000000000000000000000000000001111111111111111111111111111111111111111111111111111112111110000121212121212121212121212121000111111111111111111110000000000000000000000000000000000000000000000011111211111112121212121212121111212121212121212111111111111100001111111111110000000000000000000000000000000
0000000000000000000000000000000000000000000000000000000000000000000000000000000000000000000000000000000000000000000000000000000000001111121111111212121212121212111121212121212121211111111111110000112121212121212121212121211000000000000000000000000000000000000000000000000000000000000000000000011111111111111111111111111111111111111111111111111111121111100001222222222210000000000000000000000000000000
0000000000000000000000000000000000000000000000000000000000000000000000000000000000000000000000000000000000000000000000000000000000001111111111111111111111111111111111111111111111111111112111110000112121212121212121212121211000000000000000000000000000000000000000000000000000000000000000000000011111211111112121212121212121111212121212121212111111111111100001111111111110000000000000000000000000000000
0000000000000000000000000000000000000000000000000000000000000000000000000000000000000000000000000000000000000000000000000000000000001111121111111212121212121212111121212121212121211111111111110000121212121212121212121212121000000000000000000000000000000000000000000000000000000000000000000000011111111111111111111111111111111111111111111111111111121111100001222222222210000000000000000000000000000000
0000000000000000000000000000000000000000000000000000000000000000000000000000000000000000000000000000000000000000000000000000000000001111111111111111111111111111111111111111111111111111112111110000121212121212121212121212121000000000000000000000000000000000000000000000000000000000000000000000011111211111112121212121212121111212121212121212111111111111100001111111111110000000000000000000000000000000
0000000000000000000000000000000000000000000000000000000000000000000000000000000000000000000000000000000000000000000000000000000000001111121111111212121212121212111121212121212121211111111111110000112121212121212121212121211000000000000000000000000000000000000000000000000000000000000000000000011111111111111111111111111111111111111111111111111111121111100001222222222210000000000000000000000000000000
0000000000000000000000000000000000000000000000000000000000000000000000000000000000000000000000000000000000000000000000000000000000001111111111111111111111111111111111111111111111111111112111110000112121212121212121212121211000000000000000000000000000000000000000000000000000000000000000000000011111211111112121212121212121111212121212121212111111111111100001111111111110000000000000000000000000000000
0000000000000000000000000000000000000000000000000000000000000000000000000000000000000000000000000000000000000000000000000000000000001111121111111212121212121212111121212121212121211111111111110000121212121212121212121212121000000000000000000000000000000000000000000000000000000000000000000000011111111111111111111111111111111111111111111111111111121111100001111111111110000000000000000000000000000000
0000000000000000000000000000000000000000000000000000000000000000000000000000000000000000000000000000000000000000000000000000000000001111111111111111111111111111111111111111111111111111112111110000121212121212121212121212121000000000000000000000000000000000000000000000000000000000000000000000011111211111112121212121212121111212121212121212111111111111100001111111111110000000000000000000000000000000
0000000000000000000000000000000000000000000000000000000000000000000000000000000000000000000000000000000000000000000000000000000000001111121111111212121212121212111121212121212121211111111111110000111111111111111111111111111000000000000000000000000000000000000000000000000000000000000000000000011111111111111111111111111111111111111111111111111111121111100000000000000000000000000000000000000000000000
0000000000000000000000000000000000000000000000000000000000000000000000000000000000000000000000000000000000000000000000000000000000001111111111111111111111111111111111111111111111111111112111110000111111111111111111111111111000000000000000000000000000000000000000000000000000000000000000000000011111211111112121212121212121111212121212121212111111111111100000000000000000000000000000000000000000000000
0000000000000000000000000000000000000000000000000000000000000000000000000000000000000000000000000000000000000000000000000000000000001111121111111212121212121212111121212121212121211111111111110000121212121212121212121212121000000000000000000000000000000000000000000000000000000000000000000000011111111111111111111111111111111111111111111111111111121111100000000000000000000000000000000000000000000000
0000000000000000000000000000000000000000000000000000000000000000000000000000000000000000000000000000000000000000000000000000000000001111111111111111111111111111111111111111111111111111112111110000121212121212121212121212121000000000000000000000000000000000000000000000000000000000000000000000011111211111112121212121212121111212121212121212111111111111100000000000000000000000000000000000000000000000
0000000000000000000000000000000000000000000000000000000000000000000000000000000000000000000000000000000000000000000000000000000000001111121111111212121212121212111121212121212121211111111111110000112121212121212121212121211000000000000000000000000000000000000000000000000000000000000000000000011111111111111111111111111111111111111111111111111111121111100000000000000000000000000000000000000000000000
0000000000000000000000000000000000000000000000000000000000000000000000000000000000000000000000000000000000000000000000000000000000001111111111111111111111111111111111111111111111111111112111110000112121212121212121212121211000000000000000000000000000000000000000000000000000000000000000000000011111211111112121212121212121111212121212121212111111111111100000000000000000000000000000000000000000000000
0000000000000000000000000000000000000000000000000000000000000000000000000000000000000000000000000000000000000000000000000000000000001111121111111212121212121212111121212121212121211111111111110000121212121212121212121212121000000000000000000000000000000000000000000000000000000000000000000000011111111111111111111111111111111111111111111111111111121111100000000000000000000000000000000000000000000000
0000000000000000000000000000000000000000000000000000000000000000000000000000000000000000000000000000000000000000000000000000000000001111111111111111111111111111111111111111111111111111112111110000121212121212121212121212121000000000000000000000000000000000000000000000000000000000000000000000011111211111112121212121212121111212121212121212111111111111100000000000000000000000000000000000000000000000
0000000000000000000000000000000000000000000000000000000000000000000000000000000000000000000000000000000000000000000000000000000000001111121111111212121212121212111121212121212121211111111111110000112121212121212121212121211000000000000000000000000000000000000000000000000000000000000000000000011111111111111111111111111111111111111111111111111111121111100000000000000000000000000000000000000000000000
0000000000000000000000000000000000000000000000000000000000000000000000000000000000000000000000000000000000000000000000000000000000001111111111111111111111111111111111111111111111111111112111110000112121212121212121212121211000000000000000000000000000000000000000000000000000000000000000000000011111211111112121212121212121111212121212121212111111111111100000000000000000000000000000000000000000000000
0000000000000000000000000000000000000000000000000000000000000000000000000000000000000000000000000000000000000000000000000000000000001111121111111212121212121212111121212121212121211111111111110000121212121212121212121212121000000000000000000000000000000000000000000000000000000000000000000000011111111111111111111111111111111111111111111111111111121111100000000000000000000000000000000000000000000000
0000000000000000000000000000000000000000000000000000000000000000000000000000000000000000000000000000000000000000000000000000000000001111111111111111111111111111111111111111111111111111112111110000121212121212121212121212121000000000000000000000000000000000000000000000000000000000000000000000011111211111112121212121212121111212121212121212111111111111100000000000000000000000000000000000000000000000
0000000000000000000000000000000000000000000000000000000000000000000000000000000000000000000000000000000000000000000000000000000000001111121111111212121212121212111121212121212121211111111111110000111111111111111111111111111000000000000000000000000000000000000000000000000000000000000000000000011111111111111111111111111111111111111111111111111111121111100000000000000000000000000000000000000000000000
0000000000000000000000000000000000000000000000000000000000000000000000000000000000000000000000000000000000000000000000000000000000001111111111111111111111111111111111111111111111111111112111110000111111111111111111111111111000000000000000000000000000000000000000000000000000000000000000000000011111211111114121212121212121111212121212121213111111111111100000000000000000000000000000000000000000000000
0000000000000000000000000000000000000000000000000000000000000000000000000000000000000000000000000000000000000000000000000000000000001111121111111212121212121212111121212121212121211111111111110000121212121212121212121212121000000000000000000000000000000000000000000000000000000000000000000000011111111111111111111111111111111111111111111111111111121111100000000000000000000000000000000000000000000000
0000000000000000000000000000000000000000000000000000000000000000000000000000000000000000000000000000000000000000000000000000000000001111111111111111111111111111111111111111111111111111112111110000121212121212121212121212121000000000000000000000000000000000000000000000000000000000000000000000011111212121212121212121212121212121212121212121212121211111100000000000000000000000000000000000000000000000
0000000000000000000000000000000000000000000000000000000000000000000000000000000000000000000000000000000000000000000000000000000000001111121111111412121212121212111121212121212121311111111111110000112121212121212121212121211000000000000000000000000000000000000000000000000000000000000000000000011111111111111111111111111111111111111111111111111111111111100000000000000000000000000000000000000000000000
0000000000000000000000000000000000000000000000000000000000000000000000000000000000000000000000000000000000000000000000000000000000001111111111111111111111111111111111111111111111111111112111110000112121212121212121212121211000000000000000000000000000000000000000000000000000000000000000000000011111111111111111111111111111111111111111111111111111111111100000000000000000000000000000000000000000000000
0000000000000000000000000000000000000000000000000000000000000000000000000000000000000000000000000000000000000000000000000000000000001111121212121212121212121212121212121212121212121212121111110000121212121212121212121212121000000000000000000000000000000000000000000000000000000000000000000000011111111111111111111111111111111111111111111111111111111111100000000000000000000000000000000000000000000000
0000000000000000000000000000000000000000000000000000000000000000000000000000000000000000000000000000000000000000000000000000000000001111111111111111111111111111111111111111111111111111111111110000121212121212121212121212121000000000000000000000000000000000000000000000000000000000000000000000011111111111111111111111111111111111111111111111111111111111100000000000000000000000000000000000000000000000
0000000000000000000000000000000000000000000000000000000000000000000000000000000000000000000000000000000000000000000000000000000000001111111111111111111111111111111111111111111111111111111111110000112121212121212121212121211000000000000000000000000000000000000000000000000000000000000000000000000000000000000000000000000000000000000000000000000000000000000000000000000000000000000000000000000000000000
0000000000000000000000000000000000000000000000000000000000000000000000000000000000000000000000000000000000000000000000000000000000001111111111111111111111111111111111111111111111111111111111110000112121212121212121212121211000000000000000000000000000000000000000000000000000000000000000000000000000000000000000000000000000000000000000000000000000000000000000000000000000000000000000000000000000000000
0000000000000000000000000000000000000000000000000000000000000000000000000000000000000000000000000000000000000000000000000000000000001111111111111111111111111111111111111111111111111111111111110000121212121212121212121212121000000000000000000000000000000000000000000000000000000000000000000000000000000000000000000000000000000000000000000000000000000000000000000000000000000000000000000000000000000000
0000000000000000000000000000000000000000000000000000000000000000000000000000000000000000000000000000000000000000000000000000000000000000000000000000000000000000000000000000000000000000000000000000121212121212121212121212121000000000000000000000000000000000000000000000000000000000000000000000000000000000000000000000000000000000000000000000000000000000000000000000000000000000000000000000000000000000
0000000000000000000000000000000000000000000000000000000000000000000000000000000000000000000000000000000000000000000000000000000000000000000000000000000000000000000000000000000000000000000000000000111111111111111111111111111000000000000000000000000000000000000000000000000000000000000000000000000000000000000000000000000000000000000000000000000000000000000000000000000000000000000000000000000000000000
0000000000000000000000000000000000000000000000000000000000000000000000000000000000000000000000000000000000000000000000000000000000000000000000000000000000000000000000000000000000000000000000000000111111111111111111111111111000000000000000000000000000000000000000000000000000000000000000000000000000000000000000000000000000000000000000000000000000000000000000000000000000000000000000000000000000000000

