0000000000000000000000000000000000000000000000000000000000000000000000000000000000000000000000000000000000000000000000000000000000000000000000000000000000000000000000000000000000000000000000000011111111111111111111000000000000000011111111111111111111111111100000000000000000000000000000111111111111111111111111111111111111111100000000000000000000000000000000000000000000000000000000000000000000000000
0000000000000000000000000000000000001111111111111111111111111111111111111111111110000000000000000000000000000000000000000000000000000000000000000000000000000000000000000000000000000000000000000011111111111111111111000000000000000011111111111111111111111111100000000000000000000000000000111111111111111111111111111111111111111100000000000000000000000000000000000000000000000000000000000000000000000000
0000000000000000000000000000000000001211211111111111111111111111111111311211111110000000000000000000000000000000011111111111111111111111111111111111111111111100000000000000000000000000000000000011122222222222222221000000000000000012121212121212121212121212100000000000000000000000000000111111111111111111111111111111111111111100000000000000000000000000000000000000000000000000000000000000000000000000
0000000000000000000000000000000000001121211311211113112111111111111111113112111110000000000000000000000000000000012112111111111111111111111111111113112111111100000000000000000000000000000000000011111111111111111121000000000000000012121212121212121212121212100000000000000000000000000000111111111111111111111111111111111111111100000000000000000000000000000000000000000000000000000000000000000000000000
0000000000000000000000000000000000001211211113112111112114131121111111111111111110000000000000000000000000000000011212113112111131121111111111111111131121111100000000000000000000000000000000000012111111111111111121000000000000000011212121212121212121212121100000000000000000000000000000177777777777777777777777777777777777777100000000000000000000000000000000000000111111111111111111111111111111111000
0000000000000000000000000000000000001121121211111111111111111111111111111111111110000000000000000000000000000000012112111131121111121141311211111111111111111100000000000000000000000000000000000012111111111111111121000000000000000011212121212121212121212121100000000000000000000000000000171111111111111111111111111111111111117100000000000000000000000000000000000000111111111111111111111111111111111000
0000000000000000000000000000000000001111121211111111111111111111111111111111111110000000000000000000000000000000011211212111111111111111111111111111111111111100000000000000000000000000000000000012111111111111111121000000000000000012121212121212121212121212100000000000000000000000000000171111111111111111111111111111111111117100000000000000000000000000000000000000111111111111111111111111111111111000
0000000000000000000000000000000000001112111212111111111111111111111111111111111110000000000000000000000000000000011111212111111111111111111111111111111111111100000000000000000000000000000000000012111111111111111121000000000000000012121212121212121212121212100000000000000000000000000000171111111111111111111111111111111111117100000000000000000000000000000000000000111111111111111111111111111111111000
0000000000000000000000000000000000001111111211211111211411111111111111113112111110000000000000000000000000000000011121112121111111111111111111111111111111111100000000000000000000000000000000000012111111111111111121000000000000000011212121212121212121212121100000000000000000000000000000171111111111111111111111111111111111117100000000000000000000000000000000000000111121212121212121212121212141111000
0000000000000000000000000000000000001211411121111111111131121111111111111111111110000000000000000000000000000000011111112112111112114111111111111111131121111100000000000000000000000000000000000012111111111111111121000000000000000011212121212121212121212121100000000000000000000000000000171111111111111111111111111111111111117100000000000000000000000000000000000000111111111111111111111111111111111000
0000000000000000000000000000000000001111111112312121141111111111111111311214111110000000000000000000000000000000012114111211111111111311211111111111111111111100000000000000000000000000000000000012111111111111111121000000000000000012121212121212121212121212100000000000000000000000000000171111111111111111111111111111111111117100000000000000000000000000000000000000111121212121212121212121212121111000
0000000000000000000000000000000000001111111111211111111111111111111111111111111110000000000000000000000000000000011111111123121211411111111111111113112141111100000000000000000000000000000000000012111111111111111121000000000000000012121212121212121212121212100000000000000000000000000000171111111111111111111111111111111111117100000000000000000000000000000000000000111111111111111111111111111111111000
0000000000000000000000000000000000001311211111121121111111111111111111111111311210000000000000000000000000000000011111111112111111111111111111111111111111111100000000000000000000000000000000000012111111111111111121000000000000000011111111111111111111111111100000000000000000000000000000171111111111111111111111111111111111117100000000000000000000000000000000000000111121212121212121212121212121111000
0000000000000000000000000000000000001111131121112112111111111111111112114111111110000000000000000000000000000000013112111111211211111111111111111111111113112100000000000000000000000000000000000012111111111111111121000000000000000011111111111111111111111111100000000000000000000000000000171111111111111111111111111111111111117100000000000000000000000000000000000000111111111111111111111111111111111000
0000000000000000000000000000000000001111111111111211211111113112111111111111311210000000000000000000000000000000011111311211121121111111111111111121141111111100000000000000000000000000000000000012111111111111111121000000000000000011111111111111111111111111100000000000000000000000000000171111111111111111111111111111111111117100000000000000000000000000000000000000111121212121212121212121212121111000
0000000000000000000000000000000000001111111111113121111111111111111111131121111110000000000000000000000000000000011111111111112112111111131121111111111113112100000000000000000000000000000000000012111111111111111121000000000000000011111111111111111111111111100000000000000000000000000000171111111111111111111111111111111111117100000000000000000000000000000000000000111111111111111111111111111111111000
0000000000000000000000000000000000001111111111311212111111111111211411111111111110000000000000000000000000000000011111111111131211111111111111111111311211111100000000000000000000000000000000000012111111111111111111000000000000000012121212121212121212121212100000000000000000000000000000171111111111111111111111111111111111117100000000000000000000000000000000000000111121212121212121212121212121111000
0000000000000000000000000000000000001111111111112111121111111111111111113112111110000000000000000000000000000000011111111113112121111111111112114111111111111100000000000000000000000000000000000012222222222222222111000000000000000012121212121212121212121212100000000000000000000000000000171111111111111111111111111111111111117100000000000000000000000000000000000000111111111111111111111111111111111000
0000000000000000000000000000000000001111111111111112112111111111111111111131131120000000000000000000000000000000011111111111121111211111111111111111131121111100000000000000000000000000000000000011111111111111111111000000000000000011212121212121212121212121100000000000000000000000000000171111111111111111111111111111111111117100000000000000000000000000000000000000111121212121212121212121212121111000
0000000000000000000000000000000000001111111111111111112111131121111111111111111110000000000000000000000000000000011111111111111121121111111111111111111311311200000000000000000000000000000000000011111111111111111111000000000000000011212121212121212121212121100000000000000000000000000000171111111111111111111111111111111111117100000000000000000000000000000000000000111111111111111111111111111111111000
0000000000000000000000000000000000001111311211111111211121111111111111111111111110000000000000000000000000000000011111111111111111121111311211111111111111111100000000000000000000000000000000000011121212121212121211000000000000000012121212121212121212121212100000000000000000000000000000177777777777777777777777777777777777777100000000000000000000000000000000000000111121212121212121212121212121111000
0000000000000000000000000000000000001111111111111111211112111111111111111111111110000000000000000000000000000000011113112111111112111211111111111111111111111100000000000000000000000000000000000011212121212121212111000000000000000012121212121212121212121212100000000000000000000000000000111111111111111111111111111111111111111100000000000000000000000000000000000000111111111111111111111111111111111000
0000000000000000000000000000000000001111111111211411111211211111111111111111111110000000000000000000000000000000011111111111111112111121111111111111111111111100000000000000000000000000000000000011121212121212121211000000000000000011212121212121212121212121100000000000000000000000000000111111111111111111111111111111111111111100000000000000000000000000000000000000111121212121212121212121212121111000
0000000000000000000000000000000000001111111111111111131121211111111211411111111110000000000000000000000000000000011111111112114111112112111111111111111111111100000000000000000000000000000000000011111111111111111111000000000000000011212121212121212121212121100000000000000000000000000000111111111111111111111111111111111111111100000000000000000000000000000000000000111111111111111111111111111111111000
0000000000000000000000000000000000001111111111111111113112121111111121141111111110000000000000000000000000000000011111111111111111311212111111112114111111111100000000000000000000000000000000000011111111111111111111000000000000000012121212121212121212121212100000000000000000000000000000111111111111111111111111111111111111111100000000000000000000000000000000000000111111111111111111111111111111111000
0000000000000000000000000000000000001111111111111111111113121111111131121111111110000000000000000000000000000000011111111111111111131121211111111211411111111100000000000000000000000000000000000011111111111111111111000000000000000012121212121212121212121212100000000000000000000000000000111111111111111111111111111111111111111100000000000000000000000000000000000000111111111111111111111111111111111000
0000000000000000000000000000000000001111111111111111111111131211111111311211111110000000000000000000000000000000011111111111111111111131211111111311211111111100000000000000000000000000000000000011111111111111111111000000000000000011111111111111111111111111100000000000000000000000000000132222222222222222222222222222222222222100000000000000000000000000000000000000111111111111111111111111111111111000
0000000000000000000000000000000000001111111111111111131121111211411111111111111110000000000000000000000000000000011111111111111111111111312111111113112111111100000000000000000000000000000000000011122222222222222221000000000000000011111111111111111111111111100000000000000000000000000000111111111111111111111111111111111111111100000000000000000000000000000000000000111121212121212121212121212121111000
0000000000000000000000000000000000001111111111111111131121111211411111111111111110000000000000000000000000000000011111111111111111311211112114111111111111111100000000000000000000000000000000000011111111111111111121000000000000000011111111111111111111111111100000000000000000000000000000111212121212121212121212121212121212121100000000000000000000000000000000000000111111111111111111111111111111111000
0000000000000000000000000000000000001111111111111111111311211112114111111111111110000000000000000000000000000000011111111111111111311211112114111111111111111100000000000000000000000000000000000012111111111111111121000000000000000011111111111111111111111111100000000000000000000000000000111111111111111111111111111111111111111100000000000000000000000000000000000000111121212121212121212121212121111000
0000000000000000000000000000000000001111111111111111111111211121111111111111111110000000000000000000000000000000011111111111111111113112111121141111111111111100000000000000000000000000000000000012111111111111111121000000000000000012121212121212121212121212100000000000000000000000000000132222222222222222222222222222222222222100000000000000000000000000000000000000111111111111111111111111111111111000
0000000000000000000000000000000000001113112111111111111111111121111111111111111110000000000000000000000000000000011111111111111111111112111211111111111111111100000000000000000000000000000000000012111111111111111121000000000000000012121212121212121212121212100000000000000000000000000000111111111111111111111111111111111111111100000000000000000000000000000000000000111121212121212121212121212121111000
0000000000000000000000000000000000001311211111111111111131121211211111111111111110000000000000000000000000000000011131121111111111111111111211111111111111111100000000000000000000000000000000000012111111111111111121000000000000000011212121212121212121212121100000000000000000000000000000122121212121212121212121212121212121212100000000000000000000000000000000000000111111111111111111111111111111111000
0000000000000000000000000000000000001111111111111111311211111111211211111111131120000000000000000000000000000000013112111111111111111311212112111111111111111100000000000000000000000000000000000012111111111111111121000000000000000011212121212121212121212121100000000000000000000000000000111111111111111111111111111111111111111100000000000000000000000000000000000000111121212121212121212121212121111000
0000000000000000000000000000000000001111111111111111111111111121112111111111111110000000000000000000000000000000011111111111111113112111111112112111111111311200000000000000000000000000000000000012111111111111111121000000000000000012121212121212121212121212100000000000000000000000000000132222222222222222222222222222222222222100000000000000000000000000000000000000111111111111111111111111111111111000
0000000000000000000000000000000000001111111111111111111111111111112112111111111110000000000000000000000000000000011111111111111111111111111211121111111111111100000000000000000000000000000000000012111111111111111121000000000000000012121212121212121212121212100000000000000000000000000000111111111111111111111111111111111111111100000000000000000000000000000000000000111121212121212121212121212121111000
0000000000000000000000000000000000001111311211111111131121111111121121111111111110000000000000000000000000000000011111111111111111111111111111121121111111111100000000000000000000000000000000000012111111111111111121000000000000000011212121212121212121212121100000000000000000000000000000111212121212121212121212121212121212121100000000000000000000000000000000000000111111111111111111111111111111111000
0000000000000000000000000000000000001111111111111111111111111111111121111111111110000000000000000000000000000000011113112111111111311211111111211211111111111100000000000000000000000000000000000012111111111111111121000000000000000011212121212121212121212121100000000000000000000000000000111111111111111111111111111111111111111100000000000000000000000000000000000000111121212121212121212121212121111000
0000000000000000000000000000000000001111111111111111111111111111211111211211111110000000000000000000000000000000011111111111111111111111111111111211111111111100000000000000000000000000000000000012111111111111111121000000000000000012121212121212121212121212100000000000000000000000000000132222222222222222222222222222222222222100000000000000000000000000000000000000111111111111111111111111111111111000
0000000000000000000000000000000000001113112111111111111111111111111111211111111110000000000000000000000000000000011111111111111111111111111112111112112111111100000000000000000000000000000000000012111111111111111121000000000000000012121212121212121212121212100000000000000000000000000000111111111111111111111111111111111111111100000000000000000000000000000000000000111121212121212121212121212121111000
0000000000000000000000000000000000001111111111111111111111131121111111121121111110000000000000000000000000000000011131121111111111111111111111111112111111111100000000000000000000000000000000000012111111111111111121000000000000000011111111111111111111111111100000000000000000000000000000122121212121212121212121212121212121212100000000000000000000000000000000000000111111111111111111111111111111111000
0000000000000000000000000000000000001411111111111111111111111111111111112111121210000000000000000000000000000000011111111111111111111111311211111111211211111100000000000000000000000000000000000012111111111111111111000000000000000011111111111111111111111111100000000000000000000000000000111111111111111111111111111111111111111100000000000000000000000000000000000000111131212121212121212121212121111000
0000000000000000000000000000000000001111111111111111111111111111111111111211111110000000000000000000000000000000014111111111111111111111111111111111121111212100000000000000000000000000000000000012222222222222222111000000000000000011111111111111111111111111100000000000000000000000000000122222222222222222222222222222222222224100000000000000000000000000000000000000111111111111111111111111111111111000
0000000000000000000000000000000000001111111111111111111111111111111112114121121210000000000000000000000000000000011111111111111111111111111111111111112111111100000000000000000000000000000000000011111111111111111111000000000000000011111111111111111111111111100000000000000000000000000000111111111111111111111111111111111111111100000000000000000000000000000000000000111111111111111111111111111111111000
0000000000000000000000000000000000001111111111111111111111111111111111111112111110000000000000000000000000000000011111111111111111111111111111111121141211212100000000000000000000000000000000000011111111111111111111000000000000000012121212121212121212121212100000000000000000000000000000111111111111111111111111111111111111111100000000000000000000000000000000000000111111111111111111111111111111111000
0000000000000000000000000000000000000000000000111111111111111111111111111111111111111111111111111111111111111000011111111111111111111111111111111111111121111100000000000000000000000000000000000011121212121212121211000000000000000012121212121212121212121212100000000000000000000000000000111111111111111111111111111111111111111100000000000000000000000000000000000000111111111111111111111111111111111000
0000000000000000000000000000000000000000000000121111111141111111121121111111141111111121121111111141111111121000000000000000000000000000000000000000000000000000000000000000000000000000000000000011212121212121212111000000000000000011212121212121212121212121100000000000000000000000000000111111111111111111111111111111111111111100000000000000000000000000000000000000000000000000000000000000000000000000
0000000000000000000000000000000000000000000000112111111111111111211112111111111111111211112111111111111111211000000000000000000000000000000000000000000000000000000000000000000000000000000000000011121212121212121211000000000000000011212121212121212121212121100000000000000000000000000000111111111111111111111111111111111111111100000000000000000000000000000000000000000000000000000000000000000000000000
0000000000000000000000000000000000000000000000121211111111111112121121211111111111112121121211111111111112121000000000000000000000000000000000000000000000000000000000000000000000000000000000000011111111111111111111000000000000000012121212121212121212121212100000000000000000000000000000177777777777777777777777777777777777777100000000000000000000000000000000000000000000000000000000000000000000000000
0000000000000000000000000000000000000000000000112121111131111121211112121111131111121211112121111131111121211000000000000000000000000000000000000000000000000000000000000000000000000000000000000011111111111111111111000000000000000012121212121212121212121212100000000000000000000000000000171111111111111111111111111111111111117100000000000000000000000000000000000000000000000000000000000000000000000000
0000000000000000000000000000000000000000000000121212111111111212121121212111111111212121121212111111111212121000000000000000000000000000000000000000000000000000000000000000000000000000000000000011111111111111111111000000000000000011212121212121212121212121100000000000000000000000000000171111111111111111111111111111111111117100000000000000000000000000000000000000000000000000000000000000000000000000
0000000000000000000000000000000000000000000000112121211111112121211112121211111112121211112121211111112121211000000000000000000000000000000000000000000000000000000000000000000000000000000000000011111111111111111111000000000000000011212121212121212121212121100000000000000000000000000000171111111111111111111111111111111111117100000000000000000000000000000000000000000000000000000000000000000000000000
0000000000000000000000000000000000000000000000121212121111121212121121212121111121212121121212121111121212121000000000000000000000000000000000000000000000000000000000000000000000000000000000000011122222222222222221000000000000000012121212121212121212121212100000000000000000000000000000171111111111111111111111111111111111117100000000000000000000000000000000000000000000000000000000000000000000000000
0000000000000000000000000000000000000000000000112121212111212121211112121212111212121211112121212111212121211000000000000000000000000000000000000000000000000000000000000000000000000000000000000011111111111111111121000000000000000012121212121212121212121212100000000000000000000000000000171111111111111111111111111111111111117100000000000000000000000000000000000000000000000000000000000000000000000000
0000000000000000000000000000000000000000000000121212121212121212121121212121212121212121121212121212121212121000000000000000000000000000000000000000000000000000000000000000000000000000000000000012111111111111111121000000000000000011111111111111111111111111100000000000000000000000000000171111111111111111111111111111111111117100000000000000000000000000000000000000000000000000000000000000000000000000
0000000000000000000000000000000000000000000000112121212111212121211112121212111212121211112121212111212121211000000000000000000000000000000000000000000000000000000000000000000000000000000000000012111111111111111121000000000000000011111111111111111111111111100000000000000000000000000000171111111111111111111111111111111111117100000000000000000000000000000000000000000000000000000000000000000000000000
0000000000000000000000000000000000000000000000121212121212121212121121212121212121212121121212121212121212121000000000000000000000000000000000000000000000000000000000000000000000000000000000000012111111111111111121000000000000000011111111111111111111111111100000000000000000000000000000171111111111111111111111111111111111117100000000000000000000000000000000000000000000000000000000000000000000000000
0000000000000000000000000000000000000000000000111111111111111111111111111111111111111111111111111111111111111000000000000000000000000000000000000000000000000000000000000000000000000000000000000012111111111111111121000000000000000011111111111111111111111111100000000000000000000000000000171111111111111111111111111111111111117100000000000000000000000000000000000000000000000000000000000000000000000000
0000000000000000000000000000000000000000000000111111111111111111111111111111111111111111111111111111111111111000000000000000000000000000000000000000000000000000000000000000000000000000000000000012111111111111111121000000000000000012121212121212121212121212100000000000000000000000000000171111111111111111111111111111111111117100000000000000000000000000000000000000000000000000000000000000000000000000
0000000000000000000000000000000000000000000000111111111111111111111111111111111111111111111111111111111111111000000000000000000000000000000000000000000000000000000000000000000000000000000000000012111111111111111121000000000000000012121212121212121212121212100000000000000000000000000000171111111111111111111111111111111111117100000000000000000000000000000000000000000000000000000000000000000000000000
0000000000000000000000000000000000000000000000121111111141111111121121111111141111111121121111111141111111121000000000000000000000000000000000000000000000000000000000000000000000000000000000000012111111111111111121000000000000000011212121212121212121212121100000000000000000000000000000171111111111111111111111111111111111117100000000000000000000000000000000000000000000000000000000000000000000000000
0000000000000000000000000000000000000000000000112111111111111111211112111111111111111211112111111111111111211001111111111111111111111111111111111111111111111111111111111111111111111111111111100012111111111111111121000000000000000011212121212121212121212121100000000000000000000000000000171111111111111111111111111111111111117100000000000000000000000000000000000000000000000000000000000000000000000000
0000000000000000000000000000000000000000000000121211111111111112121121211111111111112121121211111111111112121001111111111111111111111111111111111111111111111111111111111111111111111111111111100012111111111111111121000000000000000012121212121212121212121212100000000000000011111111110000171111111111111111111111111111111111117100000000000000000000000000000000000000000000000000000000000000000000000000
0000000000000000000000000000000000000000000000112121111131111121211112121111131111121211112121111131111121211001111111111111111111111111111111111111111111111111111111111111111111111111111111100012111111111111111121000000000000000012121212121212121212121212100000000000000011112111110000171111111111111111111111111111111111117100111111111100000000000000000000000000000000000000000000000000000000000000
0000000000000000000000000000000000000000000000121212111111111212121121212111111111212121121212111111111212121001111111111111111111111111111111111111111111111111111111111111111111111111111111100012111111111111111121000000000000000011212121212121212121212121100000000000000011211112110000177777777777777777777777777777777777777100111121112100000000000000000000000000000000000000000000000000000000000000
0000000000000000000000000000000000000000000000112121211111112121211112121211111112121211112121211111112121211001111111111111111111111111111111111111111111111111111111111111111111111111111111100012111111111111111121000000000000000011212121212121212121212121100000000000000011121111110000111111111111111111111111111111111111111100112112121100000000000000000000000000000000000000000000000000000000000000
0000000000000000000000000000000000000000000000121212121111121212121121212121111121212121121212121111121212121001111111111111111111111111111111111111111111111111111111111111111111111111111111100012111111111111111111000000000000000012121212121212121212121212100000000000000012111121110000111111111111111111111111111111111111111100111211111100000000000000000000000000000000000000000000000000000000000000
0000000000000000000000000000000000000000000000112121212111212121211112121212111212121211112121212111212121211001111111111111111111111111111111111111111111111111111111111111111111111111111111100012222222222222222111000000000000000012121212121212121212121212100000000000000011111111110000111111111111111111111111111111111111111100121121221100000000000000000000000000000000000000000000000000000000000000
0000000000000000000000000000000000000000000000121212121212121212121121212121212121212121121212121212121212121001111111111111111111111111111111111111111111111111111111111111111111111111111111100011111111111111111111000000000000000011111111111111111111111111100000000000000011111111210000111111111111111111111111111111111111111100111111111100000000000000000000000000000000000000000000000000000000000000
0000000000000000000000000000000000000000000000112121212111212121211112121212111212121211112121212111212121211001111111111111111111111111111111111111111111111111111111111111111111111111111111100011111111111111111111000000000000000011111111111111111111111111100000000000000011212111110000111111111111111111111111111111111111111100211211212100000000000000000000000000000000000000000000000000000000000000
0000000000000000000000000000000000000000000000121212121212121212121121212121212121212121121212121212121212121001111111111111111111111111111111111111111111111111111111111111111111111111111111100000000000000000000000000000000000000012121212121212121212121212100000000000000011111111110000000000000000000000000000000000000000000000112121111100000000000000000000000000000000000000000000000000000000000000
0000000000000000000000000000000000000000000000111111111111111111111111111111111111111111111111111111111111111001111111111111111111111111111111111111111111111111111111111111111111111111111111100000000000000000000000000000000000000012121212121212121212121212100000000000000011111111110000000000000000000000000000000000000000000000111112121100000000000000000000000000000000000000000000000000000000000000
0000000000000000000000000000000000000000000000111111111111111111111111111111111111111111111111111111111111111001111111111111111111111111111111111111111111111111111111111111111111111111111111100000000000000000000000000000000000000011212121212121212121212121100000000000000000000000000000000000000000000000000000000000000000000000111111111100000000000000000000000000000000000000000000000000000000000000
0000000000000000000000000000000000000000000000111111111111111111111111111111111111111111111111111111111111111001111111111111111111111111111111111111111111111111111111111111111111111111111111100000000000000000000000000000000000000011212121212121212121212121100000000000000000000000000000000000000000000000000000000000000000000000000000000000000000000000000000000000000000000000000000000000000000000000
0000000000000000000000000000000000000000000000121111111141111111121121111111141111111121121111111141111111121001111111111111111111111111111111111111111111111111111111111111111111111111111111100000000000000000000000000000000000000012121212121212121212121212100000000000000000000000000000000000000000000000000000000000000000000000000000000000000000000000000000000000000000000000000000000000000000000000
0000000000000000000000000000000000000000000000112111111111111111211112111111111111111211112111111111111111211001111111111111111111111111111111111111111111111111111111111111111111111111111111100000000000000000000000000000000000000012121212121212121212121212100000000000001111111111111111111111111111111111111111111111111111111111110000000000000000000000000000000000000000000000000000000000000000000000
0000000000000000000000000000000000000000000000121211111111111112121121211111111111112121121211111111111112121001111111111111111111111111111111111111111111111111111111111111111111111111111111100000000000000000000000000000000000000011212121212121212121212121100000000000001111111111111111111111111111111111111111111111111111111111110000000000000000000000000000000000000000000000000000000000000000000000
0000000000000000000000000000000000000000000000112121111131111121211112121111131111121211112121111131111121211001111111111111111111111111111111111111111111111111111111111111111111111111111111100000000000000000000000000000000000000011212121212121212121212121100000000000001111111111111111111111111111111111111111111111111111111111110000000000000000000000000000000000000000000000000000000000000000000000
0000000000000000000000000000000000000000000000121212111111111212121121212111111111212121121212111111111212121001111111111111111111111111111111111111111111111111111111111111111111111111111111100000000000000000000000000000000000000012121212121212121212121212100000000000001111111111111111111111111111111111111111111111111111111111110000000000000000000000000000001111111111111111111111111111111111100000
0000000000000000000000000000000000000000000000112121211111112121211112121211111112121211112121211111112121211001111111111111111111111111111111111111111111111111111111111111111111111111111111100000000000000000000000000111111111110012121212121212121212121212100000000000001111111111111111111111111111111111111111111111111111111111110000000000000000000000000000001111111111111111111111111111111111100000
0000000000000000000000000000000000000000000000121212121111121212121121212121111121212121121212121111121212121001111111111111111111111111111111111111111111111111111111111111111111111111111111100000000000000000000000000111111111110011111111111111111111111111100000000000001111111111111111111111111111111111111111111111111111111111110000000000000000000000000000001111111111111111111111111111111111100000
0000000000000000000000000000000000000000000000112121212111212121211112121212111212121211112121212111212121211001111111111111111111111111111111111111111111111111111111111111111111111111111111100000000000000000000000000111111111110011111111111111111111111111100000000000001111111111111111111111111111111111111111111111111111111111110000000000000000000000000000001111111111111111111111111111111111100000
0000000000000000000000000000000000000000000000121212121212121212121121212121212121212121121212121212121212121001111111111111111111111111111111111111111111111111111111111111111111111111111111100000000000000000000000000111111111110012121212121212121212121212100000000000001111111111111111111111111111111111111111111111111111111111110000000000000000000000000000001111212121212121212121212121214111100000
0000000000000000000000000000000000000000000000000000000000000000000000000000000000000000000000000000000000000001111111111111111111111111111111111111111111111111111111111111111111111111111111100000000000000000000000000111212141110012121212121212121212121212100000000000001111111111111111111111111111111111111111111111111111111111110000000000000000000000000000001111111111111111111111111111111111100000
0000000000000000000000000000000000000000000000000000000000000000000000000000000111111111111111111111111100000001111111111111111111111111111111111111111111111111111111111111111111111111111111100000000000000000000000000111111111110011212121212121212121212121100000000000001111111111111111111111111111111111111111111111111111111111110000000000000011111011111000001111211111111111111111111111112111100000
0000000000000000000000000000000000000000000000000000111111111110000000000000000111111111111111111111111100000001111111111111111111111111111111111111111111111111111111111111111111111111111111100000000000000000000000000111111111110011212121212121212121212121100000000000001111111111111111111111111111111111111111111111111111111111110000000000000012121012121000001111111111111111111111111111111111100000
0000000000000000000000000000000000000000000000000000121111111210000000000000000111111111111111111111111100000001111111111111111111111111111111111111111111111111111111111111111111111111111111100000000000000000000000000111211121110012121212121212121212121212100000000000001111111111111111111111111111111111111111111111111111111111110000000000000011111011211000001111211111111111111111111111112111100000
0000000000000000000000000000000000000000000000000000112111112110000000000000000111111111111111111111111100000001111111111111111111111111111111111111111111111111111111111111111111111111111111100000000011111110000000000111111111110012121212121212121212121212100000000000001111111111111111111111111111111111111111111111111111111111110000000000000012121012121000001111111111111111111111111111111111100000
0000000000000000000000000000000000000000000000000000111211121110000000000000000111111111111111111111111100000001111111111111111111111111111111111111111111111111111111111111111111111111111111100000000011121110000000000111111111110011212121212121212121212121100000111110001111111111111111111111111111111111111111111111111111111111110000000000000011111011111000001111211111111111111111111111112111100000
0000000000000000000000000000000000000000000000000000121121211210000000000000000111888888888888112312311100000001111111111111111111111111111111111111111111111111111111111111111111111111111111100000000011111110000000000111211121110011212121212121212121212121100000111110001111111111111111111111111111111111111111111111111111111111110000000000000000000000000000001111111111111111111111111111111111100000
0000000000000000000000000000000000000000000000000000112112112110000000000000000111811111111118111111111100000001111111111111111111111111111111111111111111111111111111111111111111111111111111100000000012121210000000000111111111110012121212121212121212121212100000122210001111111111111111111111111111111111111111111111111111111111110000000000000000000000000000001111211111111111111111111111112111100000
0000000000000000000000000000000000000000000000000000111211121110000000000000000111811111111118112212211100000001111111111111111111111111111111111111111111111111111111111111111111111111111111100000000011111110000000000111111111110012121212121212121212121212100000111110001111111111111111111111111111111111111111111111111111111111110000000000000000000000000000001111111111111111111111111111111111100000
0000000000000000000000000000000000000000000000000000111121211110000000000000000111811111111118111111111100000001111111111111111111111111111111111111111111111111111111111111111111111111111111100000000011121110000000000111211121110011111111111111111111111111100000111110001111111111111111111111111111111111111111111111111111111111110000000000000000000000000000001111211111111121212121111111112111100000
0000000000000000000000000000000000000000000000000000111112111110000000000000000111811111111118112212211100000001111111111111111111111111111111111111111111111111111111111111111111111111111111100000000011111110000000000111111111110011111111111111111111111111100000111110001111111111111111111111111111111111111111111111111111111111110000000000000000000000000000001111111111111111111111111111111111100000
0000000000000000000000000000000000000000000000000000111111111110000000000000000111811111111118111111111100000001111111111111111111111111111111111111111111111111111111111111111111111111111111100000000000000000000000000111111111110012121212121212121212121212100000111110001111111111111111111111111111111111111111111111111111111111110000000000000000000000000000001111211111111121111121111111112111100000
0000000000000000000000000000000000000000000000000000000000000000000000000000000111811111111118112212211100000001111111111111111111111111111111111111111111111111111111111111111111111111111111100000000000000000000000000111211121110012121212121212121212121212100000122210001111111111111111111111111111111111111111111111111111111111110000000000000000000000000000001111111111111111111111111111111111100000
0000000000000000000000000000000000000000000000000000000000000000000000000000000111811111111118111111111100000001111111111111111111111111111111111111111111111111111111111111111111111111111111100000000000000000000000000111111111110011212121212121212121212121100000111110001111111111111111111111111111111111111111111111111111111111110000000000000000000000000000001111211111111121111121111111112111100000
0000000000000000000000000000000000000000000000000000000000000000000000000000000111811111111118112212211100000001111111111111111111111111111111111111111111111111111111111111111111111111111111100000000000000000000000000111111111110011212121212121212121212121100000111110001111111111111111111111111111111111111111111111111111111111110000000000000000000000000000001111111111111111111111111111111111100000
0000000000000000000000000000000000000000000000000000000000000000000000000000000111811111111118111111111100000001111111111111111111111111111111111111111111111111111111111111111111111111111111100000000000000000000000000111211121110012121212121212121212121212100000000000001111111111111111111111111111111111111111111111111111111111110000000000000000000000000000001111211111111121111121111111112111100000
0000000000000000000000000000000000000000000000000000000000000000000000000000000111811111111118112212211100000001111111111111111111111111111111111111111111111111111111111111111111111111111111100000000000000000000000000111111111110012121212121212121212121212100000000000001111111111111111111111111111111111111111111111111111111111110000000000000000000000000000001111111111111111111111111111111111100000
0000000000000000000000000000000000000000000000000000000000000000000000000000000111811111111118111111111100000001111111111111111111111111111111111111111111111111111111111111111111111111111111100000000000000000000000000111111111110011212121212121212121212121100000000000001111111111111111111111111111111111111111111111111111111111110000000000000000000000000000001111211111111121111121111111112111100000
0000000000000000000000000000000000000000000000000000000000000000000000000000000111811111111118112212211100000001111111111111111111111111111111111111111111111111111111111111111111111111111111100000000000000000000000000111211121110011212121212121212121212121100000000000001111111111111111111111111111111111111111111111111111111111110000000000000000000000000000001111111111111111111111111111111111100000
0000000000000000000000000000000000000000000000000000000000000000000000000000000111811111111118111111111100000001111111111111111111111111111111111111111111111111111111111111111111111111111111100000000000000000000000000111111111110012121212121212121212121212100000000000001111111111111111111111111111111111111111111111111111111111110000000000000000000000000000001111211111111121111121111111112111100000
0000000000000000000000000000000000000000000000000000000000000000000000000000000111811111111118112212211100000001111111111111111111111111111111111111111111111111111111111111111111111111111111100000000000000000000000000111111111110012121212121212121212121212100000000000001111111111111111111111111111111111111111111111111111111111110000000000000000000000000000001111111111111111111111111111111111100000
0000000000000000000000000000000000000000000000000000000000000000000000000000000111811111111118111111111100000001111111111111111111111111111111111111111111111111111111111111111111111111111111100000000000000000000000000111211121110011111111111111111111111111100000000000001111111111111111111111111111111111111111111111111111111111110000000000000000000000000000001111211111111121111121111111112111100000
0000000000000000000000000000000000000000000000000000000000000000000000000000000111811111111118112212211100000001111111111111111111111111111111111111111111111111111111111111111111111111111111100000000000000000000000000111111111110011111111111111111111111111100000000000001111111111111111111111111111111111111111111111111111111111110000000000000000000000000000001111111111111111111111111111111111100000
0000000000000000000000000000000000000000000000000000000000000000000000000000000111811111111118111111111100000001111111111111111111111111111111111111111111111111111111111111111111111111111111100000000000000000000000000111111111110000000000000000000000000000000000000000001111111111111111111111111111111111111111111111111111111111110000000000000000000000000000001111211111111121111121111111112111100000
0000000000000000000000000000000000000000000000000000000000000000000000000000000111811111111118112212211100000001111111111111111111111111111111111111111111111111111111111111111111111111111111100000000000000000000000000111211121110000000000000000000000000000000000000000001111111111111111111111111111111111111111111111111111111111110000000000000000000000000000001111111111111111111111111111111111100000
0000000000000000000000000000000000000000000000000000000000000000000000000000000111811111111118111111111100000001111111111111111111111111111111111111111111111111111111111111111111111111111111100000000000000000000000000111111111110000000000000000000000000000000000000000001111111111111111111111111111111111111111111111111111111111110000000000000000000000000000001111211111111121111121111111112111100000
0000000000000000000000000000000000000000000000000000000000000000000000000000000111811111111118112212211100000001111111111111111111111111111111111111111111111111111111111111111111111111111111100000000000000000000000000111111111110000000000000000000000000000000000000000001111111111111111111111111111111111111111111111111111111111110000000000000000000000000000001111111111111111111111111111111111100000
0000000000000000000000000000000000000000000000000000000000000000000000000000000111811111111118111111111100000001111111111111111111111111111111111111111111111111111111111111111111111111111111100000000000000000000000000111211121110000000000000000000000000000000000000000001111111111111111111111111111111111111111111111111111111111110000000000000000000000000000001111211111111121111121111111112111100000
0000000000000000000000000000000000000000000000000000000000000000000000000000000111811111111118112212211100000001111111111111111111111111111111111111111111111111111111111111111111111111111111100000000000000000000000000111111111110000000000000000000000000000000000000000001111111111111111111111111111111111111111111111111111111111110000000000000000000000000000001111111111111111111111111111111111100000
0000000000000000000000000000000000000000000000000000000000000000000000000000000111811111111118111111111100000001111111111111111111111111111111111111111111111111111111111111111111111111111111100000000000000000000000000111111111110000000000000000000000000000000000000000001111111111111111111111111111111111111111111111111111111111110000000000000000000000000000001111211111111121212121111111112111100000
0000000000000000000000000000000000000000000000000000000000000000000000000000000111811111111118112212211100000001111111111111111111111111111111111111111111111111111111111111111111111111111111100000000000000000000000000111211121110000000000000000000000000000000000000000001111111111111111111111111111111111111111111111111111111111110000000000000000000000000000001111111111111111111111111111111111100000
0000000000000000000000000000000000000000000000000000000000000000000000000000000111811111111118111111111100000001111111111111111111111111111111111111111111111111111111111111111111111111111111100000000000000000000000000111111111110000000000000000000000000000000000000000001111111111111111111111111111111111111111111111111111111111110000000000000000000000000000001111211111111111111111111111112111100000
0000000000000000000000000000000000000000000000000000000000000000000000000000000111811111111118112212211100000001111111111111111111111111111111111111111111111111111111111111111111111111111111100000000000000000000000000111111111110000000000000000000000000000000000000000001111111111111111111111111111111111111111111111111111111111110000000000000000000000000000001111111111111111111111111111111111100000
0000000000000000000000000000000000000000000000000000000000000000000000000000000111811111111118111111111100000001111111111111111111111111111111111111111111111111111111111111111111111111111111100000000000000000000000000111211121110000000000000000000000000000000000000000001111111111111111111111111111111111111111111111111111111111110000000000000000000000000000001111211111111111111111111111112111100000
0000000000000000000000000000000000000000000000000000000000000000000000000000000111811111111118112212211100000001111111111111111111111111111111111111111111111111111111111111111111111111111111100000000000000000000000000111111111110000000000000000000000000000000000000000001111111111111111111111111111111111111111111111111111111111110000000000000000000000000000001111111111111111111111111111111111100000
0000000000000000000000000000000000000000000000000000000000000000000000000000000111811111111118111111111100000001111111111111111111111111111111111111111111111111111111111111111111111111111111100000000000000000000000000111111111110000000000000000000000000000000000000000001111111111111111111111111111111111111111111111111111111111110000000000000000000000000000001111211111111111111111111111112111100000
0000000000000000000000000000000000000000000000000000000000000000000000000000000111811111111118112212211100000001111111111111111111111111111111111111111111111111111111111111111111111111111111100000000000000000000000000111211121110000000000000000000000000000000000000000001111111111111111111111111111111111111111111111111111111111110000000000000000000000000000001111111111111111111111111111111111100000
0000000000000000000000000000000000000000000000000000000000000000000000000000000111811111111118111111111100000001111111111111111111111111111111111111111111111111111111111111111111111111111111100000000000000000000000000111111111110000000000000000000000000000000000000000001111111111111111111111111111111111111111111111111111111111110000000000000000000000000000001111211111111111111111111111112111100000
0000000000000000000000000000000000000000000000000000000000000000000000000000000111811111111118112212211100000001111111111111111111111111111111111111111111111111111111111111111111111111111111100000000000000000000000000111111111110000000000000000000000000000000000000000001111111111111111111111111111111111111111111111111111111111110000000000000000000000000000001111111111111111111111111111111111100000
0000000000000000000000000000000000000000000000000000000000000000000000000000000111811111111118111111111100000001111111111111111111111111111111111111111111111111111111111111111111111111111111100000000000000000000000000111211121110000000000000000000000000000000000000000001111111111111111111111111111111111111111111111111111111111110000000000000000000000000000001111412121212121212121212121212111100000
0000000000000000000000000000000000000000000000000000000000000000000000000000000111811111111118112212211100000001111111111111111111111111111111111111111111111111111111111111111111111111111111100000000000000000000000000111111111110000000000000000000000000000000000000000001111111111111111111111111111111111111111111111111111111111110000000000000000000000000000001111111111111111111111111111111111100000
0000000000000000000000000000000000000000000000000000000000000000000000000000000111811111111118111111111100000001111111111111111111111111111111111111111111111111111111111111111111111111111111100000000000000000000000000111111111110000000000000000000000000000000000000000001111111111111111111111111111111111111111111111111111111111110000000000000000000000000000001111111111111111111111111111111111100000
0000000000000000000000000000000000000000000000000000000000000000000000000000000111811111111118112212211100000001111111111111111111111111111111111111111111111111111111111111111111111111111111100000000000000000000000000111211121110000000000000000000000000000000000000000001111111111111111111111111111111111111111111111111111111111110000000000000000000000000000001111111111111111111111111111111111100000
0000000000000000000000000000000000000000000000000000000000000000000000000000000111811111111118111111111100000001111111111111111111111111111111111111111111111111111111111111111111111111111111100000000000000000000000000111111111110000000000000000000000000000000000000000001111111111111111111111111111111111111111111111111111111111110000000000000000000000000000001111111111111111111111111111111111100000
0000000000000000000000000000000000000000000000000000000000000000000000000000000111811111111118112212211100000001111111111111111111111111111111111111111111111111111111111111111111111111111111100000000000000000000000000111111111110000000000000000000000000000000000000000001111111111111111111111111111111111111111111111111111111111110000000000000000000000000000000000000000000000000000000000000000000000
0000000000000000000000000000000000000000000000000000000000000000000000000000000111811111111118111111111100000001111111111111111111111111111111111111111111111111111111111111111111111111111111100000000000000000000000000111312121110000000000000000000000000000000000000000001111111111111111111111111111111111111111111111111111111111110000000000000000000000000000000000000000000000000000000000000000000000
0000000000000000000000000000000000000000000000000000000000000000000000000000000111811111111118112212211100000001111111111111111111111111111111111111111111111111111111111111111111111111111111100000000000000000000000000111111111110000000000000000000000000000000000000000001111111111111111111111111111111111111111111111111111111111110000000000000000000000000000000000000000000000000000000000000000000000
0000000000000000000000000000000000000000000000000000000000000000000000000000000111811111111118111111111100000001111111111111111111111111111111111111111111111111111111111111111111111111111111100000000000000000000000000111111111110000000000000000000000000000000000000000001111111111111111111111111111111111111111111111111111111111110000000000000000000000000000000000000000000000000000000000000000000000
0000000000000000000000000000000000000000000000000000000000000000000000000000000111811111111118112212211100000001111111111111111111111111111111111111111111111111111111111111111111111111111111100000000000000000000000000111111111110000000000000000000000000000000000000000001111111111111111111111111111111111111111111111111111111111110000000000000000000000000000000000000000000000000000000000000000000000
0000000000000000000000000000000000000000000000000000000000000000000000000000000111811111111118111111111100000001111111111111111111111111111111111111111111111111111111111111111111111111111111100000000000000000000000000111111111110000000000000000000000000000000000000000001111111111111111111111111111111111111111111111111111111111110000000000000000000000000000000000000000000000000000000000000000000000
0000000000000000000000000000000000000000000000000000000000000000000000000000000111811111111118112212211100000001111111111111111111111111111111111111111111111111111111111111111111111111111111100000000000000000000000000000000000000000000000000000000000000000000000000000001111111111111111111111111111111111111111111111111111111111110000000000000000000000000000000000000000000000000000000000000000000000
0000000000000000000000000000000000000000000000000000000000000000000000000000000111811111111118111111111100000001111111111111111111111111111111111111111111111111111111111111111111111111111111100000000000000000000000000000000000000000000000000000000000000000000000000000001111111111111111111111111111111111111111111111111111111111110000000000000000000000000000000000000000000000000000000000000000000000
0000000000000000000000000000000000000000000000000000000000000000000000000000000111811111111118112212211100000001111111111111111111111111111111111111111111111111111111111111111111111111111111100000000000000000000000000000000000000000000000000000000000000000000000000000001111111111111111111111111111111111111111111111111111111111110000000000000000000000000000000000000000000000000000000000000000000000
0000000000000000000000000000000000000000000000000000000000000000000000000000000111811111111118111111111100000001111111111111111111111111111111111111111111111111111111111111111111111111111111100000000000000000000000000000000000000000000000000000000000000000000000000000001111111111111111111111111111111111111111111111111111111111110000000000000000000000000000000000000000000000000000000000000000000000
0000000000000000000000000000000000000000000000000000000000000000000000000000000111811111111118112212211100000001111111111111111111111111111111111111111111111111111111111111111111111111111111100000000000000000000000000000000000000000000000000000000000000000000000000000001111111111111111111111111111111111111111111111111111111111110000000000000000000000000000000000000000000000000000000000000000000000
0000000000000000000000000000000000000000000000000000000000000000000000000000000111811111111118111111111100000001111111111111111111111111111111111111111111111111111111111111111111111111111111100000000000000000000000000000000000000000000000000000000000000000000000000000001111111111111111111111111111111111111111111111111111111111110000000000000000000000000000000000000000000000000000000000000000000000
0000000000000000000000000000000000000000000000000000000000000000000000000000000111888888888888114214211100000001111111111111111111111111111111111111111111111111111111111111111111111111111111100000000000000000000000000000000000000000000000000000000000000000000000000000001111111111111111111111111111111111111111111111111111111111110000000000000000000000000000000000000000000000000000000000000000000000
0000000000000000000000000000000000000000000000000000000000000000000000000000000111111111111111111111111100000001111111111111111111111111111111111111111111111111111111111111111111111111111111100000000000000000000000000000000000000000000000000000000000000000000000000000001111111111111111111111111111111111111111111111111111111111110000000000000000000000000000000000000000000000000000000000000000000000
0000000000000000000000000000000000000000000000000000000000000000000000000000000111111111111111111111111100000000000000000000000000000000000000000000000000000000000000000000000000000000000000000000000000000000000000000000000000000000000000000000000000000000000000000000001111111111111111111111111111111111111111111111111111111111110000000000000000000000000000000000000000000000000000000000000000000000
0000000000000000000000000000000000000000000000000000000000000000000000000000000111111111111111111111111100000000000000000000000000000000000000000000000000000000000000000000000000000000000000000000000000000000000000000000000000000000000000000000000000000000000000000000001111111111111111111111111111111111111111111111111111111111110000000000000000000000000000000000000000000000000000000000000000000000
0000000000000000000000000000000000000000000000000000000000000000000000000000000111111111111111111111111100000000000000000000000000000000000000000000000000000000000000000000000000000000000000000000000000000000000000000000000000000000000000000000000000000000000000000000001111111111111111111111111111111111111111111111111111111111110000000000000000000000000000000000000000000000000000000000000000000000
0000000000000000000000000000000000000000000000000000000000000000000000000000000111111111111111111111111100000000000000000000000000000000000000000000000000000000000000000000000000000000000000000000000000000000000000000000000000000000000000000000000000000000000000000000001111111111111111111111111111111111111111111111111111111111110000000000000000000000000000000000000000000000000000000000000000000000
1111111111111111111111111111111111111111111111111111111111111111111111111111111111111111111111111111111111111111111111111111111111111111111111111111111111111111111110000000000000000000000000000000000000000000000000000000000000000000000000000000000000000000000000000000001111111111111111111111111111111111111111111111111111111111110000000000000000000000000000000000000000000000000000000000000000000000
1111111111111111111111111111111111111111111111111111111111111111111111111111111111111111111111111111111111111111111111111111111111111111111111111111111111111111111110000000000000000000000000000111111111100000000000000000000000000000000000000000000000000000000000000000001111111111111111111111111111111111111111111111111111111111110000000000000000000000000000000000000000000000000000000000000000000000
1111111111111111111111111111111111111111111111111111111111111111111111111111111111111111111111111111111111111111111111111111111111111111111111111111111111111111111110000000000000000000000000000111111211100000000000000000011111000000000000000000000000000000000000000000001111111111111111111111111111111111111111111111111111111111110000000000000000000000000000000000000000000000000000000000000000000000
1111122222222222222222222222111111111122222222222122222222222111111111122222122222122222122222111111111122122122122122122122122111111111122222122222122222122222111110000000000000000000000000000112111111100000000000000000012121000000000000000000000000000000000000000000001111111111111111111111111111111111111111111111111111111111110000000000000000000000000000000000000000000000000000000000000000000000
1111122222222222222222222222111111111122222222222122222222222111111111122222122222122222122222111111111122122122122122122122122111111111121212121212121212121212111110000000000000000000000000000111121111100000000000000000011211000000000000000000000000000000000000000000001111111111111111111111111111111111111111111111111111111111110000000000000000000000000000000000000000000000000000000000000000000000
1111122222222222222222222222111111111122222222222122222222222111111111122222122222122222122222111111111111111111111111111111111111111111121212121212121212121212111110000000000000000000000000000111111111100000000000000000012121000000000000000000000000000000000000000000001111111111111111111111111111111111111111111111111111111111110000000000000000000000000000000000000000000000000000000000000000000000
1111122222222222222222222222111111111122222222222122222222222111111111122222122222122222122222111111111122122122122122122122122111111111121212121212121212121212111110000000000000000000000000000121111121100000000000000000011111000000000000000000000000000000000000000000001111111111111111111111111111111111111111111111111111111111110000000000000000000000000000000000000000000000000000000000000000000000
1111122222222222222222222222111111111122222222222122222222222111111111122222122222122222122222111111111122122122122122122122122111111111122222122222122222122222111110000000000000000000000000000111211111100000000000000000011111000000000000000000000000000000000000000000001111111111111111111111111111111111111111111111111111111111110000000000000000000000000000000000000000000000000000000000000000000000
1111122222222222222222222222111111111122222222222122222222222111111111111111111111111111111111111111111111111111111111111111111111111111111111111111111111111111111110000000000000000000000000000112111121100000000000000000012121000000000000000000000000000000000000000000001111111111111111111111111111111111111111111111111111111111110000000000000000000000000000000000000000000000000000000000000000000000
1111122222222222222222222222111111111122222222222122222222222111111111122222122222122222122222111111111122122122122122122122122111111111122222122222122222122222111110000000000000000000000000000111121111100000000000000000011211000000000000000000000000000000000000000000001111111111111111111111111111111111111111111111111111111111110000000000000000000000000000000000000000000000000000000000000000000000
1111122222222222222222222222111111111122222222222122222222222111111111122222122222122222122222111111111122122122122122122122122111111111121212121212121212121212111110000000000000000000000000000111111111100000000000000000012121000000000000000000000000000000000000000000000000000000000000000000000000000000000000000000000000000000000000000000000000000000000000000000000000000000000000000000000000000000
1111122222222222222222222222111111111122222222222122222222222111111111122222122222122222122222111111111111111111111111111111111111111111121212121212121212121212111110000000000000000000000000000000000000000000000000000000011111000000000000000000000000000000000000000000000000000000000000000000000000000000000000000000000000000000000000000000000000000000000000000000000000000000000000000000000000000000
1111122222222222222222222222111111111122222222222122222222222111111111122222122222122222122222111111111122122122122122122122122111111111121212121212121212121212111110000000000000000000000000000000000000000000000000000000000000000000000000000000000000000000000000000000000000000000000000000000000000000000000000000000000000000000000000000000000000000000000000000000000000000000000000000000000000000000
1111122222222222222222222222111111111122222222222122222222222111111111122222122222122222122222111111111122122122122122122122122111111111122222122222122222122222111110000000000000000000000000000000000000000000000000000000000000000000000000000000000000000000000000000000000000000000000000000000000000000000000000000000000000000000000000000000000000000000000000000000000000000000000000000000000000000000
1111122222222222222222222222111111111111111111111111111111111111111111111111111111111111111111111111111111111111111111111111111111111111111111111111111111111111111110000000000000000000000000000000000000000000000000000000000000000000000000000000000000000000000000000000000000000000000000000000000000000000000000000000000000000000000000000000000000000000000000000000000000000000000000000000000000000000
1111122222222222222222222222111111111122222222222122222222222111111111122222122222122222122222111111111122122122122122122122122111111111122222122222122222122222111110000000000000000000000000000000000000000000000000000000000000000000000000000000000000000000000000000000000000000000000000000000000000000000000000000000000000000000000000000000000000000000000000000000000000000000000000000000000000000000
1111122222222222222222222222111111111122222222222122222222222111111111122222122222122222122222111111111122122122122122122122122111111111121212121212121212121212111110000000000000000000000000000000000000000000000000000000000000000000000000000000000000000000000000000000000000000000000000000000000000000000000000000000000000000000000000000000000000000000000000000000000000000000000000000000000000000000
1111122222222222222222222222111111111122222222222122222222222111111111122222122222122222122222111111111111111111111111111111111111111111121212121212121212121212111110000000000000000000000000000000000000000000000000000000000000000000000000000000000000000000000000000000000000000000000000000000000000000000000000000000000000000000000000000000000000000000000000000000000000000000000000000000000000000000
1111122222222222222222222222111111111122222222222122222222222111111111122222122222122222122222111111111122122122122122122122122111111111121212121212121212121212111110000000000000000000000000000000000000000000000000000000000000000000000000000000000000000000000000000000000000000000000000000000000000000000000000000000000000000000000000000000000000000000000000000000000000000000000000000000000000000000
1111122222222222222222222222111111111122222222222122222222222111111111122222122222122222122222111111111122122122122122122122122111111111122222122222122222122222111110000000000000000000000000000000000000000000000000000000000000000000000000000000000000000000000000000000000000000000000000000000000000000000000000000000000000000000000000000000000000000000000000000000000000000000000000000000000000000000
1111122222222222222222222222111111111122222222222122222222222111111111111111111111111111111111111111111111111111111111111111111111111111111111111111111111111111111110000000000000000000000000000000000000000000000000000000000000000000000000000000000000000000000000000000000000000000000000000000000000000000000000000000000000000000000000000000000000000000000000000000000000000000000000000000000000000000
1111122222222222222222222222111111111122222222222122222222222111111111122222122222122222122222111111111122122122122122122122122111111111122222122222122222122222111110000000000000000000000000000000000000000000000000000000000000000000000000000000000000000000000000000000000000000000000000000000000000000000000000000000000000000000000000000000000000000000000000000000000000000000000000000000000000000000
1111122222222222222222222222111111111122222222222122222222222111111111122222122222122222122222111111111122122122122122122122122111111111121212121212121212121212111110000000000000000000000000000000000000000000000000000000000000000000000000000000000000000000000000000000000000000000000000000000000000000000000000000000000000000000000000000000000000000000000000000000000000000000000000000000000000000000
1111122222222222222222222222111111111122222222222122222222222111111111122222122222122222122222111111111111111111111111111111111111111111121212121212121212121212111110000000000000000000000000000000000000000000000000000000000000000000000000000000000000000000000000000000000000000000000000000000000000000000000000000000000000000000000000000000000000000000000000000000000000000000000000000000000000000000
1111122222222222222222222222111111111122222222222122222222222111111111122222122222122222122222111111111122122122122122122122122111111111121212121212121212121212111110000000000000000000000000000000000000000000000000000000000000000000000000000000000000000000000000000000000000000000000000000000000000000000000000000000000000000000000000000000000000000000000000000000000000000000000000000000000000000000
1111122222222222222222222222111111111122222222222122222222222111111111122222122222122222122222111111111122122122122122122122122111111111122222122222122222122222111110000000000000000000000000000000000000000000000000000000000000000000000000000000000000000000000000000000000000000000000000000000000000000000000000000000000000000000000000000000000000000000000000000000000000000000000000000000000000000000
1111111111111111111111111111111111111111111111111111111111111111111111111111111111111111111111111111111111111111111111111111111111111111111111111111111111111111111110000000000000000000000000000000000000000000000000000000000000000000000000000000000000000000000000000000000000000000000000000000000000000000000000000000000000000000000000000000000000000000000000000000000000000000000000000000000000000000
1111111111111111111111111111111111111111111111111111111111111111111111111111111111111111111111111111111111111111111111111111111111111111111111111111111111111111111110000000000000000000000000000000000000000000000000000000000000000000000000000000000000000000000000000000000000000000000000000000000000000000000000000000000000000000000000000000000000000000000000000000000000000000000000000000000000000000
1111111111111111111111111111111111111111111111111111111111111111111111111111111111111111111111111111111111111111111111111111111111111111111111111111111111111111111110000000000000000000000000000000000000000000000000000000000000000000000000000000000000000000000000000000000000000000000000000000000000000000000000000000000000000000000000000000000000000000000000000000000000000000000000000000000000000000
0000000000000000000000000000000000000000000000000000000000000000000000000000000000000000000000000000000000000000000000000000000000000000000000000000000000000000000000000000000000000000000000000000000000000000000000000000000000000000000000000000000000000000000000000000000000000000000000000000000000000000000000000000000000000000000000000000000000000000000000000000000000000000000000000000000000000000
0000000000000000000000000000000000000000000000000000000000000000000000000000000000000000000000000000000000000000000000000000000000000000000000000000000000000000000000000000000000000000000000000000000000000000000000000000000000000000000000000000000000000000000000000000000000000000000000000000000000000000000000000000000000000000000000000000000000000000000000000000000000000000000000000000000000000000
0000000000000000000000000000000000000000000000000000000000000000000000000000000000000000000000000000000000000000000000000000000000000000000000000000000000000000000000000000000000000000000000000000000000000000000000000000000000000000000000000000000000000000000000000000000000000000000000000000000000000000000000000000000000000000000000000000000000000000000000000000000000000000000000000000000000000000
0000000000000000000000000000000000000000000000000000000000000000000000000000000000000000000000000000000000000000000000000000000000000000000000000000000000000000000000000000000000000000000000000000000000000000000000000000000000000000000000000000000000000000000000000000000000000000000000000000000000000000000000000000000000000000000000000000000000000000000000000000000000000000000000000000000000000000
0000000000000000000000000000000000000000000000000000000000000000000000000000000000000000000000000000000000000000000000000000000000000000000000000000000000000000000000000000000000000000000000000000000000000000000000000000000000000000000000000000000000000000000000000000000000000000000000000000000000000000000000000000000000000000000000000000000000000000000000000000000000000000000000000000000000000000
0000000000000000000000000000000000000000000000000000000000000000000000000000000000000000000000000000000000000000000000000000000000000000000000000000000000000000000000000000000000000000000000000000000000000000000000000000000000000000000000000000000000000000000000000000000000000000000000000000000000000000000000000000000000000000000000000000000000000000000000000000000000000000000000000000000000000000
0000000000000000000000000000000000000000000000000000000000000000000000000000000000000000000000000000000000000000000000000000000000000000000000000000000000000000000000000000000000000000000000000000000000000000000000000000000000000000000000000000000000000000000000000000000000000000000000000000000000000000000000000000000000000000000000000000000000000000000000000000000000000000000000000000000000000000
0000000000000000000000000000000000000000000000000000000000000000000000000000000000000000000000000000000000000000000000000000000000000000000000000000000000000000000000000000000000000000000000000000000000000000000000000000000000000000000000000000000000000000000000000000000000000000000000000000000000000000000000000000000000000000000000000000000000000000000000000000000000000000000000000000000000000000
0000000000000000000000000000000000000000000000000000000000000000000000000000000000000000000000000000000000000000000000000000000000000000000000000000000000000000000000000000000000000000000000000000000000000000000000000000000000000000000000000000000000000000000000000000000000000000000000000000000000000000000000000000000000000000000000000000000000000000000000000000000000000000000000000000000000000000
0000000000000000000000000000000000000000000000000000000000000000000000000000000000000000000000000000000000000000000000000000000000000000000000000000000000000000000000000000000000000000000000000000000000000000000000000000000000000000000000000000000000000000000000000000000000000000000000000000000000000000000000000000000000000000000000000000000000000000000000000000000000000000000000000000000000000000
0000000000000000000000000000000000000000000000000000000000000000000000000000000000000000000000000000000000000000000000000000000000000000000000000000000000000000000000000000000000000000000000000000000000000000000000000000000000000000000000000000000000000000000000000000000000000000000000000000000000000000000000000000000000000000000000000000000000000000000000000000000000000000000000000000000000000000
0000000000000000000000000000000000000000000000000000000000000000000000000000000000000000000000000000000000000000000000000000000000000000000000000000000000000000000000000000000000000000000000000000000000000000000000000000000000000000000000000000000000000000000000000000000000000000000000000000000000000000000000000000000000000000000000000000000000000000000000000000000000000000000000000000000000000000
0000000000000000000000000000000000000000000000000000000000000000000000000000000000000000000000000000000000000000000000000000000000000000000000000000000000000000000000000000000000000000000000000000000000000000000000000000000000000000000000000000000000000000000000000000000000000000000000000000000000000000000000000000000000000000000000000000000000000000000000000000000000000000000000000000000000000000
0000000000000000000000000000000000000000000000000000000000000000000000000000000000000000000000000000000000000000000000000000000000000000000000000000000000000000000000000000000000000000000000000000000000000000000000000000000000000000000000000000000000000000000000000000000000000000000000000000000000000000000000000000000000000000000000000000000000000000000000000000000000000000000000000000000000000000
0000000000000000000000000000000000000000000000000000000000000000000000000000000000000000000000000000000000000000000000000000000000000000000000000000000000000000000000000000000000000000000000000000000000000000000000000000000000000000000000000000000000000000000000000000000000000000000000000000000000000000000000000000000000000000000000000000000000000000000000000000000000000000000000000000000000000000
0000000000000000000000000000000000000000000000000000000000000000000000000000000000000000000000000000000000000000000000000000000000000000000000000000000000000000000000000000000000000000000000000000000000000000000000000000000000000000000000000000000000000000000000000000000000000000000000000000000000000000000000000000000000000000000000000000000000000000000000000000000000000000000000000000000000000000
0000000000000000000000000000000000000000000000000000000000000000000000000000000000000000000000000000000000000000000000000000000000000000000000000000000000000000000000000000000000000000000000000000000000000000000000000000000000000000000000000000000000000000000000000000000000000000000000000000000000000000000000000000000000000000000000000000000000000000000000000000000000000000000000000000000000000000
0000000000000000000000000000000000000000000000000000000000000000000000000000000000000000000000000000000000000000000000000000000000000000000000000000000000000000000000000000000000000000000000000000000000000000000000000000000000000000000000000000000000000000000000000000000000000000000000000000000000000000000000000000000000000000000000000000000000000000000000000000000000000000000000000000000000000000
0000000000000000000000000000000000000000000000000000000000000000000000000000000000000000000000000000000000000000000000000000000000000000000000000000000000000000000000000000000000000000000000000000000000000000000000000000000000000000000000000000000000000000000000000000000000000000000000000000000000000000000000000000000000000000000000000000000000000000000000000000000000000000000000000000000000000000
0000000000000000000000000000000000000000000000000000000000000000000000000000000000000000000000000000000000000000000000000000000000000000000000000000000000000000000000000000000000000000000000000000000000000000000000000000000000000000000000000000000000000000000000000000000000000000000000000000000000000000000000000000000000000000000000000000000000000000000000000000000000000000000000000000000000000000
0000000000000000000000000000000000000000000000000000000000000000000000000000000000000000000000000000000000000000000000000000000000000000000000000000000000000000000000000000000000000000000000000000000000000000000000000000000000000000000000000000000000000000000000000000000000000000000000000000000000000000000000000000000000000000000000000000000000000000000000000000000000000000000000000000000000000000
0000000000000000000000000000000000000000000000000000000000000000000000000000000000000000000000000000000000000000000000000000000000000000000000000000000000000000000000000000000000000000000000000000000000000000000000000000000000000000000000000000000000000000000000000000000000000000000000000000000000000000000000000000000000000000000000000000000000000000000000000000000000000000000000000000000000000000
0000000000000000000000000000000000000000000000000000000000000000000000000000000000000000000000000000000000000000000000000000000000000000000000000000000000000000000000000000000000000000000000000000000000000000000000000000000000000000000000000000000000000000000000000000000000000000000000000000000000000000000000000000000000000000000000000000000000000000000000000000000000000000000000000000000000000000
0000000000000000000000000000000000000000000000000000000000000000000000000000000000000000000000000000000000000000000000000000000000000000000000000000000000000000000000000000000000000000000000000000000000000000000000000000000000000000000000000000000000000000000000000000000000000000000000000000000000000000000000000000000000000000000000000000000000000000000000000000000000000000000000000000000000000000
0000000000000000000000000000000000000000000000000000000000000000000000000000000000000000000000000000000000000000000000000000000000000000000000000000000000000000000000000000000000000000000000000000000000000000000000000000000000000000000000000000000000000000000000000000000000000000000000000000000000000000000000000000000000000000000000000000000000000000000000000000000000000000000000000000000000000000
0000000000000000000000000000000000000000000000000000000000000000000000000000000000000000000000000000000000000000000000000000000000000000000000000000000000000000000000000000000000000000000000000000000000000000000000000000000000000000000000000000000000000000000000000000000000000000000000000000000000000000000000000000000000000000000000000000000000000000000000000000000000000000000000000000000000000000

