Board size [mm] 125x225

Stats side 1
  #Components with background 28
  #Components with points 213
  #Components nofly 5
  #Components notouch 4
  #Pins 41200
  #GNDs 1008
  #VDDs 988
  #Clock 30
  #NoFly points 728
  #NoTouch points 646
  #Points [total] 44600

Stats side 2
  #Components with background 45
  #Components with points 196
  #Components nofly 1
  #Components notouch 2
  #Pins 34933
  #GNDs 933
  #VDDs 713
  #Clock 25
  #NoFly points 212
  #NoTouch points 402
  #Points [total] 37218

Stats board (side 1 + side 2)
  #Components with background 73
  #Components with points 409
  #Components nofly 6
  #Components notouch 6
  #Pins 76133
  #GNDs 1941
  #VDDs 1701
  #Clock 55
  #NoFly points 940
  #NoTouch points 1048
  #Points [total] 81818
  #Nets 4781
    Net Size: 1941 1701 55 3 2 3 2 3 1 1 1 1 2 1 1 1 1 1 2 2 2 2 3 1 5 2 3 1 3 1 1 1 1 1 2 1 2 1 2 1 2 1 1 2 2 1 1 1 1 1 2 1 2 1 1 1 2 2 1 1 1 2 3 2 3 1 1 1 2 3 1 1 1 1 1 2 1 1 1 1 1 3 2 1 3 1 1 2 1 2 1 1 4 2 2 1 1 1 2 3 2 1 2 1 1 2 2 3 1 2 1 1 2 2 2 4 2 2 1 3 2 1 1 1 1 1 3 1 1 1 1 1 1 2 1 1 1 2 1 2 2 1 1 2 1 2 2 1 1 2 1 1 1 2 1 1 1 1 4 3 2 1 1 2 2 1 1 1 1 1 1 1 1 1 2 2 1 2 2 1 1 1 1 2 2 2 3 1 1 1 2 1 2 1 3 2 2 3 2 1 3 2 1 2 1 1 1 1 3 1 3 1 2 1 1 1 3 1 2 2 2 2 1 3 1 2 2 2 3 1 1 3 4 2 1 2 1 1 1 1 1 1 2 2 1 2 2 1 2 4 1 1 1 2 3 1 1 2 1 1 1 2 1 1 2 2 2 3 1 1 5 1 1 1 2 1 3 1 1 1 2 2 2 1 1 1 1 1 1 3 1 3 1 1 2 4 2 3 1 3 1 1 1 1 3 3 1 1 1 1 1 3 2 2 1 3 1 1 1 2 3 1 1 1 1 1 1 1 1 1 1 1 2 1 1 2 1 1 2 3 2 2 2 4 2 2 2 1 1 1 1 2 1 2 1 1 2 3 1 1 1 1 2 1 1 1 2 2 2 2 3 2 4 1 3 1 2 1 1 3 3 1 1 2 2 1 2 1 1 1 2 2 1 2 1 2 1 2 2 1 3 1 1 1 3 3 2 1 3 1 1 2 2 2 3 3 1 1 1 1 1 1 2 1 1 1 2 1 2 1 2 1 2 2 1 2 1 1 1 2 1 1 4 1 2 1 1 1 2 1 2 1 1 1 1 2 1 2 1 3 1 2 1 1 1 1 2 2 1 3 1 2 2 1 2 1 1 1 2 2 1 1 2 1 3 1 1 2 3 1 1 1 1 1 1 2 3 4 1 2 1 1 1 1 2 2 2 1 2 2 2 3 1 1 1 1 1 1 1 1 2 2 2 1 1 2 2 2 1 1 2 1 1 4 2 2 1 1 2 1 3 1 2 2 1 2 1 1 2 1 1 1 2 1 1 1 4 3 5 1 2 1 1 3 2 3 2 1 2 3 3 2 2 1 1 1 3 1 1 1 4 1 3 2 1 1 2 1 1 4 2 3 2 3 1 3 2 1 1 1 2 2 1 1 2 1 1 1 1 2 2 1 1 2 2 1 1 2 1 1 1 1 1 2 4 1 3 1 2 1 1 1 1 2 1 4 2 2 1 1 2 2 1 2 1 2 2 1 3 1 1 3 2 1 2 2 1 2 2 2 2 2 1 2 2 2 5 1 1 1 1 1 2 1 1 3 2 2 1 2 3 1 1 2 2 1 1 2 1 1 2 1 2 1 1 2 2 2 2 1 1 4 1 1 1 1 1 3 1 1 2 2 1 2 4 2 1 2 3 1 1 3 1 1 1 2 3 2 4 2 3 3 1 1 1 1 1 1 3 1 3 2 1 1 1 1 4 1 3 1 1 1 2 1 1 1 1 3 1 2 2 3 1 1 1 1 2 1 1 2 1 1 1 2 1 2 2 1 1 1 1 1 1 4 1 1 1 1 2 3 2 2 1 3 1 1 1 3 1 2 1 2 2 1 2 1 2 3 1 1 1 2 1 2 2 2 1 1 1 3 1 1 2 1 2 3 2 2 2 2 1 5 1 2 1 1 1 1 1 2 1 1 1 3 1 4 2 2 1 1 3 2 2 4 1 1 3 1 1 2 1 1 3 1 2 1 3 2 2 2 1 1 2 1 2 1 3 1 4 3 2 2 2 1 3 3 1 1 1 1 3 1 2 2 1 1 2 1 1 1 1 1 2 2 1 4 1 1 1 1 1 1 3 5 1 2 1 2 1 2 2 1 3 4 3 1 3 2 1 1 1 1 1 1 1 2 2 1 1 1 1 1 2 1 1 1 1 2 2 2 1 1 2 1 1 2 1 1 1 2 1 1 3 2 1 1 3 1 3 1 1 1 1 3 1 2 2 1 2 2 1 1 2 2 1 2 1 1 2 1 1 2 1 1 3 1 3 1 2 2 2 1 2 1 1 1 1 1 1 1 3 2 1 2 1 1 1 1 2 1 1 5 1 1 2 2 1 3 1 1 1 1 1 3 3 1 1 3 2 2 1 2 1 1 1 1 1 1 2 1 1 1 2 3 1 3 1 1 1 1 1 1 1 1 2 2 1 1 1 1 4 1 1 2 2 5 2 3 1 1 3 1 1 1 1 2 1 1 2 1 2 2 1 1 1 1 1 1 1 1 3 1 3 2 2 4 2 1 1 1 1 1 2 2 1 1 1 1 1 2 1 1 1 3 2 1 2 1 1 2 3 2 2 1 1 3 1 2 1 1 1 3 1 4 1 1 1 1 2 1 2 2 2 1 2 1 1 2 1 2 3 1 1 1 1 2 1 1 4 1 1 1 1 1 2 3 1 1 1 2 1 1 1 2 1 2 1 1 2 1 1 1 1 1 2 1 1 2 2 1 1 3 3 2 1 1 1 1 3 2 1 2 1 2 3 2 2 4 1 1 2 1 2 2 2 1 1 1 1 1 1 1 2 3 2 1 2 1 3 2 1 2 1 2 1 1 1 2 1 1 1 3 2 1 1 1 1 1 1 1 2 2 1 3 1 2 1 1 2 1 1 1 1 1 1 1 1 2 1 1 1 2 3 1 2 2 3 3 2 2 1 1 3 1 1 4 1 1 1 2 2 2 1 1 1 1 1 1 2 2 1 1 1 1 1 1 1 1 1 4 1 2 1 1 1 1 3 2 1 3 1 1 2 4 1 1 1 2 1 1 2 2 1 1 1 1 1 1 2 2 2 4 1 1 2 2 1 1 1 1 2 1 1 3 2 1 2 1 2 1 4 1 2 2 2 1 1 6 1 4 2 1 1 2 3 2 1 1 2 2 2 2 2 1 2 2 1 1 1 1 3 1 3 3 2 2 1 1 3 2 1 1 2 1 1 1 2 3 1 1 1 1 1 1 1 1 2 1 1 1 1 1 1 1 1 3 1 5 1 1 1 4 1 3 2 1 1 3 1 2 1 3 2 2 2 1 1 1 2 3 1 1 1 2 1 1 2 1 1 2 1 1 1 1 2 3 1 2 1 1 3 2 2 1 1 3 1 1 2 1 3 1 2 1 1 1 1 2 3 2 3 2 1 2 2 2 3 1 1 2 1 2 1 1 2 2 1 2 1 1 3 1 1 3 1 2 1 1 1 2 2 1 1 1 1 1 1 1 2 2 2 1 1 3 1 1 2 2 1 2 1 2 1 2 2 1 1 1 1 1 1 1 2 1 4 1 2 2 1 1 1 3 2 1 1 1 1 1 1 1 1 1 1 3 2 1 1 1 2 1 1 1 3 2 3 1 3 2 1 1 1 1 1 1 1 2 4 1 2 1 4 1 2 1 1 1 3 2 1 1 2 2 1 1 1 1 3 1 1 1 1 2 1 1 2 2 1 1 1 2 1 1 2 1 1 2 2 1 1 3 1 1 1 3 1 2 1 1 2 1 1 2 1 1 1 2 3 2 1 1 3 3 2 2 1 2 1 1 1 1 2 1 1 2 1 1 1 2 1 1 1 1 2 1 1 2 1 3 2 2 2 1 2 2 1 3 2 2 2 1 1 3 1 3 2 1 2 1 3 2 2 2 2 1 1 1 1 3 2 2 2 1 1 1 1 2 1 2 1 2 2 1 1 1 1 1 2 2 1 4 2 2 1 1 1 2 3 3 1 1 2 1 1 1 2 1 2 1 1 1 2 1 3 1 2 1 3 1 1 1 4 2 2 3 1 1 1 1 1 1 1 2 2 2 1 2 3 2 2 1 1 3 1 2 2 2 1 3 1 1 1 2 1 1 4 3 1 3 1 1 1 1 2 1 1 1 2 1 1 1 1 1 2 2 1 1 1 2 1 1 2 1 1 1 2 1 2 1 2 1 2 2 2 2 1 1 1 1 2 2 1 1 2 3 1 2 1 3 1 1 1 1 1 2 1 2 1 1 4 1 1 3 2 3 1 1 2 2 2 1 3 1 1 3 1 1 1 1 1 1 1 2 3 2 2 7 1 3 3 1 1 2 1 2 1 3 2 4 2 1 1 1 2 1 2 1 1 2 2 1 3 2 2 3 2 1 1 3 2 1 2 1 2 1 1 1 2 2 2 2 1 1 1 1 1 2 1 2 2 1 2 2 1 1 3 1 2 1 2 1 1 3 3 1 2 2 1 2 2 1 1 1 2 1 2 1 1 1 1 3 2 1 1 1 1 1 1 4 1 3 1 1 2 2 1 2 1 2 2 2 1 1 1 1 1 2 2 4 2 4 1 2 2 1 2 2 1 5 1 3 2 1 1 1 1 1 1 1 1 2 1 2 2 2 1 1 1 2 2 2 1 1 2 3 1 3 2 2 1 2 1 1 1 2 1 1 3 2 5 2 1 1 1 1 1 2 3 1 1 2 1 3 1 1 5 2 1 2 1 1 1 1 1 3 2 2 1 1 1 2 1 1 1 3 3 1 2 1 1 2 3 2 4 2 2 1 2 2 2 2 2 1 2 1 1 3 1 1 1 1 2 1 3 3 1 2 2 1 2 1 3 2 2 1 2 4 1 1 1 2 3 1 1 2 1 1 1 1 1 1 2 1 1 1 1 1 1 1 1 1 1 1 2 3 3 1 2 2 1 1 1 1 3 1 4 1 1 1 2 1 1 1 1 1 1 3 2 1 1 3 1 1 4 1 2 2 1 2 1 1 1 1 3 2 3 2 2 1 1 3 1 1 1 4 1 1 2 2 3 1 2 1 2 1 3 2 1 2 2 1 2 3 1 1 2 3 1 1 1 1 1 2 1 2 2 1 3 2 1 2 1 1 3 3 1 1 2 2 3 3 1 3 1 1 1 1 3 1 2 1 1 3 1 1 2 2 1 2 1 3 1 2 1 1 1 1 1 2 1 2 3 1 2 1 1 1 1 2 1 2 1 1 1 3 1 1 2 1 1 2 1 2 1 2 3 1 1 2 1 2 1 1 1 1 1 1 1 1 2 1 2 1 1 2 1 1 1 2 1 2 3 4 1 1 1 2 1 2 1 1 2 1 1 1 1 1 1 1 1 2 2 2 1 2 1 2 2 3 1 2 2 4 2 1 2 2 4 3 1 1 2 1 1 1 3 1 2 2 1 1 1 1 2 1 2 1 1 2 3 2 1 1 2 1 2 2 1 2 2 1 3 2 1 1 2 1 1 2 1 1 1 3 2 1 2 3 1 1 1 1 2 1 1 2 2 2 1 1 2 2 1 3 2 3 1 3 1 2 1 4 1 2 1 1 4 2 2 2 1 1 1 1 1 1 1 1 2 1 3 2 1 2 1 5 1 1 2 3 1 1 2 1 2 1 2 2 2 1 1 1 3 1 1 1 1 1 1 1 1 2 3 1 1 1 1 1 2 1 2 2 2 1 3 1 1 1 2 1 1 1 2 1 1 1 2 1 1 1 1 1 2 1 2 1 1 1 2 2 2 1 1 1 3 2 1 1 1 1 2 1 1 1 1 2 1 3 1 1 1 1 2 1 1 2 1 2 2 1 1 3 1 1 1 2 1 1 1 1 3 3 1 2 1 2 1 1 3 1 3 1 1 2 1 1 2 2 1 2 2 2 2 1 2 3 1 1 1 2 3 1 3 1 2 1 1 2 2 1 1 1 1 1 1 1 3 2 2 1 1 3 1 3 3 1 2 3 1 1 2 1 1 2 2 1 1 1 1 1 4 1 1 2 2 1 2 1 1 1 2 1 1 2 2 3 1 2 1 1 1 4 2 1 4 1 2 1 1 1 1 1 2 2 1 1 1 2 1 1 1 2 2 1 1 1 1 2 2 2 1 1 1 1 1 2 1 2 2 1 2 1 1 3 2 1 1 1 2 1 2 2 1 1 4 1 1 1 1 1 1 1 2 1 2 1 1 1 3 2 1 2 4 1 1 1 3 2 1 1 2 2 1 3 1 1 3 1 1 1 2 1 3 2 1 1 2 1 1 2 1 1 1 1 1 1 1 1 4 3 1 2 2 1 2 1 1 3 1 1 1 3 1 1 1 2 2 3 3 2 2 1 1 1 4 3 2 1 1 1 2 1 1 1 1 1 2 2 1 1 2 1 2 1 2 2 2 1 1 2 1 2 2 1 1 3 1 1 2 1 2 1 2 1 1 4 3 1 2 1 4 2 2 2 2 2 1 1 1 1 1 1 1 1 1 1 1 1 1 1 2 1 1 1 1 1 1 2 1 2 1 1 3 1 2 1 2 1 1 1 3 2 2 1 1 3 1 1 1 1 1 1 1 1 1 1 1 1 1 2 2 2 2 2 2 1 2 1 3 1 1 2 2 1 1 1 2 1 1 1 1 1 3 1 1 1 2 1 1 1 1 4 1 2 2 1 3 2 2 1 4 1 1 2 3 1 1 1 2 2 2 1 1 1 2 1 2 2 1 1 1 2 2 1 3 2 2 1 4 1 1 4 2 2 2 2 1 1 1 1 1 1 1 2 1 1 1 1 1 1 3 1 3 1 1 2 1 3 1 1 1 3 1 1 1 2 2 2 1 2 1 2 2 1 1 1 2 3 1 1 1 1 1 4 1 1 2 1 1 1 2 2 1 1 4 1 1 1 1 1 1 1 2 2 1 1 1 2 2 1 1 1 1 1 1 1 3 2 2 1 1 3 1 1 3 1 1 1 3 1 3 2 1 1 1 1 2 1 1 1 1 1 1 1 5 2 1 1 1 1 1 1 1 1 1 2 2 3 1 1 1 2 2 3 1 2 3 1 2 3 2 2 1 1 2 2 1 2 1 2 3 1 1 1 2 1 3 1 2 1 1 1 1 3 1 1 1 1 1 3 1 1 2 3 1 1 1 1 2 3 2 1 1 1 1 3 2 1 1 1 2 3 1 1 1 1 1 2 4 4 1 1 1 1 2 1 1 2 2 1 2 2 1 1 1 1 2 2 1 1 1 2 1 2 1 1 1 3 1 1 1 1 3 2 1 1 2 1 1 1 2 2 2 1 4 1 1 1 4 1 2 2 1 2 1 1 1 2 3 2 2 2 1 1 1 1 1 2 3 1 1 1 4 1 3 1 2 1 2 2 1 1 1 1 1 2 1 2 1 2 1 1 1 1 4 2 2 1 2 3 3 2 2 2 1 1 1 2 2 1 2 1 2 2 1 1 1 1 1 2 2 1 3 1 2 2 3 2 1 2 1 2 2 1 2 2 1 1 1 1 4 2 1 1 1 3 3 1 2 3 1 1 2 1 1 1 1 1 2 1 1 1 1 1 2 3 1 1 1 4 1 1 2 2 4 1 1 1 3 2 2 1 1 2 3 2 2 2 3 1 2 2 2 1 1 2 1 1 1 2 1 1 1 1 1 1 2 1 1 1 1 1 1 2 1 1 2 3 3 1 1 1 2 2 1 1 1 1 1 2 1 1 1 1 1 1 3 1 2 1 2 2 1 1 3 2 1 2 1 1 1 1 1 1 1 1 1 2 2 2 2 2 1 1 1 3 1 1 1 4 2 2 1 4 1 1 1 2 2 1 1 2 1 1 1 4 3 2 1 2 1 2 1 1 1 2 4 1 3 2 1 1 2 2 1 1 1 3 1 2 2 1 1 2 4 2 2 1 1 2 1 1 2 1 1 1 1 1 1 2 1 1 1 1 2 1 3 1 1 3 1 1 1 1 1 1 2 2 3 2 5 2 1 1 1 1 3 1 3 1 2 2 1 1 1 1 2 2 2 1 1 1 2 1 1 1 4 1 1 1 2 1 1 2 2 3 2 1 1 2 2 3 1 1 1 1 2 3 3 1 1 2 1 1 2 1 2 1 2 2 2 1 1 1 1 1 2 2 2 2 1 1 1 1 1 2 1 1 2 1 3 1 1 1 1 2 1 1 1 4 1 3 2 2 2 1 3 1 1 3 1 1 3 1 1 2 1 1 1 1 1 1 1 1 3 2 1 2 1 1 2 1 2 1 1 3 1 2 1 1 1 1 3 2 1 4 1 1 1 1 1 2 2 1 2 2 1 2 2 1 1 1 4 2 1 1 1 1 3 1 3 1 1 1 2 1 2 1 1 1 3 1 1 3 2 2 2 1 2 1 3 3 2 3 1 1 1 4 1 1 2 1 1 2 2 1 1 3 1 1 2 1 2 1 3 4 3 4 1 3 1 1 2 1 1 2 1 1 4 4 1 1 1 1 3 2 3 2 5 1 1 1 1 1 2 1 2 1 2 1 1 1 3 2 2 4 2 3 1 1 1 3 1 1 2 2 1 1 1 3 1 1 1 2 2 3 1 1 3 1 1 1 2 4 2 1 1 1 1 1 1 1 1 1 1 1 2 2 1 1 1 1 1 1 1 3 1 2 1 3 1 3 2 4 3 2 2 2 2 1 3 2 1 2 1 1 1 1 1 1 1 3 2 2 1 2 1 1 3 2 1 3 2 1 1 1 1 1 1 2 2 1 2 2 1 1 1 2 3 2 2 2 1 2 2 1 2 2 1 3 2 2 1 2 1 1 2 2 2 1 1 1 2 1 1 1 1 4 1 1 1 1 1 1 3 1 2 1 1 1 1 1 1 2 1 2 1 1 3 2 1 1 1 1 1 1 1 2 3 1 1 1 2 2 4 1 1 1 3 1 1 2 1 1 2 1 3 3 1 2 3 1 1 1 1 1 2 1 2 2 1 2 1 2 2 1 1 1 2 1 1 1 1 2 1 1 6 1 2 1 1 1 1 1 2 2 1 2 1 3 1 1 2 2 1 2 1 1 2 3 1 1 1 1 1 1 3 1 3 4 1 1 1 2 2 1 3 2 2 1 1 2 1 2 1 1 1 1 3 1 1 4 1 1 1 1 2 2 2 1 2 2 2 1 2 2 3 1 3 1 1 1 2 1 1 3 2 1 1 1 3 2 2 1 1 1 1 2 2 1 1 1 1 2 1 1 2 2 1 1 1 2 3 1 2 1 1 4 1 2 1 2 1 1 1 1 1 2 1 2 1 3 2 1 1 2 1 5 1 2 1 2 1 3 1 2 1 1 1 2 1 1 1 1 1 1 1 1 1 3 1 1 1 1 2 1 2 3 3 1 2 1 1 3 2 1 1 1 1 1 2 2 1 1 2 1 1 2 1 1 2 1 2 2 1 1 1 2 1 1 3 2 3 1 1 5 3 3 1 1 2 1 2 1 2 1 1 2 7 1 2 1 2 2 1 2 1 1 3 2 1 1 1 1 1 1 1 2 2 1 2 4 1 1 3 1 1 1 3 2 1 1 1 1 1 1 1 1 2 1 1 2 1 3 1 1 2 1 1 1 3 2 3 1 3 1 3 1 1 1 2 1 2 1 2 2 1 1 2 2 3 2 1 2 3 2 1 1 2 1 1 3 1 1 1 1 2 1 1 1 2 3 3 1 1 1 1 2 3 2 1 2 1 1 1 1 5 3 1 1 2 1 2 1 1 2 1 1 2 1 2 2 2 1 1 3 3 2 3 1 1 1 1 1 1 1 1 2 1 2 1 2 1 3 1 1 1 3 1 1 1 1 2 2 2 2 1 2 1 1 2 1 1 1 4 1 1 2 1 1 1 1 1 2 2 1 1 2 1 1 2 2 2 2 2 2 1 3 2 2 1 2 1 1 1 2 1 1 1 5 1 2 1 2 1 1 1 1 1 1 1 1 2 1 2 4 1 2 2 1 1 1 1 4 4 1 1 4 1 1 1 1 1 3 1 1 2 1 3 1 3 1 1 2 2 1 1 2 1 1 1 1 2 1 1 1 1 2 1 1 3 1 1 1 2 2 3 1 1 3 1 1 1 1 1 1 2 1 1 1 2 1 1 1 1 1 1 1 1 1 2 2 1 2 1 2 2 1 1 1 1 3 5 1 3 2 1 1 1 1 1 2 1 1 1 1 1 2 1 1 1 2 2 2 1 1 1 1 1 2 2 1 2 4 1 1 2 1 1 1 1 2 1 1 1 1 1 2 2 1 3 1 1 2 1 1 2 2 1 2 1 2 1 1 1 2 3 2 1 1 2 1 1 1 1 1 1 1 1 2 1 1 1 5 3 2 3 1 1 1 3 1 1 2 2 1 1 2 1 1 2 3 1 1 1 1 2 3 1 1 1 1 1 2 2 1 1 5 2 1 2 2 1 1 1 2 1 2 1 1 1 2 3 1 2 1 1 1 2 1 3 1 3 2 2 1 2 1 1 1 4 1 1 2 1 1 1 2 2 1 1 1 3 1 1 2 1 2 1 2 2 1 1 1 1 1 2 2 2 1 2 1 4 3 2 1 1 2 1 1 1 1 2 2 1 2 2 1 4 1 1 1 4 1 3 4 1 2 1 3 1 2 1 2 2 1 1 1 1 2 4 2 1 2 1 2 2 1 1 4 1 2 3 1 3 1 1 3 1 2 1 3 2 1 1 1 3 1 1 2 2 1 1 1 1 1 1 1 2 1 2 2 1 1 1 1 1 1 1 1 1 1 3 
  #Test Small 5495
  #Test Medium 11667
  #Test Large 16869
