000000000000000000000000000000000000000000000000000000000000000000000000000000000000000000000000000000000000000000000000000000000000000000000000000000000000000000000000000111111111100000000000000000000000000000000000000000000000000111111111111111111111111111111111000000000011111111110000000000000000
000000000000000000000000000000000000000000000000000000000000000111111111111111111111111111111111111111111000000000000000000000000000000000000000000000001110000000000000000121211212100000000000000000000000000000000000000000000000000111111111111111111111111111111111000000000012111121110000000000000000
000000000001111100000000000000000000000000000000000000000000000111111111111111111111111111111111111111111000000000000000000000000000000000000000000000001110000000000000000112111121100000000000000000000000000000000000000000001111100111111111111111111111111111111111000000000011211112110000000000000000
000000000001111100000000000000000000000000000000111110000000000111111111111111111111111111111111111111111000000000000000000000000000000000000000000000001110011111000000000121211212111111000000000000000000000000000000000000001121100111111111111111111111111111111111000000000011121111210000000000000000
000000000001111100000000000000000011111111111110112110000000000111111111111111111111111111111111111111111000000001111111111000011111111111111111111100001110011111000000000111111111111111000000000000000000000000000000000000001222100111121212121212121212121212141111000000000011111111110000000000000000
000000000001333100000000000000000012111111111210122210000000000111141212121212121211112121212121212121111000000001111111111000012111111114111111112100001110011211000000000000000000011111000000000000000000000000000000000000001121100111111111111111111111111111111111000000000000000000000000000000000000
000000000001111100000000000000000011211111112110112110000000000111111111111111111111111111111111111111111000000001111111111000011211111111111111121100001110011111000000000000000000011311000000000000000000000000000000000000001111100111121212121212121212121212121111000000000000000000000000000000000000
000000000001111100000000000000000011121111121110111110000000000111121212121212121211112121212121212121111000000001212112121000012121111111111111212100001110011111000000000000000000011111000000000000000000000000000000000000000000000111111111111111111111111111111111000000000000000000000000000000000000
000000000001111100000000000000000011112111211110000000000000000111111111111111111111111111111111111111111000000001111111111000011212111113111112121100001110011111000000000000000000012111000000000000000000000000000000000000000000000111121212121212121212121212121111000000000000000000000000000000000000
000000000001222100000000000000000011111212111110000000000000000111121212121212121211112121212121212121111000000001111111111000012121211111111121212100001110011111000000000000000000011111000000000000000000000000000000000000000000000111111111111111111111111111111111000000000000000000000000000000000000
000000000001111100000000000000000014111121111310000000000000000111111111111111111111111111111111111111111000000001212112121000011212121111111212121100001110011211000000000000000000012111000000000000000000000000000000000000000000000111121212121212121212121212121111000000000000000000000000000000000000
000000000001111100000000000000000011111212111110000000000000000111121212121212121211112121212121212121111000000001111111111000012121212111112121212100001110011111000000000000000000011111000000000000000000000000000000000000000000000111111111111111111111111111111111000000000000000000000000000000000000
000000000001111100000000000000000011112111211110000000000000000111111111111111111111111111111111111111111000000001111111111000011212121211121212121100001110011111000000000000000000011121000000000000000000000000000000000000000000000111121212121212121212121212121111000000000000000000000000000000000000
000000000001222100000000000000000011121111121110000000000000000111121212121212121211112121212121212121111000000001111111111000012121212121212121212100001110000000000000000000000000011111000000000000000000000000000000000000000000000111111111111111111111111111111111000000000000000000000000000000000000
000000000001111100000000000000000011211111112110000000000000000111111111111111111111111111111111111111111000000001131111311000011212121211121212121100001110000000000000000000000000011121000000000000000000000000000000000000000000000111121212121212121212121212121111111111111111111111111111111111111111
000000000001111100000000000000000012111111111210000000000000000111121212121212121211112121212121212121111000000001111111111000012121212121212121212100001110000000000000000000000000011111000000000000000000000000000000000000000000000111111111111111111111111111111111111111111111111111111111111111111111
000000000001111100000000000000000011111111111110000000000000000111111111111111111111111111111111111111111000000001141111411000011111111111111111111100001110000000000000000000000000011211000000000000000000000000000000000000000000000111121212121212121212121212121111111111111111111111111111111111111111
000000000001222100000000000000000012222222222210000000000000000111121212121212121211112121212121212121111000000001111111111000011111111111111111111100001111111111111000000000000000011111111110000000000000000000000000000000000000000111111111111111111111111111111111111111111111111111111111111111111111
000000000001111100000000000000000011111111111110000000000000000111111111111111111111111111111111111111111000000001111111111000011111111111111111111100001111111111111000000000001111111211121210000000000000000000000000000000000000000111121212121212121212121212121111111121212111111777777777777777711111
000000000001111100000000000000000012111111111210000000000000000111121212121212121211112121212121212121111000000001212112121000012111111114111111112100001111111111111000000000001212111111111110000000000000000000000000000000000000000111111111111111111111111111111111111111111111111711111111111111711111
000000000001111100000000000000000011211111112110000000000000000111111111111111111111111111111111111111111000000001111111111000011211111111111111121100001111111111111000000000001111111211121210000000000000000000000000000000000000000111111111111111111111111111111111111112121111111711111111111111711111
000000000001222100000000000000000011121111121110000000000000000111121212121212121211112121212121212121111000000001111111111000012121111111111111212100001111111111111000000000001212111111111110000000000000000000000000000000000000000111111111111111111111111111111111111111111111111711111111111111711111
000000000001111100000000000000000011112111211110000000000000000111111111111111111111111111111111111111111000000001212112121000011212111113111112121100001111313131311000000000001111111211000000000000000000000000000000000000000000000111111111111111111111111111111111111121212111111711111111111111711111
000000000001111100000000000000000011111212111110000000000000000111121212121212121211112121212121212121111000000001111111111000012121211111111121212100001111212121211000000000000000011111000000000000000000000000000000000000000000000111121212121212121212121212121111111111111111111711111111111111711111
000000000001111100000000000000000014111121111310000000000000000111111111111111111111111111111111111111111000000001111111111000011212121111111212121100001111212121211000000000000000012111000000000000000000000000000000000000000000000111111111111111111111111111111111111112121111111711111111111111711111
000000000001222100000000000000000011111212111110000000000000000111121212121212121211112121212121212121111000000001111111111000012121212111112121212100001111212121211000000000000000011111000000000000000000111111111111111111110000000111121212121212121212121212121111111111111111111711111111111111711111
000011111001111100000000000000000011112111211110000000000000000111111111111111111111111111111111111111111000000001111111111000011212121211121212121100001111212121211000000000000000012111000000000000000000111111111111111111110000000111111111111111111111111111111111111121212111111711111111111111711111
000012121001111100000000000000000011121111121110000000000000000111121212121212121211112121212121212121111000000001111111111000012121212121212121212100001111212121211000000000000000011111000000000000000000111111111111111111110000000111121212121212121212121212121111111111111111111711111111111111711111
000011211001111100000000000000000011211111112110000000000000000111111111111111111111111111111111111111111000000001111111111000011212121211121212121100001111212121211000000000000000011121000000000000000000111111111111111121110000000111111111111111111111111111111111111112121111111711111111111111711111
000012121001222100000000000000000012111111111210000000000000000111121212121212121211112121212121212131111000000001212112121000012121212121212121212100001111212121211000000000000000011111000000000000000000111111111111111211110000000111121212121212121212121212121111111111111111111711111111111111711111
000011111001111100111111111100000011111111111110000000000000000111111111111111111111111111111111111111111000000001111111111000011111111111111111111100001111212121211000000000000000011111000000000000000000111111111111112121110000000111111111111111111111111111111111111121212111111711111111111111711111
000011111001111100111111211100000012222222222210000000000000000111111111111111111111111111111111111111111000000001111111111000011111111111111111111100001111212121211000000000000000011121000000000000000000111111111111121211110000000111121212121212121212121212121111111111111111111711111111111111711111
000012121001111100112111111100000011111111111110000000000000000111111111111111111111111111111111111111111000000001212112121000011111111111111111111100001111111111111000000000000000011111000000000000000000111111111111212121110000000111111111111111111111111111111111111112121111111711111111111111711111
000011211001222100111121111100000012111111111210000000000000000111111111111111111111111111111111111111111000000001111111111000012111111114111111112100001111111111111000000000000000011211000000000000000000111111111112121211110000000111121212121212121212121212121111111111111111111711111111111111711111
000012121001111100111111111100000011211111112110000000000000000000000000000000000000000000000000000000000000000001111111111000011211111111111111121100001111111111111000000000000000011111000000000000000000111111111121212121110000000111111111111111111111111111111111111121212111111711111111111111711111
000011111001111100121111121100000011121111121110000000000000000001111111111111111111111111111111111111111111111101111111111000012121111111111111212100001111111111111000000000000000011211000000000000000000111111111212121211110000000111121212121212121212121212121111111111111111111711111111111111711111
000000000001111100111211111100000011112111211110000000000000000001211211111111111111111111111111111311211112121101131111311000011212111113111112121100001111111111111000000000000000011111000000000000000000111111112121212121110000000111111111111111111111111111111111111112121111111711111111111111711111
000000000001222100112111121100000011111212111110000000000000000001121211311211113112111111111111111113112211211101111111111000012121211111111121212100001111212121211000000000000000011211000000000000000000111111121212121211110000000111131212121212121212121212121111111111111111111711111111111111711111
000000000001111100111121111100000014111121111310000000000000000001211211113112111112114131121111111211121112111101141111411000011212121111111212121100001111212121211000000000000000011111000000000000000000111111212121212121110000000111111111111111111111111111111111111121212111111711111111111111711111
000000000001111100111111111100000011111212111110000000000000000001121121211111111111111111111111211112111111111101111111111000012121212111112121212100001111212121211000000000000000011111000000000000000000111112121212121211110000000111111111111111111111111111111111111111111111111711111111111111711111
000000000001111100000000000000000011112111211110000000000000000001111121211111111111111111111111111211211111111101111111111000011212121211121212121100001111212121211000000000000000011211000000000000000000111121212121212121110000000111111111111111111111111111111111111112121111111711111111111111711111
000000000001222100000000000000000011121111121110000000000000000001112111212111111111111111111112112111111111111101212112121000012121212121212121212100001111212121211000000000000000011111000000000000000000111212121212121211110000000111111111111111111111111111111111111111111111111711111111111111711111
000000000001111100000000000000000011211111112110000000000111110001111111211211111211411111111112111211131121111101111111111000000000000000000000000000001111212121211000000000000000012111000000000000000000111121212121212121110000000000000000000000000000000000000000111121212111111711111111111111711111
000000000001111100000000000000000012111111111210000000000121210001211411121111111111131121111211211111111111111101111111111000000000000000000000000000001111212121211000000000000000011111000000000000000000111212121212121211110000000000000000000000000000000000000000111111111111111711111111111111711111
000000000001111100000000000000000011111111111110000000000112110001111111112312121141111112111211111113112141111101212112121000000000000000000000000000001111212121211000000000000000012111000000000000000000111121212121212121110000000000000000000000000000000000000000111112121111111711111111111111711111
000000000001222100000000000000000012222222222210000000000121210001111111111211111111111111121112111111111111111101111111111000000000000000000000000000001111212121211000000000000000011111000000000000000000111212121212121211110000000000000000000000000000000000000000111111111111111711111111111111711111
000000000001111100000000000000000011111111111110000000000111110001311211111121121111112112112111111111111113112101111111111000000000000000000000000000001111212121211000000000000000011121000000000000000000111121212121212121110000000000000000000000000000000000000000111121212111111711111111111111711111
000000000001111100000000000000000012111111111210000000000000000001111131121112112111111121111211111121141111111101111111111000000000000000000000000000001111111111111000000000000000011111000000000000000000111212121212121211110000000000000000000000000000000000000000111111111111111711111111111111711111
000000000001111100000000000000000011211111112110000000000000000001111111111111211211111211311211211111111113112101111111111000000000000000000000000000001111111111111000000000000000011121000000000000000000111121212121212111110000000000000000000000000000000000000000111112121111111711111111111111711111
000000000001222100000000000000000011121111121110000000000000000001111111111113121111121111111211111111311211111101111111111000000000000000000000000000001111111111111000000000000000011111000000000000000000111212121212121111110000000000000000000000000000000000000000111111111111111711111111111111711111
000000000001111100000000000000000011112111211110000000000000000001111111111311212112112111111112114111111111111101111111111000000000000000000000000000001111111111111000000000000000011211000000000000000000111121212121211111110000000000000000000000000000000000000000111121212111111711111111111111711111
000000000001111100000000000000000011111212111110000000000000000001111111111112111121121111121111111111131121111101212112121000000000000000000000000000001111111111111000000000000000011111000000000000000000111212121212111111110000000000000000000000000000000000000000111111111111111711111111111111711111
000000000001111100000000000000000014111121111310000000000000000001111111111111112112111111112112111111111311311201111111111000000000000000000000000000001111212121211000000000000000011211000000000000000000111121212121111111110000000000000000000000000000000000000000111111111111111711111111111111711111
000000000001222100000000000000000011111212111110000000000000000001111111111111111211221111311211111111111111111101111111111000000000000000000000000000001111212121211000000000000000011111000000000000000000111212121211111111110000000000000000000000000000000000000000111112121111111711111111111111711111
000000000001111100000000000000000011112111211110000000000000000001111311211111121121112112111111111111111111111101212112121000000000000000000000000000001111212121211000000000000000011211000000000000000000111121212111111111110000000000000000000000000000000000000000111111111111111711111111111111711111
000000000001111100000000000000000011121111121110000000000000000001111111111111111211112111212111111111111111111101111111111000000000000000000000000000001111212121211000000000000000011111000000000000000000111212121111111111110000000000000000000000000000000000000000111121212111111711111111111111711111
000000000001111100000000000000000011211111112110000000000000000001111111111211411111211211112112111111111111111101111111111000000000000000000000000000001111212121211000000000000000011211000000000000000000111121211111111111110000000000000000000000000000000000000000111111111111111711111111111111711111
000000000001222100000000000000000012111111111210000000000000000001111111111121112111311212111111112114111111111101111111111000000000000000000000000000001111212121211000000000000000011111000000000000000000111212111111111111110000000000000000000000000000000000000000111112121111111711111111111111711111
000000000001111100000000000000000011111111111110000000000000000001111111111121121111111131211111111311211111111101131111311000000000000000000000000000001111212121211000000000000000012111000000000000000000111121111111111111110000000000000000000000000000000000000000111111111111111711111111111111711111
000000000001111100000000000000000011111111111110000000000000000001111111112111121111311211112114111111111111111101111111111000000000000000000000000000001111212121211000000000000000011111000000000000000000111211111111111111110000000000000000000000000000000000000000111121212111111711111111111111711111
000000000001111100000000000000000000000000000000000000000000000001111111112112111111111112111211111111111111111101141111411000000000000000000000000000001111212121211000000000000000012111000000000000000000111111111111111111110000000000000000000000000000000000000000111111111111111711111111111111711111
000000000001222100000000000011111111111111111111111111111100000001113112111211111111111111112112111111111111111101111111111000000000000001111100000000001111212121211000000000000000011111000000000000000000111111111111111111110000000000000000000000000000000000000000111112121111111711111111111111711111
000000000001111100000000000011111111111111111111111111111100000001311211211211111111111311212112111111111111111101111111111000000000000001111100000000001111111111111000000000000000011121000000000000000000111111111111111111110000000000000000000000000000000000000000111111111111111711111111111111711111
000000000001111100111111111111111111111111111111111111111100000001111112112111111113112111111112112111111111311201212112121000000000000001121100000000001111111111111000000000000000011111000000000000000000111111111111111111110000000001111111111000001111111111000000111131114111111777777777777777711111
000000000001111100111111111111111111111111111111111111111100000001111121121111111111111111111211121111111111111101111111111000000000000001111100000000001111111111111000000000000000011121000000000000000000111111111111111111110000000001111211121000001111211121000000111111111111111111111111111111111111
000000000001222100112111121111111111111111111111111111111100000001111211121111111111111111111111121121111111111101111111111000000000000001111100000000001111111111111000000000000000011111000000000000000000111111111111111111110000000001121121211000001121121211000000111111111111111111111111111111111111
000000000001111100111111111111111111111111111111111111111100000001111311211121111113112111111112112111211111111101212112121000000000000001111100000000001111111111111000000000000000011211000000000000000000111111111111111121110000000001112111111000001112111111000000111111111111111111111111111111111111
000000000001111100111111111111111111111111111111111111111100000001111211211111111111111111111111111211111111111101111111111000000000000001111100000000001111212121211000000000000000011111000000000000000000111311212111111111110000000001211212211000001211212211000000111111111111111111111111111111111111
000000000001111100000000000011111111111111111111111111111100000001112112111111111111111111111112111112112111111101111111111000000000000001121100000000001111212121211000000000000000011211000000000000000000111121111112121211110000000001111111111000001111111111000000000000000000000000000000000000000000
000000000001222100000000000011111111111111111111111111111100000001211311211211111111111111111111111112111111111101111111111000000000000001111100000000001111212121211000000000000000011111000000000000000000111111111111112121110000000002112112121000002112112121000011111111111111111111000000000000000000
000000000001111100000000000011111111111111111111111111111100000001121211111111111111111111311211111111211211111100000000000000000000000001111100000000001111212121211000000000000000011211000000000000000000111111111111111211110000000001121211111000001121211111000011111111111111111111000000000000000000
000000000001111100000000000011111111111111111111111111111100000001411112111211111111111111111111111111121111212100000000000000000000000000000000000000001111212121211000000000000000011111000000000000000000111112111221122121110000000001111121211000001111121211000011122222222222222221000000000000000000
000000000001111100000000000011111111111111111111111111111100000001121211111111111111111111111111111111112111111100000000000000000000000000000000000000001111212121211000000000000000011211000000000000000000111411112111111121110000000001111111111000001111111111000011111111111111111121000000000000000000
000000000001222100000000000011111111111111111111111111111100000001121111211121111111111111111111111121141211212100000000000000000000000000000000000000001111212121211000000000000000011111000000000000000000111111111112111111110000000000000000000000000000000000000012111111111111111121000000000000000000
000000000001111100000000000011111111111111111111111111111100000001111111111111111111111111111111111111111121111100000000000000000000000000000000000000001111212121211000000000000000012111000000000000000000111111211111111111110000000000000000000000000000000000000012111111111111111121000000000000000000
000000000001111100000000000011111111111111111111111111111100000000000000000000000000000000000000000000000000000000000000000000000000000000000000000000001111212121211000000000000000011111000000000000000000111111111111111111110111111111111111111110000000000000000012111111111111111121000000000000000000
000000000001111100000000000011111111111111111111111111111100011111000000000000000000000000011111111110000000000000000000000000000000000000000000000000001111212121211000000000000000012111000000000000000000111511112211111111110111111111111111111110000000000000000012111111111111111121000000000000000000
000000000001222100000000000011111111111111111111111111111100011111000000000000000000000000011111111110011111111111000000000000000000000000000000000000001111111111111000000000000000011111000000000000000000111111111112111111110111222222222222222210000000000000000012111111111111111121000000000000000000
000000000001111100000000000011111111111111111111111111111100011211000000000000000000000000011111111110012111111121000000000000000000000000000000000000001111111111111000000000000000011121000000000000000000111111111111111111110111111111111111111210000000000000000012111111111111111121000000000000000000
000000000001111100000000000011111111111111111111111111111100011111000000000000000000000000012121121210011211111211000000000000000000000000000000000000001111111111111000000000000000011111000000000000000000111111111111111111110121111111111111111210000000000000000012111111111111111121000000000000000000
000000000001111100000000000011111111111111111111111111111100011111000000000000000000000000011111111110011121112111000000000000000000000000000000000000001111111111111000000000000000011121000000000000000000111111111111111111110121111111111111111210000000000000000012111111111111111121000000000000000000
000000000001222100000000000011111111111111111111111111111100000000000000000000000000000000011111111110012112121121000000000000000000000000000000000000001111111111111000000000000000011111000000000000000000111111111111111111110121111111111111111210000000000000000012111111111111111121000000000000000000
000000000001111100000000000011111111111111111111111111111100000000000000000000000000000000012121121210011211211211000000000000000000000000000000000000001111212121211000000000000000011211000000000000000000111111111111111111110121111111111111111210000000000000000012111111111111111121000000000000000000
000000000001111100000000000011111111111111111111111111111100000000000000000000000000000000011111111110011121112111000000000000000000000000000000000000001111212121211000000000000000011111000000000000000000111111111111111111110121111111111111111210000000000000000012111111111111111121000000000000000000
000000000001111100000000000011111111111111111111111111111100000000000000000000000000000000011111111110011112121111000000000000000000000000000000000000001111212121211000000000000000011211000000000000000000111111111111111111110121111111111111111210000000000000000012111111111111111121000000000000000000
000000000001222100000000000011111111111111111111111111111100000000000000000000000000000000011111111110011111211111000000000000000000000000000000000000001111212121211000000000000000011111000000000000000000111111111111111111110121111111111111111210000000000000000012111111111111111111000000000000000000
000000000001111100000000000011111111111111111111111111111100000000000000000000000000000000011311113110011111111111000000000000000000000000000000000000001111212121211000000000000000011111000000000000000000111111111111111111110121111111111111111210000000000000000012222222222222222111000000000000000000
000000000001111100000000000011111111111111111111111111111100000000000000000000000000000000011111111110000000000000000000000000000000000000000000000000001111212121211000000000000000011211000000000000000000111111111111111111110121111111111111111210000000000000000011111111111111111111000000000000000000
000000000001111100000000000011111111111111111111111111111100000000000000000000000000000000011411114110000000000000000000000000000000000000000000000000001111212121211000000000000000011111000000000000000000111111111111111111110121111111111111111210000000000000000011111111111111111111000000000000000000
000000000001222100000000000011111111111111111111111111111100000000000000000000000000000000011111111110000000000000000000000000000000000000000000000000001111212121211000000000000000011211000000000000000000111111111111111121110121111111111111111210000000000000000011121212121212121211000000000000000000
000000000001111100000000000011111111111111111111111111111100000000000000000000000000000000011111111110000000000000000000000000000000000000000000000000001111212121211000000000000000011111000000000000000000111111111111111211110121111111111111111210000000000000000011212121212121212111000000000000000000
000000000001111100000000000000000000000000000000000000000000000000000000000000000000000000012121121210000000000000000000000000000000000000000000000000001111212121211000000000000000012111000000000000000000111111111111112121110121111111111111111110000000000000000011121212121212121211000000000000000000
000000000001111100000000000000000000000000111111111111111111111111111111111111111100000000011111111110000000000000000000000000000000000000000000000000001111111111111000000000000000011111000000000000000000111111111111121211110122222222222222221110000000000000000011111111111111111111000000000000000000
000000000001222100000000000000000000000000111111111111111111111111111111111111111100000000011111111110000000000000011111111111111100000000000000000000001111111111111000000000000000012111000000000000000000111111111111212121110111111111111111111110000000000000000011111111111111111111000000000000000000
000000000001111100000000000000000000000000111111111111111111111111111111111111111100000000012121121210000000000000011111111111111100000000000000000000001111111111111000000000000000011111000000000000000000111111111112121211110111111111111111111110000000000000000011111111111111111111000000000000000000
000000000001111100000000000000000000000000111111111111111111111111111111111111111100000000011111111110000000000000011131212121411100000000000000000000001111111111111000000000000000011121000000000000000000111111111121212121110111212121212121212110000000000000000011111111111111111111000000000000000000
000000000001111100000000000000000000000000177777777777777777777777777777777777777100000000011111111110000000000000011111111111111100000000000000000000001111111111111000000000000000011111000000000000000000111111111212121211110112121212121212121110000000000000000011122222222222222221000000000000000000
000000000001222100000000000000000000000000171111111111111111111111111111111111117100000000011111111110000000000000011121111111211100000000000000000000001111212121211000000000000000011121000000000000000000111111112121212121110111212121212121212110000000000000000011111111111111111121000000000000000000
000000000001111100000000000000000000000000171111111111111111111111111111111111117100000000011111111110000000000000011111111111111100000000000000000000001111212121211000000000000000011111000000000000000000111111121212121211110111111111111111111110000000000000000012111111111111111121000000000000000000
000000000001111100000000000000000000000000171111111111111111111111111111111111117100000000011111111110000000000000011121111111211100000000000000000000001111212121211000000000000000011411000000000000000000111111212121212121110111111111111111111110000000000000000012111111111111111121000000000000000000
000000000001111100000000000000000000000000171111111111111111111111111111111111117100000000011111111110000000000000011111111111111100000000000000000000001111212121211000000000000000011111000000000000000000111112121212121211110111111111111111111110000000000000000012111111111111111121000000000000000000
000000000001222100000000000000000000000000171111111111111111111111111111111111117100000000012121121210000000000000011121215121211100000000000000000000000001212121211000000000000000011111000000000000000000111121212121212121110111111111111111111110000000000000000012111111111111111121000000000000000000
000000000001111100000000000000000000000000171111111111111111111111111111111111117100000000011111111110000000000000011111111111111100000000000000000000000001212121211000000000000000011111000000000000000000111212121212121211110111222222222222222210000000000000000012111111111111111121000000000000000000
000000000001111100000000000000000000000000171111111111111111111111111111111111117100000000011111111110000000000000011121111111211100000000000000000000000001212121211000000000000000000000000000000000000000111121212121212121110111111111111111111210000000000000000012111111111111111121000000000000000000
000000000001111100000000000000000000000000171111111111111111111111111111111111117100000000012121121210000000000000011111111111111100000000000000000000000001212121211000000000000000000000000000000000000000111212121212121211110121111111111111111210000000000000000012111111111111111121000000000000000000
000000000001222100000000000000000000000000171111111111111111111111111111111111117100000000011111111110000000000000011121111111211100000000000000000000000001212121211000000000000000000000000000000000000000111121212121212121110121111111111111111210000000000000000012111111111111111121000000000000000000
000000000001111100000000000000000000000000171111111111111111111111111111111111117100000000011111111110000000000000011111111111111100000000000000000000000001212121211000000000000000000000000000000000000000111212121212121211110121111111111111111210000000000000000012111111111111111121000000000000000000
000000000001111100000000000000000000000000171111111111111111111111111111111111117100000000011111111110000000000000011131212121411100000000000000000000000001111111111000000000000000000000000000000000000000111121212121212121110121111111111111111210000000000000000012111111111111111121000000000000000000
000000000001111100000000000000000000000000171111111111111111111111111111111111117100000000011311113110000000000000011111111111111100000000000000000000000001111111111000000000000000000000000000000000000000111212121212121211110121111111111111111210000000000000000012111111111111111121000000000000000000
000000000001444100000000000000000000000000171111111111111111111111111111111111117100000000011111111110000000000000011111111111111100000000000000000000000001111111111000000000000000000000000000000000000000111121212121212111110121111111111111111210000000000000000012111111111111111121000000000000000000
000000000001111100000000000000000000000000171111111111111111111111111111111111117100000000011411114110000111111111111111111111111111111111111111111111111101111111111000000000000000000000000000000000000000111212121212121111110121111111111111111210000000000000000012111111111111111111000000000000000000
000000000001111100000000000000000000000000171111111111111111111111111111111111117100000000011111111110000111212121212121212121212121212121212121212121211101111111111000000000000000000000000000000000000000111121212121211111110121111111111111111210000000000000000012222222222222222111000000000000000000
000000000001111100000000000000000000000000177777777777777777777777777777777777777100000000011111111110000121111111111111111111111111111111111111111111121101212121211000000000000000000000000000000000000000111212121212111111110121111111111111111210000000000000000011111111111111111111000000000000000000
000000000000000000000000000000000000000000111111111111111111111111111111111111111100000000012121121210000111141212121212121212121212121212121212121212111101212121211000000000000000000000000000000000000000111121212121111111110121111111111111111210000000000000000011111111111111111111000000000000000000
000000000000000000000000000000000000000000111111111111111111111111111111111111111100000000011111111110000121111111111111111111111111111111111111111111121101212121211000000000000000000000000000000000000000111212121211111111110121111111111111111210000000000000000011121212121212121211000000000000000000
000000000000000000000000000000000000000000111111111111111111111111111111111111111100000000011111111110000111121111111111111111111111111111111111111112111101212121211000000000000000000000000000000000000000111121212111111111110121111111111111111210000000000000000011212121212121212111000000000000000000
000000000000000000000000000000000000000000111111111111111111111111111111111111111100000000012121121210000121112121212121212121212121212121212121212121121101212121211000000000000000000000000000000000000000111212121111111111110121111111111111111110000000000000000011121212121212121211000000000000000000
000000000000000000000000000000000000000000111111111111111111111111111111111111111100000000011111111110000111121111111111111111111111111111111111111112111101212121211000000000000000000000000000000000000000111121211111111111110122222222222222221110000000000000000011111111111111111111000000000000000000
000000000000000000000000000000000000000000132222222222222222222222222222222222222100000000011111111110000121112121212121212121212121212121212121212121121101212121211000000000000000000000000000000000000000111212111111111111110111111111111111111110000000000000000011111111111111111111000000000000000000
000000000000000000000000000000000000000000111111111111111111111111111111111111111100000000011111111110000111121111111111111111111111111111111111111112111101212121211000000000000000000000000000000000000000111121111111111111110111111111111111111110000000000000000011111111111111111111000000000000000000
000000000000000000000000000000000000000000111212121212121212121212121212121212121100000000011111111110000121111111111111111111111111111111111111111111121101212121211011111111111111111111111111111100000000111211111111111111110111212121212121212110000000000000000011111111111111111111000000000000000000
000000000000000000000000000000000000000000111111111111111111111111111111111111111100000000011111111110000111121111111112121212121212121212121111111112111101414141411011111111111111111111111111111100000000111111111111111111110112121212121212121110000000000000000011122222222222222221000000000000000000
000011111111111111111111100000000000000000132222222222222222222222222222222222222100000000011111111110000121111111111111111111111111111111111111111111121101111111111011111111111111111111111111111100000000111111111111111111110111212121212121212110000000000000000011111111111111111121000000000000000000
000012121212121212121212100000000000000000111111111111111111111111111111111111111100000000012121121210000111121111111112111111111111111111121111111112111101111111111011111111111111111111111111111100000000111111111111111111110111111111111111111110000000000000000012111111111111111121000000000000000000
000011212121212121212111100000000000000000122121212121212121212121212121212121212100000000011111111110000121111111111111111111111111111111111111111111121101111111111011111111111111111111111111111100000000111111111111111111110111111111111111111110000000000000000012111111111111111121000000000000000000
000012121212121212121112100000000000000000111111111111111111111111111111111111111100000000011111111110000111121111111112111111111111111111121111111112111101111111111011111111111111111111111111111100000000111111111111111111110111111111111111111110000000000000000012111111111111111121000000000000000000
000011212121212121211111100000000000000000132222222222222222222222222222222222222100000000012121121210000121111111111111111111111111111111111111111111121101111111111011111111111111111111111111111100000000111111111111111111110111111111111111111110000000000000000012111111111111111121000000000000000000
000012121212121212111112100000000000000000111111111111111111111111111111111111111100000000011111111110000111121111111112121212121212121212121111111112111101111111111111111111111111111111111111111100000000111111111111111121110111222222222222222210000000000000000012111111111111111121000000000000000000
000011212121212121111111100000000000000000111212121212121212121212121212121212121100000000011111111110000121111111111111111111111111111111111111111111121101111211112111111111111111111111111111111100000000111311212111111111110111111111111111111210000000000000000012111111111111111121000000000000000000
000012121212121211111112100000000000000000111111111111111111111111111111111111111100000000011111111110000111121111111111111111111111111111111111111112111101112111121111111111111111111111111111111100000000111121111112121211110121111111111111111210000000000000000012111111111111111121000000000000000000
000011212121212111111111100000000000000000132222222222222222222222222222222222222100000000011311113110000121112121212121212121212121212121212121212121121101121111211111111111111111111111111111111100000000111111111111112121110121111111111111111210000000000000000012111111111111111121000000000000000000
000012121212121111111112100000000000000000111111111111111111111111111111111111111100000000011111111110000111121111111111111111111111111111111111111112111101211312113111111111111111111111111111111100000000111111111111111211110121111111111111111210000000000000000012111111111111111121000000000000000000
000011212121211111111111100000000000000000122121212121212121212121212121212121212100000000011411114110000121112121212121212121212121212121212121212121121101121111211111111111111111111111111111111100000000111112111221122121110121111111111111111210000000000000000012111111111111111121000000000000000000
000012121212111111111112100000000000000000111111111111111111111111111111111111111100000000011111111110000111121111111111111111111111111111111111111112111101112111121111111111111111111111111111111100000000111411112111111121110121111111111111111210000000000000000012111111111111111121000000000000000000
000011212121111111111111100000000000000000122222222222222222222222222222222222224100000000011111111110000121112111211111212121212121212121212121212111121101111211112111111111111111111111111111111100000000111111111112111111110121111111111111111210000000000000000012111111111111111121000000000000000000
000012121211111111111112100000000000000000111111111111111111111111111111111111111100000000012121121210000111111111111111111111111111111111111111111111111101112111121111111111111111111111111111111100000000111111211111111111110121111111111111111210000000000000000012111111111111111111000000000000000000
000011212111111111111111100000000000000000111111111111111111111111111111111111111100000000011111111110000121212121212121212121212121121212121212121212111101121111211111111111111111111111111111111100000000111111111111111111110121111111111111111210000000000000000012222222222222222111000000000000000000
000012121111111111111112100000000000000000111111111111111111111111111111111111111100000000011111111110000111111111111111111111111111111111111111111111111101211312113111111111111111111111111111111100000000111511112211111111110121111111111111111210000000000000000011111111111111111111000000000000000000
000011211111111111111111100000000000000000111111111111111111111111111111111111111100000000012121121210000111111111111111111111111111111111111111111111111101121111211111111111111111111111111111111100000000111111111112111111110121111111111111111210000000000000000011111111111111111111000000000000000000
000012111111111111111112100000000000000000111111111111111111111111111111111111111100000000011111111110000111111111111111111111111111111111111111111111111101112111121111111111111111111111111111111100000000111111111111111111110121111111111111111210000000000000000000000000000000000000000000000000000000
000011211111111111111111100000000000000000177777777777777777777777777777777777777100000000011111111110000000000000000000000000000000000000000000000000000001111211112111111111111111111111111111111100000000111111111111111111110121111111111111111210000000000000000000000000000000000000000000000000000000
000012121212121212121212100000000000000000171111111111111111111111111111111111117100000000011111111110000000000000000000000000000000000000000000000000000001112111121111111111111111111111111111111100000000111111111111111111110121111111111111111110000000000000000000000000000000000000000000000000000000
000011111111111111111111100000000000000000171111111111111111111111111111111111117100000000000000000000000000000000000000000000000000000000000000000000000001121111211111111111111111111111111111111100000000111111111111111111110122222222222222221110000000000000000000000000000000000000000000000000000000
000011111111111111111111100000000000000000171111111111111111111111111111111111117100000000000000000000000000000000000000000000000000000000000000000000000001211312113111111111111111111111111111111100000000111111111111111111110111111111111111111110000000000000000000000000000000000000000000000000000000
000012121212121212121212100000000000000000171111111111111111111111111111111111117100000000000000011111111111111111111111111111111111111111111111111100000001121111211111111111111111111111111111111100000000111111111111111111110111111111111111111110000000000000000000000000000000000000000000000000000000
000011212121212121212111100000000000000000171111111111111111111111111111111111117100000000000000011111111111111111111111111111111111111111111111111100000001112111121111111111111111111111111111111100000000111111111111111111110000000000000001111100000000000000000000000000000000000000000000000000000000
000012121212121212121112100000000000000000171111111111111111111111111111111111117100000000000000011111111111111111111111111111111111111111111111111100000001111211112111111111111111111111111111111100000000111111111111111111110000000000000001111100000000000000000000000000000000000000000000000000000000
000011212121212121211111100000000000000000171111111111111111111111111111111111117100000000000000011111111111111111111111111111111111111111111111111100000001112111121111111111111111111111111111111100000000000000000000000000000000000000000001111100000000000000000000000000000000000000000000000000000000
000012121212121212111112100000000000000000171111111111111111111111111111111111117100000000000000011111111111111111111111111111111111111111111111111100000001121111211111111111111111111111111111111100000000000000000000000000000000000000000001131100000000000000000000000000000000000000000000000000000000
000011212121212121111111100000000000000000171111111111111111111111111111111111117100000000000000011112121212121212121212121212121212121212121212111100000001211312113111111111111111111111111111111100000000000000000000000000000000000000000001111100000000000000000000000000000000000000000000000000000000
000012121212121211111112100000000000000000171111111111111111111111111111111111117100000000000000011111111111111111111111111111111111111111111111111100000001121111211100000000000000000000000000000000000000000000000000000000000000000000000001211100000000000000000000000000000000000000000000000000000000
000011212121212111111111100000000000000000171111111111111111111111111111111111117100000000000000011112111111111111111111111111111111111111111112111100000001112111121100000000000000000000000000000000000000000000000000000000000000000000000001111100000000000000000000000000000000000000000000000000000000
000012121212121111111112100000000000000000171111111111111111111111111111111111117100000000000000011111111111111111111111111111111111111111111111111100000001111211112100000000000000000000000000000000000000000000000000000000000000000000000001211100000000000000000000000000000000000000000000000000000000
000011212121211111111111100000000000000000171111111111111111111111111111111111117100000000000000011112111111111111111111111111111111111111111112111100000001112111121100000000000000000000000000000000000000000000000000000000000000000000000001111100000000000000000000000000000000000000000000000000000000
000012121212111111111112100000000000000000171111111111111111111111111111111111117100000000000000011111111111111111111111111111111111111111111111111100000001121111211100000000000000000000000000000000000000000000000000000000000000000000000001112100000000000000000000000000000000000000000000000000000000
000011212121111111111111100000000000000000171111111111111111111111111111111111117100000000000000011112111111111111111111111111111111111111111112111100000001211312113100000000000000000000000000000000000000000000000000000000000000000000000001111100000000000000000000000000000000000000000000000000000000
000012121211111111111112100000000000000000177777777777777777777777777777777777777100000000000000011111111111111111111111111111111111111111111111111100000001121111211100000000000000000000000000000000000000000000000000000000000000000000000001112100000000000000000000000000000000000000000000000000000000
000011212111111111111111100000000000000000111111111111111111111111111111111111111100000000000000011112141212121212121212121212121212121212121412111100000001112111121100000000000000000000000000000000000000000000000000000000000000000000000001111100000000000000000000000000000000000000000000000000000000
000012121111111111111112100000000000000000111111111111111111111111111111111111111100000000000000011111111111111111111111111111111111111111111111111100000001111211112100000000000000000000000000000000000000000000000000000000000000000000000001121100000000000000000000000000000000000000000000000000000000
000011211111111111111111100000000000000000111111111111111111111111111111111111111100000000000000011112121212121212121212121212121212121212121212111100000001112111121100000000000000000000000000000000000000000000000000000000000000000000000001111100000000000000000000000000000000000000000000000000000000
000012111111111111111112100000000000000000111111111111111111111111111111111111111100000000000000011111111111111111111111111111111111111111111111111100000001121111211100000000000000000000000000000000000000000000000000000000000000000000000001121100000000000000000000000000000000000000000000000000000000
000011211111111111111111100000000000000000111111111111111111111111111111111111111100000000000000011112121212121212121212121212121212121212121212111100000001211312113100000000000000000000000000000000000000000000000000000000000000000000000001111100000000000000000000000000000000000000000000000000000000
000012121212121212121212100000000000000000000000000000000000000000000000000000000000000000000000011111111111111111111111111111111111111111111111111100000001121111211100000000000000000000000000000000000000000000000000000000000000000000000001121100000000000000000000000000000000000000000000000000000000
000011111111111111111111100000000000000000000000000000000000000000000000000000000000000000000000011112121212121212121212121212121212121212121212111100000001112111121100000000000000000000000000000000000000000000000000000000000000000000000001111100000000000000000000000000000000000000000000000000000000
000011111111111111111111100000000000000000000000000000000000000000000000000000000000000000000000011111111111111111111111111111111111111111111111111100000001111211112100000000000000000000000000000000000000000000000000000000000000000000000001121100000000000000000000000000000000000000000000000000000000
000012121212121212121212100000000000000000000000000000000000000000000000000000000000000000000000011112121212121212121212121212121212121212121212111100000001112111121100000000000000000000000000000000000000000000000000000000000000000000000001111100000000000000000000000000000000000000000000000000000000
000011212121212121212111100000000000000000000000000000000000000000000000000000000000000000000000011111111111111111111111111111111111111111111111111100000001121111211100000000000000000000000000000000000000000000000000000000000000000000000001211100000000000000000000000000000000000000000000000000000000
000012121212121212121112100000000000000000000000000000000000000000000000000000000000000000000000011112121212121212121212121212121212121212121212111100000001211312113100000000000000000000000000000000000000000000000000000000000000000000000001111100000000000000000000000000000000000000000000000000000000
000011212121212121211111100000000000000000000000000000000000000000000000000000000000000000000000011111111111111111111111111111111111111111111111111100000001121111211100000000000000000000000000000000000000000000000000000000000000000000000001211100000000000000000000000000000000000000000000000000000000
000012121212121212111112100000000000000000000000000000000000000000000000000000000000000000000000011112121212121212121212121212121212121212121212111100000001112111121100000000000000000000000000000000000000000000000000000000000000000000000001111100000000000000000000000000000000000000000000000000000000
000011212121212121111111100000000000000000000000000000000000000000000000000000000000000000000000011111111111111111111111111111111111111111111111111100000001111211112100000000000000000000000000000000000000000000000000000000000000000000000001112100000000000000000000000000000000000000000000000000000000
000012121212121211111112100000000000000000000000000000000000000000000000000000000000000000000000011112121212121212121212121212121212121212121212111100000001112111121100000000000000000000000000000000000000000000000000000000000000000000000001111100000000000000000000000000000000000000000000000000000000
000011212121212111111111100000000000000000000000000000000000000000000000000000000000000000000000011111111111111111111111111111111111111111111111111100000001121111211100000000000000000000000000000000000000000000000000000000000000000000000001111100000000000000000000000000000000000000000000000000000000
000012121212121111111112100000000000000000000000000000000000000000000000000000000000000000000000011112111111111111111111111111111111111111111112111100000001211112111100000000000000000000000000000000000000000000000000000000000000000000000001112100000000000000000000000000000000000000000000000000000000
000011212121211111111111100000000000000000000000000000000000000000000000000000000000000000000000011111111111111111111111111111111111111111111111111100000001111111111100000000000000000000000000000000000000000000000000000000000000000000000001111100000000000000000000000000000000000000000000000000000000
000012121212111111111112100000000000000000000000000000000000000000000000000000000000000000000000011112111111111111111111111111111111111111111112111100000000000000000000000000000000000000000000000000000000000000000000000000000000000000000001121100000000000000000000000000000000000000000000000000000000
000011212121111111111111100000000000000000000000000000000000000000000000000000000000000000000000011111121212121212121212121212121212121212121211111100000000000000000000000000000000000000000000000000000000000000000000000000000000000000000001111100000000000000000000000000000000000000000000000000000000
000012121211111111111112100000000000000000000000000000000000000000000000000000000000000000000000011112111111111111111111111111111111111111111112111100000000000000000000000000000000000000000000000000000000000000000000000000000000000000000001121100000000000000000000000000000000000000000000000000000000
000011212111111111111111100000000000000000000000000000000000000000000000000000000000000000000000011111121212121212121212121212121212121212121211111100000000000000000000000000000000000000000000000000000000000000000000000000000000000000000001111100000000000000000000000000000000000000000000000000000000
000012121111111111111112100000000000000000000000000000000000000000000000000000000000000000000000011112111111111111111111111111111111111111111112111100000000000000000000000000000000000000000000000000000000000000000000000000000000000000000001121100000000000000000000000000000000000000000000000000000000
000011211111111111111111100000000000000000000000000000000000000000000000000000000000000000000000011111121212121212121212121212121212121212121211111100000000000000000000000000000000000000000000000000000000000000000000000000000000000000000001111100000000000000000000000000000000000000000000000000000000
000012111111111111111112100000000000000000000000000000000000000000000000000000000000000000000000011112111111111111111111111111111111111111111112111100000000000000000000000000000000000000000000000000000000000000000000000000000000000000000001111100000000000000000000000000000000000000000000000000000000
000011211111111111111111100000000000000000000000000000000000000000000000000000000000000000000000011111121212121212121212121212121212121212121211111100000000000000000000000000000000000000000000000000000000000000000000000000000000000000000001121100000000000000000000000000000000000000000000000000000000
000012121212121212121212100000000000000000000000000000000000000000000000000000000000000000000000011112111111111111111111111111111111111111111112111100000000000000000000000000000000000000000000000000000000000000000000000000000000000000000001111100000000000000000000000000000000000000000000000000000000
000011111111111111111111100000000000000000000000000000000000000000000000000000000000000000000000011111121212121212121212121212121212121212121211111100000000000000000000000000000000000000000000000000000000000000000000000000000000000000000001211100000000000000000000000000000000000000000000000000000000
000000000000000000000000000000000000000000000000000000000000000000000000000000000000000000000000011112111111111111111111111111111111111111111112111100000000000000000000000000000000000000000000000000000000000000000000000000000000000000000001111100000000000000000000000000000000000000000000000000000000
000000000000000000000000000000000000000000000000000000000000000000000000000000000000000000000000011111121212121212121212121212121212121212121211111100000000000000000000000000000000000000000000000000000000000000000000000000000000000000000001211100000000000000000000000000000000000000000000000000000000
000000000000000000000000000000000000000000000000000000000000000000000000000000000000000000000000011112111111111111111111111111111111111111111112111100000000000000000000000000000000000000000000000000000000000000000000000000000000000000000001111100000000000000000000000000000000000000000000000000000000
000000000000000000000000000000000000000000000000000000000000000000000000000000000000000000000000011111121212121212121212121212121212121212121211111100000000000000000000000000000000000000000000000000000000000000000000000000000000000000000001112100000000000000000000000000000000000000000000000000000000
000000000000000000000000000000000000000000000000000000000000000000000000000000000000000000000000011112111111111111111111111111111111111111111112111100000000000000000000000000000000000000000000000000000000000000000000000000000000000000000001111100000000000000000000000000000000000000000000000000000000
000000000000000000000000000000000000000000000000000000000000000000000000000000000000000000000000011111131212121212121212121212121212121212121211111100000000000000000000000000000000000000000000000000000000000000000000000000000000000000000001112100000000000000000000000000000000000000000000000000000000
000000000000000000000000000000000000000000000000000000000000000000000000000000000000000000000000011112111111111111111111111111111111111111111112111100000000000000000000000000000000000000000000000000000000000000000000000000000000000000000001111100000000000000000000000000000000000000000000000000000000
000000000000000000000000000000000000000000000000000000000000000000000000000000000000000000000000011111111111111111111111111111111111111111111111111100000000000000000000000000000000000000000000000000000000000000000000000000000000000000000001121100000000000000000000000000000000000000000000000000000000
000000000000000000000000000000000000000000000000000000000000000000000000000000000000000000000000011112111111111111111111111111111111111111111112111100000000000000000000000000000000000000000000000000000000000000000000000000000000000000000001111100000000000000000000000000000000000000000000000000000000
000000000000000000000000000000000000000000000000000000000000000000000000000000000000000000000000011111111111111111111111111111111111111111111111111100000000000000000000000000000000000000000000000000000000000000000000000000000000000000000001121100000000000000000000000000000000000000000000000000000000
000000000000000000000000000000000000000000000000000000000000000000000000000000000000000000000000011112111111111111111111111111111111111111111112111100000000000000000000000000000000000000000000000000000000000000000000000000000000000000000001111100000000000000000000000000000000000000000000000000000000
000000000000000000000000000000000000000000000000000000000000000000000000000000000000000000000000011111111111111111111111111111111111111111111111111100000000000000000000000000000000000000000000000000000000000000000000000000000000000000000001121100000000000000000000000000000000000000000000000000000000
000000000000000000000000000000000000000000000000000000000000000000000000000000000000000000000000011112111111111111111111111111111111111111111112111100000000000000000000000000000000000000000000000000000000000000000000000000000000000000000001111100000000000000000000000000000000000000000000000000000000
000000000000000000000000000000000000000000000000000000000000000000000000000000000000000000000000011111212121212121212121212121212121212121212121111100000000000000000000000000000000000000000000000000000000000000000000000000000000000000000001121100000000000000000000000000000000000000000000000000000000
000000000000000000000000000000000000000000000000000000000000000000000000000000000000000000000000011111111111111111111111111111111111111111111111111100000000000000000000000000000000000000000000000000000000000000000000000000000000000000000001111100000000000000000000000000000000000000000000000000000000
000000000000000000000000000000000000000000000000000000000000000000000000000000000000000000000000011111111111111111111111111111111111111111111111111100000000000000000000000000000000000000000000000000000000000000000000000000000000000000000001211100000000000000000000000000000000000000000000000000000000
000000000000000000000000000000000000000000000000000000000000000000000000000000000000000000000000011111111111111111111111111111111111111111111111111100000000000000000000000000000000000000000000000000000000000000000000000000000000000000000001111100000000000000000000000000000000000000000000000000000000
000000000000000000000000000000000000000000000000000000000000000000000000000000000000000000000000011111111111111111111111111111111111111111111111111100000000000000000000000000000000000000000000000000000000000000000000000000000000000000000001211100000000000000000000000000000000000000000000000000000000
000000000000000000000000000000000000000000000000000000000000000000000000000000000000000000000000011111111111111111111111111111111111111111111111111100000000000000000000000000000000000000000000000000000000000000000000000000000000000000000001111100000000000000000000000000000000000000000000000000000000
000000000000000000000000000000000000000000000000000000000000000000000000000000000000000000000000000000000000000000000000000000000000000000000000000000000000000000000000000000000000000000000000000000000000000000000000000000000000000000000001112100000000000000000000000000000000000000000000000000000000
000000000000000000000000000000000000000000000000000000000000000000000000000000000000000000000000000000000000000000000000000000000000000000000000000000000000000000000000000000000000000000000000000000000000000000000000000000000000000000000001111100000000000000000000000000000000000000000000000000000000
000000000000000000000000000000000000000000000000000000000000000000000000000000000000000000000000000000000000000000000000000000000000000000000000000000000000000000000000000000000000000000000000000000000000000000000000000000000000000000000001112100000000000000000000000000000000000000000000000000000000
000000000000000000000000000000000000000000000000000000000000000000000000000000000000000000000000000000000000000000000000000000000000000000000000000000000000000000000000000000000000000000000000000000000000000000000000000000000000000000000001111100000000000000000000000000000000000000000000000000000000
000000000000000000000000000000000000000000000000000000000000000000000000000000000000000000000000000000000000000000000000000000000000000000000000000000000000000000000000000000000000000000000000000000000000000000000000000000000000000000000001121100000000000000000000000000000000000000000000000000000000
000000000000000000000000000000000000000000000000000000000000000000000000000000000000000000000000000000000000000000000000000000000000000000000000000000000000000000000000000000000000000000000000000000000000000000000000000000000000000000000001111100000000000000000000000000000000000000000000000000000000
000000000000000000000000000000000000000000000000000000000000000000000000000000000000000000000000000000000000000000000000000000000000000000000000000000000000000000000000000000000000000000000000000000000000000000000000000000000000000000000001121100000000000000000000000000000000000000000000000000000000
000000000000000000000000000000000000000000000000000000000000000000000000000000000000000000000000000000000000000000000000000000000000000000000000000000000000000000000000000000000000000000000000000000000000000000000000000000000000000000000001111100000000000000000000000000000000000000000000000000000000
000000000000000000000000000000000000000000000000000000000000000000000000000000000000000000000000000000000000000000000000000000000000000000000000000000000000000000000000000000000000000000000000000000000000000000000000000000000000000000000001121100000000000000000000000000000000000000000000000000000000
000000000000000000000000000000000000000000000000000000000000000000000000000000000000000000000000000000000000000000000000000000000000000000000000000000000000000000000000000000000000000000000000000000000000000000000000000000000000000000000001111100000000000000000000000000000000000000000000000000000000
000000000000000000000000000000000000000000000000000000000000000000000000000000000000000000000000000000000000000000000000000000000000000000000000000000000000000000000000000000000000000000000000000000000000000000000000000000000000000000000001121100000000000000000000000000000000000000000000000000000000
000000000000000000000000000000000000000000000000000000000000000000000000000000000000000000000000000000000000000000000000000000000000000000000000000000000000000000000000000000000000000000000000000000000000000000000000000000000000000000000001111100000000000000000000000000000000000000000000000000000000
000000000000000000000000000000000000000000000000000000000000000000000000000000000000000000000000000000000000000000000000000000000000000000000000000000000000000000000000000000000000000000000000000000000000000000000000000000000000000000000001211100000000000000000000000000000000000000000000000000000000
000000000000000000000000000000000000000000000000000000000000000000000000000000000000000000000000000000000000000000000000000000000000000000000000000000000000000000000000000000000000000000000000000000000000000000000000000000000000000000000001111100000000000000000000000000000000000000000000000000000000
000000000000000000000000000000000000000000000000000000000000000000000000000000000000000000000000000000000000000000000000000000000000000000000000000000000000000000000000000000000000000000000000000000000000000000000000000000000000000000000001211100000000000000000000000000000000000000000000000000000000
000000000000000000000000000000000000000000000000000000000000000000000000000000000000000000000000000000000000000000000000000000000000000000000000000000000000000000000000000000000000000000000000000000000000000000000000000000000000000000000001111100000000000000000000000000000000000000000000000000000000
000000000000000000000000000000000000000000000000000000000000000000000000000000000000000000000000000000000000000000000000000000000000000000000000000000000000000000000000000000000000000000000000000000000000000000000000000000000000000000000001112100000000000000000000000000000000000000000000000000000000
000000000000000000000000000000000000000000000000000000000000000000000000000000000000000000000000000000000000000000000000000000000000000000000000000000000000000000000000000000000000000000000000000000000000000000000000000000000000000000000001111100000000000000000000000000000000000000000000000000000000
000000000000000000000000000000000000000000000000000000000000000000000000000000000000000000000000000000000000000000000000000000000000000000000000000000000000000000000000000000000000000000000000000000000000000000000000000000000000000000000001112100000000000000000000000000000000000000000000000000000000
000000000000000000000000000000000000000000000000000000000000000000000000000000000000000000000000000000000000000000000000000000000000000000000000000000000000000000000000000000000000000000000000000000000000000000000000000000000000000000000001111100000000000000000000000000000000000000000000000000000000
000000000000000000000000000000000000000000000000000000000000000000000000000000000000000000000000000000000000000000000000000000000000000000000000000000000000000000000000000000000000000000000000000000000000000000000000000000000000000000000001121100000000000000000000000000000000000000000000000000000000
000000000000000000000000000000000000000000000000000000000000000000000000000000000000000000000000000000000000000000000000000000000000000000000000000000000000000000000000000000000000000000000000000000000000000000000000000000000000000000000001111100000000000000000000000000000000000000000000000000000000
000000000000000000000000000000000000000000000000000000000000000000000000000000000000000000000000000000000000000000000000000000000000000000000000000000000000000000000000000000000000000000000000000000000000000000000000000000000000000000000001121100000000000000000000000000000000000000000000000000000000
000000000000000000000000000000000000000000000000000000000000000000000000000000000000000000000000000000000000000000000000000000000000000000000000000000000000000000000000000000000000000000000000000000000000000000000000000000000000000000000001111100000000000000000000000000000000000000000000000000000000
000000000000000000000000000000000000000000000000000000000000000000000000000000000000000000000000000000000000000000000000000000000000000000000000000000000000000000000000000000000000000000000000000000000000000000000000000000000000000000000001111100000000000000000000000000000000000000000000000000000000
000000000000000000000000000000000000000000000000000000000000000000000000000000000000000000000000000000000000000000000000000000000000000000000000000000000000000000000000000000000000000000000000000000000000000000000000000000000000000000000001121100000000000000000000000000000000000000000000000000000000
000000000000000000000000000000000000000000000000000000000000000000000000000000000000000000000000000000000000000000000000000000000000000000000000000000000000000000000000000000000000000000000000000000000000000000000000000000000000000000000001111100000000000000000000000000000000000000000000000000000000
000000000000000000000000000000000000000000000000000000000000000000000000000000000000000000000000000000000000000000000000000000000000000000000000000000000000000000000000000000000000000000000000000000000000000000000000000000000000000000000001121100000000000000000000000000000000000000000000000000000000
000000000000000000000000000000000000000000000000000000000000000000000000000000000000000000000000000000000000000000000000000000000000000000000000000000000000000000000000000000000000000000000000000000000000000000000000000000000000000000000001111100000000000000000000000000000000000000000000000000000000
000000000000000000000000000000000000000000000000000000000000000000000000000000000000000000000000000000000000000000000000000000000000000000000000000000000000000000000000000000000000000000000000000000000000000000000000000000000000000000000001211100000000000000000000000000000000000000000000000000000000
000000000000000000000000000000000000000000000000000000000000000000000000000000000000000000000000000000000000000000000000000000000000000000000000000000000000000000000000000000000000000000000000000000000000000000000000000000000000000000000001111100000000000000000000000000000000000000000000000000000000
000000000000000000000000000000000000000000000000000000000000000000000000000000000000000000000000000000000000000000000000000000000000000000000000000000000000000000000000000000000000000000000000000000000000000000000000000000000000000000000001211100000000000000000000000000000000000000000000000000000000
000000000000000000000000000000000000000000000000000000000000000000000000000000000000000000000000000000000000000000000000000000000000000000000000000000000000000000000000000000000000000000000000000000000000000000000000000000000000000000000001111100000000000000000000000000000000000000000000000000000000
000000000000000000000000000000000000000000000000000000000000000000000000000000000000000000000000000000000000000000000000000000000000000000000000000000000000000000000000000000000000000000000000000000000000000000000000000000000000000000000001112100000000000000000000000000000000000000000000000000000000
000000000000000000000000000000000000000000000000000000000000000000000000000000000000000000000000000000000000000000000000000000000000000000000000000000000000000000000000000000000000000000000000000000000000000000000000000000000000000000000001111100000000000000000000000000000000000000000000000000000000
000000000000000000000000000000000000000000000000000000000000000000000000000000000000000000000000000000000000000000000000000000000000000000000000000000000000000000000000000000000000000000000000000000000000000000000000000000000000000000000001112100000000000000000000000000000000000000000000000000000000
000000000000000000000000000000000000000000000000000000000000000000000000000000000000000000000000000000000000000000000000000000000000000000000000000000000000000000000000000000000000000000000000000000000000000000000000000000000000000000000001111100000000000000000000000000000000000000000000000000000000
000000000000000000000000000000000000000000000000000000000000000000000000000000000000000000000000000000000000000000000000000000000000000000000000000000000000000000000000000000000000000000000000000000000000000000000000000000000000000000000001141100000000000000000000000000000000000000000000000000000000
000000000000000000000000000000000000000000000000000000000000000000000000000000000000000000000000000000000000000000000000000000000000000000000000000000000000000000000000000000000000000000000000000000000000000000000000000000000000000000000001111100000000000000000000000000000000000000000000000000000000
000000000000000000000000000000000000000000000000000000000000000000000000000000000000000000000000000000000000000000000000000000000000000000000000000000000000000000000000000000000000000000000000000000000000000000000000000000000000000000000001111100000000000000000000000000000000000000000000000000000000
000000000000000000000000000000000000000000000000000000000000000000000000000000000000000000000000000000000000000000000000000000000000000000000000000000000000000000000000000000000000000000000000000000000000000000000000000000000000000000000001111100000000000000000000000000000000000000000000000000000000
000000000000000000000000000000000000000000000000000000000000000000000000000000000000000000000000000000000000000000000000000000000000000000000000000000000000000000000000000000000000000000000000000000000000000000000000000000000000000000000000000000000000000000000000000000000000000000000000000000000000
000000000000000000000000000000000000000000000000000000000000000000000000000000000000000000000000000000000000000000000000000000000000000000000000000000000000000000000000000000000000000000000000000000000000000000000000000000000000000000000000000000000000000000000000000000000000000000000000000000000000
000000000000000000000000000000000000000000000000000000000000000000000000000000000000000000000000000000000000000000000000000000000000000000000000000000000000000000000000000000000000000000000000000000000000000000000000000000000000000000000000000000000000000000000000000000000000000000000000000000000000
000000000000000000000000000000000000000000000000000000000000000000000000000000000000000000000000000000000000000000000000000000000000000000000000000000000000000000000000000000000000000000000000000000000000000000000000000000000000000000000000000000000000000000000000000000000000000000000000000000000000
000000000000000000000000000000000000000000000000000000000000000000000000000000000000000000000000000000000000000000000000000000000000000000000000000000000000000000000000000000000000000000000000000000000000000000000000000000000000000000000000000000000000000000000000000000000000000000000000000000000000
000000000000000000000000000000000000000000000000000000000000000000000000000000000000000000000000000000000000000000000000000000000000000000000000000000000000000000000000000000000000000000000000000000000000000000000000000000000000000000000000000000000000000000000000000000000000000000000000000000000000
000000000000000000000000000000000000000000000000000000000000000000000000000000000000000000000000000000000000000000000000000000000000000000000000000000000000000000000000000000000000000000000000000000000000000000000000000000000000000000000000000000000000000000000000000000000000000000000000000000000000
000000000000000000000000000000000000000000000000000000000000000000000000000000000000000000000000000000000000000000000000000000000000000000000000000000000000000000000000000000000000000000000000000000000000000000000000000000000000000000000000000000000000000000000000000000000000000000000000000000000000
000000000000000000000000000000000000000000000000000000000000000000000000000000000000000000000000000000000000000000000000000000000000000000000000000000000000000000000000000000000000000000000000000000000000000000000000000000000000000000000000000000000000000000000000000000000000000000000000000000000000
000000000000000000000000000000000000000000000000000000000000000000000000000000000000000000000000000000000000000000000000000000000000000000000000000000000000000000000000000000000000000000000000000000000000000000000000000000000000000000000000000000000000000000000000000000000000000000000000000000000000
000000000000000000000000000000000000000000000000000000000000000000000000000000000000000000000000000000000000000000000000000000000000000000000000000000000000000000000000000000000000000000000000000000000000000000000000000000000000000000000000000000000000000000000000000000000000000000000000000000000000
000000000000000000000000000000000000000000000000000000000000000000000000000000000000000000000000000000000000000000000000000000000000000000000000000000000000000000000000000000000000000000000000000000000000000000000000000000000000000000000000000000000000000000000000000000000000000000000000000000000000
000000000000000000000000000000000000000000000000000000000000000000000000000000000000000000000000000000000000000000000000000000000000000000000000000000000000000000000000000000000000000000000000000000000000000000000000000000000000000000000000000000000000000000000000000000000000000000000000000000000000
000000000000000000000000000000000000000000000000000000000000000000000000000000000000000000000000000000000000000000000000000000000000000000000000000000000000000000000000000000000000000000000000000000000000000000000000000000000000000000000000000000000000000000000000000000000000000000000000000000000000
000000000000000000000000000000000000000000000000000000000000000000000000000000000000000000000000000000000000000000000000000000000000000000000000000000000000000000000000000000000000000000000000000000000000000000000000000000000000000000000000000000000000000000000000000000000000000000000000000000000000
000000000000000000000000000000000000000000000000000000000000000000000000000000000000000000000000000000000000000000000000000000000000000000000000000000000000000000000000000000000000000000000000000000000000000000000000000000000000000000000000000000000000000000000000000000000000000000000000000000000000
000000000000000000000000000000000000000000000000000000000000000000000000000000000000000000000000000000000000000000000000000000000000000000000000000000000000000000000000000000000000000000000000000000000000000000000000000000000000000000000000000000000000000000000000000000000000000000000000000000000000
000000000000000000000000000000000000000000000000000000000000000000000000000000000000000000000000000000000000000000000000000000000000000000000000000000000000000000000000000000000000000000000000000000000000000000000000000000000000000000000000000000000000000000000000000000000000000000000000000000000000
000000000000000000000000000000000000000000000000000000000000000000000000000000000000000000000000000000000000000000000000000000000000000000000000000000000000000000000000000000000000000000000000000000000000000000000000000000000000000000000000000000000000000000000000000000000000000000000000000000000000
000000000000000000000000000000000000000000000000000000000000000000000000000000000000000000000000000000000000000000000000000000000000000000000000000000000000000000000000000000000000000000000000000000000000000000000000000000000000000000000000000000000000000000000000000000000000000000000000000000000000
000000000000000000000000000000000000000000000000000000000000000000000000000000000000000000000000000000000000000000000000000000000000000000000000000000000000000000000000000000000000000000000000000000000000000000000000000000000000000000000000000000000000000000000000000000000000000000000000000000000000
000000000000000000000000000000000000000000000000000000000000000000000000000000000000000000000000000000000000000000000000000000000000000000000000000000000000000000000000000000000000000000000000000000000000000000000000000000000000000000000000000000000000000000000000000000000000000000000000000000000000
000000000000000000000000000000000000000000000000000000000000000000000000000000000000000000000000000000000000000000000000000000000000000000000000000000000000000000000000000000000000000000000000000000000000000000000000000000000000000000000000000000000000000000000000000000000000000000000000000000000000
000000000000000000000000000000000000000000000000000000000000000000000000000000000000000000000000000000000000000000000000000000000000000000000000000000000000000000000000000000000000000000000000000000000000000000000000000000000000000000000000000000000000000000000000000000000000000000000000000000000000
000000000000000000000000000000000000000000000000000000000000000000000000000000000000000000000000000000000000000000000000000000000000000000000000000000000000000000000000000000000000000000000000000000000000000000000000000000000000000000000000000000000000000000000000000000000000000000000000000000000000
000000000000000000000000000000000000000000000000000000000000000000000000000000000000000000000000000000000000000000000000000000000000000000000000000000000000000000000000000000000000000000000000000000000000000000000000000000000000000000000000000000000000000000000000000000000000000000000000000000000000
000000000000000000000000000000000000000000000000000000000000000000000000000000000000000000000000000000000000000000000000000000000000000000000000000000000000000000000000000000000000000000000000000000000000000000000000000000000000000000000000000000000000000000000000000000000000000000000000000000000000
000000000000000000000000000000000000000000000000000000000000000000000000000000000000000000000000000000000000000000000000000000000000000000000000000000000000000000000000000000000000000000000000000000000000000000000000000000000000000000000000000000000000000000000000000000000000000000000000000000000000
000000000000000000000000000000000000000000000000000000000000000000000000000000000000000000000000000000000000000000000000000000000000000000000000000000000000000000000000000000000000000000000000000000000000000000000000000000000000000000000000000000000000000000000000000000000000000000000000000000000000
000000000000000000000000000000000000000000000000000000000000000000000000000000000000000000000000000000000000000000000000000000000000000000000000000000000000000000000000000000000000000000000000000000000000000000000000000000000000000000000000000000000000000000000000000000000000000000000000000000000000
000000000000000000000000000000000000000000000000000000000000000000000000000000000000000000000000000000000000000000000000000000000000000000000000000000000000000000000000000000000000000000000000000000000000000000000000000000000000000000000000000000000000000000000000000000000000000000000000000000000000
000000000000000000000000000000000000000000000000000000000000000000000000000000000000000000000000000000000000000000000000000000000000000000000000000000000000000000000000000000000000000000000000000000000000000000000000000000000000000000000000000000000000000000000000000000000000000000000000000000000000
000000000000000000000000000000000000000000000000000000000000000000000000000000000000000000000000000000000000000000000000000000000000000000000000000000000000000000000000000000000000000000000000000000000000000000000000000000000000000000000000000000000000000000000000000000000000000000000000000000000000
000000000000000000000000000000000000000000000000000000000000000000000000000000000000000000000000000000000000000000000000000000000000000000000000000000000000000000000000000000000000000000000000000000000000000000000000000000000000000000000000000000000000000000000000000000000000000000000000000000000000
000000000000000000000000000000000000000000000000000000000000000000000000000000000000000000000000000000000000000000000000000000000000000000000000000000000000000000000000000000000000000000000000000000000000000000000000000000000000000000000000000000000000000000000000000000000000000000000000000000000000
000000000000000000000000000000000000000000000000000000000000000000000000000000000000000000000000000000000000000000000000000000000000000000000000000000000000000000000000000000000000000000000000000000000000000000000000000000000000000000000000000000000000000000000000000000000000000000000000000000000000
000000000000000000000000000000000000000000000000000000000000000000000000000000000000000000000000000000000000000000000000000000000000000000000000000000000000000000000000000000000000000000000000000000000000000000000000000000000000000000000000000000000000000000000000000000000000000000000000000000000000
000000000000000000000000000000000000000000000000000000000000000000000000000000000000000000000000000000000000000000000000000000000000000000000000000000000000000000000000000000000000000000000000000000000000000000000000000000000000000000000000000000000000000000000000000000000000000000000000000000000000
000000000000000000000000000000000000000000000000000000000000000000000000000000000000000000000000000000000000000000000000000000000000000000000000000000000000000000000000000000000000000000000000000000000000000000000000000000000000000000000000000000000000000000000000000000000000000000000000000000000000
000000000000000000000000000000000000000000000000000000000000000000000000000000000000000000000000000000000000000000000000000000000000000000000000000000000000000000000000000000000000000000000000000000000000000000000000000000000000000000000000000000000000000000000000000000000000000000000000000000000000
000000000000000000000000000000000000000000000000000000000000000000000000000000000000000000000000000000000000000000000000000000000000000000000000000000000000000000000000000000000000000000000000000000000000000000000000000000000000000000000000000000000000000000000000000000000000000000000000000000000000
000000000000000000000000000000000000000000000000000000000000000000000000000000000000000000000000000000000000000000000000000000000000000000000000000000000000000000000000000000000000000000000000000000000000000000000000000000000000000000000000000000000000000000000000000000000000000000000000000000000000
000000000000000000000000000000000000000000000000000000000000000000000000000000000000000000000000000000000000000000000000000000000000000000000000000000000000000000000000000000000000000000000000000000000000000000000000000000000000000000000000000000000000000000000000000000000000000000000000000000000000
000000000000000000000000000000000000000000000000000000000000000000000000000000000000000000000000000000000000000000000000000000000000000000000000000000000000000000000000000000000000000000000000000000000000000000000000000000000000000000000000000000000000000000000000000000000000000000000000000000000000
000000000000000000000000000000000000000000000000000000000000000000000000000000000000000000000000000000000000000000000000000000000000000000000000000000000000000000000000000000000000000000000000000000000000000000000000000000000000000000000000000000000000000000000000000000000000000000000000000000000000
000000000000000000000000000000000000000000000000000000000000000000000000000000000000000000000000000000000000000000000000000000000000000000000000000000000000000000000000000000000000000000000000000000000000000000000000000000000000000000000000000000000000000000000000000000000000000000000000000000000000
000000000000000000000000000000000000000000000000000000000000000000000000000000000000000000000000000000000000000000000000000000000000000000000000000000000000000000000000000000000000000000000000000000000000000000000000000000000000000000000000000000000000000000000000000000000000000000000000000000000000
000000000000000000000000000000000000000000000000000000000000000000000000000000000000000000000000000000000000000000000000000000000000000000000000000000000000000000000000000000000000000000000000000000000000000000000000000000000000000000000000000000000000000000000000000000000000000000000000000000000000
000000000000000000000000000000000000000000000000000000000000000000000000000000000000000000000000000000000000000000000000000000000000000000000000000000000000000000000000000000000000000000000000000000000000000000000000000000000000000000000000000000000000000000000000000000000000000000000000000000000000
000000000000000000000000000000000000000000000000000000000000000000000000000000000000000000000000000000000000000000000000000000000000000000000000000000000000000000000000000000000000000000000000000000000000000000000000000000000000000000000000000000000000000000000000000000000000000000000000000000000000
000000000000000000000000000000000000000000000000000000000000000000000000000000000000000000000000000000000000000000000000000000000000000000000000000000000000000000000000000000000000000000000000000000000000000000000000000000000000000000000000000000000000000000000000000000000000000000000000000000000000
000000000000000000000000000000000000000000000000000000000000000000000000000000000000000000000000000000000000000000000000000000000000000000000000000000000000000000000000000000000000000000000000000000000000000000000000000000000000000000000000000000000000000000000000000000000000000000000000000000000000
000000000000000000000000000000000000000000000000000000000000000000000000000000000000000000000000000000000000000000000000000000000000000000000000000000000000000000000000000000000000000000000000000000000000000000000000000000000000000000000000000000000000000000000000000000000000000000000000000000000000
000000000000000000000000000000000000000000000000000000000000000000000000000000000000000000000000000000000000000000000000000000000000000000000000000000000000000000000000000000000000000000000000000000000000000000000000000000000000000000000000000000000000000000000000000000000000000000000000000000000000
000000000000000000000000000000000000000000000000000000000000000000000000000000000000000000000000000000000000000000000000000000000000000000000000000000000000000000000000000000000000000000000000000000000000000000000000000000000000000000000000000000000000000000000000000000000000000000000000000000000000

