000000000000000000000000000001111111111111111111111111111111111111111111111111111111111111111111111111111111111111111111111111111000000000000000000000000000000000000000000000000000011111111111111111111111111111111111111111111111111111111111111111111111111111111111111111111111111110000000000000000000
000000000000000000000000000001121111112111112141111111113111111112131111111111111112121111121211111111111111112121211131111113121000000000000000000000000000000000000000000000000000011211111121111121411111111131111111121311111111111111121211111212111111111111111121212111311111131210000000000000000000
000000000000000000000000000001111111111111311111111211111111111111111212114111111111111114111111112111111111311111111111211111111000000000000000000000000000000000000000000000000000011111111111113111111112111111111111111112121141111111111111141111111121111111113111111111112111111110000000000000000000
000000000000000000000000000001211111211111111121111112121111121211111111111111111212121111111211111111111111112111111111111112111000000000000000000000000000000000000000000000000000012111112111111111211111121211111212111111111111111112121211111112111111111111111121111111111111121110000000000000000000
000000000000000000000000000001114131112111114111141111111211111111111121112131211111111111111113131211111111111112111111111111121000000000000000000000000011111111111111111111111111011141311121111141111411111112111111111111211121312111111111111111131312111111111111121111111111111210000000000000000000
000000000000000000000000000001111111111111211111111121111113121112111111111111112121311111121111111111111111111111111111121411111000000000000000000000000012222222222222222222222221011111111111112111111111211111131211121111111111111121213111111211111111111111111111111111111214111110000000000000000000
000000000000000000000000000001141111212111112111111111111111111111111212112121111111111111111412131112121111111212111111111112121000000000000000000000000011111111111111111111111111011411112121111121111111111111111111111112121121211111111111111114121311121211111112121111111111121210000000000000000000
000000000000000000000000000001111111111121111141211111111111111212111111111111114111111111121111111211111111131111121111111111111000000000000000000000000012222222222222222222222221011111111111211111412111111111111112121111111111111141111111111211111112111111111311111211111111111110001211111111000000
000000000000000000000000000001211114111111112111112112112121111111111111412112111112121111111111111112111111111212111111121112131000111111111100000000000011111111111111111111111111012111141111111121111121121121211111111111114121121111121211111111111111121111111112121111111211121310001111211131000000
000000000000000000000000000001111111111111111112111111111111111212111141111111111211111111311212131111111111211111111111111111111000131111211100000000000012222222222222222222222221011111111111111111121111111111111112121111411111111112111111113112121311111111112111111111111111111110001121111111000000
000000000000000000000000000001111113121111121111141111111111111111111111111121111111121111111111111111131111111212111111111111111000111121111100000000000011111111111111111111111111011111131211111211111411111111111111111111111111211111111211111111111111111311111112121111111111111110001112111111000000
000000000000000000000000000001121111111111111311111111211141111112111121111111111121111121112112121212111311111111111131312112111000111111211100000000000012222222222222222222222221011211111111111113111111112111411111121111211111111111211111211121121212121113111111111111313121121110001211111211000000
000000000000000000000000000001111111112111211111112121111111121211112111141211111111312111211111111111111111111213111111111111121000111111111100000000000011111111111111111111111111011111111121112111111121211111111212111121111412111111113121112111111111111111111112131111111111111210001121111111000000
000000000000000000000000000001121111111111111112111111111211111111111111111113111311111121113121212112111111111111121121121111111000121111121100000000000011111222222222222222222221011211111111111111121111111112111111111111111111131113111111211131212121121111111111111211211211111110001111112121000000
000000000011111111110000000001111111211111111111141211111111111211111211112111111111211111111111111111111113111111111111111111111000111211111100000000000011111111111111111111111111011111112111111111111412111111111112111112111121111111112111111111111111111111131111111111111111111110001411211111000000
000000000013111121110000000001111111112121111111111111111111111111111111111121111211111111141211111111111111111113111121213112121000112112111100000000000011111222222222222222222221011111111121211111111111111111111111111111111111211112111111111412111111111111111111131111212131121210001111111111000000
000000000011112111110000000001141111111111112111112121111411111121112121412111111112141111111112131111111211111111111111111111111000211121141100000000000011111111111111111111111111011411111111111121111121211114111111211121214121111111121411111111121311111112111111111111111111111110001111111111000000
000000000011111121110000000001111111112111211121311111111111111111111111111121112111111111111211111211111113112121212121212112111000111111111100000000000011111222222222222222222221011111111121112111213111111111111111111111111111211121111111111112111112111111131121212121212121121110000000000000000000
000000000011111111110000000001111112111111112111112121111111111111113112111111111121111111311112131112111211111111111111111111121000000000000000000000000011111111111111111111111111011111121111111121111121211111111111111131121111111111211111113111121311121112111111111111111111111210000000000000000000
000000000012111112110000000001111111112121111121111111111211111121111111111111111111111111111311111211111111213121112111112111111000000000000000000000000011111222222222222222222221011111111121211111211111111112111111211111111111111111111111111113111112111111112131211121111121111110000000000000000000
000000000011121111110000000001131111111111111111111121211111111111112112111111114121211111111111111112111111111111211111111111111000000000000000000000000011111111111111111111111111011311111111111111111111212111111111111121121111111141212111111111111111121111111111112111111111111110000000000000000000
000000000011211211110000000001111111121113112111113111111111111411111111111111111111112111121112121111131111211111111113141112121000000000000000000000000011111222222222222222222221011111111211131121111131111111111114111111111111111111111121111211121211111311112111111111131411121210000000000000000000
000000000021112114110000000001111211111111111121111141213131111112111121111312111111111121111211111111111111112121211111111111111000000000000000000000000011111111111111111111111111011112111111111111211111412131311111121111211113121111111111211112111111111111111121212111111111111110000000000000000000
000000000011111111110000000001111113121111412111214111111111111111111111111111111212112111211112141111111111111111111113111111141000000000000000000000000011111222222222222222222221011111131211114121112141111111111111111111111111111112121121112111121411111111111111111111131111111410000000000000000000
000000000000000000000000000001121111111111111121111111212121111121112121112111111111111111111111111111111111141411211111121112111000000000000000000000000011111111111111111111111111011211111111111111211111112121211111211121211121111111111111111111111111111111111414112111111211121110000000000000000000
000000000000000000000000000001111111111111112111212111111111111111111111111121111311121311111212111112111411111111111411111111131000000000000000000000000011111222222222222222222221011111111111111121112121111111111111111111111111211113111213111112121111121114111111111114111111111310000000000000000000
000000000000000000000000000001311111312111111111111121111211121412111121112111111113111111111111112111111111112112111111121114111000000000000000000000000011111111111111111111111111013111113121111111111111211112111214121111211121111111131111111111111121111111111121121111111211141110000000000000000000
000000000000000000000000000001111111111131111211111111111111111111111111111121111211121411112121211111112111411111111111111111121000000000000000000000000011111111112222222222222221011111111111311112111111111111111111111111111111211112111214111121212111111121114111111111111111111210000000000000000000
000000000000000000000000000001412111411111111111131114111211121111111121111111131111111111111111112111111111111213111111214112111000000000000000000000000011111111111111111111111111014121114111111111111311141112111211111111211111111311111111111111111121111111111112131111112141121110000000000000000000
000000000000000000000000000001111111111121111312111211111114111111111111411111111112111112112112111111111211111111111111111111121000000000000000000000000011111111112222222222222221011111111111211113121112111111141111111111114111111111121111121121121111111112111111111111111111111210000000000000000000
000000000000000000000000000001111111212111111111121112111211121112111121111111111311121111111111121112111112111211112111111412111000000000000000000000000011111111111111111111111111011111112121111111111211121112111211121111211111111113111211111111111211121111121112111121111114121110000000000000000000
000000000000000000000000000001121111111111112121111111111113111111111111111411111112111111112121111111111111111112111111111111111000000000000000000000000011111111112222222222222221011211111111111121211111111111131111111111111114111111121111111121211111111111111111121111111111111110000000000000000000
000000000000000000000000000001111112121111411111211211312111121111111211111111111211131112111111214112111111111111111111121112121000000000000000000000000011111111111111111111111111011111121211114111112112113121111211111112111111111112111311121111112141121111111111111111111211121210000000000000000000
000000000000000000000000000001121111111311112111111111111111111111111112141111131112111111121111111111111212111113121111111111111000000000000000000000000011111111112222222222222221011211111113111121111111111111111111111111121411111311121111111211111111111112121111131211111111111110000000000000000000
000000000000000000000000000001111112131111111121212112111111111112111211111111111111121111111111111112111111111111111111131111211000000000000000000000000011111111111111111111111111011111121311111111212121121111111111121112111111111111111211111111111111121111111111111111111311112110000000000000000000
000000000000000000000000000001114111111111112111111111111211111111111112111111111111111111211111211111112111112121111121111111111000000000000000000000000011111111112222222222222221011141111111111121111111111112111111111111121111111111111111112111112111111121111121211111211111111110000000000000000000
000000000000000000000000000001111111121211111111121111111111111121111111112131111121121111112111114111111111211111212111111411111000000000000000000000000011111111111111111111111111011111111212111111111211111111111111211111111121311111211211111121111141111111112111112121111114111110000000000000000000
000000000000000000000000000001111111111111111111111121111111131111111121111111112111111112111111111111111111112121111121111113121000000000000000000000000011111111112222222222222221011111111111111111111111211111111311111111211111111121111111121111111111111111111121211111211111131210000000000000000000
000000000000000000000000000001211111211211111111131111411111111112111111112111111121111111141111211112111213111111211111112111111000000000000000000000000011111111111111111111111111012111112112111111111311114111111111121111111121111111211111111411112111121112131111112111111121111110000000000000000000
000000000000000000000000000001111111111111111111111121111111121111111411211121141111211111111111111111111111111211111111111111111000000000000000000000000011111111112222222222222221011111111111111111111111211111111211111114112111211411112111111111111111111111111112111111111111111110000000000000000000
000000000000000000000000000001214111121411112121111111141212111112111111111111111211112121111112121111111112111112111111113111211000000000000000000000000011111111111111111111111111012141111214111121211111111412121111121111111111111112111121211111121211111111121111121111111131112110000000000000000000
000000000000000000000000000001111111111111111111411211111111141311111112111311131111111111121211111111111111111311111113111111111000000000000000000000000011111111112222222222222221011111111111111111114112111111111413111111121113111311111111111212111111111111111113111111131111111110000000000000000000
000000000000000000000000000001121112131411131211111112111111111111411111131111111211121111111111111112111112111112111111111111111000000000000000000000000011111111111111111111111111011211121314111312111111121111111111114111111311111112111211111111111111121111121111121111111111111110000000000000000000
000000000000000000000000000001111111111111111111211111111412111131111111111131121111111113111212121111112111131211111111111112141000000000000000000000000011111111112222222222222221011111111111111111112111111114121111311111111111311211111111131112121211111121111312111111111111121410000000000000000000
000000000000000000000000000001121112141121112121111111111111111111111121111111111211211111121111111111111111111112111111114111111000000000000000000000000011111111111111111111111111011211121411211121211111111111111111111111211111111112112111111211111111111111111111121111111141111110000000000000000000
000000000000000000000000000001111111111111111111212112111114121112111111411121111111112131111111111111111111212111121111111111111000000000000000000000000011111111112222222222222221011111111111111111112121121111141211121111114111211111111121311111111111111111112121111211111111111110000000000000000000
000000000000000000000000000001111111212141111111111111141411111111111111114111112131111111311131312131112111111112111113121311121000000000000000000000000011111111111111111111111111011111112121411111111111111414111111111111111141111121311111113111313121311121111111121111131213111210000000000000000000
000000000000000000000000000001212111111111111121211111111111111112111112111111111111211121112111111111111111112111111111111113111000000000000000000000000011111111112222222222222221012121111111111111212111111111111111121111121111111111112111211121111111111111111121111111111111131110000000000000000000
000000000000000000000000000001111111111412111111111111111121111111111111111111111111111111211111212111131111111121213111111111121000000000000000000000000011111111111111111111111111011111111114121111111111111111211111111111111111111111111111112111112121111311111111212131111111111210000000000000000000
000000000000000000000000000001131111211111111111211311312111111121111121111111411121121111111111111111111112111111111121111111111000000000000000000000000011111111112222222222222221011311112111111111112113113121111111211111211111114111211211111111111111111111121111111111211111111110000000000000000000
000000000000000000000000000001111111113131111211111111111121111111111111212121111111111111111112111111111111121214121111112111121000000000000000000000000011111111111111111111111111011111111131311112111111111111211111111111112121211111111111111111121111111111111212141211111121111210000000000000000000
000000000000000000000000000001211111111111111114131112112111111121111111111111111111121112121111121112111111111111111111111114111000000000000000000000000011111111111111122222222221012111111111111111141311121121111111211111111111111111111211121211111211121111111111111111111111141110000000000000000000
000000000000000000000000000001112111121412111411111211111121113111111121211111111112111211111211111111111311121413131411111111111000000000000000000000000011111111111111111111111111011121111214121114111112111111211131111111212111111111121112111112111111111113111214131314111111111110000000000000000000
000000000000000000000000000001111141111111111111111111211111111112111111111111111211131112111112111111111112111111111111111313121000000000000000000000000011111111111111122222222221011111411111111111111111112111111111121111111111111112111311121111121111111111121111111111111113131210000000000000000000
000000000000000000000000000001121111211111111121112141112121114111111312114111111111111211111111121111111111121311121211121111111000000000000000000000000011111111111111111111111111011211112111111111211121411121211141111113121141111111111112111111111211111111111213111212111211111110000000000000000000
000000000000000000000000000001111111112111111111211111111111111121131111111121111213111111111111111411111112111112111111111111121000000000000000000000000011111111111111122222222221011111111121111111112111111111111111211311111111211112131111111111111114111111121111121111111111111210000000000000000000
000000000000000000000000000001111111211111111211112112111314121111111121111111111111111411111111111111111111131211121111121111111000000000000000000000000011111111111111111111111111011111112111111112111121121113141211111111211111111111111114111111111111111111111312111211111211111110000000000000000000
000000000000000000000000000001112111112111111111111111131111111111411111111111111121311111111311121111111311111112111111111111111000000000000000000000000011111111111111122222222221011121111121111111111111111311111111114111111111111111213111111113111211111113111111121111111111111110000000000000000000
000000000000000000000000000001211111111111112121212114111213111121111121111111111111112114111112111111111111111111121111111111141000000000000000000000000011111111111111111111111111012111111111111121212121141112131111211111211111111111111121141111121111111111111111111211111111111410000000000000000000
000000000000000000000000000001111111212111111111111111111111111111111111411111121113111111111211121121112111112121111111121111111000000000000000000000000011111111111111122222222221011111112121111111111111111111111111111111114111111211131111111112111211211121111121211111111211111110000000000000000000
000000000000000000000000000001111111111111111111113141112121111112111311112121111211121121111111111111111111111111211111111111111000000000000000000000000011111111111111111111111111011111111111111111111131411121211111121113111121211112111211211111111111111111111111112111111111111110000000000000000000
000000000000000000000000000001121111111111111112111111111111111111111112111111111111111111211111211111111111111211112111111111121000000000000000000000000011111111111111122222222221011211111111111111121111111111111111111111121111111111111111112111112111111111111112111121111111111210000000000000000000
000000000000000000000000000001111112112111111111111112111111111111411111111111114112121111111111112111313111111111211111111111111000000000000000000000000011111111111111111111111111011111121121111111111111121111111111114111111111111141121211111111111121113131111111112111111111111110000000000000000000
000000000000000000000000000001131111111111112131211111111412131111111211111121111111111121211111111141111113111111111111111111121000000000000000000000000011111111111111122222222221011311111111111121312111111114121311111112111111211111111111212111111111411111131111111111111111111210000000000000000000
000000000000000000000000000001111112112111111111111111111111111112111112111111111111114111111111212111112111111212121111121111111000000000000000000000000011111111111111111111111111011111121121111111111111111111111111121111121111111111111141111111112121111121111112121211111211111110000000000000000000
000000000000000000000000000001211111111111111111211111111121111111111211112121111141211121111111111121111111111111111111111111121000000000000000000000000011111111111111122222222221012111111111111111112111111111211111111112111121211111412111211111111111211111111111111111111111111210000000000000000000
000000000000000000000000000001111112121111113121111211112111111112111112111111111111112111211111141111111111111112111111111111111000000000000000000000000011111111111111111111111111011111121211111131211112111121111111121111121111111111111121112111111411111111111111121111111111111110000000000000000000
000000000000000000000000000001212111111111111111111111211111111111111111111121214111211131113111111111111111111111121111112111111000000000000000000000000011111111111111122222222221012121111111111111111111112111111111111111111111212141112111311131111111111111111111111211111121111110000000000000000000
000000000000000000000000000001111111121131111111131111112121411121111211111111111121111111211111121121112111121312111131111111121000000000000000000000000011111111111111111111111111011111111211311111111311111121214111211112111111111111211111112111111211211121111213121111311111111210000000000000000000
000000000000000000000000000001212111111111111111111111211111111111111111111111211111414111114111111111111121111111111111412111111000000000000000000000000011111111111111122222222221012121111111111111111111112111111111111111111111112111114141111141111111111111211111111111114121111110000000000000000000
000000000000000000000000000001111112121211111411121121111121111111111112111121111111111111211111112111121111111121212121111111211000000000000000000000000011111111111111111111111111011111121212111114111211211111211111111111121111211111111111112111111121111211111111212121211111112110000000000000000000
000000000000000000000000000001312111111111111112111111211111111121111211111111111212121111111111111111111111111111111111111111111000000000000000000000000011111111111111122222222221013121111111111111121111112111111111211112111111111112121211111111111111111111111111111111111111111110000000000000000000
000000000000000000000000000001111111212111112111111111112121111111111112111311211111111411111141121111131112111112111111121111121000000000000000000000000011111111111111111111111111011111112121111121111111111121211111111111121113112111111114111111411211111311121111121111111211111210000000000000000000
000000000000000000000000000001111111111111111111111111111111111121111111111111111141111111111111111111111111131211112111111111111000000000000000000000000011111111111111122222222221011111111111111111111111111111111111211111111111111111411111111111111111111111111312111121111111111110000000000000000000
000000000000000000000000000001121111121311113111111111111121111111111121111111121111111121211111211111121141111111111111111111131000000000000000000000000011111111111111111111111111011211111213111131111111111111211111111111211111111211111111212111112111111211411111111111111111111310000000000000000000
000000000000000000000000000001111112111111111121121112111111111121111111111111111412121111113111112141111111111412121111111111111000000000000000000000000011111111111111111111222221011111121111111111211211121111111111211111111111111114121211111131111121411111111114121211111111111110000000000000000000
000000000000000000000000000001111111121311111111111311111212112111111111111111121111111211111112111111121121111111111111111111111000000000000000000000000011111111111111111111111111011111111213111111111113111112121121111111111111111211111112111111121111111211211111111111111111111110000000000000000000
000000000000000000000000000001411111111113111111111114111111111131111212111311111111121111111111111111111111111111121111112111131000000000000000000000000011111111111111111111222221014111111111131111111111141111111111311112121113111111111211111111111111111111111111111211111121111310000000000000000000
000000000000000000000000000001111111111411111211111211111111121111111111111111121314111211111111111111121111111121111111111113111000000000000000000000000011111111111111111111111111011111111114111112111112111111111211111111111111111213141112111111111111111211111111211111111111131110000000000000000000
000000000000000000000000000001111311211111111112111111112121111112111121212111111111121111111111212111111111313111211111121411121000000000000000000000000011111111111111111111222221011113112111111111121111111121211111121111212121111111111211111111112121111111113131112111111214111210000000000000000000
000000000000000000000000000001121111111211111211121121111111311111113111111111111112111211111141111121121111111111111111111111111000000000000000000000000011111111111111111111111111011211111112111112111211211111113111111131111111111111121112111111411111211211111111111111111111111110000000000000000000
000000000000000000000000000001111111121111111114111111112111113121111121211121211111111111111111211111111111111111111111111141211000000000000000000000000011111111111111111111222221011111111211111111141111111121111131211111212111212111111111111111112111111111111111111111111111412110000000000000000000
000000000000000000000000000001131111111111111111111111111121111111111111112111111121211411111111112121311111121212121111112111111000000000000000000000000011111111111111111111111111011311111111111111111111111111211111111111111121111111212114111111111121213111111212121211111121111110000000000000000000
000000000000000000000000000001111111111211111212111211111111312113111111211121113111111111111111111111112112111111111111111111121000000000000000000000000011111111111111111111222221011111111112111112121112111111113121131111112111211131111111111111111111111121121111111111111111111210000000000000000000
000000000000000000000000000001111114121111111111111111111311111111111211112111111141212131111111211113111111131212121111121111111000000000000000000000000011111111111111111111111111011111141211111111111111111113111111111112111121111111412121311111112111131111111312121211111211111110000000000000000000
000000000000000000000000000001131111111111111141121111111113112121111111111121111111111111111111111111121312111111111111111111121000000000000000000000000011111111111111111111222221011311111111111111411211111111131121211111111111211111111111111111111111111213121111111111111111111210000000000000000000
000000000000000000000000000001111411212111111111111211111111111111111211312111211111141111111111312111111111111121211111121111111000000000000000000000000011111111111111111111111111011114112121111111111112111111111111111112113121112111111411111111113121111111111111212111111211111110000000000000000000
000000000000000000000000000001121111111111111111111111111212111111211111111111111111111211111111111111121111111111111111111111211000000000000000000000000011111111111111111111222221011211111111111111111111111112121111112111111111111111111112111111111111111211111111111111111111112110000000000000000000
000000000000000000000000000001111112111111111111111111111111111111111312112111121212121111111111141111111111111311212111411111111000000000000000000000000011111111111111111111111111011111121111111111111111111111111111111113121121111212121211111111111411111111111113112121114111111110000000000000000000
000000000000000000000000000001111111121113141211211211111112121114111111111111111111111211111111111111121111121111111111111111111000000000000000000000000011111111111111111111222221011111111211131412112112111111121211141111111111111111111112111111111111111211111211111111111111111110000000000000000000
000000000000000000000000000001411112111211111111111111111111111111111212111111121211211111111111111111111121111112111111312111111000000000000000000000000011111111111111111111111111014111121112111111111111111111111111111112121111111212112111111111111111111111211111121111113121111110000000000000000000
000000000000000000000000000001111111111111111112111131212131121112111111111111111111111111111111411111111111111211121111111111311000000000000000000000000011111111111111111111222221011111111111111111121111312121311211121111111111111111111111111111114111111111111112111211111111113110000000000000000000
000000000000000000000000000001212111211211111411112111111111111111111412111111131113111111111121114121112121111111111111111111111000000000000000000000000011111111111111111111111111012121112112111114111121111111111111111114121111111311131111111111211141211121211111111111111111111110000000000000000000
000000000000000000000000000001111111111111111111311141214121111114111111111111111111112111111111111111111111111411311111121114141000000000000000000000000011111111111111111111222221011111111111111111113111412141211111141111111111111111111121111111111111111111111114113111111211141410000000000000000000
000000000000000000000000000001213111112111111111111111111111111111111112111111121121211111111212131121112121111111111111111111111000000000000000000000000011111111111111111111111111012131111121111111111111111111111111111111121111111211212111111112121311211121211111111111111111111110000000000000000000
000000000000000000000000000001111111111111111121112112141411112121111111111111111111112111111111111111111111111112112111121213131000000000000000000000000011111111111111111111222221011111111111111111211121121414111121211111111111111111111121111111111111111111111111121121111212131310000000000000000000
000000000000000000000000000001312111212111111111211111111111111111211121111111111111211111121212111121121111111111111111111111111000000000000000000000000011111111111111111111111111013121112121111111112111111111111111112111211111111111112111111212121111211211111111111111111111111110000000000000000000
000000000000000000000000000001111111111111111211111411111111111111111111112111141111112121111111111111111411111211121111121111121000000000000000000000000011111111111111111111222221011111111111111112111114111111111111111111111121111411111121211111111111111114111112111211111211111210000000000000000000
000000000000000000000000000001214111141111111114121111111121111111211141211111111312111111111112121411121111111112111111111211111000000000000000000000000011111111111111111111111111012141111411111111141211111111211111112111412111111113121111111111121214111211111111121111111112111110000000000000000000
000000000000000000000000000001111111111111111111111111111111111111111111111111111111111111111111111111111111111111111111111111111000000000000000000000000011111111111111111111222221011111111111111111111111111111111111111111111111111111111111111111111111111111111111111111111111111110000000000000000000
000111111111111111111111111111111000000000000000000000000000000000000000000000000000000000000000000000000000000000000000000000000000000000000000000000000011111111111111111111111111000000000000000000000000000000000000000000000000000000000111111111111111111111111111111111111111111111111111111111111100
000111212121212121212121212121211000000000000000000000000000000011111111111111111111111111111111111111111111100000000000000111111111100000000000000000000011111111111111111111222221000000000000000000000000000000000000000000000000000000000112121212121111121212121212111112121212121211111212121212121100
000111111111111111111111111111111000000000000000000000000000000011131112111211121112111211121111111212121211100000000000000121211212100000000000000000000011111111111111111111111111000000000000000000000000000000000000000000000000000000000111111111121111121111111111111111111111111211111211111111111100
000111211111111111111111111111121000000000000000000000000000000011112121212121212121212121212121111212121211100000000000000112111121100000000000000000011111111111111111111000000000000000000000000000000000000000001111111111100000000000000112121212121111121212121212111112121212121211111212121212121100
000111111212121212121212121214111000000000000000000000000000000011131112111211121112111211121111111212121211100000000000000121211212100000000000000000011111111111111112121000000011111111111111111111000000000000001111111111100000000000000111111111121111121111111111111111111111111211111211111111111100
000111212121211111111111212111121000000000000000000000000000000011112121212121212121212121212121111212121211100000000000000111111111100000000000000000011111111111111121211000000011111111111111111111000000000000001111111111100000000000000111111111121111121111111111111111111111111211111211111111111100
000111111111111111111111111112111000000000000000000000000000000011131112111211121112111211121111111212121211100000000000000000000000000000000000000000013111111111111212121000000011111111111111111111000000000000001111111111100000000000000111111111121111121111111111111111111111111211111211111111111100
000111211121211111111111212111121000000000000000000000000000000011112121212121212121212121212121111212121211100000000000000000000000000000000000000000011112121111111121211000000011111111111111112111000000000000001112121411100000000000000111111111121111121111111111111111111111111211111211111111111100
000111111111111111111111111112111000000000000000000000000000000011131112111211121112111211121111111212121211100000000000000000000000000000000000000000012121211111111112121000000011111111111111121111000000000000001111111111100000000000000111111111121111121111111111111111111111111211111211111111111100
000111212121211111111111212111121000000000000000000000000000000011112121212121212121212121212121111212121211100000000000000000000000000000000000000000011112121111111111211000000011111111111111212111000000000000001111111111100000000000000111111111121111121111111111111111111111111211111211111111111100
000111111111111111111111111112111000000000000000000000000000000011131112111211121112111211121111111212121211100000000000000000000000000000000000000000012121211111111112121000000011111111111112121111000000000000001112111211100000000000000111111111121111121111111111111111111111111211111211111111111100
000111211121211111111111212111121000000000000000000000000000000011112121212121212121212121212121111212121211101111111111111111111111111111111111111111011112121111111111211000000011111111111121212111000000000000001111111111100000000000000111111111121111121111111111111111111111111211111211111111111100
000111111111111111111111111112111000000000000000000000000000000011111111111111111111111111111111111111111111101114121111113111111111111111311211112121012121211111111112121000000011111111111212121111000000000000001111111111100000000000000111111111121111121111111111111111111111111211111211111111111100
000111211121211111111111212111121000000000000000000000000000000000000000000000000000000000000000000000000000001221211111111111111111111111111111121211011112121111111111211000000011111111112121212111000000000000001112111211100000000000000111111111121111121111111111111111111111111211111211111111111100
000111111111111212121211111112111000000000000000000000000000000000000000000000000000000000000000000000000000001111112111111311111111111111111112111111012121111111111111111000000011111111121212121111000000000000001111111111100000000000000111111111121111121111111111111111111111111211111211111111111100
000111212121211111111111212111121000000000000000000000000000000000000000000000000000000000000000000000000000001121231232112111111131111111211411112221011111111111111111111000000011111111212121212111000000000000001111111111100000000000000113111111121111121111111114111113111111111211111211111111141100
000111111111111211111211111112111000000000000000000000000000000000000000000000000000000000000000000000000000001111111111211111111111111113111111221111012121111111121111111000000011111112121212121111000000000000001112111211100000000000000111111111111111111111111111111111111111111111111111111111111100
000111212121211111111111212111121001111111111111111111111111100000000000000000000000000000000000000000000000001112112111121211111111111111111111111111011111111111211111111000000011111121212121212111000000000000001111111111100000000000000000000000000000000000000000000000000000000000000000000000000000
000111111111111211111211111112111001222222222222222222222222100000000000000000000000000000000000000000000000001211121221112111111121111111111122221311012111111112111111111000000011111212121212121111000000000000001111111111101111111111111111111111111111111111111111111111111100000000000000000000000000
000111212121211111111111212111121001111111111111111111111111100000000000000000000000000000000000000000000000001111111112211111111111111112111211111111011111111121121111111000000011112121212121212111000000000000001112111211101111111111111111111111111111111111111111111111111100000000000000000000000000
000111111111111211111211111112111001222222222222222222222222100000000000000000000000000000000000000000000000001111111111121122111111111111112112113111012111111211211111111000000011121212121212121111000000000000001111111111101111111111111111111111111111111111111111111111111100000000000000000000000000
000111212121211111111111212111121001111111111111111111111111100000000000000000000000000000000000000000000000001112121111112211112111113111123121111211011111112112111111111000000011112121212121212111000000000000001111111111101111111111111111111111111111111111111111111111111100000000000000000000000000
000111111111111211111211111112111001222222222222222222222222100000000000000000000000000000000000000000000000001211111121111111221111111111211111111111012111121121111111111000000011121212121212121111000000000000001112111211101111111111111111111111111111111111111111111111111100000000000000000000000000
000111212121211111111111212111121001111111111111111111111111100000000000000000000000000000000000000000000000001111111111111121111111121312112111112111011111211211111111111000000011112121212121212111000000000000001111111111101111111111111111111111111111111111111111111111111100000000000000000000000000
000111111111111211111211111112111001222222222222222222222222100000000000111111111111111111110000000000000000001111111111111111114111112121111111111111012111121121111111111000000011121212121212121111000000000000001111111111101111111111111111111111111111111111111111111111111100000000000000000000000000
000111212121211111111111212111121001111111111111111111111111100000000000111111111111111111110000000000000000001111111111111112211121111211212111111111011111112112111111111000000011112121212121212111000000000000001112111211101111111111111111111111111111111111111111111111111100000000000000000000000000
000111111111111211111211111112111001111122222222222222222222100000000000111111111111111111110000000000000000001111111111111111121111212112111111111311012111111211211111111000000011121212121212121111000000000000001111111111101111111111111111111111111111111111111111111111111100000000000000000000000000
000111112121211111111111212111121001111111111111111111111111100000000000111111111111111121110000000000000000001111111111111111111212111121111121111111011111111121121111111000000011112121212121211111000000000000001111111111101111111111111111111111111111111111111111111111111100000000000000000000000000
000111211111111211111211111112111001111122222222222222222222100000000000111111111111111211110000000111111111101111111111111111111121121111114111111111012111111112111111111000000011121212121212111111000000000000001112111211101111111111111111111111111111111111111111111111111100000000000000000000000000
000111112121211111111111212111121001111111111111111111111111100000000000111111111111112121110000000131111211101111111131131111111111212111111111112211011111211111211111111000000011112121212121111111000000000000001111111111101111111111111111111111111111111111111111111111111100000000000000000000000000
000111211111111211111211111112111001111122222222222222222222100000000000111111111111121211110000000111121111101111111111111113132112111111111141111111012111111111121111111000000011121212121211111111000000000000001111111111101111111111111111111111111111111111111111111111111100000000000000000000000000
000111112121211111111111212111121001111111111111111111111111100000000000111111111111212121110000000111111211101111111111111111111112121211111311111111011112111111111111111000000011112121212111111111000000000000001112111211101111111111111111111111111111111111111111111111111100000000000000000000000000
000111211111111211111211111112111001111122222222222222222222100000000000111111111112121211110000000111111111101111111121121111111221112111211111114111012111111111111111111000000011121212121111111111000000000000001111111111101111111111111111111111111111111111111111111111111100000000000000000000000000
000111112121211111111111212111121001111111111111111111111111100000000000111111111121212121110000000121111121101111111111113112122111111121111111111111011111211111111111111000000011112121211111111111000000000000001111111111101111111111111111111111111111111111111111111111111100000000000000000000000000
000111211111111212121211111112111001111122222222222222222222100000000000111111111212121211110000000111211111101111111111111111311111111112111211113111012112111111111111111000000011121212111111111111000000000000001112111211101111111111111111111111111111111111111111111111111100000000000000111111111100
000111112121211111111111212111121001111111111111111111111111100000000000111111112121212121110000000112112111101111111111111121121121111111212111111111011131111111111111111000000011112121111111111111000000000000001111111111101111111111111111111111111111111111111111111111111100000000000000131111211100
000111211111111111111111111112111001111122222222222222222222100000000000111111121212121211110000000211121141101111311111112111211213111131111111111111012111111111111111111000000011121211111111111111000000000000001111111111101111111111111111111111111111111111111111111111111100000000000000111121111100
000111112121211111111111212111121001111111111111111111111111100000000000111111212121212121110000000111111111101111111111111111111111121111121111112111011121111111111111111000000011112111111111111111000000000000001112111211101111111111111111111111111111111111111111111111111100000000000000111111211100
000111211111111111111111111112111001111122222222222222222222100000000000111112121212121211110000000000000000001111111111112212112211211111211111111111012111111111514131211000000011121111111111111111000000000000001111111111100000000000000000000000000000000000000000000000000000000000000000111111111100
000111112121211111111111212111121001111111111111111111111111100000000000111121212121212121110000000000000000001111211111211121111112111222112211111111011111111111111111111000000011111111111111111111000000000000001111111111100000000000000000000000000000000000000000000000000000000000000000121111121100
000111211111111111111111111112111001111111111222222222222222100000000000111212121212121211110000000000000000001111111111111111111111111111111111111111014121111111111111111000000011111111111111111111000000000000001112111211100000000000000111111111111111111111111111111111111111111111000000111211111100
000111112121211111111111212111121001111111111111111111111111100000000000111121212121212121110000000000000000001111112121122214112111212111121122111111011111111111111111111000000011111111111111111111000000000000001111111111100000000000000121211111111211131114121121212111114112113111000000112112111100
000111211111111111111111111112111001111111111222222222222222100000000000111212121212121211110000000000000000001111111111111111111111111121111211121111011111111111111111111000000011111111111111111111000000000000001111111111100000000000000111112111111113111111111111111121211111111121000000211121141100
000111111121211111111111212111121001111111111111111111111111100000000000111121212121212121110000000000000000001111111112211111111111111111111111111111011111111111111111111000000011111111111111111111000000000000001112111211100000000000000111311111111211141111312111412111112121121111000000111111111100
000111211212121212121212121212111001111111111222222222222222100000000000111212121212121211110000000000000000001111111121121111121111114111111112111111011111111111111112121000000011111111111111111111000000000000001111111111100000000000000121112111121114111111111121111121211111111131000000000000000000
000111111111111111111111111111121001111111111111111111111111100000000000111121212121212121110000000000000000001111111211111111311111111111111121212131011111111111111121211000000011111111111111112111000000000000001111111111100000000000000111211111111111111111121111121111111211121111000000000000000000
000111112121212121212121212121211001111111111222222222222222100000000000111212121212121211110000000000000000001211111112111111111111111112111111111111013111111111111212121000000011131121211111111111000000000000001112111211100000000000000121111111131212111111111211111212111111111121000000000000000000
000111111111111111111111111111111001111111111111111111111111100000000000111121212121212111110000000000000000001111122111111111141111111111113111121311011112121111111121211000000011112111111212121111000000000000001111111111100000000000000111414111111111111111121112111111121112121111000000000000000000
000111111111111111111111111111111001111111111222222222222222100000000000111212121212121111110000000000000000001111211121111111211111111311111111211121012121211111111112121000000011111111111111212111000000000000001111111111100000000000000131111111111112112111111311131211111211111211000000000000000000
000000000000000000000000000000000001111111111111111111111111100000000000111121212121211111110000000000000000001412111111111111111111131114111131112111011112121111111111211000000011111111111111121111000000000000001112111211100000000000000111211111111111111121111112111111121111211111000000000000000000
000000000000000000000000000000000001111111111222222222222222100000000000111212121212111111110000000000000000001121112111111111111111111111112111111211012121211111111112121000000011111211122112212111000000000000001111111111100000000000000111112111111112111111213111112111111141112121000000000000000000
000000000000000000000000000000000001111111111111111111111111100000000000111121212121111111110000000000000000001211211111111111111111311211111111111211011112121111111111211000000011141111211111112111000000000000001111111111100000000000000113111121112111111121111111111111111111211111000000000000000000
000000000000000000000000000000000001111111111222222222222222100000000000111212121211111111110000000000000000002111111111111111111111121111114121111111012121211111111112121000000011111111111211111111000000000000001113121211100000000000000111141111111121111111112112111131412111112121000000000000000000
000000000000000000000000000000000001111111111111111111111111100000000000111121212111111111110000000000000000001111111111111111111111111131311111112121011112121111111111211000000011111121111111111111000000000000001111111111100000000000000111111112121111412121111111121111111111211111000000000000000000
000000000000000000000000000000000001111111111222222222222222100000000000111212121111111111110000000000000000001212111111131111111111311111111111111211012121111111111111111000000011111111111111111111000000000000001111111111100000000000000121411111111311111111412121111211111211111211000000000000000000
000000000000000000000000000000000001111111111111111111111111100000000000111121211111111111110000000000000000001111111111111111111111111111111111111121011111111111111111111000000011151111221111111111000000000000001111111111100000000000000111111111111112111111111111111111121112111111000000000000000000
000000000000000000000000000000000001111111111222222222222222100000000000111212111111111111110000000000000000001212111111111111111111111121211111111111012121111111121111111000000011111111111211111111000000000000001111111111100000000000000121121111121211111111121111112111111111112111000000000000000000
000000000000000000000000000000000001111111111111111111111111100000000000111121111111111111110000000000000000001111111111121111111111211111111111111111011111111111211111111000000011111111111111111111000000000000000000000000000000000000000111111111111111212111111211111111141214111131000000000000000000
000000000000000000000000000000000001111111111222222222222222100000000000111211111111111111110000000000000000000000000000000000000000000000000000000000012111111112111111111000000011111111111111111111000000000000000000000000000000000000000111211111121211111121111112121211111111121111000000000000000000
000000000000000000000000000000000001111111111111111111111111100000000000111111111111111111110000000000000000000000000000000000000000000000000000000000011111111121121111111000000011111111111111111111000000000000000000000000000000000000000111111111111112111111121211111111111212111211000000000000000000
000000000000000000000000000000000001111111111222222222222222100000000000111111111111111111110000000000000000000000000000000000000000000000000000000000012111111211211111111000000011111111111111111111000000000000000000000000000000000000000111112111121211111111111111111121111111111111000000000000000000
000000000000000000000000000000000001111111111111111111111111100000000000111111111111111111110000000000111111111111111111111111111111111111111111111000011111112112111111111000000011111111111111111111000000000000000000000000000000000000000121211111111111111111131211112111211121121211000000000000000000
000000000000000000000000000000000001111111111222222222222222100000000000111111111111111111110000000000121211111111211131114121121212111114112113111000012111121121111111111000000011111111111111111111000000000000000000000000000000000000000111112111412111111111111111111121111111111111000000000000000000
000000000000000000000000000000000001111111111111111111111111100000000000111111111111111111110000000000111112111111113111111111111111121211111111121000011111211211111111111000000011111111111111111111000000000000000000000000000000000000000121211111111111111111121111121111111121112111000000000000000000
000000000000000000000000000000000001111111111111112222222222100000000000111111111111111111110000000000111311111111211141111312111412111112121121111000012111121121111111111000000011111111111111111111000000000000000000000000000000000000000111111111111111111111111111111311111111111121000000000000000000
000000000000000000000000000000000001111111111111111111111111100000000000111111111111111121110000000000121112111121114111111111121111121211111111131000011111112112111111111000000011111111111111111111000000000000000000000000000000000000000112111111112121111112111111121111111111211111000000000000000000
000000000000000000000000000000000001111111111111112222222222100000000000111311212111111111110000000000111211111111111111111121111121111111211121111000012111111211211111111000000011111111111111111111000000000000000000000000000000000000000111121211111111212111121111111211111121114131000000000000000000
000000000000000000000000000000000001111111111111111111111111100000000000111121111112121211110000000000121111111131212111111111211111212111111111121000011111111121121111111000000011111111111111111111000000000000000000000000000000000000000112111111111111111121111111111112111111211111000000000000000000
000000000000000000000000000000000001111111111111112222222222100000000000111111111111112121110000000000111414111111111111111121112111111121112121111000012111111112111111111000000011111111111111112111000000000000000000000000000000000000000111111211111121111111411111112111111311112121000000000000000000
000000000000000000000000000000000001111111111111111111111111100000000000111111111111111211110000000000131111111111112112111111311131211111211111211000011111211111211111111000000011111111111111121111000000000000000000000000000000000000000112111111111111212121111121111131411112111111000000000000000000
000000000000000000000000000000000001111111111111112222222222100000000000111112111221122121110000000000111211111111111111121111112111111121111211111000012111111111121111111000000011111111111111212111000000000000000000000000000000000000000111111211111121111111111111111111113111131111000000000000000000
000000000000000000000000000000000001111111111111111111111111100000000000111411112111111121110000000000111112111111112111111213111112111111141112121000011112111111111111111000000011111111111112121111000000000000000000000000000000000000000131111111121111111112121111121111111121111211000000000000000000
000000000000000000000000000000000001111111111111112222222222100000000000111111111112111111110000000000113111121112111111121111111111111111111211111000012111111111111111111000000011111111111121212111000000000000000000000000000000000000000111212111111211111111111111111211111111211111000000000000000000
000000000000000000000000000000000001111111111111111111111111100000000000111111211111111111110000000000111141111111121111111112112111131412111112121000011111211111111111111000000011111111111212121111000000000000000000000000000000000000000111111111111111111112121113121111111121112121000000000000000000
000000000000000000000000000000000001111111111111112222222222100000000000111111111111111111110000000000111111112121111412121111111121111111111211111000012112111111111111111000000011111111112121212111000000000000000000000000000000000000000112112111114121121111111111111211111111211111000000000000000000
000000000000000000000000000000000001111111111111111111111111100000000000111511112211111111110000000000121411111111311111111412121111211111211111211000011131111111111111111000000011111111121212121111000000000000000000000000000000000000000111111111111111111111412111111111111121112111000000000000000000
000000000000000000000000000000000001111111111111112222222222100000000000111111111112111111110000000000111111111111112111111111111111111121112111111000012111111111111111111000000011111111212121212111000000000000000000000000000000000000000112111111112141113111111111111211111111111121000000000000000000
000000000000000000000000000000000001111111111111111111111111100000000000111111111111111111110000000000121121111121211111111121111112111111111112111000011121111111111111111000000011111112121212121111000000000000000000000000000000000000000111111211111111211121121211141111111121412111000000000000000000
000000000000000000000000000000000001111111111111112222222222100000000000111111111111111111110000000000111111111111111212111111211111111141214111131000012111111111514131211000000011111121212121212111000000000000000000000000000000000000000111121111121211111111111112111212111111111121000000000000000000
000000000000000000000000000000000001111111111111111111111111100000000000111111111111111111110000000000111211111121211111121111112121211111111121111000011111111111111111111000000011111212121212121111000000000000000000000000000000000000000131111111111112121211414111121111141214111111000000000000000000
000000000000000000000000000000000001111111111111112222222222100000000000111111111111111111110000000000111111111111112111111121211111111111212111211000014121111111111111111000000011112121212121212111000000000000000000000000000000000000000111411111121211111111111131111212111111111111000000000000000000
000000000000000000000000000000000001111111111111111111111111100000000000111111111111111111110000000000111112111121211111111111111111121111111111111000011111111111111111111000000011121212121212121111000000000000000000000000000000000000000121114111111111112111113111111111111211212121000000000000000000
000000000000000000000000000000000001111111111111112222222222100000000000111111111111111111110000000000121211111111111111111131211112111211121121211000011111111111111111111000000011112121212121212111000000000000000000000000000000000000000111111111112112111111111111114111111111111111000000000000000000
000000000000000000000000000000000001111111111111111111111111100000000000111111111111111111110000000000111112111412111111111111111111121111111111111000000000000000000000000000000011121212121212121111000000000000000000000000000000000000000112111111111111111212111111211121113121111121000000000000000000
000000000000000000000000000000000001111111111111112222222222100000000000111111111111111111110000000000121211111111111111111121111121111111121112111000000000000000000000000000000011112121212121212111000000000000000000000000000000000000000111111311111112121111121111112111111111212111000000000000000000
000000000000000000000000000000000001111111111111111111111111100000000000111111111111111111110000000000111111111111111111111111111111311111111111121000000000000000000000000000000011121212121212121111000000000000000000000000000000000000000112111111111111111131111212111111111211111121000000000000000000
000000000000000000000000000000000001111111111111112222222222100000000000111111111111111111110000000000112111111112121111112111111121111111111211111000000000000000000000000000000011112121212121212111000000000000000000000000000000000000000111111211111131211111311111121212111114121111000000000000000000
000000000000000000000000000000000001111111111111111111111111100000000000111111111111111111110000000000111121211111111212111121111111211111121114131000000000000000000000000000000011121212121212121111000000000000000000000000000000000000000113111111121111112111112121111111121211111111000000000000000000
000000000000000000000000000000000001111111111111111111122222100000000000111111111111111121110000000000112111111111111111121111111111112111111211111000000000000000000000000000000011112121212121211111000000000000000000000000000000000000000111111411111112111111311111212121111111211111000000000000000000
000000000000000000000000000000000001111111111111111111111111100000000000111111111111111211110000000000111111211111121111111411111112111111311112121000000000000000000000000000000011121212121212111111000000000000000000000000000000000000000111111111111111111111111111111111111111111111000000000000000000
000000000000000000000000000000000001111111111111111111122222100000000000111111111111112121110000000000112111111111111212121111121111131411112111111000000000000000000000000000000011112121212121111111000000000000000000000000000000000000000000000000000000000000000000000000000000000000000000000000000000
000000000000000000000000000000000001111111111111111111111111100000000000111111111111121211110000000000111111211111121111111111111111111113111131111000000000000000000000000000000011121212121211111111000000000000000000000000000000000000000000000000000000000000000000000000000000000000000000000000000000
000000000000000000000000000000000001111111111111111111122222100000000000111111111111212121110000000000131111111121111111112121111121111111121111211000000000000000000000000000000011112121212111111111000000000000000000000000000000000000000000000000000000000000000000000000000000000000000000000000000000
000000000000000000000000000000000001111111111111111111111111100000000000111111111112121211110000000000111212111111211111111111111111211111111211111000000000000000000000000000000011121212121111111111000000000000000000000000000000000000000000000000000000000000000000000000000000000000000000000000000000
000000000000000000000000000000000001111111111111111111122222100000000000111111111121212121110000000000111111111111111111112121113121111111121112121000000000000000000000000000000011112121211111111111000000000000000000000000000000000000000000000000000000000000000000000000000000000000000000000000000000
000000000000000000000000000000000001111111111111111111111111100000000000111111111212121211110000000000112112111114121121111111111111211111111211111000000000000000000000000000000011121212111111111111000000000000000000000000000000000000000000000000000000000000000000000000000000000000000000000000000000
000000000000000000000000000000000001111111111111111111122222100000000000111111112121212121110000000000111111111111111111111412111111111111121112111000000000000000000000000000000011112121111111111111000000000000000000000000000000000000000000000000000000000000000000000000000000000000000000000000000000
000000000000000000000000000000000001111111111111111111111111100000000000111111121212121211110000000000112111111112141113111111111111211111111111121000000000000000000000000000000011121211111111111111000000000000000000000000000000000000000000000000000000000000000000000000000000000000000000000000000000
000000000000000000000000000000000001111111111111111111122222100000000000111111212121212121110000000000111111211111111211121121211141111111121412111000000000000000000000000000000011112111111111111111000000000000000000000000000000000000000000000000000000000000000000000000000000000000000000000000000000
000000000000000000000000000000000001111111111111111111111111100000000000111112121212121211110000000000111121111121211111111111112111212111111111121000000000000000000000000000000011121111111111111111000000000000000000000000000000000000000000000000000000000000000000000000000000000000000000000000000000
000000000000000000000000000000000001111111111111111111122222100000000000111121212121212121110000000000131111111111112121211414111121111141214111111000000000000000000000000000000011111111111111111111000000000000000000000000000000000000000000000000000000000000000000000000000000000000000000000000000000
000000000000000000000000000000000001111111111111111111111111100000000000111212121212121211110000000000111411111121211111111111131111212111111111111000000000000000000000000000000011111111111111111111000000000000000000000000000000000000000000000000000000000000000000000000000000000000000000000000000000
000000000000000000000000000000000001111111111111111111122222100000000000111121212121212121110000000000121114111111111112111113111111111111211212121000000000000000000000000000000011111111111111111111000000000000000000000000000000000000000000000000000000000000000000000000000000000000000000000000000000
000000000000000000000000000000000001111111111111111111111111100000000000111212121212121211110000000000111111111112112111111111111114111111111111111000000000000000000000000000000011111111111111111111000000000000000000000000000000000000000000000000000000000000000000000000000000000000000000000000000000
000000000000000000000000000000000001111111111111111111122222100000000000111121212121212121110000000000112111111111111111212111111211121113121111121000000000000000000000000000000011111111111111111111000000000000000000000000000000000000000000000000000000000000000000000000000000000000000000000000000000
000000000000000000000000000000000001111111111111111111111111100000000000111212121212121211110000000000111111311111112121111121111112111111111212111000000000000000000000000000000011111111111111111111000000000000000000000000000000000000000000000000000000000000000000000000000000000000000000000000000000
000000000000000000000000000000000001111111111111111111122222100000000000111121212121212121110000000000112111111111111111131111212111111111211111121000000000000000000000000000000011111111111111112111000000000000000000000000000000000000000000000000000000000000000000000000000000000000000000000000000000
000000000000000000000000000000000001111111111111111111111111100000000000111212121212121211110000000000111111211111131211111311111121212111114121111000000000000000000000000000000011131121211111111111000000000000000000000000000000000000000000000000000000000000000000000000000000000000000000000000000000
000000000000000000000000000000000001111111111111111111122222100000000000111121212121212111110000000000113111111121111112111112121111111121211111111000000000000000000000000000000011112111111212121111000000000000000000000000000000000000000000000000000000000000000000000000000000000000000000000000000000
000000000000000000000000000000000001111111111111111111111111100000000000111212121212121111110000000000111111411111112111111311111212121111111211111000000000000000000000000000000011111111111111212111000000000000000000000000000000000000000000000000000000000000000000000000000000000000000000000000000000
000000000000000000000000000000000001111111111111111111122222100000000000111121212121211111110000000000111111111111111111111111111111111111111111111000000000000000000000000000000011111111111111121111000000000000000000000000000000000000000000000000000000000000000000000000000000000000000000000000000000
000000000000000000000000000000000001111111111111111111111111100000000000111212121212111111110000000000000000000000000000000000000000000000000000000000000000000000000000000000000011111211122112212111000000000000000000000000000000000000000000000000000000000000000000000000000000000000000000000000000000
000000000000000000000000000000000001111111111111111111122222100000000000111121212121111111110000000000000000000000000000000000000000000000000000000000000000000000000000000000000011141111211111112111000000000000000000000000000000000000000000000000000000000000000000000000000000000000000000000000000000
000000000000000000000000000000000001111111111111111111111111100000000000111212121211111111110000000000000000000000000000000000000000000000000000000000000000000000000000000000000011111111111211111111000000000000000000000000000000000000000000000000000000000000000000000000000000000000000000000000000000
000000000000000000000000000000000001111111111111111111122222100000000000111121212111111111110000000000000000000000000000000000000000000000000000000000000000000000000000000000000011111121111111111111000000000000000000000000000000000000000000000000000000000000000000000000000000000000000000000000000000
000000000000000000000000000000000001111111111111111111111111100000000000111212121111111111110000000000000000000000000000000000000000000000000000000000000000000000000000000000000011111111111111111111000000000000000000000000000000000000000000000000000000000000000000000000000000000000000000000000000000
000000000000000000000000000000000000000000000000000000000000000000000000111121211111111111110000000000000000000000000000000000000000000000000000000000000000000000000000000000000011151111221111111111000000000000000000000000000000000000000000000000000000000000000000000000000000000000000000000000000000
000000000000000000000000000000000000000000000000000000000000000000000000111212111111111111110000000000000000000000000000000000000000000000000000000000000000000000000000000000000011111111111211111111000000000000000000000000000000000000000000000000000000000000000000000000000000000000000000000000000000
000000000000000000000000000000000000000000000000000000000000000000000000111121111111111111110000000000000000000000000000000000000000000000000000000000000000000000000000000000000011111111111111111111000000000000000000000000000000000000000000000000000000000000000000000000000000000000000000000000000000
000000000000000000000000000000000000000000000000000000000000000000000000111211111111111111110000000000000000000000000000000000000000000000000000000000000000000000000000000000000011111111111111111111000000000000000000000000000000000000000000000000000000000000000000000000000000000000000000000000000000
000000000000000000000000000000000000000000000000000000000000000000000000111111111111111111110000000000000000000000000000000000000000000000000000000000000000000000000000000000000011111111111111111111000000000000000000000000000000000000000000000000000000000000000000000000000000000000000000000000000000
000000000000000000000000000000000000000000000000000000000000000000000000111111111111111111110000000000000000000000000000000000000000000000000000000000000000000000000000000000000011111111111111111111000000000000000000000000000000000000000000000000000000000000000000000000000000000000000000000000000000
000000000000000000000000000000000000000000000000000000000000000000000000111111111111111111110000000000000000000000000000000000000000000000000000000000000000000000000000000000000011111111111111111111000000000000000000000000000000000000000000000000000000000000000000000000000000000000000000000000000000
000000000000000000000000000000000000000000000000000000000000000000000000111111111111111111110000000000000000000000000000000000000000000000000000000000000000000000000000000000000011111111111111111111000000000000000000000000000000000000000000000000000000000000000000000000000000000000000000000000000000
000000000000000000000000000000000000000000000000000000000000000000000000111111111111111111110000000000000000000000000000000000000000000000000000000000000000000000000000000000000011111111111111111111000000000000000000000000000000000000000000000000000000000000000000000000000000000000000000000000000000
000000000000000000000000000000000000000000000000000000000000000000000000111111111111111111110000000000000000000000000000000000000000000000000000000000000000000000000000000000000011111111111111111111000000000000000000000000000000000000000000000000000000000000000000000000000000000000000000000000000000
000000000000000000000000000000000000000000000000000000000000000000000000111111111111111121110000000000000000000000000000000000000000000000000000000000000000000000000000000000000000000000000000000000000000000000000000000000000000000000000000000000000000000000000000000000000000000000000000000000000000
000000000000000000000000000000000000000000000000000000000000000000000000111311212111111111110000000000000000000000000000000000000000000000000000000000000000000000000000000000000000000000000000000000000000000000000000000000000000000000000000000000000000000000000000000000000000000000000000000000000000
000000000000000000000000000000000000000000000000000000000000000000000000111121111112121211110000000000000000000000000000000000000000000000000000000000000000000000000000000000000000000000000000000000000000000000000000000000000000000000000000000000000000000000000000000000000000000000000000000000000000
000000000000000000000000000000000000000000000000000000000000000000000000111111111111112121110000000000000000000000000000000000000000000000000000000000000000000000000000000000000000000000000000000000000000000000000000000000000000000000000000000000000000000000000000000000000000000000000000000000000000
000000000000000000000000000000000000000000000000000000000000000000000000111111111111111211110000000000000000000000000000000000000000000000000000000000000000000000000000000000000000000000000000000000000000000000000000000000000000000000000000000000000000000000000000000000000000000000000000000000000000
000000000000000000000000000000000000000000000000000000000000000000000000111112111221122121110000000000000000000000000000000000000000000000000000000000000000000000000000000000000000000000000000000000000000000000000000000000000000000000000000000000000000000000000000000000000000000000000000000000000000
000000000000000000000000000000000000000000000000000000000000000000000000111411112111111121110000000000000000000000000000000000000000000000000000000000000000000000000000000000000000000000000000000000000000000000000000000000000000000000000000000000000000000000000000000000000000000000000000000000000000
000000000000000000000000000000000000000000000000000000000000000000000000111111111112111111110000000000000000000000000000000000000000000000000000000000000000000000000000000000000000000000000000000000000000000000000000000000000000000000000000000000000000000000000000000000000000000000000000000000000000
000000000000000000000000000000000000000000000000000000000000000000000000111111211111111111110000000000000000000000000000000000000000000000000000000000000000000000000000000000000000000000000000000000000000000000000000000000000000000000000000000000000000000000000000000000000000000000000000000000000000
000000000000000000000000000000000000000000000000000000000000000000000000111111111111111111110000000000000000000000000000000000000000000000000000000000000000000000000000000000000000000000000000000000000000000000000000000000000000000000000000000000000000000000000000000000000000000000000000000000000000
000000000000000000000000000000000000000000000000000000000000000000000000111511112211111111110000000000000000000000000000000000000000000000000000000000000000000000000000000000000000000000000000000000000000000000000000000000000000000000000000000000000000000000000000000000000000000000000000000000000000
000000000000000000000000000000000000000000000000000000000000000000000000111111111112111111110000000000000000000000000000000000000000000000000000000000000000000000000000000000000000000000000000000000000000000000000000000000000000000000000000000000000000000000000000000000000000000000000000000000000000
000000000000000000000000000000000000000000000000000000000000000000000000111111111111111111110000000000000000000000000000000000000000000000000000000000000000000000000000000000000000000000000000000000000000000000000000000000000000000000000000000000000000000000000000000000000000000000000000000000000000
000000000000000000000000000000000000000000000000000000000000000000000000111111111111111111110000000000000000000000000000000000000000000000000000000000000000000000000000000000000000000000000000000000000000000000000000000000000000000000000000000000000000000000000000000000000000000000000000000000000000
000000000000000000000000000000000000000000000000000000000000000000000000111111111111111111110000000000000000000000000000000000000000000000000000000000000000000000000000000000000000000000000000000000000000000000000000000000000000000000000000000000000000000000000000000000000000000000000000000000000000
000000000000000000000000000000000000000000000000000000000000000000000000111111111111111111110000000000000000000000000000000000000000000000000000000000000000000000000000000000000000000000000000000000000000000000000000000000000000000000000000000000000000000000000000000000000000000000000000000000000000
000000000000000000000000000000000000000000000000000000000000000000000000111111111111111111110000000000000000000000000000000000000000000000000000000000000000000000000000000000000000000000000000000000000000000000000000000000000000000000000000000000000000000000000000000000000000000000000000000000000000
000000000000000000000000000000000000000000000000000000000000000000000000111111111111111111110000000000000000000000000000000000000000000000000000000000000000000000000000000000000000000000000000000000000000000000000000000000000000000000000000000000000000000000000000000000000000000000000000000000000000
000000000000000000000000000000000000000000000000000000000000000000000000111111111111111111110000000000000000000000000000000000000000000000000000000000000000000000000000000000000000000000000000000000000000000000000000000000000000000000000000000000000000000000000000000000000000000000000000000000000000
000000000000000000000000000000000000000000000000000000000000000000000000111111111111111111110000000000000000000000000000000000000000000000000000000000000000000000000000000000000000000000000000000000000000000000000000000000000000000000000000000000000000000000000000000000000000000000000000000000000000
000000000000000000000000000000000000000000000000000000000000000000000000000000000000000000000000000000000000000000000000000000000000000000000000000000000000000000000000000000000000000000000000000000000000000000000000000000000000000000000000000000000000000000000000000000000000000000000000000000000000
000000000000000000000000000000000000000000000000000000000000000000000000000000000000000000000000000000000000000000000000000000000000000000000000000000000000000000000000000000000000000000000000000000000000000000000000000000000000000000000000000000000000000000000000000000000000000000000000000000000000
000000000000000000000000000000000000000000000000000000000000000000000000000000000000000000000000000000000000000000000000000000000000000000000000000000000000000000000000000000000000000000000000000000000000000000000000000000000000000000000000000000000000000000000000000000000000000000000000000000000000
000000000000000000000000000000000000000000000000000000000000000000000000000000000000000000000000000000000000000000000000000000000000000000000000000000000000000000000000000000000000000000000000000000000000000000000000000000000000000000000000000000000000000000000000000000000000000000000000000000000000
000000000000000000000000000000000000000000000000000000000000000000000000000000000000000000000000000000000000000000000000000000000000000000000000000000000000000000000000000000000000000000000000000000000000000000000000000000000000000000000000000000000000000000000000000000000000000000000000000000000000
000000000000000000000000000000000000000000000000000000000000000000000000000000000000000000000000000000000000000000000000000000000000000000000000000000000000000000000000000000000000000000000000000000000000000000000000000000000000000000000000000000000000000000000000000000000000000000000000000000000000
000000000000000000000000000000000000000000000000000000000000000000000000000000000000000000000000000000000000000000000000000000000000000000000000000000000000000000000000000000000000000000000000000000000000000000000000000000000000000000000000000000000000000000000000000000000000000000000000000000000000
000000000000000000000000000000000000000000000000000000000000000000000000000000000000000000000000000000000000000000000000000000000000000000000000000000000000000000000000000000000000000000000000000000000000000000000000000000000000000000000000000000000000000000000000000000000000000000000000000000000000
000000000000000000000000000000000000000000000000000000000000000000000000000000000000000000000000000000000000000000000000000000000000000000000000000000000000000000000000000000000000000000000000000000000000000000000000000000000000000000000000000000000000000000000000000000000000000000000000000000000000
000000000000000000000000000000000000000000000000000000000000000000000000000000000000000000000000000000000000000000000000000000000000000000000000000000000000000000000000000000000000000000000000000000000000000000000000000000000000000000000000000000000000000000000000000000000000000000000000000000000000
000000000000000000000000000000000000000000000000000000000000000000000000000000000000000000000000000000000000000000000000000000000000000000000000000000000000000000000000000000000000000000000000000000000000000000000000000000000000000000000000000000000000000000000000000000000000000000000000000000000000
000000000000000000000000000000000000000000000000000000000000000000000000000000000000000000000000000000000000000000000000000000000000000000000000000000000000000000000000000000000000000000000000000000000000000000000000000000000000000000000000000000000000000000000000000000000000000000000000000000000000
000000000000000000000000000000000000000000000000000000000000000000000000000000000000000000000000000000000000000000000000000000000000000000000000000000000000000000000000000000000000000000000000000000000000000000000000000000000000000000000000000000000000000000000000000000000000000000000000000000000000
000000000000000000000000000000000000000000000000000000000000000000000000000000000000000000000000000000000000000000000000000000000000000000000000000000000000000000000000000000000000000000000000000000000000000000000000000000000000000000000000000000000000000000000000000000000000000000000000000000000000
000000000000000000000000000000000000000000000000000000000000000000000000000000000000000000000000000000000000000000000000000000000000000000000000000000000000000000000000000000000000000000000000000000000000000000000000000000000000000000000000000000000000000000000000000000000000000000000000000000000000
000000000000000000000000000000000000000000000000000000000000000000000000000000000000000000000000000000000000000000000000000000000000000000000000000000000000000000000000000000000000000000000000000000000000000000000000000000000000000000000000000000000000000000000000000000000000000000000000000000000000
000000000000000000000000000000000000000000000000000000000000000000000000000000000000000000000000000000000000000000000000000000000000000000000000000000000000000000000000000000000000000000000000000000000000000000000000000000000000000000000000000000000000000000000000000000000000000000000000000000000000
000000000000000000000000000000000000000000000000000000000000000000000000000000000000000000000000000000000000000000000000000000000000000000000000000000000000000000000000000000000000000000000000000000000000000000000000000000000000000000000000000000000000000000000000000000000000000000000000000000000000
000000000000000000000000000000000000000000000000000000000000000000000000000000000000000000000000000000000000000000000000000000000000000000000000000000000000000000000000000000000000000000000000000000000000000000000000000000000000000000000000000000000000000000000000000000000000000000000000000000000000
000000000000000000000000000000000000000000000000000000000000000000000000000000000000000000000000000000000000000000000000000000000000000000000000000000000000000000000000000000000000000000000000000000000000000000000000000000000000000000000000000000000000000000000000000000000000000000000000000000000000
000000000000000000000000000000000000000000000000000000000000000000000000000000000000000000000000000000000000000000000000000000000000000000000000000000000000000000000000000000000000000000000000000000000000000000000000000000000000000000000000000000000000000000000000000000000000000000000000000000000000
000000000000000000000000000000000000000000000000000000000000000000000000000000000000000000000000000000000000000000000000000000000000000000000000000000000000000000000000000000000000000000000000000000000000000000000000000000000000000000000000000000000000000000000000000000000000000000000000000000000000
000000000000000000000000000000000000000000000000000000000000000000000000000000000000000000000000000000000000000000000000000000000000000000000000000000000000000000000000000000000000000000000000000000000000000000000000000000000000000000000000000000000000000000000000000000000000000000000000000000000000
000000000000000000000000000000000000000000000000000000000000000000000000000000000000000000000000000000000000000000000000000000000000000000000000000000000000000000000000000000000000000000000000000000000000000000000000000000000000000000000000000000000000000000000000000000000000000000000000000000000000
000000000000000000000000000000000000000000000000000000000000000000000000000000000000000000000000000000000000000000000000000000000000000000000000000000000000000000000000000000000000000000000000000000000000000000000000000000000000000000000000000000000000000000000000000000000000000000000000000000000000
000000000000000000000000000000000000000000000000000000000000000000000000000000000000000000000000000000000000000000000000000000000000000000000000000000000000000000000000000000000000000000000000000000000000000000000000000000000000000000000000000000000000000000000000000000000000000000000000000000000000
000000000000000000000000000000000000000000000000000000000000000000000000000000000000000000000000000000000000000000000000000000000000000000000000000000000000000000000000000000000000000000000000000000000000000000000000000000000000000000000000000000000000000000000000000000000000000000000000000000000000
000000000000000000000000000000000000000000000000000000000000000000000000000000000000000000000000000000000000000000000000000000000000000000000000000000000000000000000000000000000000000000000000000000000000000000000000000000000000000000000000000000000000000000000000000000000000000000000000000000000000
000000000000000000000000000000000000000000000000000000000000000000000000000000000000000000000000000000000000000000000000000000000000000000000000000000000000000000000000000000000000000000000000000000000000000000000000000000000000000000000000000000000000000000000000000000000000000000000000000000000000
000000000000000000000000000000000000000000000000000000000000000000000000000000000000000000000000000000000000000000000000000000000000000000000000000000000000000000000000000000000000000000000000000000000000000000000000000000000000000000000000000000000000000000000000000000000000000000000000000000000000
000000000000000000000000000000000000000000000000000000000000000000000000000000000000000000000000000000000000000000000000000000000000000000000000000000000000000000000000000000000000000000000000000000000000000000000000000000000000000000000000000000000000000000000000000000000000000000000000000000000000
000000000000000000000000000000000000000000000000000000000000000000000000000000000000000000000000000000000000000000000000000000000000000000000000000000000000000000000000000000000000000000000000000000000000000000000000000000000000000000000000000000000000000000000000000000000000000000000000000000000000
000000000000000000000000000000000000000000000000000000000000000000000000000000000000000000000000000000000000000000000000000000000000000000000000000000000000000000000000000000000000000000000000000000000000000000000000000000000000000000000000000000000000000000000000000000000000000000000000000000000000
000000000000000000000000000000000000000000000000000000000000000000000000000000000000000000000000000000000000000000000000000000000000000000000000000000000000000000000000000000000000000000000000000000000000000000000000000000000000000000000000000000000000000000000000000000000000000000000000000000000000
000000000000000000000000000000000000000000000000000000000000000000000000000000000000000000000000000000000000000000000000000000000000000000000000000000000000000000000000000000000000000000000000000000000000000000000000000000000000000000000000000000000000000000000000000000000000000000000000000000000000
000000000000000000000000000000000000000000000000000000000000000000000000000000000000000000000000000000000000000000000000000000000000000000000000000000000000000000000000000000000000000000000000000000000000000000000000000000000000000000000000000000000000000000000000000000000000000000000000000000000000
000000000000000000000000000000000000000000000000000000000000000000000000000000000000000000000000000000000000000000000000000000000000000000000000000000000000000000000000000000000000000000000000000000000000000000000000000000000000000000000000000000000000000000000000000000000000000000000000000000000000
000000000000000000000000000000000000000000000000000000000000000000000000000000000000000000000000000000000000000000000000000000000000000000000000000000000000000000000000000000000000000000000000000000000000000000000000000000000000000000000000000000000000000000000000000000000000000000000000000000000000
000000000000000000000000000000000000000000000000000000000000000000000000000000000000000000000000000000000000000000000000000000000000000000000000000000000000000000000000000000000000000000000000000000000000000000000000000000000000000000000000000000000000000000000000000000000000000000000000000000000000
000000000000000000000000000000000000000000000000000000000000000000000000000000000000000000000000000000000000000000000000000000000000000000000000000000000000000000000000000000000000000000000000000000000000000000000000000000000000000000000000000000000000000000000000000000000000000000000000000000000000
000000000000000000000000000000000000000000000000000000000000000000000000000000000000000000000000000000000000000000000000000000000000000000000000000000000000000000000000000000000000000000000000000000000000000000000000000000000000000000000000000000000000000000000000000000000000000000000000000000000000
000000000000000000000000000000000000000000000000000000000000000000000000000000000000000000000000000000000000000000000000000000000000000000000000000000000000000000000000000000000000000000000000000000000000000000000000000000000000000000000000000000000000000000000000000000000000000000000000000000000000
000000000000000000000000000000000000000000000000000000000000000000000000000000000000000000000000000000000000000000000000000000000000000000000000000000000000000000000000000000000000000000000000000000000000000000000000000000000000000000000000000000000000000000000000000000000000000000000000000000000000
000000000000000000000000000000000000000000000000000000000000000000000000000000000000000000000000000000000000000000000000000000000000000000000000000000000000000000000000000000000000000000000000000000000000000000000000000000000000000000000000000000000000000000000000000000000000000000000000000000000000
000000000000000000000000000000000000000000000000000000000000000000000000000000000000000000000000000000000000000000000000000000000000000000000000000000000000000000000000000000000000000000000000000000000000000000000000000000000000000000000000000000000000000000000000000000000000000000000000000000000000
000000000000000000000000000000000000000000000000000000000000000000000000000000000000000000000000000000000000000000000000000000000000000000000000000000000000000000000000000000000000000000000000000000000000000000000000000000000000000000000000000000000000000000000000000000000000000000000000000000000000
000000000000000000000000000000000000000000000000000000000000000000000000000000000000000000000000000000000000000000000000000000000000000000000000000000000000000000000000000000000000000000000000000000000000000000000000000000000000000000000000000000000000000000000000000000000000000000000000000000000000
000000000000000000000000000000000000000000000000000000000000000000000000000000000000000000000000000000000000000000000000000000000000000000000000000000000000000000000000000000000000000000000000000000000000000000000000000000000000000000000000000000000000000000000000000000000000000000000000000000000000
000000000000000000000000000000000000000000000000000000000000000000000000000000000000000000000000000000000000000000000000000000000000000000000000000000000000000000000000000000000000000000000000000000000000000000000000000000000000000000000000000000000000000000000000000000000000000000000000000000000000
000000000000000000000000000000000000000000000000000000000000000000000000000000000000000000000000000000000000000000000000000000000000000000000000000000000000000000000000000000000000000000000000000000000000000000000000000000000000000000000000000000000000000000000000000000000000000000000000000000000000
000000000000000000000000000000000000000000000000000000000000000000000000000000000000000000000000000000000000000000000000000000000000000000000000000000000000000000000000000000000000000000000000000000000000000000000000000000000000000000000000000000000000000000000000000000000000000000000000000000000000
000000000000000000000000000000000000000000000000000000000000000000000000000000000000000000000000000000000000000000000000000000000000000000000000000000000000000000000000000000000000000000000000000000000000000000000000000000000000000000000000000000000000000000000000000000000000000000000000000000000000
000000000000000000000000000000000000000000000000000000000000000000000000000000000000000000000000000000000000000000000000000000000000000000000000000000000000000000000000000000000000000000000000000000000000000000000000000000000000000000000000000000000000000000000000000000000000000000000000000000000000
000000000000000000000000000000000000000000000000000000000000000000000000000000000000000000000000000000000000000000000000000000000000000000000000000000000000000000000000000000000000000000000000000000000000000000000000000000000000000000000000000000000000000000000000000000000000000000000000000000000000

