Board size [mm] 300x150

Stats side 1
  #Components with background 31
  #Components with points 202
  #Components nofly 4
  #Components notouch 6
  #Pins 61810
  #GNDs 1869
  #VDDs 1390
  #Clock 19
  #NoFly points 700
  #NoTouch points 1048
  #Points [total] 66836

Stats side 2
  #Components with background 26
  #Components with points 210
  #Components nofly 2
  #Components notouch 0
  #Pins 71052
  #GNDs 2113
  #VDDs 1727
  #Clock 17
  #NoFly points 240
  #NoTouch points 0
  #Points [total] 75149

Stats board (side 1 + side 2)
  #Components with background 57
  #Components with points 412
  #Components nofly 6
  #Components notouch 6
  #Pins 132862
  #GNDs 3982
  #VDDs 3117
  #Clock 36
  #NoFly points 940
  #NoTouch points 1048
  #Points [total] 141985
  #Nets 129875
    Net Size: 3982 3117 36 1 2 2 3 1 2 2 1 3 1 2 1 1 1 1 1 3 1 2 1 1 2 1 1 1 2 1 1 1 1 1 4 1 2 2 1 1 1 1 1 1 1 1 3 2 1 1 1 1 1 1 2 1 1 2 1 1 1 1 1 1 2 4 2 2 2 1 1 5 2 3 3 1 1 3 1 1 1 3 1 2 1 2 1 1 1 1 1 3 4 1 3 1 1 1 1 2 1 3 1 1 2 1 3 1 1 2 1 1 3 1 2 1 1 2 3 1 1 1 1 1 2 4 2 1 1 2 1 1 2 3 2 2 1 1 2 1 2 1 1 1 2 3 1 1 2 2 1 2 1 1 3 2 1 1 1 1 1 3 2 2 2 3 2 1 1 1 1 1 1 2 1 1 2 2 2 1 2 1 1 2 1 1 2 1 3 2 2 3 1 4 2 2 3 1 1 1 2 2 1 2 2 1 4 2 1 1 2 1 3 1 1 3 1 1 3 1 1 1 2 1 1 2 2 1 1 1 3 1 1 1 3 3 2 1 1 1 1 1 1 1 1 1 1 1 3 1 1 2 1 1 2 2 1 1 1 3 1 1 2 2 1 1 1 1 1 2 2 1 1 1 1 1 1 1 3 1 1 1 1 1 2 2 2 1 2 1 2 1 1 1 1 1 1 1 1 1 1 1 2 2 1 1 3 1 1 3 1 1 1 1 2 3 1 1 2 1 3 2 3 2 1 1 2 4 1 2 1 1 3 2 1 2 1 1 2 1 2 3 2 1 1 1 1 2 2 1 1 1 2 1 3 1 1 1 1 1 3 2 1 1 3 2 3 3 1 1 1 2 2 2 1 2 2 2 1 2 3 1 1 1 2 3 1 1 1 1 1 1 1 1 1 2 1 1 1 2 1 1 1 1 1 1 2 3 1 1 2 1 1 1 3 1 1 3 1 1 2 1 1 1 1 2 1 1 1 1 1 1 1 1 1 2 1 2 1 1 2 1 3 3 2 1 1 4 1 1 1 3 1 1 1 1 1 2 2 1 1 2 1 1 2 1 2 1 1 1 2 1 2 3 1 3 1 3 1 2 3 2 1 2 2 2 1 3 1 4 2 1 1 2 3 2 1 1 1 1 1 2 3 1 2 1 1 2 1 1 1 2 2 1 1 1 2 1 2 2 1 1 1 1 2 1 2 1 1 1 1 1 1 1 3 1 1 2 2 2 2 1 1 1 1 1 1 1 1 1 1 1 1 1 1 2 2 2 1 2 1 1 3 2 1 2 2 3 1 1 2 1 1 1 1 3 2 2 1 1 1 1 1 1 1 2 2 2 1 1 2 1 1 1 1 1 1 2 1 1 3 1 2 2 2 2 1 1 1 2 3 1 2 1 1 1 3 2 1 1 1 2 1 1 2 1 1 2 1 1 1 2 1 2 1 1 1 1 1 2 1 1 3 1 2 1 1 1 1 2 4 1 1 1 1 1 2 1 1 1 2 2 2 1 1 1 2 2 3 2 1 3 2 1 1 1 1 4 4 2 1 1 2 1 1 3 1 3 1 1 2 1 1 1 3 3 2 1 1 1 2 1 4 1 1 2 1 1 2 1 2 1 2 1 1 1 1 1 1 3 3 1 1 1 1 5 1 1 1 3 2 3 1 2 2 2 1 1 1 2 3 2 2 2 1 3 1 2 1 1 1 1 1 1 1 2 1 1 1 3 1 1 1 1 2 2 2 1 2 1 1 2 2 2 2 2 1 2 1 1 1 1 2 3 2 1 1 3 1 2 1 2 3 1 2 2 1 2 1 3 2 1 3 1 2 2 1 2 1 2 3 2 2 1 3 1 1 3 2 1 1 2 3 2 2 3 1 1 2 1 2 3 1 2 1 4 1 1 2 2 1 1 1 2 2 2 2 2 2 2 1 2 1 3 2 2 2 2 1 2 3 4 3 2 2 1 3 1 1 1 1 1 2 1 1 1 1 1 1 1 1 2 1 1 2 2 1 2 1 1 2 1 3 1 3 3 2 3 1 1 1 1 1 1 2 1 1 1 1 1 1 1 1 2 1 1 1 1 1 1 2 4 1 5 1 1 2 2 1 1 1 1 1 2 2 2 1 1 1 1 1 1 1 1 1 1 1 1 1 2 1 1 4 3 3 2 3 2 2 1 1 2 2 1 3 1 2 4 3 2 1 1 3 1 2 2 2 1 3 1 1 1 1 2 1 1 1 1 1 3 2 3 2 2 1 2 2 1 1 2 1 1 2 1 2 1 2 2 3 3 2 1 2 2 2 1 3 1 2 1 3 1 2 1 2 1 1 2 1 1 1 1 1 1 2 2 1 1 1 4 1 1 1 1 1 2 1 1 1 1 1 2 1 2 1 1 1 1 2 1 2 1 1 2 1 1 1 1 1 1 2 2 2 1 2 1 1 1 2 1 3 1 1 1 1 3 1 2 1 3 2 1 2 3 3 1 1 1 2 2 1 1 1 1 1 1 2 1 2 1 1 2 1 2 3 5 3 1 1 1 3 1 2 1 2 1 2 1 1 2 1 2 1 2 4 3 2 1 2 4 2 2 2 1 1 1 1 2 1 1 1 3 2 1 1 1 2 1 3 2 1 1 1 1 2 1 1 1 1 1 1 1 1 1 3 1 1 2 2 1 2 3 1 2 1 1 1 1 1 1 3 4 3 2 1 1 1 2 2 1 2 2 2 2 1 1 2 2 1 3 2 4 3 2 3 2 3 3 1 1 1 1 1 2 2 2 2 1 1 2 2 2 1 2 1 1 1 2 1 3 1 2 1 2 1 1 2 1 1 1 1 1 1 1 1 1 1 2 1 1 1 1 3 1 2 1 1 1 2 1 2 2 1 1 1 3 1 1 2 2 1 1 2 2 2 1 1 1 1 1 2 1 3 2 2 2 1 2 1 1 1 2 1 1 1 1 1 2 2 2 2 1 3 1 1 1 1 1 2 3 1 1 1 2 1 1 1 3 2 2 1 2 3 2 1 1 1 1 1 1 2 1 4 1 2 1 2 3 4 1 2 3 1 2 3 3 1 1 3 1 2 2 1 1 5 2 1 1 1 2 1 1 2 4 1 3 1 1 4 2 1 1 2 1 1 2 1 2 4 1 1 1 2 1 2 1 2 1 1 2 2 1 2 1 1 2 2 1 1 1 2 1 2 1 2 1 1 1 1 1 2 1 1 3 1 1 1 1 2 1 1 1 1 1 2 2 2 1 1 1 2 1 1 1 1 2 3 1 1 1 2 1 1 2 1 1 1 3 1 2 1 1 2 1 2 1 1 1 3 1 1 1 1 1 3 2 2 1 2 1 1 3 1 1 4 1 2 2 1 1 3 1 2 2 3 4 1 4 1 3 4 4 2 1 1 1 1 2 4 2 2 2 1 1 1 1 1 1 2 2 2 2 1 1 2 2 1 1 3 1 2 2 2 3 1 1 4 1 1 1 4 2 2 1 1 2 2 2 3 1 1 2 1 3 1 1 1 1 1 2 1 2 1 1 1 1 1 1 1 2 1 2 1 2 1 1 1 2 3 1 1 2 1 1 1 1 1 1 1 1 2 1 1 1 3 2 3 3 1 1 3 1 1 1 1 1 2 2 1 1 1 1 2 2 1 3 2 2 1 1 1 1 3 1 1 1 1 1 1 1 3 1 1 1 2 1 1 3 1 3 2 1 1 1 2 1 1 2 1 2 2 1 1 1 4 1 1 2 3 2 1 1 2 2 1 2 2 3 1 1 3 2 1 2 2 1 1 2 1 1 1 1 1 2 1 1 1 1 1 2 2 2 1 1 1 1 1 2 1 1 1 3 1 1 1 2 1 1 1 2 1 2 1 4 2 3 1 1 1 1 2 3 2 1 3 1 1 1 1 1 2 1 1 1 3 2 1 1 1 1 3 1 1 1 1 4 1 2 1 1 1 1 1 1 1 1 1 1 4 1 1 4 3 2 1 1 1 1 1 2 1 1 1 3 1 1 3 2 1 2 2 3 4 1 2 1 1 1 3 2 1 1 2 3 2 2 3 1 1 1 1 2 1 2 1 1 1 3 1 1 1 2 1 2 1 2 1 1 2 1 4 3 2 3 3 1 2 2 6 2 1 4 1 3 1 1 1 2 2 1 2 5 3 3 1 1 1 1 1 2 1 1 2 1 3 1 1 2 1 4 1 1 1 1 2 1 3 1 1 1 2 2 2 2 1 1 2 2 2 1 1 1 3 1 2 1 2 1 2 3 1 1 1 2 2 1 1 1 2 1 1 1 1 1 1 1 2 1 1 1 5 2 2 1 2 3 3 1 1 1 2 1 2 1 2 2 1 1 3 1 5 2 2 1 2 2 1 1 1 2 3 3 2 1 2 5 1 1 1 1 1 2 1 3 3 1 2 2 1 3 2 1 4 3 2 2 1 1 1 2 3 1 1 1 1 1 2 1 1 3 1 1 1 3 1 3 1 2 1 2 1 1 3 1 1 2 1 2 3 1 1 2 3 3 2 2 2 1 3 3 3 3 2 2 3 2 1 1 1 1 1 1 1 2 1 2 2 1 2 2 3 2 1 2 2 1 1 1 1 1 2 2 1 1 1 1 1 2 3 1 1 1 1 1 3 1 2 1 2 1 2 1 2 2 2 2 1 1 1 1 1 1 2 1 1 2 2 2 1 1 2 1 4 1 2 1 1 3 1 1 1 1 2 1 1 5 2 2 3 2 2 1 1 1 1 1 3 5 1 1 2 2 2 5 1 1 1 1 2 1 1 3 1 2 3 1 1 1 3 1 2 1 1 1 2 1 2 1 1 3 2 1 1 3 1 1 3 3 2 4 1 3 1 1 1 1 1 3 2 1 2 1 1 1 1 3 2 1 1 1 1 3 2 3 3 1 4 1 2 2 2 3 1 2 1 1 3 2 3 1 2 2 5 1 3 1 1 2 1 1 3 2 2 1 2 1 2 1 2 1 2 1 2 2 2 1 3 1 2 2 3 2 2 1 2 2 1 1 1 1 3 1 1 1 1 1 1 1 1 1 1 1 3 1 2 2 2 1 2 1 2 2 1 1 1 1 1 2 1 1 3 2 1 2 2 1 1 1 1 2 2 1 2 2 1 1 2 2 1 1 4 2 2 1 2 1 1 4 1 1 1 1 2 2 2 1 1 1 2 1 2 1 1 2 3 2 1 1 2 1 1 1 1 3 1 1 1 2 2 1 1 1 2 2 1 1 1 4 4 1 1 2 1 1 1 1 2 1 1 1 1 1 2 4 1 3 1 2 5 4 1 3 2 1 1 1 1 1 1 1 2 1 1 1 3 3 1 1 2 1 3 1 1 2 4 1 3 3 1 1 2 1 3 1 1 1 1 1 2 1 1 2 2 1 1 1 1 1 2 1 1 3 1 2 1 1 1 4 1 1 1 1 1 1 1 1 3 1 4 1 1 1 1 2 1 1 1 1 1 2 1 1 3 1 2 2 1 2 2 3 1 2 5 2 1 2 3 1 1 1 1 1 1 1 1 1 6 1 1 2 1 1 1 4 3 1 1 1 3 2 1 1 4 3 1 1 2 1 2 1 1 2 2 2 1 2 2 1 2 1 1 1 1 3 2 1 1 1 3 2 1 1 1 1 1 1 2 1 4 1 1 2 2 4 1 1 2 1 1 2 2 1 2 1 2 1 1 2 2 1 1 1 1 1 1 1 2 1 2 1 1 1 2 1 2 1 1 2 1 1 1 1 2 2 1 1 2 3 3 3 1 1 1 4 1 1 1 2 1 2 2 1 2 4 1 2 2 2 1 1 1 1 1 1 1 2 1 1 1 1 2 2 1 2 1 3 1 3 1 2 4 3 1 1 1 1 2 1 3 1 3 2 3 1 1 2 1 1 1 1 1 1 1 1 2 2 2 3 2 1 1 4 1 4 2 2 2 1 1 4 1 1 1 3 1 1 1 2 1 1 2 2 1 1 1 1 1 1 1 1 1 1 4 2 1 1 1 1 2 1 2 2 1 1 1 1 1 2 1 2 2 2 2 5 1 1 1 1 2 2 1 2 1 1 1 1 1 2 1 1 1 1 1 1 2 1 3 1 2 1 1 3 1 2 2 3 2 1 1 1 4 1 1 1 1 1 2 2 2 2 2 2 2 1 1 1 1 2 1 3 4 1 2 1 1 1 1 2 4 1 1 1 1 2 1 2 2 2 1 4 2 1 1 1 1 2 1 1 2 1 2 2 1 1 1 1 1 3 3 1 2 1 2 2 2 2 1 2 3 1 1 1 2 2 1 1 1 2 2 1 1 2 2 3 3 2 1 1 2 1 2 1 1 1 1 2 3 2 2 1 2 2 1 1 1 2 1 1 2 1 3 1 1 1 4 1 1 1 1 2 2 2 3 2 3 2 4 1 1 3 2 2 1 1 2 2 3 3 2 1 2 1 3 3 1 2 3 2 1 2 2 2 3 5 2 1 3 1 1 1 3 1 1 2 2 1 2 2 3 2 1 2 1 2 1 1 1 3 3 3 5 1 1 1 1 2 1 2 1 3 1 3 1 1 1 3 1 1 2 1 2 1 2 2 1 1 2 1 4 2 4 4 2 3 2 1 3 2 1 1 2 1 1 1 2 2 1 1 1 3 2 1 2 2 1 2 3 1 3 2 1 1 1 1 1 1 2 2 1 1 1 2 1 1 1 2 1 2 2 4 2 2 1 1 2 2 2 1 1 2 1 2 1 1 1 1 2 5 1 1 1 2 1 2 2 1 2 1 1 1 1 1 1 1 2 1 4 3 2 7 3 5 5 3 2 1 2 1 2 3 3 1 3 3 1 2 2 3 2 2 2 1 2 3 1 2 2 1 2 3 2 1 3 2 1 2 1 1 3 2 1 2 1 1 2 2 5 2 1 1 1 2 2 2 1 2 3 1 2 2 1 1 2 1 1 2 2 2 2 1 2 2 3 2 2 2 1 1 1 1 1 1 1 2 3 1 1 1 2 1 1 1 1 4 1 2 2 3 1 2 1 2 1 2 1 2 1 1 3 2 2 1 3 1 1 1 2 1 1 1 2 2 2 2 1 1 1 2 1 1 1 1 1 1 4 1 1 1 2 2 2 1 2 1 1 2 3 1 2 1 1 1 2 1 2 1 2 1 1 1 1 2 1 2 3 1 2 2 1 1 2 2 1 1 1 1 2 3 2 1 1 2 2 2 1 2 2 1 1 1 4 3 1 2 3 1 2 1 1 1 1 1 1 1 2 3 3 1 1 3 1 2 1 1 2 1 1 1 1 2 1 1 1 1 4 2 1 2 2 1 1 3 2 1 1 1 2 4 2 2 3 3 3 1 1 1 1 1 2 1 1 1 1 3 2 2 1 1 1 3 1 1 1 2 1 2 2 3 2 1 1 3 1 2 3 1 1 3 1 1 1 2 2 2 1 1 2 1 1 2 2 1 1 1 1 3 1 1 1 1 1 2 1 2 1 3 2 1 1 1 1 4 2 2 2 2 1 1 1 1 1 3 1 5 2 2 1 3 2 1 1 2 2 1 2 1 4 1 1 1 1 2 2 1 3 1 2 1 1 2 2 3 3 1 1 2 1 1 1 1 2 2 1 4 3 1 1 1 1 2 1 2 1 3 1 3 1 3 2 1 3 2 3 1 2 1 1 1 1 2 1 1 1 1 2 4 2 2 2 1 1 1 2 4 1 3 2 1 3 1 1 1 2 1 1 1 1 1 2 1 1 1 2 2 1 1 1 2 1 2 1 1 1 1 2 1 3 2 2 2 1 2 3 1 1 1 1 1 1 1 1 1 1 1 1 1 1 4 1 3 1 2 1 1 4 2 2 1 2 2 1 2 1 1 1 1 1 1 2 1 1 1 1 2 1 1 1 1 2 1 1 4 1 1 1 1 1 1 2 1 1 3 1 1 1 2 3 1 2 1 2 2 1 2 1 1 1 2 1 1 1 3 1 2 2 1 3 1 1 2 1 1 2 1 2 2 2 1 1 2 2 3 2 1 1 1 2 1 1 1 3 3 1 2 3 1 2 2 1 2 1 3 1 1 2 3 1 2 1 1 3 1 1 1 1 2 3 2 2 1 1 2 3 3 2 1 1 3 1 1 1 1 1 1 1 2 2 1 4 4 1 1 3 2 2 1 1 1 2 1 1 2 1 1 1 1 2 1 2 3 1 2 2 2 3 1 1 2 2 1 2 1 1 1 2 1 1 1 1 1 1 1 1 1 1 1 1 1 1 1 1 1 4 1 1 3 2 1 1 1 3 2 1 1 3 3 1 3 2 1 2 1 1 1 1 3 1 3 1 4 1 2 1 1 2 2 1 3 1 3 1 1 2 1 1 3 1 1 1 1 1 1 1 2 2 2 1 1 1 3 4 2 1 2 1 1 1 2 2 3 1 3 2 2 1 4 2 1 1 1 1 1 1 1 3 1 1 1 1 1 1 1 2 2 1 3 1 3 1 2 1 1 1 2 2 2 2 1 2 6 2 1 1 2 2 1 3 2 2 4 1 2 2 1 2 1 1 1 1 4 1 1 1 1 1 1 2 2 2 2 3 1 3 3 2 2 2 2 2 1 2 3 2 2 1 3 4 2 2 2 2 1 1 1 1 2 1 1 1 2 2 2 3 1 1 1 1 1 3 2 1 3 2 2 2 1 2 2 1 1 6 2 1 1 1 1 1 1 6 2 2 2 1 1 1 1 1 1 1 1 1 3 1 1 1 1 1 2 3 2 3 1 1 1 2 2 2 1 4 1 2 2 3 1 2 2 1 1 1 2 1 2 4 2 1 2 1 1 2 1 3 1 1 1 1 2 2 1 2 1 2 1 2 1 1 1 1 1 1 1 1 1 1 2 1 1 1 1 1 1 2 2 1 1 1 3 2 1 1 2 3 4 1 1 1 2 1 1 2 2 1 2 1 1 1 1 2 1 2 1 1 1 2 1 1 2 1 2 1 2 1 2 1 1 3 1 2 1 1 3 1 2 1 1 2 1 2 1 1 2 1 1 1 3 2 1 1 1 1 2 4 1 1 1 1 2 1 1 1 1 1 1 2 2 2 1 3 3 1 2 2 2 1 1 3 1 1 1 4 1 1 2 2 1 1 3 3 3 1 1 2 2 2 1 1 1 4 2 2 1 2 2 1 1 1 2 1 2 2 1 1 1 3 1 3 2 1 1 1 4 1 1 1 3 1 2 1 1 2 2 2 1 1 1 1 1 2 1 1 1 1 2 2 5 1 3 2 2 3 1 2 1 2 1 2 1 2 1 1 2 1 3 2 2 2 1 3 2 1 1 1 2 1 3 2 3 1 3 2 3 2 5 1 1 2 1 2 1 4 2 3 3 3 2 1 2 2 2 1 2 2 2 2 1 1 1 2 1 1 1 1 3 4 2 1 1 3 1 3 3 1 3 1 1 1 1 1 2 2 2 1 1 1 1 2 1 1 1 2 3 1 1 2 2 2 2 4 1 2 1 1 2 2 3 1 4 2 2 1 1 3 2 2 1 1 1 1 3 1 1 3 2 1 2 1 2 1 1 3 1 2 1 2 1 2 1 1 1 2 1 1 1 1 1 2 2 1 3 1 2 2 2 1 3 2 2 1 4 2 1 1 1 1 2 1 2 3 1 2 1 4 3 2 1 1 2 1 2 1 2 1 1 3 2 2 1 1 2 1 2 1 1 1 1 2 4 1 1 1 1 1 1 2 3 1 1 1 3 2 1 2 1 2 3 1 1 3 2 2 1 1 1 2 1 1 1 3 1 2 2 1 1 1 1 1 1 1 3 1 1 2 3 1 1 1 1 2 1 1 2 1 1 1 3 4 1 1 1 1 1 1 2 1 1 1 4 1 1 4 1 2 3 1 1 2 1 2 1 1 3 1 2 2 1 2 2 1 1 1 1 2 1 2 2 2 1 2 1 1 1 1 3 1 3 1 3 1 2 1 1 1 1 1 2 1 1 1 2 1 1 2 1 1 1 1 1 1 2 1 1 1 2 1 1 1 1 3 1 1 1 3 1 1 2 2 3 2 2 2 3 1 1 3 1 1 2 3 2 1 1 5 2 1 2 2 1 1 1 1 1 3 3 2 1 1 4 2 1 2 1 1 2 1 3 2 1 1 1 1 1 1 1 1 1 1 3 1 1 2 3 2 1 1 1 1 2 1 1 2 2 3 3 1 5 1 1 1 2 2 1 1 1 1 2 1 2 3 1 2 2 1 1 2 1 1 1 5 1 1 2 1 1 2 2 2 1 1 2 1 3 2 1 1 2 4 1 1 5 1 1 1 3 1 2 1 1 2 1 2 1 1 2 1 1 1 1 1 2 1 3 2 1 1 2 3 1 3 4 1 3 1 1 1 1 1 2 1 1 1 2 1 2 2 2 3 1 2 1 1 2 1 2 1 1 1 2 2 1 1 2 1 1 1 1 2 3 1 1 1 2 3 1 3 3 1 1 2 1 2 2 3 1 1 2 1 1 1 2 2 1 1 3 3 1 2 1 2 4 1 2 1 1 1 2 2 3 1 2 3 1 1 1 1 2 1 1 1 1 1 1 2 2 1 1 1 1 1 1 1 1 2 2 1 1 2 1 2 1 3 3 2 2 2 1 1 3 1 1 2 2 1 1 2 1 2 2 3 3 1 1 1 4 2 1 3 3 2 1 2 1 3 4 1 1 1 1 1 3 1 2 4 3 2 1 1 2 3 1 1 1 1 2 2 4 4 1 1 2 1 2 1 3 1 2 2 1 1 1 2 1 1 1 3 1 1 1 1 1 1 1 4 1 1 2 2 3 1 2 3 2 2 2 1 3 1 2 1 1 1 1 1 1 1 1 2 1 1 1 2 1 2 2 1 1 1 2 1 1 1 1 1 2 1 1 2 1 1 1 3 1 1 1 1 2 1 2 1 1 1 2 1 2 5 1 3 1 1 1 1 2 1 5 1 4 1 1 2 2 4 1 3 1 4 1 4 3 1 2 1 2 1 1 3 4 1 1 1 2 4 1 2 1 1 2 2 3 1 2 2 2 1 2 1 2 1 2 1 3 4 1 2 2 2 2 1 1 2 2 3 1 2 2 1 2 1 1 2 1 1 1 1 2 2 1 2 3 1 1 2 1 1 1 1 1 1 2 2 1 1 1 1 3 2 2 2 4 4 3 1 2 1 2 3 3 1 4 1 1 2 4 1 1 1 1 1 1 1 1 1 1 1 2 1 1 2 1 1 2 4 1 1 2 1 1 1 2 1 1 3 1 1 1 1 2 1 1 1 1 1 1 1 1 2 1 3 1 3 1 2 1 2 2 2 1 1 4 1 1 2 1 1 1 4 2 1 2 2 3 1 1 1 1 1 1 2 2 1 1 2 1 1 3 1 2 1 2 3 1 1 1 2 1 1 2 1 1 1 1 1 1 5 1 1 3 3 1 1 2 3 1 2 2 1 1 1 2 1 1 1 2 1 2 1 1 1 3 1 1 1 1 4 4 1 2 2 2 1 1 2 1 2 1 1 1 1 1 1 4 3 1 3 1 2 1 1 1 1 2 1 1 2 1 1 1 1 2 1 1 1 1 2 1 2 3 1 3 1 1 1 2 1 2 1 1 1 1 2 1 1 1 1 2 1 2 1 3 2 3 2 2 2 2 2 1 1 1 2 1 1 1 1 1 1 2 2 2 1 1 2 1 1 2 3 1 3 1 3 1 2 2 1 3 2 3 2 1 1 3 3 1 2 1 1 1 3 3 3 2 2 1 2 1 2 1 1 2 1 1 3 1 1 1 2 2 1 2 4 1 4 2 1 1 2 1 1 1 3 2 1 2 1 2 2 1 1 2 1 1 1 2 1 1 2 1 2 2 1 1 4 1 2 2 1 1 2 2 4 1 2 1 1 2 1 1 1 2 2 1 1 2 1 3 3 4 1 1 1 1 3 3 2 1 1 2 1 3 1 2 1 1 1 3 2 2 1 1 2 4 4 1 1 2 2 3 1 2 2 1 1 2 1 1 1 1 1 1 1 2 1 2 1 2 1 1 2 2 1 1 1 1 1 2 2 1 3 2 1 2 1 1 4 1 1 1 1 1 2 3 1 1 2 2 1 2 1 3 1 3 2 1 1 1 1 1 1 2 3 1 1 1 1 1 1 3 2 1 2 1 4 3 1 3 1 2 2 2 1 1 3 3 1 1 2 2 1 2 1 1 1 2 1 3 2 1 2 2 1 1 2 1 1 2 2 2 1 2 1 1 1 1 1 1 2 1 2 1 1 2 1 1 1 1 2 2 1 2 1 1 1 1 2 1 2 4 1 1 3 1 1 1 1 1 1 2 3 2 1 1 1 1 3 3 2 1 1 1 1 1 1 1 3 1 1 1 1 2 2 2 1 2 1 2 2 2 1 2 1 2 1 2 2 2 2 1 1 1 4 2 1 2 1 5 2 1 2 2 2 1 2 3 2 2 3 3 1 1 1 1 1 2 3 1 1 1 1 1 1 1 2 2 1 3 1 1 3 3 2 1 1 1 1 1 3 2 1 1 2 3 2 1 2 1 3 2 2 2 1 3 3 2 2 2 2 1 1 1 1 1 5 1 4 1 1 2 1 2 1 2 1 2 2 2 1 2 1 2 1 1 1 1 1 2 1 3 1 1 3 1 2 1 1 2 1 1 1 2 3 1 2 2 1 1 1 2 1 1 1 2 1 3 2 2 1 1 1 1 1 2 1 2 1 2 1 1 2 1 1 1 2 1 1 1 2 1 1 3 1 3 2 3 1 2 2 1 1 1 1 3 1 1 1 1 1 2 1 1 1 3 2 4 2 2 1 1 3 2 1 3 2 1 1 1 1 1 5 1 1 4 2 2 1 1 1 1 2 1 2 1 1 1 1 1 3 2 1 1 1 2 2 1 2 1 1 3 1 1 2 1 1 1 2 2 1 2 1 1 2 1 1 1 1 1 1 1 1 1 2 2 2 2 1 1 1 1 1 2 1 2 1 1 2 1 3 2 1 1 1 1 1 1 2 2 2 1 1 4 1 2 2 3 1 1 2 1 1 4 1 1 2 1 1 1 1 1 1 1 1 2 1 1 1 1 2 3 1 1 2 1 4 1 1 2 2 3 2 2 1 1 1 1 1 1 1 1 2 1 2 1 2 1 1 1 1 2 3 2 1 1 1 1 2 1 1 3 1 2 3 2 4 1 1 2 4 3 1 2 2 2 1 2 1 2 1 3 1 1 1 2 1 4 2 3 2 1 2 1 1 1 1 3 1 2 2 2 2 1 1 1 1 1 1 1 1 1 1 2 1 1 3 2 1 2 2 1 1 2 2 1 1 2 2 1 3 1 1 1 1 2 1 1 1 3 2 2 1 2 1 3 1 1 1 2 2 1 1 4 4 1 3 1 1 1 3 2 2 3 2 3 1 2 3 1 2 1 2 2 3 1 1 1 2 1 1 3 1 3 1 4 1 1 2 1 3 1 5 1 2 1 1 1 2 1 1 4 1 2 1 1 1 1 3 2 1 1 1 1 1 1 1 2 2 1 3 2 1 1 3 1 1 3 1 1 1 2 1 1 1 1 1 2 2 1 1 1 2 1 1 4 1 1 2 1 4 1 2 1 1 1 1 1 1 1 1 1 3 3 2 1 2 3 1 3 1 1 2 2 2 2 1 2 1 1 1 1 1 3 3 2 1 3 2 1 1 2 1 1 1 1 1 4 3 3 2 1 3 5 1 1 2 1 1 1 1 5 2 2 1 1 1 1 1 2 2 1 1 2 3 1 1 1 2 2 1 1 1 2 1 1 4 1 2 1 1 1 2 3 1 1 1 1 1 1 1 1 2 3 1 2 2 2 2 1 2 2 1 1 5 2 1 1 1 2 1 2 2 1 1 3 1 1 2 1 4 1 1 3 2 1 3 1 1 2 1 1 1 2 2 1 1 2 1 1 2 2 1 1 2 2 1 1 1 1 2 1 2 1 1 1 1 3 1 2 4 4 2 2 1 1 3 1 1 2 3 1 2 1 3 4 1 2 1 2 2 1 1 2 1 1 2 4 2 2 2 1 1 1 2 1 1 1 2 1 1 1 1 3 1 1 1 4 3 2 1 2 1 1 1 2 2 2 3 3 1 1 1 2 1 1 1 1 1 1 2 1 2 1 1 1 2 1 2 1 1 2 1 2 1 2 1 1 1 1 1 2 1 1 1 1 1 2 1 1 1 2 1 2 1 2 2 2 1 2 2 1 1 2 1 1 3 1 1 3 1 2 2 1 1 2 2 2 1 3 1 1 3 2 1 2 2 2 1 2 2 2 2 2 1 1 2 1 2 1 1 1 1 2 1 1 1 3 1 1 1 1 1 2 3 3 1 2 2 1 2 1 1 1 3 1 1 2 1 2 1 4 1 2 2 1 2 1 1 2 1 1 2 1 2 1 1 1 1 1 1 1 1 2 1 2 2 1 1 2 1 1 2 2 1 2 1 1 1 2 1 2 1 1 1 2 3 1 1 1 2 1 1 1 1 1 1 1 1 2 3 1 1 2 1 2 2 1 3 1 1 2 2 2 4 1 5 1 2 1 1 2 3 1 2 3 2 1 1 2 1 1 2 1 1 1 2 2 2 2 3 2 1 1 1 1 1 2 2 1 2 2 1 1 1 2 2 1 1 1 1 2 1 1 1 2 1 1 1 1 4 2 2 2 1 2 2 3 2 2 1 2 3 1 1 1 1 1 2 1 2 1 2 1 1 1 1 2 1 3 3 1 1 1 1 2 1 1 1 1 1 1 1 3 2 3 1 1 1 3 1 3 1 2 1 1 1 1 2 1 1 2 1 1 1 1 1 1 2 2 1 2 1 2 2 1 3 1 1 2 1 1 1 1 1 2 2 2 2 1 2 2 1 3 1 3 1 2 2 2 1 2 3 1 1 1 1 2 2 1 2 1 1 1 2 2 1 2 3 3 1 1 1 3 2 1 3 3 2 1 1 4 1 1 1 2 1 3 1 3 2 1 1 1 1 1 1 2 1 1 2 2 2 1 1 4 2 2 1 2 2 1 2 2 3 1 1 2 1 1 1 1 2 3 2 2 1 2 1 2 2 1 3 1 1 2 1 2 1 1 2 5 2 1 2 2 2 2 1 1 1 1 1 1 1 1 1 2 2 1 5 3 1 1 1 2 3 2 1 1 1 5 2 2 1 1 1 3 1 2 1 1 1 1 2 2 1 3 1 1 1 2 1 2 3 1 3 2 1 1 1 1 3 1 3 3 2 1 3 3 1 1 2 2 3 1 2 1 1 1 2 2 1 2 2 1 1 2 1 1 1 2 1 2 1 1 3 1 1 1 2 2 1 1 2 1 1 1 2 2 1 1 2 3 2 1 2 1 1 3 1 2 2 2 1 1 2 2 1 1 1 1 1 1 1 1 2 1 1 2 3 1 2 2 1 1 2 2 3 1 3 3 1 1 1 1 1 1 1 2 1 4 1 1 1 1 1 4 1 2 1 1 1 2 3 2 2 5 2 2 1 1 1 1 1 1 1 2 3 1 1 2 2 3 1 1 1 3 2 1 1 2 1 1 1 2 2 2 2 1 1 2 1 1 1 2 1 1 1 1 1 2 2 1 1 1 2 1 2 1 1 1 1 2 2 2 2 1 1 1 3 2 3 1 1 1 3 2 2 1 2 2 1 3 2 2 2 2 3 2 2 2 2 2 1 2 3 3 3 1 1 5 2 2 1 1 2 1 1 2 2 1 1 1 1 2 2 4 1 3 1 2 1 1 2 1 3 3 2 1 1 1 2 1 2 2 1 2 2 2 2 3 2 1 1 1 1 1 2 1 5 2 2 2 2 1 2 1 2 1 2 1 2 1 1 1 2 2 3 1 2 1 1 4 1 1 3 1 1 4 1 1 2 1 2 1 1 1 2 2 1 3 2 1 1 2 3 1 1 1 2 2 2 1 2 1 1 1 1 3 2 2 1 1 1 3 2 1 1 1 1 1 1 2 2 3 3 2 1 1 1 1 3 1 3 1 2 1 1 1 3 1 2 1 1 2 1 3 1 1 1 1 2 1 1 1 2 1 1 2 2 1 1 1 1 1 3 1 1 1 1 1 1 3 1 2 1 1 1 2 1 2 1 1 1 3 1 2 1 2 1 2 2 2 2 2 2 2 3 1 1 1 1 1 2 2 1 1 1 2 1 1 3 1 2 1 2 1 2 1 1 2 1 1 2 1 1 3 1 1 2 1 1 2 1 2 4 1 1 1 1 1 1 2 1 4 1 1 1 3 1 1 2 1 2 1 1 2 5 1 1 2 2 1 2 2 3 2 1 1 3 2 2 1 1 1 1 2 3 2 2 1 1 2 2 1 1 1 1 1 2 1 1 3 2 1 1 2 1 1 2 2 1 1 2 2 2 3 1 1 3 2 1 2 1 1 1 1 2 3 2 1 2 1 1 2 2 1 2 2 2 2 1 2 1 2 1 1 1 1 3 1 1 1 2 1 1 1 2 2 1 1 3 1 1 1 2 1 1 2 1 1 2 1 1 1 1 1 1 3 1 1 1 2 1 2 1 1 1 1 1 1 1 1 3 1 2 1 1 3 1 1 1 3 1 1 1 1 2 1 1 2 1 2 1 1 1 1 1 1 2 2 1 1 1 1 1 2 1 2 2 2 1 4 1 1 2 1 2 1 1 3 2 2 1 1 1 2 2 2 3 3 1 1 1 1 1 2 1 3 1 2 1 3 2 1 1 1 1 2 3 1 1 2 2 1 1 2 1 2 3 2 3 4 1 2 2 1 3 1 2 2 1 1 1 1 2 2 2 1 1 1 1 1 4 1 2 1 2 3 1 3 1 3 1 4 1 1 1 1 2 1 2 1 1 1 1 1 2 1 1 3 1 1 1 1 1 1 1 3 1 1 4 3 3 2 1 1 1 1 2 1 3 1 1 2 2 2 1 4 2 1 2 2 2 1 2 1 1 2 3 1 3 1 3 1 1 1 2 1 3 3 1 4 1 1 1 2 1 1 1 1 3 1 1 1 1 3 3 2 2 2 1 1 1 1 1 2 3 1 1 2 2 1 1 1 1 3 1 2 1 2 4 1 3 3 1 1 2 2 1 2 1 1 1 1 1 2 2 1 2 1 2 1 1 2 1 4 1 2 3 1 1 2 3 1 1 2 1 1 1 2 1 1 1 2 2 2 2 2 1 3 1 2 1 2 1 4 3 2 1 2 1 1 2 1 1 2 2 1 2 1 1 1 1 1 4 1 1 3 1 2 1 3 3 2 1 1 2 1 1 3 2 2 1 1 1 1 1 1 1 1 1 1 1 1 2 1 2 2 2 1 2 3 1 1 2 1 1 1 1 1 1 1 1 2 1 2 2 3 1 1 2 2 1 2 2 4 1 1 2 2 1 1 1 1 2 1 3 3 1 1 2 1 1 4 2 2 2 2 2 1 2 1 1 1 2 1 2 1 2 1 2 4 2 1 1 1 2 4 2 3 2 1 1 1 2 2 1 1 2 3 1 1 1 2 1 1 1 3 1 1 1 2 1 2 2 1 3 3 2 1 3 3 2 1 3 1 3 1 2 1 2 1 1 2 2 1 1 2 1 2 2 2 2 3 1 1 1 1 2 1 1 2 3 1 2 1 1 1 1 1 1 2 1 1 1 6 1 3 1 1 3 2 2 1 2 1 1 2 1 1 1 2 1 1 2 1 2 2 2 2 4 2 1 1 2 1 1 2 1 4 1 2 2 1 2 1 1 2 3 2 2 3 2 2 2 1 1 2 2 1 1 1 1 1 1 1 2 1 1 1 1 3 1 2 3 3 1 1 2 1 2 1 1 2 1 2 2 1 1 2 1 2 2 1 1 1 2 1 2 2 2 2 2 3 2 1 1 2 1 2 2 1 2 2 3 3 2 2 2 1 1 1 2 1 1 4 2 1 1 1 1 1 1 2 1 1 2 2 1 2 1 1 2 6 2 1 1 1 1 1 1 2 2 2 4 3 1 1 3 4 1 1 1 1 1 1 1 2 2 1 1 1 1 3 2 2 2 1 1 1 3 1 2 1 1 1 1 2 1 1 1 1 1 1 1 1 4 1 2 2 1 1 1 1 1 2 3 1 1 2 1 2 1 1 1 2 1 2 2 1 1 1 1 2 1 2 1 1 2 2 1 1 1 2 1 1 1 1 1 1 1 3 1 2 1 1 1 2 2 1 1 1 2 1 1 2 1 1 1 1 1 1 1 1 1 1 3 4 1 1 1 1 2 1 1 1 2 3 2 1 1 1 1 1 1 1 1 1 1 1 1 2 2 2 3 2 1 1 2 3 1 1 3 1 3 1 2 3 3 2 2 2 2 1 3 2 1 2 2 1 1 2 1 2 3 2 2 2 1 1 2 2 1 2 1 1 1 3 1 2 1 4 1 1 2 1 1 1 3 1 2 3 1 1 2 2 1 2 1 1 
  #Test Small 13059
  #Test Medium 24233
  #Test Large 28800
