Board size [mm] 300x250

Stats side 1
  #Components with background 43
  #Components with points 360
  #Components nofly 6
  #Components notouch 6
  #Pins 103651
  #GNDs 2385
  #VDDs 2016
  #Clock 39
  #NoFly points 940
  #NoTouch points 1048
  #Points [total] 110079

Stats side 2
  #Components with background 53
  #Components with points 364
  #Components nofly 0
  #Components notouch 0
  #Pins 100125
  #GNDs 3274
  #VDDs 2564
  #Clock 32
  #NoFly points 0
  #NoTouch points 0
  #Points [total] 105995

Stats board (side 1 + side 2)
  #Components with background 96
  #Components with points 724
  #Components nofly 6
  #Components notouch 6
  #Pins 203776
  #GNDs 5659
  #VDDs 4580
  #Clock 71
  #NoFly points 940
  #NoTouch points 1048
  #Points [total] 216074
  #Nets 196799
    Net Size: 5659 4580 71 1 1 2 1 2 2 1 2 1 1 1 1 1 1 1 5 1 3 2 2 1 3 2 2 3 3 1 1 1 4 1 2 1 1 1 2 2 1 1 4 2 2 3 1 1 1 4 3 3 3 2 2 1 1 1 3 1 2 1 1 2 1 2 2 1 1 2 2 1 2 4 2 1 2 2 1 1 2 2 1 1 2 6 1 1 4 1 3 1 1 1 2 1 1 1 1 2 1 1 4 3 2 1 1 1 1 2 3 2 1 3 1 2 1 2 2 2 1 1 1 2 1 2 2 1 4 2 3 2 1 1 2 4 3 2 3 1 2 1 1 1 2 1 1 2 2 1 1 4 1 2 4 3 1 1 2 2 1 1 4 2 3 1 1 3 2 4 2 1 6 1 3 3 1 1 1 2 1 2 3 2 1 2 2 3 2 5 2 3 1 1 2 2 2 2 1 2 4 2 2 2 1 3 1 2 3 1 2 3 1 3 1 4 1 2 3 1 3 1 1 1 1 2 1 2 1 3 1 1 2 4 1 1 1 1 1 1 2 2 2 3 2 1 3 1 1 2 1 1 1 2 1 4 1 3 1 2 1 1 1 2 2 1 2 1 3 3 1 1 1 1 2 1 1 1 4 1 1 3 1 3 2 3 2 3 1 1 1 1 1 2 1 2 2 1 1 1 1 3 2 3 1 2 1 3 1 4 1 2 2 3 3 1 2 1 2 1 3 2 1 2 1 2 1 2 1 4 1 2 1 5 2 1 2 2 1 2 1 3 1 1 2 3 3 2 3 2 1 1 1 1 3 1 2 3 2 1 2 1 3 1 1 4 1 2 1 2 1 2 2 2 4 1 2 1 1 1 3 3 3 2 5 1 1 2 4 1 3 3 1 1 1 3 1 2 1 2 2 2 1 1 1 1 1 1 1 2 2 1 1 1 2 1 1 1 3 1 3 1 2 1 1 3 2 2 1 5 2 3 1 2 4 1 1 2 1 1 2 1 2 2 1 2 1 2 2 2 1 1 1 2 1 3 3 2 2 1 1 1 1 1 3 2 2 1 1 2 3 1 2 1 1 1 1 2 2 2 1 2 1 2 1 2 2 4 2 3 2 2 1 4 2 3 3 2 2 3 1 1 1 1 1 5 2 1 4 2 3 1 2 1 1 1 1 2 2 1 1 6 2 3 2 2 2 1 5 2 2 2 4 1 2 3 3 2 3 1 1 2 1 2 1 1 1 1 1 1 3 1 1 2 1 2 1 1 3 1 5 3 3 2 2 2 2 2 1 1 3 1 1 2 1 1 2 1 1 1 2 1 1 2 1 2 2 1 1 1 1 1 2 3 1 3 1 3 2 1 1 1 1 2 1 1 3 2 1 1 1 2 2 1 1 3 3 3 2 3 1 1 2 1 2 1 3 1 3 4 1 1 2 1 6 1 2 2 1 2 3 2 4 2 5 1 3 2 3 2 1 2 1 2 2 1 1 2 2 1 2 3 2 4 1 1 2 1 5 1 3 2 1 1 3 1 3 3 3 1 3 1 1 3 2 1 1 1 1 1 1 2 3 7 3 1 2 2 1 1 2 1 3 2 2 1 1 1 3 2 2 1 1 3 2 2 1 1 2 1 2 3 2 3 1 3 1 1 2 3 1 3 3 2 1 1 1 3 1 2 1 2 2 1 1 1 1 1 4 1 1 1 2 2 1 2 1 1 1 1 3 1 3 2 1 1 2 2 1 2 1 1 1 1 1 3 3 2 1 2 2 1 3 2 3 1 1 3 2 1 2 2 3 1 2 1 2 1 2 1 2 2 1 2 2 1 1 1 3 2 1 1 2 1 1 1 2 2 3 1 1 2 1 1 2 1 1 1 1 2 1 2 1 2 1 1 3 1 1 2 2 1 3 2 1 2 2 1 2 1 4 3 1 1 1 2 2 1 1 2 2 2 1 4 1 1 1 2 3 2 3 2 1 1 3 2 1 4 4 1 4 2 1 1 1 1 1 3 1 2 2 2 2 1 3 4 1 1 1 3 3 1 1 2 1 1 1 1 2 1 4 1 1 2 4 1 1 1 2 2 2 3 2 2 1 1 1 1 2 1 1 1 1 1 1 1 2 1 2 1 1 2 3 2 1 2 1 2 3 1 1 1 1 1 1 2 2 2 2 1 3 3 1 1 1 1 1 1 2 1 2 4 1 3 3 2 3 1 2 4 2 2 2 3 1 1 1 1 1 1 2 1 3 3 1 1 2 1 1 3 1 1 2 1 2 2 1 2 1 1 1 1 2 1 1 1 2 3 2 2 3 1 1 1 1 1 2 1 3 3 1 2 1 1 1 1 1 4 2 3 2 3 2 1 2 2 4 3 1 2 1 3 3 1 3 1 1 1 2 2 1 2 2 2 2 1 2 2 2 1 2 2 1 2 1 4 1 2 2 1 1 2 2 1 2 2 1 2 3 2 5 2 3 3 1 1 1 1 2 3 1 3 1 1 1 3 2 1 1 2 1 2 2 3 1 2 1 1 2 3 1 1 3 2 1 2 1 2 1 2 3 1 1 2 1 2 1 1 2 4 1 1 1 1 1 2 1 3 2 1 2 2 1 3 3 2 1 1 1 1 1 2 1 4 1 3 1 2 2 1 1 3 1 1 4 1 1 1 1 1 3 1 1 1 3 1 1 2 1 2 2 1 5 1 2 2 1 1 2 1 3 3 1 1 1 1 2 1 1 2 2 3 1 1 2 3 3 2 1 1 3 1 2 1 1 2 1 1 1 1 2 3 1 1 1 2 1 1 2 2 2 1 1 1 2 2 1 1 1 2 2 2 1 2 1 2 3 1 2 1 1 3 1 3 3 1 2 2 1 2 2 1 1 1 1 1 1 3 2 1 1 1 1 1 2 1 2 3 1 2 6 3 2 2 2 1 2 1 3 4 1 3 1 2 1 4 2 1 1 1 2 2 4 2 1 1 2 1 2 1 1 2 2 1 1 3 1 1 3 1 1 1 1 3 2 2 3 1 1 1 4 3 1 2 2 2 1 1 1 1 1 1 4 3 5 1 1 4 1 1 1 2 1 1 1 4 2 1 1 1 1 1 1 2 2 2 2 1 1 1 1 2 1 1 1 1 1 2 1 1 1 1 2 2 3 1 1 3 1 2 1 4 1 1 1 1 1 2 2 1 2 1 2 2 1 1 4 4 1 2 1 1 1 2 1 1 2 3 2 1 2 3 1 1 2 1 2 2 2 1 4 1 1 1 3 7 2 5 1 2 1 1 2 1 2 2 2 1 1 2 1 1 2 2 1 1 2 1 4 1 1 1 3 4 2 1 3 1 1 1 2 2 3 3 4 4 2 1 3 1 3 2 2 3 1 1 2 3 3 2 1 1 1 1 2 1 1 1 1 2 3 2 1 3 2 2 1 2 3 3 1 3 2 1 2 1 2 2 1 1 2 1 2 2 1 2 1 2 1 2 1 1 1 2 2 2 2 3 4 2 2 1 2 1 2 2 1 1 3 2 2 3 3 1 1 1 2 1 1 2 3 1 1 1 2 3 1 3 1 1 2 3 2 1 2 2 1 1 2 2 1 4 1 3 1 2 3 1 3 1 1 2 1 1 1 2 3 1 1 1 1 3 4 1 1 1 1 2 1 2 1 1 1 2 2 2 1 1 1 1 2 1 4 1 3 1 2 1 1 1 1 1 1 1 3 2 2 1 2 4 3 3 1 1 1 2 1 1 1 2 2 2 1 2 2 1 3 1 1 3 1 2 1 1 4 2 1 1 2 1 1 2 1 3 1 1 2 3 1 2 1 5 1 1 1 1 4 2 2 3 1 1 2 1 1 2 1 2 1 1 1 4 2 1 2 3 2 2 3 3 1 3 3 1 2 1 1 1 1 2 1 2 1 2 3 2 1 1 1 3 1 2 1 1 3 1 1 2 3 2 1 1 2 5 1 1 2 2 1 2 2 2 2 2 3 3 2 1 1 1 2 2 2 1 1 2 1 1 2 1 1 1 2 1 1 1 2 3 2 1 1 1 1 1 3 2 1 3 2 2 1 2 3 5 1 3 3 1 1 2 1 3 2 1 2 3 1 2 3 2 2 2 2 1 1 1 1 1 2 1 1 4 1 1 2 2 3 3 3 1 3 3 3 1 1 2 2 1 2 2 1 1 1 1 1 2 2 1 3 1 1 2 2 5 1 3 2 2 1 2 2 3 1 2 1 1 1 1 1 2 1 1 3 2 3 1 2 3 1 2 1 4 1 1 1 1 2 2 1 3 1 2 2 1 1 2 1 2 1 2 1 3 4 3 3 3 3 1 2 1 5 1 1 2 1 2 2 3 2 2 2 1 2 1 3 2 2 1 2 2 4 1 2 1 2 2 3 1 1 1 2 2 1 2 2 2 1 1 2 2 1 1 1 2 1 3 1 1 1 2 1 1 4 1 1 2 2 3 2 3 1 1 1 1 1 1 2 1 4 1 1 2 2 1 1 1 1 1 1 1 1 5 3 2 2 1 1 3 2 1 1 1 1 3 1 1 1 3 3 2 1 1 3 3 2 1 4 1 2 3 3 1 1 4 1 2 2 5 2 2 3 3 1 1 1 1 1 1 3 1 2 2 1 4 2 2 2 1 2 2 1 1 1 3 1 4 1 1 1 3 1 1 1 2 3 1 1 2 1 1 1 1 3 1 1 2 1 4 2 1 1 2 2 1 1 1 1 3 3 1 1 2 2 1 1 1 2 3 1 2 2 2 3 1 3 1 1 2 3 1 1 1 1 2 2 1 3 1 3 2 2 2 2 1 2 1 3 1 4 2 2 1 2 1 4 3 1 1 3 3 1 1 1 1 2 1 1 1 1 1 2 1 2 1 2 1 1 3 4 1 1 1 2 3 1 1 1 1 2 1 1 3 2 2 2 1 1 2 1 3 2 2 1 3 1 2 1 1 2 2 1 1 1 2 2 1 2 2 1 2 1 2 1 1 1 2 3 1 2 1 1 2 1 1 5 1 2 2 2 1 2 1 1 1 1 2 2 2 1 2 1 2 2 4 3 3 4 3 2 2 2 3 2 3 2 2 3 2 2 1 1 3 1 1 1 1 1 3 3 5 1 2 3 2 2 3 4 4 1 1 2 2 1 2 1 1 3 2 3 3 1 1 1 1 2 2 2 2 2 1 2 1 3 2 1 3 1 3 1 2 1 2 2 2 2 3 1 2 2 2 1 1 1 2 1 1 3 2 2 2 1 5 1 1 1 2 1 1 1 1 1 4 3 1 4 2 2 3 2 1 2 2 1 1 2 1 1 3 1 2 1 1 1 1 1 5 1 1 1 1 2 2 1 1 4 2 2 1 3 1 1 1 1 1 1 3 1 1 2 2 1 1 1 2 1 2 3 1 1 2 1 1 1 1 2 1 2 1 4 4 2 1 2 3 1 1 3 2 3 1 2 2 1 1 2 2 5 3 1 1 1 1 4 3 1 1 2 1 2 3 1 1 2 1 1 1 1 3 1 2 2 2 3 1 1 1 1 2 2 3 2 2 2 1 1 2 1 1 1 2 1 2 1 1 3 4 2 3 3 3 2 1 1 2 1 1 1 3 2 1 2 2 1 3 1 3 1 1 1 3 3 1 1 2 2 1 3 1 2 2 3 2 3 4 1 2 4 1 1 1 1 1 1 1 2 4 3 3 4 2 2 3 2 1 1 2 2 3 1 1 2 3 3 1 2 1 4 6 2 1 2 1 3 2 1 1 4 1 3 2 1 1 1 1 2 2 4 2 1 1 2 1 3 1 1 2 1 2 1 2 2 2 1 1 4 2 3 1 2 2 1 1 1 1 1 4 1 1 2 3 1 1 2 2 2 1 4 1 2 2 2 1 1 1 3 1 1 1 1 2 2 2 1 4 1 1 4 2 1 2 1 2 1 1 2 2 1 1 2 3 1 3 1 2 2 3 1 1 2 2 2 1 1 1 1 3 1 1 2 2 1 4 1 2 2 2 2 2 2 3 1 1 2 2 2 2 3 2 3 1 3 1 2 2 1 2 1 3 1 2 4 1 3 1 2 2 1 2 1 1 2 2 1 3 2 1 1 1 2 1 1 1 4 2 2 2 2 1 3 2 2 2 3 1 1 2 2 1 2 1 2 1 1 3 2 1 3 4 1 1 1 2 3 2 1 2 1 1 2 1 3 5 2 3 1 1 2 2 1 1 1 2 1 1 4 4 2 2 2 2 1 3 3 1 2 1 1 2 1 2 1 1 3 1 2 1 1 4 1 1 1 2 2 2 2 1 1 1 2 3 4 2 2 2 3 1 2 1 1 1 1 1 2 1 1 2 2 1 2 1 2 1 1 2 1 1 2 2 2 2 3 1 2 4 2 1 3 2 1 2 2 2 1 4 1 1 1 1 1 1 3 1 2 1 2 2 1 2 5 1 1 1 1 1 1 2 2 1 1 3 2 2 3 3 2 1 4 2 2 3 2 2 1 1 1 1 4 1 2 1 1 5 2 2 2 2 2 2 2 1 2 1 2 1 1 1 5 2 2 1 1 4 3 1 4 2 2 1 1 1 3 2 3 1 2 2 2 1 2 1 2 2 2 1 1 2 2 1 1 1 1 3 2 1 1 2 2 2 1 1 2 1 1 3 1 1 2 1 1 1 1 1 2 4 1 2 1 2 4 3 2 2 3 1 1 2 1 1 2 2 2 1 3 1 3 2 3 1 1 2 1 1 1 1 1 4 1 1 2 1 1 3 3 2 1 1 1 2 2 1 1 1 1 1 2 2 3 1 2 1 1 4 1 2 3 2 1 2 1 3 1 1 1 4 2 3 3 4 3 3 5 1 2 3 1 5 2 1 1 2 3 3 2 1 3 1 3 1 2 3 2 1 5 1 1 2 1 1 2 3 2 1 2 2 2 1 1 2 2 1 3 3 1 3 1 1 4 2 3 1 2 1 1 3 2 1 2 2 3 2 1 1 1 1 1 1 1 3 1 1 2 1 3 4 2 2 1 2 2 4 1 2 2 1 1 1 3 2 1 3 2 3 4 2 2 1 2 2 1 2 2 2 3 2 1 2 1 1 1 1 2 1 1 3 1 1 1 1 1 3 1 2 3 2 1 4 2 1 2 3 2 1 2 1 2 4 1 1 4 2 2 1 1 6 2 4 1 1 3 1 1 3 4 1 1 1 2 1 4 1 4 1 1 1 2 2 2 1 1 1 1 1 1 1 3 1 2 3 2 2 3 1 1 2 1 1 1 2 4 6 1 4 2 1 1 2 1 2 1 1 2 2 1 2 2 1 3 1 1 3 3 1 1 1 3 1 2 3 1 3 1 1 1 1 1 2 1 1 1 3 1 2 2 3 2 1 2 1 2 2 3 1 3 1 1 3 2 2 1 2 1 2 2 3 1 3 1 1 3 2 3 2 3 1 1 1 1 1 2 1 1 1 3 2 1 2 1 2 1 1 1 1 1 1 1 1 3 3 1 1 1 4 1 3 3 2 1 2 2 1 2 3 4 2 2 2 2 1 1 2 1 3 2 1 1 1 4 1 1 3 4 2 2 1 1 1 3 2 3 3 2 3 1 2 5 1 3 1 1 2 1 3 2 4 1 1 2 1 1 1 3 1 1 2 2 2 2 1 3 1 1 1 1 3 3 1 3 2 1 1 1 1 3 2 1 2 2 1 2 4 1 1 2 1 1 1 1 2 2 3 3 1 1 2 2 1 3 1 3 1 2 3 4 3 3 3 2 1 2 1 1 2 3 1 2 1 2 1 2 1 3 1 1 1 2 2 3 1 2 1 1 2 2 3 2 1 1 2 2 1 2 2 1 1 1 1 2 1 2 3 2 3 1 2 1 3 1 2 1 3 2 1 2 2 1 2 1 2 1 2 1 2 1 2 2 1 4 1 3 2 2 1 2 2 2 1 1 2 1 1 1 2 1 3 1 2 2 1 1 4 1 1 1 4 4 2 1 2 2 3 4 1 1 4 2 1 3 2 3 2 2 3 1 1 2 3 1 1 2 3 2 1 1 2 3 1 4 1 1 1 1 1 1 1 2 1 1 1 3 1 1 2 5 1 1 1 2 1 1 2 1 1 1 2 2 3 2 2 2 1 1 2 1 2 1 1 3 1 1 1 2 1 2 4 2 2 1 2 2 2 2 1 2 2 2 2 2 1 2 1 2 1 2 2 2 1 1 1 1 1 3 1 1 3 3 2 1 1 2 1 2 2 1 2 2 1 1 1 1 1 1 2 1 1 4 1 1 1 1 2 1 1 1 2 2 1 1 1 2 1 1 3 2 1 2 1 1 2 1 1 1 3 4 2 2 1 2 3 3 1 2 1 1 2 2 1 1 2 1 3 2 2 1 1 3 3 1 2 1 1 1 2 2 3 1 1 1 1 1 2 1 2 4 1 1 1 1 1 6 3 1 1 2 1 1 2 2 1 1 5 1 2 3 2 2 1 1 2 3 1 1 2 1 4 2 1 4 2 1 1 1 1 1 1 1 1 3 1 2 2 1 1 1 1 1 1 1 1 2 1 1 4 1 2 2 1 5 3 1 3 2 1 2 4 1 1 1 2 3 2 2 1 1 2 1 2 1 3 2 3 1 4 2 2 3 1 1 1 3 2 5 2 1 4 1 3 2 4 3 3 2 2 4 2 2 2 2 2 1 1 1 1 3 2 1 1 3 1 1 2 3 1 2 1 1 2 3 1 1 1 2 1 2 1 1 3 1 1 1 2 2 1 2 2 2 1 1 1 3 1 2 1 1 2 1 4 2 3 3 3 1 1 1 2 1 2 2 2 1 2 1 2 1 1 1 1 1 1 2 3 1 1 2 1 2 1 1 2 1 1 1 1 3 4 1 1 1 1 3 2 1 2 2 1 1 1 3 2 3 1 1 1 2 1 1 2 2 3 2 2 1 3 3 1 3 3 3 1 2 2 3 2 4 4 1 2 2 2 1 1 1 3 1 2 1 1 1 1 5 1 1 1 1 3 4 2 5 3 1 2 1 1 1 3 1 1 4 3 1 1 2 1 3 1 2 1 1 1 1 3 2 2 1 1 1 3 2 2 1 2 2 1 1 1 2 4 1 1 2 2 1 1 1 1 4 1 3 1 3 1 2 1 4 2 2 1 1 1 1 1 2 1 1 1 2 1 4 3 3 1 1 2 1 3 2 4 2 1 1 2 1 1 3 2 1 1 3 1 1 2 1 1 3 3 7 1 2 3 3 4 1 1 1 1 3 2 1 4 3 1 1 1 2 2 2 1 1 1 2 1 2 2 2 2 1 2 1 2 1 2 2 1 1 1 2 3 1 1 1 1 3 2 2 2 2 3 2 3 1 1 2 1 1 1 1 1 1 1 2 1 1 3 1 2 1 2 4 2 3 1 1 3 1 1 3 3 1 2 2 2 1 2 2 2 1 1 2 1 3 1 1 1 3 5 2 4 1 3 1 3 2 1 1 2 1 1 2 2 2 3 2 3 1 1 1 3 2 1 1 2 3 1 1 1 1 4 2 2 3 1 2 3 2 1 2 4 1 3 1 1 1 1 3 2 3 1 1 2 2 4 3 1 2 3 1 1 1 1 1 1 1 2 2 1 1 1 1 1 2 3 1 1 1 1 2 1 1 2 1 2 1 2 2 1 2 2 2 2 2 2 1 3 1 1 2 1 1 1 1 2 3 1 3 2 2 1 2 1 3 1 4 1 1 1 1 2 2 1 1 2 1 2 1 3 3 1 1 2 2 1 1 2 2 1 1 4 1 1 2 2 2 1 1 2 2 5 1 1 1 2 3 1 1 1 2 1 1 3 2 2 1 1 2 2 1 2 1 2 1 2 1 3 1 1 3 3 1 1 4 2 2 1 1 1 2 2 3 1 2 4 1 2 1 2 1 1 2 2 1 1 2 2 1 2 3 2 1 3 1 1 1 1 3 3 1 2 2 1 1 1 1 1 1 1 1 5 1 1 1 2 1 3 1 2 2 3 2 2 2 1 2 3 2 1 1 2 1 1 4 2 3 1 1 2 1 1 1 3 2 2 1 2 3 1 2 1 2 2 2 1 1 3 3 4 1 1 1 3 2 2 1 1 1 1 1 1 3 1 1 3 1 1 2 1 2 2 2 2 1 4 1 2 2 3 1 2 4 2 1 3 2 3 1 3 2 3 2 1 2 1 4 5 2 1 3 1 2 1 2 1 4 2 3 2 1 2 2 2 1 3 2 2 1 2 1 3 2 1 2 1 3 1 1 1 1 2 1 2 1 1 2 1 3 2 3 1 1 1 1 2 4 3 1 1 3 1 2 1 2 1 1 4 2 3 2 2 1 3 3 3 1 1 1 2 3 2 1 2 1 3 1 1 2 2 1 1 2 2 4 1 1 1 1 1 1 2 4 2 1 1 2 3 1 3 2 2 1 2 2 2 2 3 3 3 2 1 1 1 1 1 1 1 1 2 1 1 1 2 4 1 3 3 3 2 1 1 1 1 2 2 1 2 2 1 2 2 1 1 2 2 2 2 1 2 4 1 1 1 2 1 1 1 5 1 1 1 1 1 2 1 2 2 3 2 1 1 2 2 1 1 2 4 1 1 2 1 1 2 2 1 1 2 2 1 2 2 1 1 2 1 1 1 2 1 3 1 1 1 3 2 1 1 1 3 2 1 2 2 3 2 2 1 4 2 1 1 1 1 3 2 2 7 1 1 1 1 2 7 2 2 1 1 2 2 4 4 2 2 1 2 4 3 1 3 1 2 1 4 2 3 2 1 1 1 2 1 1 1 1 4 1 1 1 1 1 1 1 1 1 1 2 1 3 5 1 3 4 2 4 1 1 2 1 3 1 2 2 1 1 1 2 1 2 2 2 3 1 1 1 2 3 1 2 1 2 3 2 1 1 2 4 2 2 4 1 2 1 2 1 3 2 3 4 1 1 3 2 1 4 4 2 2 2 1 4 3 4 2 1 2 2 1 2 1 2 4 2 2 3 2 3 1 1 1 2 2 3 2 1 2 2 1 1 2 2 1 1 2 1 3 4 3 4 2 1 1 1 2 2 3 1 3 2 2 3 1 1 2 1 1 1 3 1 1 1 1 1 2 2 2 1 1 1 3 2 1 2 1 3 2 1 2 2 2 2 1 7 1 3 1 1 1 1 1 2 3 2 2 2 1 3 2 1 1 3 3 2 1 1 1 1 3 1 1 1 2 2 1 3 1 1 2 4 2 1 1 2 2 1 3 2 5 6 1 2 2 1 3 1 2 2 1 1 1 1 1 1 1 3 2 2 1 1 1 2 1 1 2 3 3 2 2 3 1 1 3 2 1 3 1 2 2 3 1 2 1 2 1 2 1 4 1 1 2 1 1 1 2 4 2 1 1 4 3 2 2 1 1 1 3 3 4 1 4 2 1 1 1 2 2 1 2 2 3 1 2 1 1 2 2 2 1 1 3 2 3 1 1 2 1 1 1 1 1 2 1 2 2 1 5 1 3 2 2 3 1 1 1 1 1 2 3 1 3 1 1 1 1 2 1 1 1 3 5 2 2 3 3 3 1 2 4 4 4 1 1 1 2 4 2 1 2 2 2 1 1 2 2 2 2 2 2 1 3 2 1 2 1 1 1 1 1 1 1 2 3 2 2 1 1 1 2 2 1 1 3 4 1 2 2 1 3 3 2 3 2 2 2 1 2 1 3 1 1 3 3 3 2 5 1 2 2 1 4 1 1 1 3 1 1 1 1 1 1 3 2 1 2 2 2 2 2 3 1 2 1 2 1 1 3 3 2 1 1 2 3 1 2 2 1 1 1 2 1 2 2 1 1 1 1 1 2 1 4 3 2 1 1 1 3 1 2 2 2 3 1 3 4 2 1 4 2 2 1 1 1 2 2 2 2 1 2 3 1 3 2 1 1 4 3 3 3 1 1 1 1 1 1 1 1 3 1 1 1 2 3 2 1 2 1 2 1 3 1 2 2 2 1 1 2 2 2 1 1 1 1 1 1 2 1 1 2 1 2 1 2 2 1 2 1 4 2 1 5 1 1 4 1 2 2 2 1 1 3 1 2 2 1 2 2 2 3 3 2 2 3 1 2 3 3 4 1 2 2 3 3 2 2 1 1 1 1 1 2 1 1 3 1 4 1 2 3 3 1 2 1 1 1 2 1 1 1 1 3 1 2 1 2 1 1 2 2 1 2 2 1 2 3 2 3 1 5 1 2 1 3 2 1 1 4 1 3 1 2 3 1 1 1 2 2 1 1 1 1 1 1 2 2 2 2 2 1 2 2 1 2 1 1 3 1 1 1 1 1 1 2 1 2 1 2 1 4 1 2 4 1 1 1 1 1 2 1 2 1 2 4 1 2 2 1 1 1 1 2 1 3 3 2 3 2 2 1 5 1 2 1 2 2 2 3 3 3 2 1 2 1 1 1 1 1 2 3 3 3 2 1 3 1 1 1 1 1 2 2 1 3 2 1 1 2 1 2 2 1 1 2 3 2 2 1 1 1 1 2 1 2 1 2 2 1 3 1 1 4 1 3 1 1 3 4 1 2 1 4 1 2 1 2 2 2 4 2 1 2 1 1 1 5 1 1 1 1 3 2 2 1 2 1 1 1 1 2 1 1 2 1 1 1 1 1 2 1 2 1 1 3 4 3 1 4 3 1 1 1 1 1 2 1 1 1 4 1 2 2 1 2 1 1 6 1 1 2 1 1 2 1 1 1 2 2 2 2 1 1 3 1 2 3 1 2 3 2 2 1 2 1 3 1 1 1 3 1 1 1 1 1 1 2 1 4 3 3 2 1 2 4 1 2 4 3 2 2 2 3 2 5 1 1 3 1 3 1 1 1 1 1 2 2 3 3 2 2 2 3 3 2 2 1 2 1 1 2 1 2 2 3 3 2 1 3 1 2 2 1 4 1 3 2 2 1 2 2 1 2 2 1 3 3 1 1 2 1 1 1 1 2 1 1 2 2 1 1 2 4 3 3 1 1 1 5 2 2 3 1 2 1 1 3 3 2 2 5 1 2 1 1 4 1 2 1 2 1 1 1 2 2 2 3 2 2 1 1 1 1 5 1 3 2 1 1 1 2 1 4 2 2 2 1 2 2 1 2 2 1 1 2 1 1 1 2 2 1 3 4 1 2 3 1 1 1 2 1 1 2 4 1 4 2 2 3 2 1 1 2 2 2 3 1 2 1 1 1 3 4 1 2 1 1 1 1 1 2 4 1 1 1 1 1 2 2 1 1 3 1 2 3 1 1 1 2 1 3 1 1 1 2 2 1 1 3 1 3 1 2 3 1 2 1 2 2 2 1 1 2 1 1 1 1 3 1 1 1 1 1 1 2 1 3 3 1 1 1 2 4 2 3 2 1 2 2 1 3 4 1 2 2 2 1 2 1 1 2 1 1 2 1 1 1 1 1 1 2 3 2 1 2 2 1 2 2 1 2 1 1 1 2 2 4 1 1 2 2 1 1 1 2 4 2 2 3 1 1 3 1 2 3 1 1 2 1 1 2 2 2 3 3 2 1 1 2 2 1 3 1 2 3 2 1 2 1 2 2 2 2 1 2 1 1 2 1 4 2 1 1 1 3 3 3 2 1 1 1 1 2 2 1 1 3 1 3 1 2 1 2 3 1 2 1 3 1 1 3 2 2 1 2 3 1 1 1 2 2 1 2 2 1 1 2 2 1 2 5 2 2 3 3 4 1 1 2 2 2 3 2 2 1 1 1 4 1 1 2 1 1 1 1 2 1 1 3 1 1 1 2 1 2 1 1 3 3 3 1 1 2 3 2 1 1 1 1 2 1 2 3 4 2 3 1 1 1 2 1 2 2 1 1 1 2 1 1 1 2 2 3 1 1 2 1 1 2 2 1 1 3 1 3 3 1 1 1 2 1 1 2 1 1 2 1 1 1 2 3 3 2 1 2 2 2 5 4 1 2 1 1 2 1 2 1 2 1 1 2 1 1 3 1 2 1 1 1 1 1 2 1 2 1 3 1 1 2 1 2 2 2 1 1 1 2 1 2 3 3 1 1 3 2 3 1 1 1 1 1 2 2 3 1 2 1 1 2 4 1 1 2 1 1 2 2 2 1 2 2 2 1 1 2 2 1 1 1 2 3 2 3 2 1 2 2 1 4 3 4 3 5 1 2 2 2 2 1 1 2 1 1 1 2 1 3 2 1 2 2 3 2 2 2 1 3 1 1 2 2 1 1 2 2 1 2 1 1 3 2 4 1 2 2 2 2 1 1 3 1 1 3 3 1 1 1 1 2 3 1 1 1 1 2 1 3 1 3 3 2 1 3 2 3 1 1 3 1 1 2 2 1 1 1 3 2 1 4 1 1 1 4 2 3 1 2 3 1 1 1 1 1 1 3 2 2 1 2 2 1 2 3 1 1 1 2 1 1 1 2 3 2 2 2 2 1 1 3 2 1 1 2 1 2 1 2 1 3 2 1 2 1 1 1 1 2 1 1 4 6 1 2 2 1 2 2 1 1 1 2 1 2 2 3 1 1 3 1 1 1 1 4 3 1 3 2 1 1 1 2 1 1 1 1 1 1 1 1 1 2 1 2 2 1 1 1 1 1 3 2 4 2 3 1 4 1 3 1 1 1 3 1 3 1 1 1 2 3 1 3 1 1 1 1 1 2 1 3 1 2 3 1 1 1 1 1 1 1 4 3 2 2 4 2 4 1 2 1 1 2 1 3 3 3 2 3 3 1 2 3 2 2 2 3 2 2 4 4 1 1 3 1 1 2 1 3 1 1 1 2 2 1 2 2 1 3 1 2 3 3 2 1 3 1 1 3 4 3 2 3 2 1 2 5 2 2 1 3 3 3 1 1 2 1 2 2 2 1 2 1 3 3 2 1 3 4 2 1 2 1 3 2 2 1 1 3 4 1 1 2 1 3 2 3 1 1 2 1 2 4 2 4 1 1 2 1 2 2 1 1 2 2 1 2 1 2 3 2 2 1 3 3 2 2 3 2 2 1 2 2 4 2 1 1 1 2 2 1 3 1 2 1 1 3 8 3 3 1 2 3 1 2 2 2 4 3 4 3 1 2 1 1 3 3 2 1 1 1 1 2 1 2 1 1 2 3 3 3 1 1 2 1 2 1 1 1 5 2 1 1 3 2 1 1 1 2 1 1 1 1 2 1 2 2 2 1 2 2 1 2 2 1 3 1 1 1 1 2 1 2 1 1 6 1 2 5 1 1 1 1 3 2 2 2 3 2 3 2 1 2 1 1 1 1 2 2 1 3 4 2 1 1 2 1 2 2 2 1 1 3 2 1 3 2 1 1 1 1 2 1 2 1 3 1 2 2 2 1 2 2 2 3 1 1 1 3 2 3 1 2 2 2 3 1 2 1 1 1 2 2 1 2 1 1 1 1 1 5 2 2 4 1 3 2 1 1 1 2 2 1 1 1 1 1 3 1 1 2 1 4 1 1 1 1 1 3 2 3 3 1 2 5 1 3 1 2 2 4 1 2 1 1 4 3 1 2 2 3 1 2 1 1 1 4 1 1 2 1 1 2 2 1 2 1 1 1 1 2 2 1 2 1 3 1 1 3 3 1 1 2 2 1 4 2 1 1 1 1 1 2 2 1 2 2 2 2 1 4 2 1 1 1 1 1 3 1 1 2 2 2 3 4 1 1 5 3 1 3 1 1 1 2 1 2 2 2 1 1 3 1 1 1 1 3 2 2 1 1 1 3 2 2 1 2 1 1 1 1 1 1 1 5 1 6 2 3 2 2 2 2 2 2 1 2 2 4 1 3 1 2 1 4 1 1 1 1 2 1 2 2 1 2 3 1 1 2 2 3 3 1 2 2 1 2 1 2 1 2 3 1 2 2 3 1 1 3 2 2 3 3 1 2 1 3 1 1 1 2 2 1 1 1 1 1 1 2 6 3 3 2 1 2 2 2 1 1 1 1 3 1 1 1 3 2 1 4 3 3 1 2 2 2 1 2 4 6 1 2 3 1 3 2 1 1 1 3 2 5 2 1 1 1 2 1 1 3 3 1 3 1 1 1 2 2 1 1 1 1 1 1 2 2 2 1 2 1 2 2 1 1 1 1 2 1 1 1 1 1 1 2 2 2 2 3 1 1 2 1 1 4 2 1 1 1 3 1 1 1 2 2 1 3 2 2 1 2 4 1 1 4 1 1 3 1 2 1 2 1 2 3 2 1 1 1 2 1 2 3 3 2 2 2 3 1 2 1 1 3 3 1 1 1 1 2 1 2 2 3 2 1 1 1 1 2 1 2 2 3 1 1 5 1 2 3 1 2 1 2 2 3 1 3 1 3 2 3 2 1 1 1 3 3 1 4 2 1 1 2 1 1 2 2 2 2 1 2 2 1 2 1 1 2 1 3 1 2 1 2 3 1 3 1 1 1 4 1 3 1 2 1 2 4 2 2 1 2 1 1 3 1 3 1 1 2 1 3 1 1 2 3 1 1 2 1 1 1 4 3 1 4 2 2 2 1 3 3 3 1 1 1 1 2 3 3 1 2 1 4 2 4 1 1 1 4 3 1 4 2 2 2 1 1 2 2 2 1 1 1 1 2 1 1 2 2 1 1 2 3 1 1 1 1 1 1 2 3 2 1 1 2 4 1 2 3 1 1 5 1 2 3 3 1 3 3 2 3 1 1 2 2 1 4 2 2 1 1 1 1 1 1 2 1 1 1 1 2 1 1 3 1 2 2 1 1 1 4 2 1 3 1 2 1 2 2 1 1 3 1 1 1 1 2 2 1 1 4 1 1 2 1 1 1 1 2 4 1 1 2 1 1 2 3 2 1 2 1 1 1 2 1 2 1 3 2 1 2 2 1 1 1 2 1 2 2 2 2 1 2 3 1 1 1 1 2 1 1 2 1 1 1 2 2 3 1 1 2 2 1 1 1 1 3 1 1 1 3 2 4 2 1 2 3 2 2 1 4 1 2 1 3 1 2 2 4 2 2 1 2 1 1 1 2 5 1 1 1 1 1 1 4 2 1 3 4 1 1 3 4 2 2 1 1 1 1 1 3 1 3 3 2 3 3 1 3 1 2 1 3 2 2 2 1 1 1 1 3 2 2 1 2 3 1 1 3 2 2 2 1 1 2 1 2 2 2 1 1 1 3 2 4 7 2 2 1 1 2 2 2 1 1 1 1 2 2 1 2 4 1 1 2 1 4 1 2 2 1 3 2 2 1 2 2 1 1 4 1 1 1 1 2 2 3 1 1 2 1 1 2 1 1 3 1 1 2 1 3 1 2 1 1 2 1 1 2 2 1 2 1 1 1 1 3 1 2 3 4 1 1 1 2 2 2 3 1 3 1 2 2 2 3 1 2 2 1 4 2 1 1 6 5 4 1 1 1 2 1 2 3 3 1 2 1 2 2 2 1 2 1 1 3 5 2 1 1 2 2 2 1 1 3 2 1 1 2 1 3 1 2 2 1 3 3 1 3 3 1 2 1 1 1 2 2 2 3 2 1 2 1 2 2 2 1 2 3 1 1 1 1 1 3 1 2 1 4 1 1 2 3 2 2 1 1 2 2 3 2 2 1 2 1 2 1 2 3 1 3 1 2 1 2 1 1 1 3 2 1 1 2 1 1 2 1 5 2 1 2 3 3 2 1 2 2 1 3 1 2 2 2 1 1 2 2 3 2 2 2 1 3 2 1 1 3 3 1 1 2 3 1 1 3 3 1 2 1 1 2 1 3 1 1 1 3 1 2 1 2 2 1 2 2 1 2 1 1 1 1 2 1 1 1 3 1 3 3 1 3 4 1 2 1 1 2 1 1 2 2 2 2 2 3 1 1 3 1 4 1 1 3 1 1 3 2 1 3 1 1 1 3 1 2 3 1 2 1 2 5 2 4 2 3 1 3 1 2 1 2 1 1 3 1 2 1 3 1 2 2 3 1 1 2 1 1 1 2 1 1 2 2 1 2 2 1 2 2 1 1 3 1 3 1 1 2 1 1 3 2 2 1 3 2 2 1 3 1 2 1 1 3 4 2 2 1 1 2 1 1 1 1 1 2 3 1 1 3 1 3 1 2 2 1 1 1 2 1 2 1 1 1 2 1 2 1 2 1 1 1 2 1 1 2 1 1 1 2 1 2 3 1 1 1 3 2 1 1 1 1 1 4 3 1 1 2 2 1 2 2 1 2 3 2 2 1 2 1 3 2 1 2 3 1 1 3 1 1 2 3 2 1 4 1 2 2 3 1 1 1 1 4 2 1 2 4 3 1 2 1 1 3 1 1 1 2 1 2 2 1 2 1 1 1 3 2 3 3 1 2 1 2 1 3 1 2 3 1 2 1 1 1 3 1 1 1 1 1 1 2 3 2 1 1 1 1 1 2 2 2 1 2 2 2 1 4 2 1 2 2 1 1 1 1 2 4 3 1 2 5 2 2 6 3 1 2 1 3 2 1 2 1 1 1 3 4 2 1 2 1 1 1 1 2 1 1 1 2 3 2 1 1 2 1 1 1 3 2 1 2 2 2 2 2 1 3 1 2 1 2 2 1 2 4 1 1 1 1 1 2 2 1 3 2 1 3 2 2 2 1 3 2 2 2 2 3 1 2 1 2 2 2 1 1 2 1 3 2 1 1 1 1 2 1 1 4 2 1 2 2 2 1 1 3 1 2 1 5 1 1 1 3 1 2 2 2 2 1 1 1 2 1 1 1 1 2 1 2 1 1 4 3 2 1 3 1 2 2 2 2 1 2 2 1 3 3 1 2 4 2 1 2 2 1 1 2 1 1 1 1 3 2 2 1 1 3 1 1 2 1 1 1 1 1 2 1 1 2 2 1 1 1 1 2 1 2 1 2 3 2 1 1 3 1 1 1 2 2 1 5 4 2 1 1 3 2 2 1 2 1 1 1 1 2 1 1 1 1 4 1 1 2 1 2 2 1 5 1 1 1 2 4 4 3 1 1 2 1 1 2 1 1 2 2 3 2 3 3 1 3 2 2 1 1 2 2 1 1 1 1 1 2 1 2 1 1 1 2 2 3 1 3 2 1 3 1 1 4 1 1 2 1 1 1 2 1 1 1 2 1 2 2 4 3 1 3 1 1 2 1 2 2 1 2 1 1 1 2 6 1 3 2 2 1 2 1 1 1 1 2 1 2 1 2 1 1 3 1 3 1 1 2 3 4 1 3 1 2 1 3 2 2 1 1 1 1 3 1 1 3 3 3 1 1 4 1 3 1 3 3 4 3 1 1 1 2 1 2 3 3 1 1 1 2 2 1 1 1 3 3 3 1 2 1 1 1 1 4 1 2 1 1 1 1 3 4 4 1 2 1 1 2 1 2 1 2 1 2 1 2 2 1 2 1 1 3 2 2 1 3 1 3 5 1 2 1 1 2 2 3 1 2 2 1 4 2 1 1 2 2 1 2 1 1 2 2 2 1 1 4 1 2 1 2 4 2 1 2 3 2 2 1 1 1 1 1 1 1 2 2 2 1 1 3 3 1 1 1 1 2 2 2 1 1 1 2 1 2 1 2 3 4 2 1 1 1 1 2 1 1 1 3 5 1 1 1 1 5 3 1 1 1 1 1 1 3 1 2 1 1 1 3 3 1 4 1 2 1 1 1 1 2 1 1 2 3 2 2 2 1 4 1 1 5 3 1 1 2 5 1 1 1 1 2 1 2 1 2 2 1 2 3 2 1 2 1 1 1 3 1 1 1 3 2 2 2 1 1 2 1 1 1 1 2 1 1 2 1 3 3 1 2 1 3 3 1 1 1 2 1 1 1 1 1 1 2 1 2 1 3 2 1 2 1 2 2 3 1 1 2 3 4 2 1 1 3 2 1 1 1 1 3 2 1 2 1 4 2 2 2 1 3 2 1 1 2 1 1 2 2 3 1 1 3 1 3 2 1 4 1 1 1 1 1 1 4 2 2 3 1 1 1 5 1 5 5 3 1 3 3 3 2 1 1 1 1 1 1 2 2 2 2 2 1 1 3 3 1 1 2 2 4 4 2 3 1 1 1 1 2 2 2 2 2 2 1 1 2 3 1 1 2 2 4 1 3 1 2 2 2 1 1 1 1 1 4 1 1 3 1 2 4 1 7 1 1 3 1 1 2 2 3 1 3 2 2 3 3 3 1 1 2 3 1 2 2 2 2 1 1 2 1 1 1 2 1 2 2 1 2 1 1 1 1 3 2 1 1 3 1 1 1 1 1 1 1 1 1 3 1 1 1 2 3 1 1 2 1 1 2 4 2 2 1 2 1 2 1 1 1 3 2 1 2 1 1 2 1 1 1 3 1 1 5 1 3 2 2 1 2 1 1 2 1 1 1 1 1 3 2 2 3 2 2 2 3 2 1 2 1 2 1 2 2 2 1 2 2 1 1 1 2 2 1 3 1 1 1 1 2 3 4 1 1 1 2 1 2 1 1 2 1 1 1 1 1 1 2 1 2 2 1 2 1 1 1 1 1 2 2 3 1 1 3 1 2 2 1 1 1 1 2 2 3 3 2 1 3 1 4 4 1 2 2 2 1 3 2 1 2 1 3 2 1 2 1 2 1 2 1 2 1 1 2 4 2 1 1 4 1 1 3 2 1 2 2 1 1 2 3 1 1 2 2 2 1 2 2 1 1 3 3 2 3 3 2 3 1 1 3 2 1 1 1 2 4 1 2 2 2 1 1 5 1 1 1 3 1 4 2 1 2 1 2 3 2 3 1 2 1 1 2 1 2 1 1 1 1 2 1 2 1 1 2 1 1 4 2 1 2 2 1 3 2 1 1 1 3 1 1 1 1 1 1 2 2 3 1 2 2 1 2 2 1 2 2 1 2 1 3 4 2 3 5 4 2 1 3 1 2 3 2 2 2 2 1 1 1 4 1 2 1 2 1 2 4 2 1 3 1 2 2 3 2 1 1 1 1 2 1 3 1 1 2 3 2 1 1 2 2 2 1 2 2 2 1 1 1 3 1 1 1 1 1 1 1 1 1 1 1 2 1 3 4 1 2 2 1 3 1 2 2 2 1 1 2 3 2 1 2 1 3 1 1 1 1 2 1 1 3 3 1 3 1 2 1 4 2 2 2 1 1 1 2 2 2 1 2 2 3 1 1 3 1 1 1 1 1 1 3 2 1 1 1 1 6 1 1 1 3 3 4 4 2 2 2 3 3 3 1 2 2 1 2 2 1 1 1 2 1 3 3 1 1 1 2 2 2 1 2 2 2 1 4 2 1 3 1 2 2 3 2 1 2 2 3 3 2 2 1 2 2 2 4 1 2 1 2 1 1 4 1 2 1 1 2 1 2 1 1 1 2 2 1 2 1 2 2 3 1 1 1 3 1 2 3 3 1 1 1 2 1 2 1 3 1 2 1 2 2 3 2 2 1 1 3 2 1 2 1 1 2 1 1 2 2 1 3 2 2 5 2 1 1 1 3 4 2 1 2 1 1 1 1 2 3 1 2 1 3 1 1 2 2 1 1 1 1 1 1 3 1 1 3 2 2 2 1 1 1 1 1 3 2 1 1 1 2 1 1 2 2 1 3 2 3 1 2 2 1 1 1 1 1 1 1 1 2 1 1 1 2 1 3 1 3 2 2 2 1 2 2 1 1 3 2 1 1 2 2 1 1 1 1 2 2 3 1 2 4 2 1 1 2 3 3 2 3 1 2 1 3 1 1 1 2 1 3 2 4 1 1 1 1 1 1 1 1 1 2 1 2 3 1 1 2 4 5 1 2 1 1 3 1 1 1 1 1 2 2 1 2 1 1 3 2 2 1 1 3 3 1 4 1 1 3 2 1 1 2 2 1 1 1 1 1 2 1 1 1 2 3 2 1 1 1 1 2 1 2 2 1 2 3 1 1 1 1 1 1 3 2 2 2 2 1 1 1 1 2 1 2 1 1 1 1 1 2 1 1 2 1 3 2 2 1 1 1 2 1 3 1 1 1 2 1 1 1 2 1 1 2 1 2 2 1 2 1 3 2 1 1 1 2 2 3 1 3 2 2 2 1 3 2 1 1 1 3 4 2 1 2 1 2 1 2 2 2 1 2 1 2 1 1 1 2 3 1 1 2 1 1 3 1 2 1 1 1 1 3 2 1 3 2 1 4 3 2 3 1 2 2 1 2 2 1 4 2 4 2 3 1 3 2 1 1 1 1 3 1 3 2 2 1 3 1 2 1 1 1 1 1 3 1 3 3 2 2 1 1 1 1 3 1 1 3 1 1 2 2 1 2 2 1 1 2 2 1 2 1 1 1 1 1 1 1 3 3 1 1 2 2 2 1 1 1 2 2 2 1 1 5 1 1 1 1 2 1 2 2 2 2 2 1 2 1 2 1 3 1 1 5 2 1 2 2 1 1 2 3 2 3 1 1 1 2 1 4 3 2 1 1 2 1 3 1 3 2 2 1 1 3 2 1 2 1 1 1 3 1 1 2 2 4 7 1 2 2 2 3 1 1 2 2 4 4 1 4 1 1 2 3 3 3 2 2 4 2 1 2 1 4 3 2 4 2 1 2 1 1 2 1 2 2 1 3 3 3 1 1 3 1 2 1 2 1 3 1 1 2 1 1 1 1 2 1 2 1 1 2 2 5 2 1 1 2 1 1 1 2 2 3 1 1 1 1 1 1 3 1 3 2 2 1 1 3 2 1 2 1 1 2 1 1 1 1 1 3 1 1 1 2 3 2 3 1 1 3 3 4 4 3 2 1 2 1 1 1 1 2 2 2 3 2 1 1 2 3 2 1 1 3 1 4 1 1 2 1 1 1 3 1 1 2 1 1 2 3 1 1 1 2 2 2 1 1 1 1 2 2 1 2 1 1 2 2 1 1 4 1 3 3 2 1 2 3 1 2 2 3 1 1 1 4 1 1 1 2 1 4 2 2 4 2 3 2 1 1 1 1 1 1 1 1 1 2 2 2 1 1 1 2 4 1 2 2 2 1 2 2 1 1 1 2 2 5 4 2 1 2 2 1 2 1 4 2 4 2 1 3 2 3 3 1 3 1 4 1 1 1 1 3 2 3 2 1 1 1 1 4 1 2 3 2 2 2 2 1 2 1 1 1 2 1 2 2 2 3 1 1 3 2 2 3 1 2 2 2 1 3 1 3 2 2 2 3 2 1 2 5 1 1 1 2 3 3 2 1 1 1 3 2 3 4 2 1 1 2 2 1 1 2 1 2 1 1 1 1 3 4 2 2 1 1 1 3 3 1 4 3 1 1 3 4 1 1 1 2 1 3 5 2 4 2 3 3 2 2 3 1 1 1 2 3 2 1 1 1 1 1 1 1 1 1 1 2 1 2 3 2 1 3 1 1 2 3 3 2 1 1 4 2 1 1 2 1 1 2 3 1 3 1 1 2 2 2 1 1 1 1 2 1 1 1 1 2 1 1 1 4 3 1 2 1 1 1 1 1 1 1 3 2 1 4 2 2 3 1 1 1 1 2 3 2 1 3 1 3 1 2 3 3 3 1 5 2 1 3 1 1 2 1 1 1 3 4 1 1 3 1 1 2 3 2 3 3 2 2 2 1 1 1 3 1 4 4 1 1 1 4 5 1 1 1 4 2 3 1 4 1 2 2 2 2 1 5 1 2 2 3 2 1 4 1 1 1 1 2 1 2 2 1 3 1 1 1 1 6 3 1 1 4 1 1 1 4 2 2 1 3 1 3 1 1 1 3 2 3 2 1 1 1 1 2 1 1 1 1 1 3 1 2 3 1 2 1 1 2 1 2 3 3 1 1 1 1 2 3 2 3 2 1 1 1 2 1 1 1 1 2 2 3 1 3 3 2 1 3 3 1 1 3 2 1 1 1 1 1 4 2 2 3 1 1 2 1 3 1 1 1 1 1 2 1 1 1 1 1 1 3 2 1 1 3 2 2 2 2 1 1 2 4 1 2 1 1 1 1 3 1 1 2 1 1 4 1 1 1 1 2 4 1 1 1 2 1 1 3 1 1 2 1 4 1 2 2 2 2 2 2 1 3 3 5 1 1 1 2 1 1 2 2 1 1 2 1 1 4 3 3 2 1 6 3 1 2 1 2 1 2 3 2 1 1 1 1 4 1 1 1 2 1 1 1 2 1 2 2 1 2 2 2 1 1 3 3 2 2 1 3 1 1 3 1 2 4 2 2 3 1 4 3 1 2 1 6 1 2 3 2 4 2 3 2 1 2 2 2 1 3 1 1 1 4 1 3 1 1 4 3 2 1 1 3 1 2 1 2 1 1 1 1 1 2 3 2 3 2 1 3 2 2 1 1 2 2 1 2 1 4 1 3 1 1 2 2 2 1 2 3 2 1 2 1 3 1 2 1 4 2 3 2 3 2 2 4 4 2 1 2 2 3 2 2 2 1 1 1 1 2 1 1 2 2 4 4 1 2 1 4 2 1 1 3 3 1 1 1 1 3 1 2 2 1 1 2 1 1 2 2 3 2 1 2 2 3 1 4 1 1 2 2 1 2 2 2 1 2 3 1 1 1 2 1 3 1 1 1 1 4 2 1 1 2 1 2 3 3 3 1 2 1 1 3 1 2 1 1 2 1 1 2 2 1 1 2 1 2 2 1 1 1 1 1 1 2 2 4 1 3 2 1 1 3 2 3 2 2 1 1 2 1 1 1 1 1 3 2 2 3 2 4 1 2 2 1 1 2 4 3 1 2 1 2 5 2 3 1 2 4 1 3 1 2 1 1 1 1 2 1 1 2 2 2 1 2 1 1 2 1 3 1 2 1 2 3 2 3 2 1 3 1 2 1 1 2 1 1 2 1 2 1 1 1 2 1 3 2 1 1 1 3 2 2 2 1 1 1 1 2 2 1 2 3 1 1 1 2 3 2 2 1 3 2 1 2 1 2 1 1 1 3 4 2 2 1 1 1 1 2 1 3 1 3 2 3 1 2 1 3 4 4 1 1 1 1 1 2 1 2 1 1 2 3 3 3 1 2 3 1 2 2 2 1 2 1 1 2 1 3 1 3 2 1 1 1 1 1 1 3 1 1 1 1 3 1 1 1 2 1 2 1 1 1 1 2 1 2 1 1 1 2 1 1 2 1 1 1 2 1 1 1 2 1 1 1 3 2 3 3 2 1 1 1 1 1 1 1 1 2 1 1 2 2 2 1 3 3 1 1 2 1 1 2 2 2 1 2 2 1 2 2 1 1 1 3 1 1 2 1 1 3 1 1 2 1 1 2 1 3 1 4 1 1 2 2 3 2 2 2 1 3 3 1 1 1 1 1 2 2 1 1 2 2 3 1 3 1 1 1 1 2 1 2 1 3 2 1 1 1 2 2 1 1 1 2 3 1 2 2 1 1 1 2 4 2 1 2 3 1 1 1 3 4 1 2 3 1 1 2 2 1 1 1 3 2 1 3 1 4 1 1 2 1 2 1 1 1 1 3 1 2 2 2 3 3 2 3 3 2 2 4 1 3 1 3 1 2 1 4 1 3 3 1 1 1 1 1 2 2 1 1 3 2 1 1 3 1 1 2 1 1 1 1 1 2 1 1 1 1 1 1 2 1 1 3 1 1 1 1 2 1 1 1 1 1 1 5 2 2 3 2 3 2 2 1 1 2 2 1 5 4 1 1 1 2 1 1 3 3 1 3 3 2 2 2 1 1 1 3 1 2 1 4 2 1 1 2 1 2 2 3 1 3 1 3 1 1 3 1 1 1 1 1 2 1 3 2 2 1 2 1 1 3 1 1 1 3 2 2 2 1 1 3 1 1 5 1 1 1 1 3 1 3 3 1 1 1 3 1 1 1 2 2 2 2 4 1 3 3 3 1 1 2 1 2 2 2 2 2 2 1 1 2 1 1 2 1 1 1 1 1 1 1 2 2 1 3 1 1 1 1 2 1 2 1 2 2 1 2 1 1 3 1 2 2 1 1 2 2 2 1 1 2 3 3 1 2 1 2 2 1 1 3 3 1 2 3 2 2 1 2 6 2 1 1 1 3 
  #Test Small 14250
  #Test Medium 32635
  #Test Large 53330
