Board size [mm] 275x125

Stats side 1
  #Components with background 47
  #Components with points 185
  #Components nofly 3
  #Components notouch 4
  #Pins 39598
  #GNDs 1820
  #VDDs 1516
  #Clock 25
  #NoFly points 396
  #NoTouch points 646
  #Points [total] 44001

Stats side 2
  #Components with background 54
  #Components with points 264
  #Components nofly 0
  #Components notouch 1
  #Pins 44316
  #GNDs 1463
  #VDDs 1133
  #Clock 18
  #NoFly points 0
  #NoTouch points 232
  #Points [total] 47162

Stats board (side 1 + side 2)
  #Components with background 101
  #Components with points 449
  #Components nofly 3
  #Components notouch 5
  #Pins 83914
  #GNDs 3283
  #VDDs 2649
  #Clock 43
  #NoFly points 396
  #NoTouch points 878
  #Points [total] 91163
  #Nets 5107
    Net Size: 3283 2649 43 3 2 2 2 2 3 2 1 1 2 1 3 1 3 1 1 3 3 1 1 2 2 2 3 3 2 1 1 2 2 2 1 1 1 1 1 1 1 1 1 2 1 1 3 4 1 4 3 2 2 2 3 2 1 3 1 2 2 1 2 1 1 1 1 1 1 1 2 1 1 1 1 1 1 1 1 1 1 1 2 1 3 1 1 1 1 2 1 2 3 1 1 2 1 1 1 1 1 1 1 1 1 1 2 2 3 1 2 2 2 2 1 1 3 3 2 1 2 1 2 1 2 2 1 2 1 1 1 1 2 1 1 2 2 2 1 3 3 1 1 1 2 2 1 1 1 3 1 1 1 2 3 1 2 2 1 4 1 1 2 2 1 3 1 1 2 1 2 1 1 2 2 3 2 1 1 1 1 2 2 4 3 1 1 1 1 1 1 3 2 1 2 2 2 2 1 1 1 1 1 4 1 1 4 1 1 1 1 1 1 1 1 1 1 1 1 2 1 4 3 2 5 1 4 1 1 1 3 1 3 1 1 1 1 3 2 1 1 1 2 1 1 1 1 2 1 2 1 3 1 2 1 1 2 1 1 3 1 5 1 1 2 1 1 1 1 4 1 1 1 1 1 1 1 2 3 1 1 2 2 1 2 1 3 2 1 1 3 1 1 1 1 1 3 3 1 1 2 1 2 1 2 4 2 2 3 1 1 2 1 2 1 2 2 2 1 3 2 1 1 1 2 1 2 1 2 1 2 1 1 2 2 1 1 1 2 1 1 2 1 2 2 1 1 4 3 1 1 1 5 1 1 1 1 1 3 3 1 1 2 2 1 1 1 2 3 1 1 2 1 2 2 2 1 4 3 2 1 1 2 3 1 1 1 2 1 1 1 1 1 1 1 2 2 1 2 1 3 1 1 3 1 2 2 4 3 2 1 1 2 1 2 2 2 1 1 1 2 2 1 1 1 1 2 2 1 1 1 1 1 1 2 3 5 1 1 1 5 1 2 1 3 3 2 3 1 1 1 2 2 2 2 2 1 3 3 3 1 2 1 3 1 1 1 1 1 2 1 2 1 2 2 1 1 2 1 1 2 1 1 1 2 1 3 1 1 1 2 2 1 2 2 1 3 1 2 1 1 1 1 1 1 1 2 3 1 1 1 2 1 2 3 1 2 1 1 1 1 2 1 2 1 3 2 1 1 3 2 1 1 1 2 1 2 2 3 1 1 1 1 4 2 3 1 1 1 1 2 3 2 3 2 2 3 2 3 1 1 2 1 1 4 4 1 2 1 1 2 1 2 1 2 1 2 1 2 1 1 3 1 1 3 4 3 2 2 1 1 3 2 2 2 1 2 1 3 1 1 1 1 1 1 1 1 1 1 2 2 1 1 2 1 1 2 2 3 1 2 2 1 1 2 1 5 1 2 4 1 1 3 2 1 3 1 3 1 1 1 2 1 2 2 3 2 2 3 1 1 3 1 2 3 1 1 1 1 1 2 1 1 2 1 3 2 3 1 1 1 1 1 1 1 1 1 2 2 2 3 3 2 2 2 1 1 1 2 1 2 1 1 2 1 3 2 2 1 1 1 2 1 1 2 2 2 1 1 2 2 3 2 2 3 1 1 1 1 3 1 1 2 2 2 1 1 1 2 1 1 3 3 1 2 5 1 2 3 1 1 1 1 2 3 4 1 1 2 2 1 2 1 2 2 1 2 1 2 1 1 1 1 3 2 1 2 2 2 1 2 1 2 1 1 2 1 1 1 1 4 2 1 3 3 2 1 1 3 1 2 2 2 1 1 1 1 2 3 4 3 1 2 1 1 2 1 1 1 2 4 2 2 1 2 1 5 1 2 4 2 4 2 2 1 1 2 1 2 2 1 2 1 2 2 2 1 1 3 1 1 1 1 2 1 3 2 1 1 2 3 2 2 1 3 3 1 2 1 1 3 1 2 1 1 2 1 2 1 1 1 1 1 2 1 1 1 1 1 1 1 1 2 2 2 2 1 3 1 1 1 1 3 1 1 3 1 2 1 1 1 1 3 1 1 1 1 2 2 3 1 3 3 1 4 2 1 2 1 1 1 1 1 1 2 2 1 3 1 1 1 2 3 1 3 1 1 2 1 3 5 2 1 2 1 1 2 1 1 1 2 2 2 1 1 1 1 1 1 2 1 1 1 1 1 1 1 1 1 4 1 4 1 1 1 1 2 1 1 1 1 1 1 2 2 1 2 1 3 3 4 3 1 2 1 1 2 2 2 3 2 2 1 1 1 2 2 1 2 2 1 3 1 1 1 1 2 1 1 1 1 4 2 1 1 1 1 1 1 1 1 1 2 2 2 1 2 2 2 2 4 1 1 1 3 2 1 2 1 2 1 4 2 1 2 1 4 1 2 3 2 1 2 4 2 1 1 1 1 1 1 1 1 4 1 2 3 3 1 3 1 1 1 1 1 2 1 2 1 1 1 1 1 2 1 1 2 1 3 1 1 1 2 1 2 1 1 1 1 2 1 3 1 1 1 3 3 1 1 1 2 1 2 1 1 1 5 2 2 2 1 2 3 2 1 1 2 1 3 1 1 1 1 2 1 1 2 1 2 1 3 2 1 1 1 1 1 1 1 5 2 1 1 1 1 2 1 1 4 2 1 2 2 1 1 1 1 2 3 1 1 3 1 2 2 1 3 2 1 1 1 1 1 2 1 1 4 1 1 1 2 1 1 1 2 2 1 1 2 2 1 1 5 1 2 2 1 1 2 3 1 1 1 1 2 3 2 1 1 1 2 1 1 1 1 1 1 1 2 3 2 1 1 3 1 1 1 2 2 1 1 2 2 3 1 2 3 1 1 4 1 1 1 1 1 2 1 2 2 2 1 2 3 1 2 1 2 2 1 1 2 3 3 1 1 2 1 2 1 1 1 1 2 1 2 2 3 1 2 1 1 3 3 1 2 3 1 2 1 1 2 1 2 2 1 1 3 2 1 2 2 1 1 1 2 1 3 1 3 2 3 1 2 2 1 1 2 3 1 1 3 1 1 2 1 1 1 1 1 1 3 1 1 1 1 2 1 1 4 2 1 2 2 1 2 2 2 1 1 2 1 2 1 3 1 1 1 1 3 2 1 1 2 3 1 2 2 3 1 1 1 3 2 2 1 1 2 1 2 1 1 1 3 1 1 2 1 1 1 1 1 2 1 4 1 3 2 3 2 2 2 1 3 1 1 1 1 1 1 3 2 1 2 3 1 1 3 1 2 1 2 1 2 1 1 1 2 1 1 1 1 2 1 2 1 1 2 1 2 2 2 1 1 6 4 1 2 1 5 2 2 1 2 1 1 1 1 2 1 1 1 1 1 1 2 1 2 2 2 1 1 1 1 2 1 2 2 2 1 2 4 1 2 1 1 2 1 1 1 1 1 3 2 1 1 2 2 2 1 1 1 1 2 1 1 1 1 4 3 1 1 1 1 1 1 3 1 1 1 2 2 1 3 2 1 2 3 2 2 2 2 1 1 2 2 2 1 1 1 2 3 1 1 3 1 1 3 1 2 2 1 1 1 1 1 2 2 1 1 2 2 1 3 1 1 1 1 1 1 2 2 1 1 2 1 1 2 1 2 1 2 2 1 2 1 1 2 3 1 1 1 2 2 1 1 2 1 1 2 1 3 1 3 3 1 2 1 2 1 1 2 1 1 1 2 1 4 1 2 2 2 4 2 1 3 1 1 2 1 1 2 1 3 1 1 1 1 1 1 1 2 2 2 1 1 1 1 2 2 2 3 2 2 1 2 2 2 2 3 1 2 1 1 2 2 2 1 3 1 2 2 1 2 1 2 3 1 1 3 3 2 1 3 2 1 2 1 3 1 4 2 1 2 2 1 4 1 2 1 1 2 1 2 2 1 1 2 2 1 1 2 2 1 1 1 2 1 1 1 1 1 1 1 1 1 1 1 1 1 1 2 1 2 1 1 1 1 2 1 1 1 3 1 2 1 1 1 1 1 1 1 1 1 1 1 2 1 2 3 2 1 1 1 1 1 1 1 1 2 1 1 1 2 1 1 1 2 2 2 2 3 1 1 2 3 1 2 1 1 1 1 1 1 2 2 1 1 2 2 2 1 3 2 3 1 1 2 1 2 1 2 2 2 1 1 1 1 1 2 1 1 2 1 2 4 1 1 2 1 4 2 1 1 1 1 1 3 1 1 2 1 1 1 1 1 1 2 1 1 1 2 1 1 1 2 3 1 1 1 1 1 1 3 1 3 1 4 1 2 1 1 3 5 1 3 2 3 3 2 1 2 3 1 1 2 2 1 2 2 3 2 1 4 1 2 3 1 2 1 1 2 2 4 1 2 1 2 1 1 1 2 2 1 1 2 3 4 3 1 2 2 2 1 2 4 2 1 1 2 1 2 2 1 2 1 2 1 1 2 5 2 1 2 2 1 2 2 1 1 2 2 5 2 2 1 4 1 2 1 1 1 1 1 2 1 1 1 1 3 1 1 2 1 2 1 1 2 1 3 1 2 1 1 2 3 1 2 2 1 1 1 1 2 2 1 1 1 2 2 1 1 1 2 1 3 1 3 1 2 1 1 1 1 3 1 1 1 2 1 1 3 2 3 1 1 2 2 1 2 1 1 2 1 2 1 3 1 3 2 2 2 1 1 2 2 3 3 2 1 1 1 2 1 2 1 1 1 1 4 2 2 2 1 1 1 1 1 1 1 1 1 1 1 2 1 1 1 3 1 1 1 1 1 1 3 1 2 1 3 1 2 1 1 1 2 1 2 1 2 2 2 1 2 3 1 2 2 2 2 1 3 1 2 4 1 2 2 1 1 2 3 1 1 3 5 1 1 1 2 1 1 2 2 1 2 2 1 2 1 1 2 1 1 1 3 1 1 2 1 1 1 1 3 2 1 1 1 2 4 2 1 2 1 1 1 1 2 1 1 1 1 2 1 2 1 3 1 3 2 1 2 1 1 3 2 1 1 1 2 1 2 2 2 1 2 1 1 1 1 3 2 4 3 1 2 2 3 2 1 3 2 2 1 1 3 3 2 2 2 1 1 2 1 3 3 1 1 2 1 2 1 1 2 2 1 3 1 1 1 1 2 1 2 4 1 3 2 1 1 3 1 2 1 1 2 1 3 2 1 2 1 1 1 2 2 1 1 3 1 2 2 2 1 1 2 1 3 1 1 2 2 2 2 2 2 1 1 2 3 1 1 1 1 1 1 2 1 1 1 2 1 1 1 1 2 2 4 1 2 4 2 1 2 2 2 5 1 2 1 1 2 2 1 1 3 1 1 1 1 1 3 1 2 1 2 2 1 1 1 1 2 2 3 1 2 2 2 4 1 2 3 3 6 1 2 1 3 1 4 1 1 1 1 1 4 1 2 1 1 2 2 2 1 1 3 1 1 1 4 2 2 2 1 1 1 3 1 2 3 1 2 1 1 4 2 2 3 1 1 1 2 2 1 2 1 4 2 2 3 1 1 1 2 1 1 3 2 1 1 4 1 3 1 2 1 1 2 1 1 2 1 1 2 2 1 2 1 1 2 2 1 1 1 1 1 3 1 2 1 2 1 2 1 1 2 1 1 1 2 2 1 2 3 1 3 1 1 2 2 1 1 1 1 4 2 1 3 1 1 3 2 1 3 1 3 1 1 3 1 3 2 2 2 1 2 2 1 1 1 2 1 2 2 1 2 1 2 1 2 1 3 4 2 2 3 1 3 3 1 2 1 2 1 2 2 1 1 2 3 2 1 4 1 1 1 1 2 2 1 1 1 1 1 1 2 2 3 1 3 1 2 2 2 1 3 2 2 2 1 2 1 1 1 1 1 1 1 1 2 4 1 2 4 2 3 1 2 1 1 3 3 1 1 3 1 1 2 1 1 1 1 1 3 2 1 1 1 1 1 1 1 1 1 1 1 1 1 2 1 1 1 1 1 2 3 1 1 3 1 2 1 2 2 1 2 2 1 1 1 2 2 2 2 1 1 1 1 2 4 1 2 5 1 1 3 2 2 2 1 2 1 2 2 3 2 1 2 5 1 2 2 2 2 2 2 1 2 1 5 2 1 2 2 1 1 2 2 1 1 1 1 2 3 2 3 2 2 1 1 3 3 3 2 2 1 1 2 1 1 1 1 3 1 2 3 3 3 2 1 2 3 1 2 1 2 1 1 1 1 1 1 1 2 1 4 1 1 1 2 2 2 1 2 2 1 3 1 1 1 1 1 2 1 3 3 1 1 2 2 3 1 1 2 4 2 1 1 2 2 1 1 1 3 1 1 1 1 2 1 1 1 2 3 1 1 1 1 1 2 3 2 3 5 1 3 1 2 2 1 1 2 3 4 3 1 3 2 2 1 2 2 1 1 1 5 3 1 3 3 1 1 2 1 3 2 1 1 1 1 1 1 1 1 1 2 3 2 1 2 1 2 1 1 5 1 3 2 1 1 1 1 1 2 1 2 3 1 1 4 3 1 1 1 4 1 1 2 2 1 2 1 1 1 1 1 2 2 3 3 3 1 1 1 1 1 1 1 2 1 2 1 3 1 1 2 1 1 2 1 4 3 3 2 1 2 2 2 2 1 2 1 1 2 1 1 1 1 2 1 3 3 1 1 2 3 1 2 1 1 2 2 1 1 1 1 5 5 1 1 2 1 1 4 1 2 4 1 2 2 2 3 4 1 5 2 1 2 1 1 2 4 1 1 1 1 1 1 2 1 2 2 1 1 1 2 1 2 4 2 5 3 1 1 1 1 2 2 1 2 2 1 3 1 1 2 3 2 1 2 1 2 1 2 3 2 2 4 2 1 1 2 1 1 2 2 2 2 2 2 2 1 2 2 1 2 1 1 1 1 1 1 2 1 1 2 2 1 1 2 1 1 4 1 2 1 1 2 2 1 4 2 2 2 1 3 1 3 1 3 4 1 1 2 1 2 1 1 1 2 1 1 3 2 1 1 4 1 1 1 2 1 1 2 3 2 1 2 1 2 1 1 5 1 3 1 2 2 3 3 1 1 2 4 1 1 3 1 4 1 2 1 1 4 2 3 2 1 1 2 1 2 1 1 1 1 2 1 3 1 1 2 1 1 1 1 1 1 1 1 1 1 2 2 1 2 1 3 1 1 2 1 1 2 2 3 2 2 2 1 2 2 2 2 1 2 3 1 3 1 1 1 3 1 1 2 1 1 1 1 3 1 2 2 3 3 1 2 1 1 1 1 1 3 1 2 2 3 1 1 1 2 3 1 1 1 2 1 1 1 2 2 3 1 1 2 1 2 4 1 1 1 2 1 1 2 2 1 2 2 1 1 2 2 2 3 1 1 1 3 2 1 1 2 2 3 3 1 1 1 3 2 3 2 3 2 4 1 1 6 2 3 2 1 1 1 2 2 3 2 1 2 2 1 1 3 1 2 3 2 1 8 1 1 2 2 1 1 1 1 1 1 1 1 1 1 3 1 1 2 1 1 2 1 1 1 1 1 1 1 1 2 1 3 2 2 1 1 2 1 2 3 1 2 2 1 3 2 2 1 1 2 1 4 3 1 1 1 1 2 2 1 2 2 3 1 1 2 2 2 1 1 1 1 2 4 1 2 2 2 2 1 2 2 2 2 1 2 1 1 1 1 1 1 2 2 2 1 1 2 1 1 2 1 2 4 1 1 2 1 1 1 1 1 1 1 1 1 2 1 1 3 1 1 2 1 2 3 1 1 2 2 5 2 2 2 1 2 2 3 1 1 4 1 1 1 2 4 3 2 1 1 3 5 1 1 1 1 3 2 2 1 4 2 1 1 2 1 2 1 2 1 1 1 2 3 1 1 1 2 2 2 1 1 1 2 1 1 1 2 1 1 2 2 3 1 1 2 1 3 1 1 2 1 1 1 2 3 3 3 1 2 2 1 3 1 4 2 1 3 2 2 1 4 2 2 1 3 2 2 2 1 2 4 1 1 2 2 1 1 1 1 1 2 2 1 2 2 1 2 1 2 2 1 1 2 1 1 1 2 3 1 2 1 1 1 2 1 1 3 1 1 2 1 1 1 1 1 2 2 3 1 2 1 3 2 2 1 1 1 1 1 3 1 1 1 3 1 1 3 2 2 1 1 2 1 1 2 3 1 1 1 1 2 3 2 1 1 1 2 1 1 1 1 1 5 1 4 1 3 1 1 2 2 1 1 3 1 1 1 2 2 1 1 3 1 1 1 2 1 2 1 2 1 4 2 2 3 1 1 2 2 1 2 2 4 1 2 1 1 2 4 2 1 1 2 1 3 1 3 1 1 1 1 2 1 7 1 1 3 2 4 2 2 1 1 2 2 1 1 2 2 2 2 1 1 2 1 1 1 1 1 2 2 1 1 4 3 1 2 2 1 3 2 1 2 3 1 1 3 2 1 2 1 3 1 2 1 1 1 1 2 1 1 1 1 1 2 2 1 1 2 1 1 2 3 2 3 1 1 1 2 1 1 1 1 1 1 3 3 2 2 1 1 1 1 2 1 1 2 2 1 1 2 2 2 3 2 1 2 1 2 1 1 3 2 1 3 1 1 1 2 1 1 4 1 1 1 1 1 1 1 1 1 2 1 1 3 2 2 2 3 1 1 1 1 1 1 1 2 1 1 2 2 1 2 1 1 1 1 3 2 2 3 3 2 1 1 1 2 3 1 1 1 3 3 1 1 2 3 3 3 2 1 1 1 4 1 1 1 1 1 3 2 1 1 3 1 3 1 1 3 1 1 2 2 1 1 2 3 1 2 1 2 1 3 3 1 1 2 1 3 1 2 2 2 1 1 1 2 1 1 3 2 3 1 1 2 1 1 3 2 2 1 1 1 2 1 1 1 2 1 1 1 3 1 3 2 2 1 3 2 1 2 2 3 1 2 1 1 1 1 2 1 2 1 2 1 7 1 2 2 1 2 1 1 1 1 2 1 2 2 2 3 1 2 1 1 2 1 1 2 1 2 1 1 2 3 3 1 2 1 1 3 2 2 1 1 1 2 2 1 1 1 2 2 2 1 2 1 3 1 1 1 2 1 1 1 3 1 2 1 2 1 2 3 2 2 1 3 1 1 1 2 2 1 1 1 1 1 1 2 2 1 1 1 2 1 1 2 4 1 1 1 3 2 2 4 2 2 3 1 1 1 5 2 1 1 1 1 1 3 1 1 1 3 2 1 1 2 2 2 1 3 1 3 2 1 1 2 2 2 2 3 2 1 1 1 1 1 1 2 2 1 1 1 2 1 3 2 3 1 1 1 1 2 1 1 3 3 2 1 2 1 1 2 1 1 5 2 1 3 2 1 1 2 2 1 1 1 2 4 4 2 1 6 2 4 1 1 2 2 1 2 2 1 1 1 2 1 2 1 2 1 3 2 1 1 2 3 2 1 2 1 1 1 2 1 2 1 1 2 1 1 1 1 3 1 2 2 2 2 3 1 1 1 1 1 2 1 2 1 1 2 2 1 1 1 3 1 5 1 3 2 2 3 4 4 1 2 1 1 1 2 1 1 1 1 2 3 1 1 1 1 1 4 1 1 3 1 1 2 3 1 1 1 1 3 3 2 1 3 1 1 2 1 1 2 1 2 1 2 2 1 3 2 2 2 2 1 4 2 2 2 1 2 2 3 5 3 1 2 1 1 2 1 3 1 1 2 1 1 1 1 3 3 1 1 1 4 3 2 3 2 1 1 1 1 1 1 2 2 1 2 1 1 2 1 1 2 3 2 1 2 1 2 2 1 4 1 1 2 4 2 2 3 1 1 1 1 1 2 3 5 1 1 1 1 2 2 1 1 1 3 2 1 1 2 2 1 2 1 1 1 2 1 1 2 1 3 1 1 1 1 1 3 2 3 1 1 2 1 2 1 1 2 1 1 1 1 2 1 2 2 1 1 1 1 1 1 1 1 1 1 2 1 2 2 1 2 2 1 1 1 1 1 2 2 2 3 2 2 2 2 2 1 3 1 2 2 1 2 2 2 2 2 1 2 2 1 1 1 2 2 1 2 2 2 2 1 1 2 2 1 1 1 2 1 1 1 2 2 1 4 2 1 1 2 3 1 1 2 1 1 3 1 2 1 1 1 1 2 1 1 1 2 1 3 1 1 3 1 3 1 1 3 1 1 1 1 2 1 1 1 1 2 2 1 3 2 2 2 1 1 2 2 1 3 1 2 1 2 1 1 1 1 1 4 1 1 1 3 1 1 2 1 2 3 2 4 1 1 4 1 3 2 2 1 4 3 1 2 1 1 1 1 2 1 4 1 1 4 2 1 1 2 2 4 2 2 4 1 1 3 1 3 1 1 1 2 2 1 1 3 1 1 3 1 2 1 2 2 3 2 3 1 1 1 1 1 3 2 1 3 6 2 2 1 2 3 2 3 2 1 1 1 1 1 1 1 4 1 2 2 1 2 2 3 3 3 3 1 1 2 1 1 1 5 1 1 3 5 1 2 1 2 2 3 1 1 3 1 3 2 1 1 1 1 2 2 1 4 1 2 2 1 2 2 1 4 4 1 1 1 3 1 2 1 1 2 1 1 1 2 1 1 1 1 1 1 2 2 1 2 1 1 1 1 2 2 2 1 1 1 2 1 1 3 1 1 1 2 2 2 1 1 4 3 1 1 1 3 2 3 2 1 2 1 2 3 1 2 2 3 2 1 2 3 1 1 5 2 1 1 4 3 1 1 1 1 1 3 1 1 1 2 1 1 1 4 1 2 1 2 1 2 1 1 2 2 1 2 3 1 1 1 1 2 2 1 2 1 1 1 1 2 2 2 2 1 2 2 4 3 3 1 3 2 2 4 1 2 1 2 1 1 1 1 2 1 2 1 2 2 3 1 1 1 3 1 2 1 4 1 1 1 1 3 1 1 2 2 1 2 1 1 1 1 1 1 1 2 1 2 3 1 2 1 2 2 2 3 2 1 2 1 1 1 1 1 1 2 1 2 1 3 1 1 1 1 1 1 2 1 2 3 1 1 1 1 1 2 2 1 3 2 1 1 2 1 2 1 2 1 3 1 2 1 1 1 1 1 2 1 1 1 2 1 2 1 1 1 2 3 1 3 3 1 2 1 1 1 1 1 1 1 1 2 1 1 1 2 1 2 1 1 2 2 3 3 1 3 1 1 1 1 1 1 2 2 3 2 3 2 2 1 2 2 1 1 1 3 1 1 1 1 2 1 1 2 4 1 2 3 1 2 2 2 1 2 1 1 1 2 2 2 1 2 1 1 1 1 1 2 2 1 1 2 1 1 1 2 1 3 2 1 4 3 1 2 2 3 2 1 1 1 2 4 1 4 3 3 1 1 1 2 2 3 1 2 1 2 1 2 1 1 2 4 2 3 1 3 2 3 1 1 2 1 1 1 1 1 1 3 2 3 1 3 1 2 1 1 1 1 1 1 4 1 2 1 1 1 2 2 2 2 3 1 4 2 1 2 2 2 1 3 2 2 1 2 2 2 1 1 2 2 2 3 2 1 1 1 2 1 2 1 2 1 1 2 3 2 1 3 1 1 2 2 
  #Test Small 4848
  #Test Medium 14213
  #Test Large 20642
