Board size [mm] 200x350

Stats side 1
  #Components with background 28
  #Components with points 251
  #Components nofly 6
  #Components notouch 6
  #Pins 95521
  #GNDs 4132
  #VDDs 3494
  #Clock 27
  #NoFly points 940
  #NoTouch points 1048
  #Points [total] 105162

Stats side 2
  #Components with background 38
  #Components with points 323
  #Components nofly 0
  #Components notouch 0
  #Pins 85097
  #GNDs 3141
  #VDDs 2471
  #Clock 29
  #NoFly points 0
  #NoTouch points 0
  #Points [total] 90738

Stats board (side 1 + side 2)
  #Components with background 66
  #Components with points 574
  #Components nofly 6
  #Components notouch 6
  #Pins 180618
  #GNDs 7273
  #VDDs 5965
  #Clock 56
  #NoFly points 940
  #NoTouch points 1048
  #Points [total] 195900
  #Nets 173087
    Net Size: 7273 5965 56 3 3 1 2 3 2 1 1 3 1 3 3 3 2 1 2 1 5 3 2 4 4 1 1 3 2 1 3 1 3 1 2 1 2 1 3 2 1 3 2 3 2 1 1 2 2 1 3 1 5 2 3 2 4 2 2 1 2 1 1 2 2 1 1 2 1 1 1 1 2 2 3 4 4 2 1 3 1 4 1 2 1 1 1 5 3 1 1 2 3 3 4 1 1 2 1 1 3 3 2 2 3 1 2 1 3 1 2 1 1 2 1 2 3 2 1 2 3 2 3 2 1 3 2 1 3 4 1 3 4 2 1 1 3 2 4 2 4 2 1 6 2 3 4 3 2 2 4 1 1 2 1 1 2 3 1 2 1 2 2 2 2 7 4 3 1 3 1 2 3 4 2 1 1 1 4 1 2 1 2 1 1 1 2 3 1 3 3 5 4 1 2 2 3 4 1 2 2 3 4 2 2 1 1 3 4 1 2 5 1 4 3 3 1 3 1 2 3 1 4 5 1 2 1 4 1 1 4 2 4 4 1 2 2 2 2 1 3 3 1 4 3 2 1 2 1 4 3 2 3 4 1 2 3 1 1 2 3 1 1 1 2 2 1 1 2 3 4 3 1 2 4 1 3 1 1 4 1 4 3 3 3 3 1 3 3 2 6 2 1 4 1 2 4 1 1 2 3 2 1 3 5 2 1 1 3 2 1 1 3 2 1 2 4 1 1 1 3 2 1 1 3 1 4 1 1 3 2 1 1 1 3 2 1 2 2 2 2 1 1 2 2 5 3 3 3 2 3 2 1 3 4 1 2 2 3 2 3 2 1 1 1 3 4 1 3 1 4 2 2 1 2 2 2 1 1 1 2 5 1 2 1 2 2 3 1 5 3 2 3 1 1 2 2 3 5 2 2 2 2 2 2 5 4 2 3 2 2 3 2 3 1 2 3 1 1 2 3 2 3 8 4 1 2 3 1 1 1 2 1 2 2 2 2 3 2 1 2 4 1 1 1 1 3 1 3 2 2 1 2 3 2 2 3 2 4 3 1 2 1 3 3 2 3 2 1 1 3 4 3 1 3 2 2 2 1 2 4 2 2 5 2 1 4 1 4 1 5 2 4 1 2 1 6 1 2 2 2 3 1 1 1 2 3 1 3 1 2 3 4 3 6 4 2 2 1 3 1 2 1 2 1 3 2 4 4 5 2 2 2 2 2 2 1 4 1 1 1 1 3 1 1 2 1 2 1 1 2 4 1 1 3 3 3 2 2 3 4 2 2 2 1 1 1 4 2 1 1 3 1 3 4 3 1 1 3 1 4 3 2 2 2 3 1 2 1 2 1 1 4 4 2 2 2 1 2 4 3 2 2 2 4 3 2 3 1 2 1 4 1 3 1 1 2 2 2 2 2 1 5 3 4 1 1 1 3 3 1 1 3 3 2 2 2 2 2 2 2 2 1 2 2 3 2 2 1 2 3 3 3 3 1 4 3 1 1 1 3 2 1 2 5 4 2 4 2 1 2 6 1 2 2 2 1 2 2 1 1 3 1 2 1 3 2 1 2 1 4 1 1 3 2 3 2 4 4 5 5 1 3 3 1 3 2 2 3 3 3 1 3 2 3 3 2 1 1 1 4 1 1 1 1 1 2 3 2 4 2 2 2 1 1 2 3 2 4 1 1 1 6 1 4 1 1 2 1 1 2 1 3 3 2 2 1 3 2 1 3 4 6 2 2 4 1 3 3 4 1 2 2 3 3 2 1 1 2 2 3 2 1 3 2 2 1 1 1 2 4 5 3 2 5 3 1 2 2 4 1 2 1 3 1 6 2 1 2 1 2 1 2 1 2 4 3 5 2 1 1 1 1 2 2 1 3 2 2 2 3 2 4 2 1 4 3 1 1 1 1 4 3 3 4 4 1 2 2 1 3 2 2 3 2 2 1 4 3 4 1 1 3 3 1 1 1 4 1 2 2 1 1 1 4 2 4 1 1 1 1 2 3 2 4 1 3 2 1 2 1 2 1 1 2 2 1 2 1 3 1 5 2 1 3 3 2 1 2 2 1 2 1 1 3 3 1 1 2 3 1 4 2 3 2 3 3 1 1 1 3 3 1 1 2 2 3 1 4 1 1 6 2 2 2 2 1 3 2 2 3 2 2 1 2 2 2 2 2 2 4 2 1 1 2 3 4 2 4 1 1 3 2 2 1 2 5 1 1 3 1 1 1 3 2 4 1 3 2 1 5 1 2 3 3 1 2 3 2 2 1 2 5 2 3 5 3 3 2 3 2 1 1 2 4 1 1 1 4 1 1 1 1 1 1 2 3 1 2 1 1 3 3 2 1 1 2 3 3 3 1 3 3 2 1 3 1 2 1 2 1 2 2 4 3 2 3 1 3 4 2 3 4 3 1 1 1 3 5 1 1 1 3 2 3 2 1 1 2 3 2 1 2 4 2 2 3 1 1 1 4 1 1 1 2 3 1 1 2 1 5 3 1 3 2 1 3 1 1 4 1 1 1 1 1 3 1 3 6 1 1 1 3 4 1 2 2 2 3 2 1 2 3 2 2 1 1 2 3 2 4 1 2 1 6 2 3 1 4 3 1 1 1 2 4 3 5 2 3 1 4 1 1 2 3 6 2 4 1 1 2 1 1 1 1 3 2 4 2 3 2 1 1 2 2 2 1 1 2 2 1 3 4 5 3 2 1 3 3 2 3 4 3 2 6 1 1 2 1 2 1 3 2 1 1 2 1 1 4 2 2 2 1 1 2 3 2 2 2 1 2 1 4 2 2 3 1 1 2 5 3 1 1 1 3 2 2 4 2 3 2 2 2 1 1 4 2 1 6 1 1 3 1 2 5 1 1 1 1 2 3 2 4 5 2 4 3 3 3 4 2 4 3 2 3 1 1 3 2 1 1 1 3 2 3 1 1 2 3 2 3 2 2 2 3 3 2 1 2 2 2 2 2 4 4 2 2 3 1 1 2 1 3 1 2 3 3 2 1 2 1 2 3 3 3 5 1 1 2 4 4 2 1 1 2 1 5 6 2 2 2 2 2 2 2 1 1 1 4 1 1 2 2 1 1 3 3 1 1 4 2 2 3 1 2 1 2 1 3 2 3 1 2 1 1 3 1 4 3 3 1 2 2 2 1 2 1 1 3 1 1 3 1 1 8 3 2 2 2 5 1 3 1 1 3 2 2 1 3 3 1 5 1 1 2 1 1 2 2 3 2 3 3 2 1 2 1 3 1 2 2 1 5 2 5 2 2 3 2 2 3 1 1 2 2 1 3 1 3 2 2 2 1 1 2 1 2 2 1 3 1 3 5 2 1 4 5 4 3 4 2 1 1 5 1 2 2 2 1 3 1 3 4 2 2 3 1 1 2 2 5 5 1 3 1 1 1 1 5 2 3 2 2 3 2 1 2 2 1 1 2 3 4 4 2 1 5 2 1 1 1 1 4 1 1 3 1 1 2 2 1 2 2 5 1 1 1 5 5 1 4 2 1 2 2 3 1 3 3 2 2 2 1 3 1 2 1 2 1 1 4 1 3 3 1 4 3 2 2 2 2 4 1 3 2 3 1 4 4 2 1 4 2 3 2 1 2 1 2 2 2 2 3 3 2 1 1 3 2 2 2 3 2 1 2 4 3 3 3 4 3 1 1 1 4 1 1 1 2 3 3 3 2 3 1 1 2 3 4 1 3 1 1 3 4 4 3 5 3 1 2 3 3 2 3 4 3 2 3 3 2 1 2 2 4 3 4 1 4 1 4 3 1 1 2 4 3 1 3 6 2 1 4 1 4 3 3 5 2 3 1 2 1 1 3 6 1 3 1 2 4 1 2 2 1 6 2 3 4 5 3 1 1 3 1 1 5 5 3 2 1 2 3 1 2 2 1 1 5 2 2 2 2 1 1 1 2 2 2 4 1 2 1 1 3 2 1 2 4 5 1 3 1 1 1 5 3 1 5 2 2 6 1 1 1 2 1 2 3 1 1 3 2 1 4 3 3 1 2 1 2 1 1 1 3 1 4 1 2 2 1 5 1 1 5 2 1 2 1 3 2 3 3 2 1 4 2 1 2 2 2 5 4 1 1 1 3 2 1 5 4 1 2 1 1 1 5 3 1 3 3 3 1 1 3 2 3 1 1 2 2 1 2 3 1 3 2 2 4 5 1 2 1 1 3 2 1 1 1 3 3 2 1 1 2 1 1 4 3 3 1 1 2 3 2 1 2 1 1 4 2 3 2 1 1 1 3 2 5 2 1 2 1 1 3 1 1 2 3 1 2 1 1 2 1 2 3 1 2 3 2 1 1 2 1 3 1 6 3 3 1 1 4 3 2 4 1 1 2 1 1 1 2 2 3 2 2 6 2 1 4 4 1 2 1 3 2 1 4 5 2 1 2 2 3 2 5 1 1 1 1 2 2 2 1 2 1 2 4 1 1 4 1 3 1 2 1 2 1 1 2 2 2 1 2 1 2 1 1 1 2 1 2 1 3 4 2 2 1 1 2 3 1 2 1 1 2 2 6 2 2 3 6 2 4 3 3 3 3 3 1 2 5 1 6 3 2 2 1 2 2 1 1 1 1 2 1 1 1 2 2 4 3 2 1 2 2 2 1 1 6 1 4 1 1 3 5 1 1 2 1 1 2 1 2 1 1 6 1 4 1 1 2 1 3 3 3 1 3 2 1 3 3 3 3 1 2 2 3 6 2 2 1 2 1 3 3 2 4 2 4 2 1 1 1 2 1 2 2 3 2 1 1 2 3 3 2 1 2 1 2 6 2 3 1 1 5 5 1 2 3 1 2 1 4 3 2 1 4 2 1 1 1 3 1 3 3 2 1 1 3 1 4 1 2 1 2 2 5 4 2 1 1 5 3 5 2 5 2 1 1 1 1 3 1 2 3 2 1 2 1 1 2 3 3 1 1 3 2 2 2 3 1 2 2 1 2 4 1 1 3 2 1 2 1 3 4 1 3 4 2 5 2 2 2 1 1 1 4 1 1 3 2 2 2 5 2 2 2 2 1 1 2 1 1 2 1 1 3 3 1 1 1 3 4 2 1 2 2 4 1 3 3 3 1 3 4 2 3 1 1 1 1 1 4 3 2 2 1 1 5 2 2 1 2 5 2 1 1 6 1 1 3 2 2 1 2 3 1 1 2 1 2 2 3 1 1 3 1 1 1 2 3 1 1 2 5 2 3 1 1 2 1 1 2 1 1 2 2 7 2 1 4 4 1 3 3 1 1 1 3 1 3 1 1 1 2 1 1 1 3 3 1 1 1 4 3 1 3 3 1 6 2 1 1 3 2 1 3 3 2 3 3 3 4 1 2 2 2 2 1 1 2 3 2 3 2 2 4 2 4 3 4 2 1 1 2 3 1 4 1 1 2 3 3 1 1 2 3 1 1 1 2 2 1 2 2 2 1 2 3 3 1 2 1 1 1 1 2 1 4 4 3 1 2 3 3 2 3 2 4 1 1 1 2 2 1 1 2 2 4 1 1 3 1 1 2 2 4 4 2 3 4 4 2 1 4 3 1 1 2 5 4 4 4 2 3 2 1 1 1 3 3 3 1 3 3 1 1 3 1 5 1 3 3 2 4 3 2 6 4 2 4 3 1 3 3 1 2 1 2 3 3 4 1 3 2 2 1 2 2 2 2 1 2 3 2 1 1 1 2 2 3 3 2 1 4 3 2 2 2 3 2 4 2 3 2 2 2 1 2 2 5 3 2 1 1 3 1 1 3 1 3 2 1 4 2 1 2 1 1 2 1 1 1 2 4 2 2 1 1 1 2 5 3 1 2 2 3 1 2 1 1 5 2 1 3 3 2 4 2 2 3 1 3 2 3 5 2 1 3 1 2 1 2 1 1 4 1 4 3 5 3 1 2 2 1 3 1 2 4 1 3 1 1 1 3 1 1 4 2 2 3 2 3 1 2 4 1 3 2 4 1 2 1 2 3 5 2 1 2 1 1 2 2 1 2 2 1 1 2 1 1 2 1 1 1 2 2 2 1 1 2 2 4 2 3 3 1 3 1 1 1 3 1 2 3 3 3 1 3 2 3 2 2 2 1 6 1 1 2 4 3 2 2 1 3 1 2 1 2 1 2 5 3 2 2 3 3 4 1 2 2 1 1 2 1 3 1 3 1 3 3 3 2 1 3 2 2 1 3 2 4 2 3 4 4 1 2 1 1 1 1 1 1 1 1 4 3 3 1 4 1 1 1 3 1 2 4 1 4 2 2 2 2 5 1 4 1 2 2 1 3 3 2 5 3 2 2 2 1 2 2 2 2 4 3 1 1 2 2 1 2 2 1 1 2 2 2 3 2 2 1 4 3 1 1 1 3 1 2 1 1 4 1 2 2 3 3 1 1 1 1 3 1 1 1 1 4 3 1 1 1 2 1 1 1 2 1 3 4 2 2 2 5 4 1 2 3 1 4 5 2 4 2 3 3 1 1 2 2 1 1 2 1 3 2 1 2 2 2 4 1 1 1 1 2 4 1 2 2 1 2 2 2 1 1 2 1 1 1 3 4 1 1 2 3 4 2 2 2 1 1 2 4 2 1 3 3 1 2 3 1 2 2 2 1 1 4 1 4 2 1 1 1 4 1 1 3 3 1 4 1 5 1 4 2 1 2 2 3 3 1 1 1 2 1 2 3 2 2 5 1 3 2 3 1 2 2 1 2 4 1 2 2 3 2 3 2 6 5 1 1 3 4 2 1 1 2 2 1 1 1 2 3 1 3 4 1 3 1 3 1 2 4 1 2 2 4 3 4 1 2 4 2 1 2 1 4 1 2 1 2 3 1 2 2 2 2 1 2 4 3 4 3 1 1 1 1 1 2 3 3 4 2 3 1 1 1 2 3 2 3 2 2 2 1 5 5 1 3 4 1 1 2 2 1 1 1 1 2 2 4 1 3 2 1 1 3 1 3 4 3 3 1 1 1 1 2 3 2 2 2 3 1 2 2 2 1 2 1 3 4 1 1 3 4 1 2 2 2 1 2 1 2 2 8 2 1 5 1 2 2 2 2 2 3 2 4 1 4 1 1 3 3 1 2 1 5 4 1 2 4 3 3 6 3 2 2 2 1 1 3 2 3 1 2 2 1 6 2 3 1 2 3 4 2 2 3 2 1 1 4 1 1 4 4 2 3 2 1 1 3 3 2 3 1 3 2 2 1 1 3 1 1 1 2 3 2 5 1 1 3 4 1 1 3 2 1 1 3 4 3 1 1 4 2 1 1 3 3 1 1 1 3 2 3 2 1 4 2 1 2 3 1 2 1 4 2 2 4 4 2 2 2 2 1 3 3 3 4 3 2 2 2 2 1 1 3 1 2 1 2 2 4 1 1 2 2 1 3 2 1 2 2 1 2 1 3 2 3 3 2 5 2 1 1 1 1 4 2 5 1 1 1 2 2 1 1 2 1 2 1 3 1 2 3 1 5 3 2 1 1 1 4 1 1 1 2 2 3 1 3 3 4 1 2 2 4 2 2 4 1 3 1 1 1 2 2 3 2 1 1 1 2 2 2 2 2 5 2 1 3 4 4 1 3 3 3 5 1 1 1 1 3 3 1 1 3 4 2 1 3 3 4 2 5 2 1 1 3 1 1 2 1 1 3 5 4 4 2 3 1 2 1 1 1 1 3 3 1 2 1 3 2 4 2 3 2 1 4 2 1 1 1 1 2 2 2 3 4 1 1 2 1 1 2 4 2 1 3 3 2 5 1 3 3 1 1 2 1 2 2 2 2 1 5 4 1 2 1 3 1 4 2 1 2 1 1 3 2 3 4 2 1 1 3 2 3 4 3 6 3 1 3 1 1 3 2 2 1 4 1 1 2 2 2 4 1 1 1 3 3 1 1 3 1 1 2 1 2 2 1 2 4 1 3 2 1 1 3 4 1 2 3 3 3 6 1 2 1 1 4 2 2 2 4 4 1 1 1 3 2 4 1 3 3 2 4 1 2 2 1 2 1 1 3 1 1 4 1 3 2 1 1 3 1 1 2 1 1 1 1 2 1 3 2 4 1 6 3 5 3 2 1 3 3 2 1 2 2 1 1 1 3 2 1 2 1 4 2 2 2 1 1 2 1 2 2 2 1 2 1 1 2 1 2 2 1 4 1 1 3 5 3 3 1 2 1 3 2 3 1 4 2 1 1 1 2 2 1 1 2 4 1 3 1 1 2 1 3 1 1 1 4 1 1 3 3 4 2 1 2 3 1 4 2 1 2 4 2 2 2 1 3 2 1 1 3 3 3 1 6 1 6 5 1 1 3 1 1 1 3 1 1 2 2 2 3 4 1 1 1 1 3 3 4 2 3 2 1 2 2 1 2 1 4 3 2 3 2 3 1 2 3 1 1 6 4 4 1 2 2 2 2 5 1 2 1 3 3 6 2 3 1 5 1 2 4 2 1 2 1 2 3 3 2 2 3 4 1 4 1 4 1 1 1 1 1 3 1 1 4 1 2 1 3 4 3 1 3 1 1 1 1 1 1 1 2 1 2 3 1 4 3 1 1 1 2 3 2 3 2 2 4 1 1 3 2 2 3 1 1 5 1 1 2 1 1 5 2 3 1 2 1 2 1 2 1 5 4 1 1 3 5 3 1 2 2 1 1 2 1 3 1 1 1 4 1 1 1 1 2 1 1 2 1 3 1 2 3 1 3 1 1 2 2 2 1 4 1 2 1 2 2 3 1 2 4 3 4 2 2 5 1 5 1 2 1 1 2 1 2 1 1 2 2 2 4 1 2 2 3 1 3 1 2 2 2 2 3 5 4 1 2 1 2 1 1 1 2 2 2 1 2 4 3 3 2 1 2 3 2 2 1 1 5 2 2 2 1 3 1 2 3 1 3 3 1 4 1 2 3 2 1 2 1 1 1 1 1 1 2 1 5 2 1 2 2 2 1 1 1 1 1 2 5 2 3 3 2 4 2 4 3 1 2 3 6 1 1 2 1 2 2 4 1 1 5 3 1 2 1 3 3 3 4 5 1 3 1 2 2 1 3 4 2 2 2 1 3 3 1 2 2 3 1 1 3 3 2 2 2 3 3 3 2 2 2 3 6 3 1 2 2 3 3 1 3 2 2 3 1 1 3 1 1 2 3 2 2 1 2 1 1 1 1 1 2 2 1 3 2 2 2 2 1 5 2 1 1 1 2 4 2 2 1 2 4 1 3 2 2 4 1 3 3 1 1 2 4 5 1 1 2 1 2 2 1 1 2 1 2 3 2 3 1 1 2 6 1 2 1 4 2 2 2 2 2 1 2 1 1 1 3 1 2 4 3 3 3 1 1 1 1 1 2 3 1 3 1 1 3 1 1 2 3 3 1 2 2 1 1 2 2 1 3 2 1 2 2 3 2 2 3 3 1 3 3 1 1 1 3 2 3 1 2 1 1 2 1 2 2 4 1 2 2 2 1 3 3 3 3 1 1 1 1 2 2 1 2 2 3 3 1 3 2 1 2 1 2 4 3 1 1 3 2 2 1 8 2 1 2 1 3 3 1 2 4 2 2 1 4 1 2 1 2 2 6 1 2 2 3 3 1 2 1 1 2 1 1 3 4 4 2 2 2 2 5 1 1 3 4 4 2 2 2 2 1 1 4 1 1 4 1 3 3 4 2 2 1 1 3 2 1 1 1 2 3 2 2 2 1 2 3 3 5 1 2 1 1 1 1 3 2 3 1 1 2 1 2 5 3 3 3 2 1 2 3 5 3 2 3 5 2 3 3 3 2 3 1 1 2 3 1 2 1 2 2 4 1 3 2 6 1 1 2 1 3 2 5 2 2 1 2 1 1 1 2 2 1 2 2 2 4 3 2 1 3 2 3 3 5 3 2 1 2 5 3 4 2 2 3 2 1 1 1 1 3 2 2 3 2 1 2 1 3 3 3 3 2 2 2 2 5 2 1 1 2 1 2 1 1 1 1 1 2 2 2 2 2 1 3 1 2 3 1 1 2 1 3 1 2 1 1 2 1 1 2 3 2 1 3 3 2 2 1 1 2 3 3 3 3 1 2 1 1 1 2 5 3 2 2 1 1 1 1 2 2 2 2 2 1 3 1 3 2 1 2 1 1 3 1 1 2 1 3 4 4 2 4 1 1 1 3 2 2 1 1 1 3 2 2 1 3 1 1 3 1 3 1 2 1 2 2 3 2 4 1 3 2 2 1 1 2 3 2 4 2 1 3 3 2 1 1 5 1 5 3 1 3 1 3 3 2 1 3 3 1 3 3 3 1 3 1 1 2 1 3 2 1 2 2 2 3 3 6 1 1 3 4 2 2 2 2 2 3 3 2 2 2 2 2 1 1 1 2 2 1 1 1 3 3 1 3 1 1 2 4 1 3 1 1 1 3 3 1 2 1 3 3 4 1 2 1 2 2 1 2 4 1 1 3 1 1 3 4 2 1 2 1 2 5 1 1 2 3 1 1 3 2 2 2 1 3 3 1 2 2 3 2 2 1 3 2 1 5 2 4 2 4 2 1 1 3 2 1 3 1 1 1 2 2 2 1 6 1 2 5 1 1 5 1 3 2 3 3 1 3 2 2 1 1 2 3 1 2 2 2 3 2 1 3 1 3 2 1 2 6 3 1 2 3 2 3 1 3 2 2 1 1 2 3 1 4 2 2 1 1 4 2 1 2 3 3 3 5 1 1 1 2 1 3 2 3 1 1 2 7 1 3 2 2 2 2 3 2 2 4 1 3 3 1 2 1 3 1 2 3 1 1 4 1 1 3 2 1 2 2 1 2 3 2 2 1 2 2 2 2 3 4 1 1 2 2 3 3 1 2 4 2 4 1 1 2 3 1 1 1 3 3 2 3 2 4 1 1 1 1 1 1 2 3 2 1 1 1 4 1 3 3 1 1 5 2 4 3 4 3 1 3 1 1 3 1 1 3 2 2 1 3 1 2 2 3 1 2 3 1 2 2 1 1 2 1 2 1 2 1 2 2 2 2 1 3 3 3 1 5 2 4 1 1 2 4 4 3 2 2 1 3 5 1 2 3 2 3 1 1 3 1 2 2 1 3 1 1 2 2 2 1 1 5 2 1 3 1 1 2 1 3 1 2 1 1 3 2 1 2 2 1 5 3 2 2 1 1 1 3 1 2 1 3 2 2 2 1 1 4 1 1 1 4 1 6 2 1 2 2 3 1 3 1 3 2 2 2 1 1 3 1 1 3 3 1 2 1 2 4 2 3 2 2 1 1 4 3 2 1 1 3 2 4 1 3 2 1 2 3 1 1 3 3 2 2 3 2 2 1 1 1 1 4 1 3 1 4 2 2 2 1 2 2 3 2 2 1 1 2 1 2 2 3 1 1 1 2 1 2 3 2 1 2 3 1 2 2 1 2 2 3 1 2 1 1 1 1 2 3 2 3 1 1 2 1 1 1 2 1 2 5 1 3 3 2 2 1 3 3 2 1 4 1 3 2 3 1 3 2 3 1 3 1 2 2 1 2 7 2 3 3 3 3 1 1 3 2 1 2 2 3 2 2 1 1 1 5 1 3 2 2 2 1 1 4 4 3 2 2 6 3 2 2 1 4 1 2 2 7 2 4 1 4 2 3 1 3 1 6 2 2 1 4 2 1 2 2 1 5 3 2 4 2 2 4 2 2 3 3 2 2 1 2 1 1 2 1 1 1 2 1 1 4 1 1 1 2 2 2 4 1 2 1 1 1 2 1 3 3 2 1 1 3 3 1 1 3 1 1 7 2 2 1 2 1 2 1 2 3 1 2 2 3 1 1 2 5 2 2 2 2 1 3 1 5 2 3 4 2 3 1 2 2 2 3 1 2 1 3 2 4 2 4 6 1 2 1 4 1 3 2 1 1 1 1 1 1 3 1 2 3 1 1 1 4 3 1 1 2 1 2 2 1 4 1 2 1 4 2 1 1 2 3 4 5 5 1 2 2 1 1 1 3 4 3 2 1 2 1 3 1 2 5 2 1 4 1 2 1 2 2 3 2 1 2 1 1 1 1 1 3 1 3 2 1 2 3 1 1 2 1 3 1 3 3 1 1 4 2 4 2 5 1 5 2 2 2 1 1 1 4 3 1 1 3 1 1 1 3 1 1 1 3 3 4 2 4 4 3 2 3 2 1 6 2 3 4 2 2 2 1 1 2 1 2 1 2 4 2 2 3 6 2 3 1 1 3 2 2 2 3 6 3 2 2 3 5 3 5 2 2 4 2 1 1 5 2 5 3 3 4 1 2 2 2 1 1 2 4 2 1 1 2 3 2 3 2 3 2 3 2 1 2 4 2 1 1 3 2 1 3 1 2 1 3 2 2 2 3 6 3 2 1 3 2 3 1 1 5 1 1 3 2 1 2 4 3 1 2 1 1 3 2 1 2 2 2 1 1 4 3 1 2 2 2 3 2 1 1 2 2 2 3 3 2 3 1 1 3 5 1 1 2 4 2 2 3 2 2 2 2 2 1 1 2 1 2 2 4 3 2 3 4 3 1 5 1 2 3 2 2 2 1 2 2 5 1 1 2 2 2 1 4 2 2 4 3 3 3 1 1 3 1 4 1 6 4 1 2 1 2 1 2 1 1 2 1 1 2 3 1 2 1 2 2 3 2 1 1 1 1 2 2 4 3 4 1 1 3 3 2 1 2 4 2 2 3 1 2 3 2 1 1 1 2 2 2 2 1 2 2 3 2 4 4 2 4 3 1 2 1 2 1 2 2 1 1 1 2 3 1 3 2 1 1 2 2 1 1 2 2 5 2 1 1 1 2 3 2 1 2 2 1 1 1 4 1 1 5 1 2 1 2 4 1 2 1 1 2 1 3 2 2 2 2 1 2 1 3 2 1 1 3 5 3 1 2 4 4 1 3 2 2 2 2 2 2 2 3 1 2 1 1 2 2 2 2 1 3 2 5 1 3 2 1 3 1 1 3 4 2 2 3 1 5 2 1 2 1 1 2 1 6 2 1 2 2 3 2 2 3 2 2 1 2 1 6 1 1 2 2 2 1 1 1 2 2 2 2 1 1 4 3 2 2 2 3 1 1 3 1 1 2 2 3 2 2 1 1 1 4 1 1 3 4 2 2 3 2 5 1 3 1 1 3 1 1 2 2 1 1 2 5 2 1 1 2 1 2 1 1 2 1 1 1 3 3 4 4 2 2 3 2 3 3 2 3 1 2 2 2 3 1 3 4 1 2 2 3 2 3 5 3 3 1 1 4 2 3 3 1 3 1 7 2 4 1 1 1 3 1 2 4 2 3 2 2 1 1 1 3 4 1 2 1 1 1 5 1 1 3 1 1 3 1 1 2 1 3 3 1 1 2 1 1 3 3 3 1 3 1 2 2 2 2 1 3 4 1 3 2 1 3 3 2 3 3 1 5 1 3 2 2 1 2 2 1 1 3 1 3 1 2 4 3 3 2 3 2 3 2 2 4 2 3 3 1 1 5 1 5 1 3 1 4 1 2 1 2 2 1 4 2 2 3 3 3 1 1 2 3 4 2 1 2 4 2 2 2 1 3 2 3 4 2 1 5 1 1 4 1 2 3 2 5 1 2 3 2 2 1 4 2 2 4 2 1 2 1 2 1 2 2 2 1 3 1 1 1 2 3 1 4 3 3 2 2 4 3 1 1 1 1 1 1 1 2 2 2 3 1 2 1 4 3 2 2 1 1 1 3 1 1 2 2 1 2 2 4 2 3 5 2 1 2 2 1 4 3 3 2 3 2 1 3 2 1 1 2 1 2 3 2 1 3 5 1 3 3 2 2 4 4 4 1 3 3 1 3 4 3 2 4 2 1 4 1 3 3 2 3 3 1 1 2 1 1 3 2 1 1 1 1 5 2 1 1 3 2 1 2 1 2 1 1 2 5 1 2 5 1 1 1 1 2 1 1 1 3 4 2 2 1 1 1 3 4 2 3 3 4 2 2 2 1 1 3 1 2 1 3 1 2 4 2 1 1 1 2 2 5 1 2 2 2 1 3 2 2 1 4 5 3 3 3 1 4 1 2 3 2 3 1 2 2 2 1 2 1 3 3 2 2 2 1 1 1 1 4 1 1 2 4 3 3 5 1 1 2 4 5 5 2 2 2 1 1 3 3 1 1 1 3 3 2 3 3 2 1 1 2 1 1 2 2 2 2 3 3 2 1 4 3 2 3 2 1 1 2 1 1 1 1 1 1 3 1 1 4 2 1 3 2 2 1 1 5 2 3 2 2 1 4 1 2 6 2 2 4 1 3 2 1 4 2 2 1 2 1 1 4 3 3 3 4 1 1 4 3 1 2 1 5 2 1 1 2 2 3 3 2 2 6 1 2 2 1 2 3 3 3 1 1 3 1 4 4 1 2 1 1 4 3 1 1 2 5 2 3 2 2 3 1 3 2 1 4 2 5 2 2 5 2 4 2 2 2 4 1 1 8 2 2 3 1 6 3 2 4 1 1 3 2 1 2 3 2 4 8 2 1 2 2 1 1 1 1 1 3 3 3 1 1 2 4 2 2 2 1 1 6 1 3 1 1 2 3 4 1 1 3 1 3 1 1 3 4 2 2 2 2 3 2 4 2 3 2 2 3 1 1 1 1 2 1 1 1 1 2 3 2 1 1 1 2 2 1 1 1 4 2 2 1 2 1 2 1 2 3 2 5 1 1 1 3 4 4 3 4 4 4 4 2 2 2 2 2 4 1 1 2 1 1 2 3 2 2 4 1 3 2 1 2 1 1 1 2 1 1 3 1 1 2 1 1 3 2 3 4 1 1 2 2 2 4 5 4 1 3 4 2 2 1 3 2 3 6 3 1 3 2 4 2 1 2 1 5 3 3 1 2 3 2 2 3 2 3 2 2 2 1 5 1 2 2 1 1 2 3 3 1 2 3 2 2 1 1 2 1 3 3 3 2 2 2 2 2 1 1 1 1 1 3 1 3 4 2 3 1 2 1 1 1 1 2 1 2 1 2 1 1 1 2 1 2 4 3 1 1 2 1 3 1 3 2 6 1 3 4 1 2 2 4 2 2 1 1 1 2 1 3 2 2 1 4 1 2 1 1 3 2 4 2 3 2 3 1 4 2 1 3 2 3 3 1 2 3 1 4 1 2 4 1 5 3 3 3 1 2 2 1 2 1 1 3 3 3 2 2 3 3 2 2 1 3 1 1 1 1 3 1 5 1 1 1 4 1 5 1 1 3 1 2 2 3 4 4 2 3 1 3 1 5 2 1 4 1 2 3 3 1 1 3 1 1 3 1 3 1 1 2 2 2 4 4 2 1 3 3 1 3 1 3 2 2 6 2 4 3 3 2 3 1 1 1 1 2 2 1 3 1 1 3 1 2 3 2 2 3 3 2 6 1 3 3 1 1 1 5 1 5 1 3 5 2 2 2 3 1 1 3 1 1 1 6 2 2 3 2 2 4 1 1 2 1 3 2 5 3 2 1 4 1 5 1 2 3 6 1 2 1 2 2 3 1 3 2 5 4 2 1 3 3 2 3 3 2 1 4 1 2 1 2 1 2 2 2 2 2 1 3 1 5 2 2 1 4 1 3 3 2 1 1 2 1 2 2 1 4 1 1 4 3 1 2 2 1 1 1 1 3 1 1 4 2 2 2 3 3 3 1 1 1 2 1 3 4 1 1 1 2 1 2 3 1 3 2 2 2 1 1 1 2 1 1 4 2 3 2 3 1 1 1 1 2 3 2 2 1 2 1 2 1 2 2 1 1 1 4 1 2 1 2 1 1 3 1 1 4 1 3 2 3 2 1 1 1 3 1 2 2 1 3 2 2 3 1 3 1 3 2 1 1 4 2 2 1 1 1 1 2 1 3 3 3 1 3 1 5 1 1 2 1 3 3 1 1 3 2 4 2 3 1 2 1 1 1 1 1 1 3 1 2 1 1 3 1 1 4 2 2 3 6 1 3 2 1 3 1 2 2 3 2 1 1 3 1 2 1 3 1 4 2 3 3 3 1 2 3 8 4 2 2 3 4 5 3 4 3 2 2 2 1 1 2 4 3 1 3 5 1 3 1 2 1 1 5 1 2 2 2 4 1 1 3 1 4 1 2 1 3 2 2 3 2 1 3 2 2 1 3 1 1 3 3 5 5 4 5 4 2 2 3 2 1 2 3 2 2 3 1 4 2 2 5 2 3 2 2 2 1 3 1 1 2 1 1 1 1 2 1 3 1 2 3 2 2 2 2 2 1 1 2 2 1 1 2 2 3 2 2 1 3 2 1 3 2 2 2 7 2 2 3 2 2 6 1 3 2 2 2 2 1 3 1 1 1 1 2 1 2 2 2 5 3 2 4 6 2 4 5 1 3 3 2 3 1 1 4 1 5 2 1 1 1 4 1 3 4 1 4 4 1 1 1 2 2 1 1 2 1 1 4 1 1 2 2 2 2 1 2 5 3 3 1 2 2 1 1 3 3 1 3 1 4 2 2 5 2 1 2 3 5 1 3 1 2 2 1 2 2 2 3 1 3 2 1 2 1 2 2 1 1 3 1 1 1 1 2 6 1 3 2 1 1 1 4 1 2 2 2 2 1 2 2 1 2 2 3 3 2 3 1 1 4 4 3 1 1 1 3 1 1 1 1 1 3 3 1 1 3 3 2 2 2 1 2 3 1 1 4 3 3 2 3 2 1 2 2 2 4 4 1 2 2 6 2 1 1 2 3 2 1 2 3 4 2 2 4 3 1 2 1 4 2 1 1 2 1 2 1 6 3 2 3 1 2 1 1 3 4 4 2 2 2 1 2 2 3 1 6 3 1 2 2 1 3 2 1 4 1 1 2 3 2 3 1 3 2 1 3 1 2 1 3 3 1 5 2 3 4 5 4 2 1 4 2 3 4 2 4 1 2 1 2 3 3 2 1 2 3 1 2 2 3 4 3 1 1 1 2 1 3 4 1 1 2 3 1 3 1 5 1 3 1 2 1 2 1 1 1 5 2 2 3 2 3 2 2 1 2 2 2 3 2 4 2 4 3 2 3 3 1 3 2 4 2 1 3 2 2 3 2 3 3 1 3 1 1 1 1 2 1 3 4 4 1 4 1 3 1 3 3 2 2 3 1 5 1 2 1 1 2 1 2 1 1 4 2 2 2 7 1 1 1 2 2 3 1 6 2 1 4 1 4 2 2 4 8 2 2 2 1 8 3 1 1 2 3 5 1 2 3 4 3 1 5 2 1 2 5 2 1 3 2 2 1 2 1 5 1 1 1 2 1 1 1 2 3 1 1 2 1 3 1 3 3 3 2 4 2 3 1 1 2 2 1 2 2 2 4 4 3 1 1 1 1 1 3 3 2 2 1 2 1 1 4 3 2 2 4 2 2 1 1 3 3 1 4 1 1 1 1 4 1 2 1 4 2 1 1 3 2 3 3 2 2 2 1 2 3 3 1 2 1 5 3 1 2 2 5 1 4 2 1 1 3 1 3 4 1 1 1 3 1 1 3 2 2 2 2 4 1 4 2 5 1 3 1 5 1 3 2 2 5 1 1 2 1 1 1 2 1 1 2 4 2 2 4 2 2 2 1 1 5 1 2 2 3 2 4 1 2 1 2 1 2 6 2 2 1 1 1 1 2 5 4 2 1 3 2 2 5 1 2 2 2 1 2 2 2 1 3 3 1 1 2 2 1 2 2 5 1 1 2 2 1 1 1 1 4 2 1 1 1 2 1 1 3 2 3 4 2 4 1 2 1 2 2 3 3 4 2 2 2 4 3 3 2 2 3 1 2 2 4 2 2 2 1 2 2 1 2 1 2 2 1 1 1 2 1 1 1 2 3 1 2 1 2 1 2 4 2 1 3 2 1 3 3 1 1 2 3 2 1 1 1 1 2 3 2 1 3 1 1 1 1 4 2 2 6 1 1 4 2 1 2 2 3 1 1 3 2 2 1 3 1 2 3 3 4 3 1 1 2 4 4 2 2 2 1 1 1 1 1 1 2 2 1 2 2 5 2 4 5 2 3 1 3 5 1 2 4 1 2 1 1 3 3 2 3 3 4 1 1 4 2 4 2 1 2 2 4 1 2 2 3 1 2 2 4 2 2 3 1 2 4 3 3 2 1 3 2 2 1 1 1 2 1 3 1 3 1 3 3 2 1 4 4 3 1 4 4 3 3 1 2 3 6 2 2 1 1 2 1 2 2 1 1 2 3 1 4 2 3 1 1 2 1 3 2 2 2 1 3 3 1 4 1 2 6 1 4 1 3 4 4 3 1 1 1 3 1 2 1 2 4 1 3 3 5 1 1 2 2 2 2 1 3 3 3 2 1 3 2 1 3 1 1 2 1 2 1 2 1 2 1 1 1 3 2 1 2 4 1 3 2 2 1 2 2 1 4 2 4 1 4 2 2 1 2 1 4 1 2 1 2 2 7 1 2 2 4 1 2 2 2 1 3 1 1 2 3 1 1 5 1 2 3 1 2 5 4 2 1 5 3 3 1 2 2 1 2 2 1 2 4 1 1 2 2 5 2 2 1 3 1 2 2 3 1 4 1 2 1 2 2 2 3 4 3 2 4 5 3 1 2 2 3 1 1 4 1 1 3 1 1 1 1 3 3 2 4 3 2 5 3 1 1 1 5 2 6 3 2 3 2 4 3 2 2 1 1 2 1 1 1 3 1 3 1 2 1 2 2 3 3 1 4 3 2 3 2 1 1 2 1 1 3 2 4 2 3 2 2 3 2 2 1 2 1 2 3 2 3 2 1 1 1 1 1 1 2 1 2 2 1 2 1 1 2 4 2 1 2 4 4 1 2 3 2 3 1 2 2 1 4 2 2 
  #Test Small 15875
  #Test Medium 25450
  #Test Large 43182
