Board size [mm] 375x175

Stats side 1
  #Components with background 93
  #Components with points 416
  #Components nofly 6
  #Components notouch 6
  #Pins 82665
  #GNDs 3817
  #VDDs 2889
  #Clock 44
  #NoFly points 940
  #NoTouch points 1048
  #Points [total] 91403

Stats side 2
  #Components with background 87
  #Components with points 434
  #Components nofly 0
  #Components notouch 0
  #Pins 98202
  #GNDs 3453
  #VDDs 2771
  #Clock 55
  #NoFly points 0
  #NoTouch points 0
  #Points [total] 104481

Stats board (side 1 + side 2)
  #Components with background 180
  #Components with points 850
  #Components nofly 6
  #Components notouch 6
  #Pins 180867
  #GNDs 7270
  #VDDs 5660
  #Clock 99
  #NoFly points 940
  #NoTouch points 1048
  #Points [total] 195884
  #Nets 10185
    Net Size: 7270 5660 99 2 2 1 4 2 3 1 3 1 2 2 2 1 1 2 1 1 1 3 4 2 3 3 2 1 1 2 2 2 1 2 2 2 2 3 2 1 1 1 1 1 2 1 1 1 1 1 2 1 1 2 1 1 1 2 2 2 1 2 2 1 3 1 1 5 1 1 3 1 1 1 4 2 4 1 5 1 3 1 3 3 3 2 1 1 1 2 2 3 4 2 3 1 1 4 2 3 2 1 1 1 1 1 3 4 2 1 2 1 1 3 1 1 3 1 1 2 3 1 2 2 5 1 1 2 1 5 1 2 2 2 1 2 3 1 1 2 1 4 4 1 1 4 1 2 1 2 2 1 1 1 2 1 2 5 1 1 1 2 1 3 1 2 3 1 2 2 1 1 1 2 3 4 2 2 1 1 1 2 1 1 1 1 2 4 1 1 2 1 3 1 3 1 4 2 3 4 1 6 1 1 1 1 2 1 1 1 1 3 1 1 4 2 1 1 2 2 1 5 3 1 1 1 3 1 2 2 4 3 2 1 1 2 2 1 3 2 3 3 1 1 2 2 2 2 4 1 3 2 1 4 1 2 1 2 2 2 1 3 1 2 1 2 2 3 1 5 1 1 1 2 2 3 2 3 2 3 1 1 1 1 1 5 1 3 1 2 1 3 1 1 1 1 2 2 1 2 2 1 1 1 1 1 2 2 1 1 3 1 1 2 2 2 2 1 3 3 4 2 1 1 1 3 2 2 1 3 3 1 4 2 2 1 4 1 3 1 4 1 3 2 3 3 3 1 1 1 1 3 3 2 1 2 3 3 3 1 2 3 1 3 1 2 1 2 3 1 3 1 2 4 1 2 1 1 2 2 1 1 1 1 2 2 1 2 1 1 2 1 1 3 2 1 4 1 4 1 3 3 1 3 2 2 1 3 3 1 1 1 1 1 3 2 1 2 4 2 1 1 4 1 2 1 2 1 1 1 2 2 1 2 1 3 3 2 2 3 1 5 1 1 1 2 1 2 2 2 2 3 3 2 5 2 1 1 1 2 3 1 1 2 6 4 1 1 1 2 1 1 1 3 6 1 1 1 1 1 1 1 2 1 2 2 2 2 2 3 1 3 3 2 2 3 1 2 2 1 2 1 1 3 2 4 2 2 1 4 1 2 1 1 3 1 1 1 1 2 1 1 1 1 1 2 1 3 2 1 2 2 3 2 1 1 1 1 3 2 1 2 1 1 7 2 1 2 1 1 2 2 1 2 1 2 1 1 2 1 3 1 1 3 1 1 2 2 2 4 1 1 2 2 1 1 1 1 2 2 3 2 2 1 1 2 1 2 1 2 2 1 1 1 1 1 2 2 1 2 1 1 5 2 4 1 3 1 1 1 1 4 1 2 5 1 2 2 1 3 4 1 2 1 1 1 3 1 3 3 2 1 2 2 1 1 2 2 1 3 2 1 1 1 1 1 3 1 1 2 2 1 2 1 1 1 1 1 1 1 1 1 1 2 2 1 1 2 2 2 1 4 1 2 2 3 4 1 1 3 1 1 3 1 1 2 2 1 3 2 2 2 1 1 2 3 1 3 2 2 2 1 3 3 1 2 3 1 2 4 3 5 1 1 1 2 1 1 2 1 1 1 3 2 3 2 2 2 2 1 1 4 1 1 1 1 1 2 1 2 2 2 3 2 1 1 3 3 1 3 2 2 2 3 1 2 3 3 2 2 1 2 3 1 1 1 1 1 3 4 4 3 1 1 4 3 2 2 1 2 1 1 1 2 1 2 3 1 1 3 1 3 3 5 1 1 1 1 1 2 1 1 1 1 1 1 2 3 1 1 1 3 1 2 3 2 2 1 2 2 1 2 1 4 1 1 2 2 1 1 1 1 1 1 1 2 1 1 2 2 2 2 2 1 2 1 3 2 2 3 2 1 2 1 2 2 1 1 1 1 1 1 3 1 1 1 2 2 2 5 1 2 1 1 1 2 2 1 3 2 2 1 1 1 1 4 2 1 2 1 3 3 1 1 1 3 1 1 1 2 1 1 2 1 4 3 2 2 3 2 2 2 1 1 1 2 1 2 2 2 3 1 3 1 1 1 3 2 4 1 2 3 1 1 2 3 1 2 4 2 1 1 1 2 1 1 1 1 3 5 1 4 1 1 2 3 3 1 2 1 2 1 1 2 2 3 1 1 1 3 1 3 1 1 1 1 3 4 1 1 3 1 2 1 1 2 1 1 1 2 1 3 2 2 1 3 1 2 1 2 1 2 3 1 1 3 1 1 1 1 2 1 2 1 1 1 4 2 2 2 4 3 2 2 2 1 1 2 1 2 1 1 3 1 1 1 2 1 2 3 2 3 1 2 2 1 1 1 2 1 1 1 1 1 1 1 2 1 3 2 2 1 3 3 2 2 1 1 2 4 1 3 1 2 1 1 2 1 3 1 1 1 3 2 1 1 1 1 1 1 1 2 1 2 1 1 1 2 2 2 1 2 1 6 1 2 1 1 2 3 1 1 2 1 1 2 2 5 2 2 1 3 1 1 1 1 1 1 2 2 2 2 1 1 3 2 4 1 1 2 2 2 1 4 1 1 1 1 1 1 2 1 3 2 2 1 2 1 1 3 3 1 3 4 1 2 3 1 2 1 2 1 2 3 2 2 3 2 1 2 2 1 3 2 2 3 1 2 1 1 1 2 3 2 3 1 1 3 2 1 2 2 1 1 2 2 2 4 1 3 2 2 1 2 2 2 1 1 2 1 2 2 1 1 1 1 2 2 3 2 1 2 3 1 1 1 2 6 3 1 1 1 1 3 2 2 4 1 2 2 1 3 2 1 1 2 1 2 1 2 2 1 1 1 3 1 2 1 1 1 1 3 3 1 1 3 1 3 1 3 1 1 1 2 1 1 1 1 2 2 1 1 1 1 1 1 2 2 1 1 3 3 1 3 2 3 4 1 2 2 5 1 4 2 4 4 2 2 1 1 1 1 1 1 2 2 2 1 1 3 1 1 1 2 3 3 1 1 2 1 2 1 2 3 2 3 2 2 2 1 4 2 3 2 1 4 1 2 2 2 2 1 2 1 2 1 2 3 1 1 2 2 1 1 1 1 2 1 2 2 3 1 1 4 1 1 3 1 3 1 1 4 1 1 1 1 2 2 2 1 2 2 1 1 2 4 1 1 1 4 2 1 4 2 1 1 3 2 1 2 2 1 2 3 1 1 4 1 1 1 1 1 1 3 1 2 1 1 2 1 2 1 3 2 2 1 1 1 1 2 1 1 3 1 1 1 1 2 1 2 1 2 3 1 3 1 1 1 2 1 1 2 1 1 2 1 2 1 2 1 2 2 1 1 1 1 1 2 1 2 2 1 2 2 2 1 1 2 1 1 1 1 1 1 1 1 4 3 1 2 1 2 1 2 2 2 2 2 1 1 1 2 1 1 1 3 3 4 1 2 3 1 1 2 3 2 3 2 3 1 2 1 1 2 1 1 1 5 1 2 4 2 1 3 1 1 6 3 3 1 1 1 3 1 2 1 4 1 4 2 3 1 2 1 2 1 1 3 2 1 2 1 1 1 2 1 1 1 1 2 1 3 1 2 4 4 3 2 2 2 2 2 2 1 1 1 2 3 1 1 3 2 2 1 3 2 1 1 2 1 2 2 2 1 1 2 3 3 1 1 1 1 4 3 3 2 2 1 3 1 1 1 2 1 2 1 1 1 5 1 1 1 3 1 1 2 1 2 1 1 1 1 1 2 2 1 3 1 1 1 1 2 3 1 2 2 4 2 2 3 2 1 1 1 1 1 1 3 3 2 1 1 3 1 1 1 1 2 2 2 2 2 1 1 1 3 1 4 1 1 1 2 3 1 1 2 3 1 2 1 1 1 3 3 1 2 2 3 1 2 2 1 2 2 1 1 1 2 1 2 2 2 1 2 2 2 1 1 3 3 1 3 2 1 3 1 2 1 3 4 1 2 1 2 1 2 1 2 1 1 1 2 1 1 2 1 1 2 1 3 2 4 1 1 1 1 1 2 1 1 1 1 1 3 1 1 1 1 1 1 2 1 2 2 1 2 2 1 1 1 3 1 1 3 1 3 1 2 2 2 1 1 3 1 2 2 2 1 3 1 5 1 1 1 2 2 1 2 5 1 1 1 2 3 2 1 1 2 1 3 1 1 4 1 2 1 1 1 3 1 1 1 2 1 2 2 1 1 4 1 1 1 1 1 2 3 1 1 1 1 2 2 1 2 1 3 1 1 3 2 2 1 4 2 3 1 1 2 2 3 1 1 2 6 1 3 1 2 3 2 1 2 1 1 1 2 1 3 1 2 2 1 2 1 1 1 2 4 2 3 2 1 2 1 6 3 1 2 4 3 3 1 4 3 1 1 1 1 3 1 3 4 1 1 3 3 4 3 2 2 1 3 1 1 1 1 2 3 2 1 1 2 2 2 4 3 1 2 2 3 4 2 2 1 1 1 1 1 2 2 1 1 2 4 2 3 1 1 1 2 2 1 2 2 2 2 2 2 1 1 2 1 1 2 2 3 4 1 1 1 1 2 1 2 2 1 3 2 2 1 1 2 2 1 1 1 1 1 3 2 2 2 2 2 1 1 2 3 2 1 2 3 1 2 1 1 2 1 2 1 1 2 1 1 1 3 2 1 1 2 1 1 2 1 1 1 3 1 1 1 2 1 2 1 3 2 2 1 1 2 2 1 1 2 4 2 1 3 1 1 3 1 1 2 3 2 3 1 1 1 2 2 2 5 2 1 1 3 4 1 1 2 2 1 1 5 1 2 1 1 1 1 2 1 1 1 1 2 1 1 3 1 5 1 3 1 1 1 2 2 1 1 1 2 2 1 2 1 2 6 2 1 2 3 1 1 6 2 3 1 1 5 3 2 1 1 1 1 1 2 1 2 3 3 1 1 2 3 2 1 2 4 4 1 1 1 2 4 1 1 3 1 1 1 1 2 1 2 1 1 3 1 5 1 3 3 1 2 1 2 2 3 2 2 1 1 6 1 1 1 2 1 3 1 1 2 2 3 1 3 2 2 2 3 3 2 2 2 2 1 2 2 1 1 4 3 3 3 3 1 1 1 2 4 2 1 1 1 1 2 2 2 1 4 1 2 1 1 3 2 1 1 1 2 3 1 1 3 1 1 1 1 2 1 1 2 1 2 1 2 1 1 3 1 1 1 2 1 1 1 4 2 2 1 4 1 2 1 2 1 1 3 1 2 3 3 2 4 1 1 3 1 1 2 3 2 1 1 3 1 1 2 1 1 2 2 2 3 2 1 1 1 2 1 1 2 2 1 1 1 1 1 2 1 1 3 2 2 4 3 1 2 5 2 1 1 1 1 2 1 2 1 2 2 1 1 1 1 2 1 1 1 3 1 2 1 2 2 4 2 2 1 1 2 2 2 2 1 3 2 1 1 2 2 1 3 1 1 1 1 3 3 3 2 2 2 2 1 2 1 2 2 2 2 1 2 2 2 3 1 1 1 1 2 1 1 1 1 1 2 2 1 1 1 1 1 2 2 2 3 1 2 4 6 4 3 1 1 1 4 1 2 1 3 3 1 1 2 4 2 1 3 1 2 3 1 1 4 1 1 1 1 1 1 1 3 2 2 2 1 3 3 1 2 2 1 2 2 1 2 2 2 2 1 1 1 2 1 1 3 1 1 2 4 1 1 1 3 1 1 3 1 1 1 1 2 1 1 1 1 2 3 1 3 3 3 1 1 1 3 3 1 4 1 2 4 1 2 1 1 1 1 1 1 1 2 1 3 1 1 2 2 1 2 2 2 1 3 2 1 1 1 2 2 2 2 1 3 3 3 1 2 2 1 1 2 3 2 1 2 2 2 2 1 1 1 1 2 1 1 3 1 1 2 1 2 1 4 4 1 1 2 4 1 3 2 1 3 2 2 2 1 2 1 1 1 1 2 1 3 2 1 2 3 2 1 1 1 4 3 2 1 2 1 1 2 2 1 1 2 1 2 1 1 1 1 2 1 3 1 1 2 1 1 2 2 1 2 1 1 2 2 3 1 3 2 2 1 3 2 1 1 1 1 2 2 2 1 1 1 1 1 3 1 2 1 3 3 3 2 2 1 1 1 2 2 1 1 1 1 1 3 3 3 1 1 1 1 2 1 1 3 2 3 1 2 3 3 2 2 1 2 2 1 1 1 1 1 2 1 1 2 1 1 1 2 2 1 3 1 4 2 2 1 2 1 3 3 1 1 2 3 2 1 2 2 3 1 2 3 2 3 1 2 1 1 1 2 3 1 3 1 1 5 3 2 1 2 1 2 4 2 2 2 1 1 3 2 2 2 2 3 2 1 3 1 2 2 1 1 1 1 2 1 1 1 1 2 3 3 1 8 1 2 1 1 1 1 1 3 1 1 3 3 1 1 1 2 3 1 5 2 1 1 1 1 1 2 2 1 2 2 2 2 1 1 2 1 2 1 2 2 1 2 1 1 2 2 1 1 4 2 1 3 1 1 4 1 3 3 2 1 2 1 2 2 2 1 1 1 1 2 1 1 3 2 2 3 1 2 1 2 1 1 1 1 1 1 2 1 1 3 2 1 5 2 1 2 3 1 1 1 4 2 2 1 1 2 1 1 2 1 1 1 2 1 2 1 1 2 1 3 1 2 2 3 2 1 2 1 3 2 2 1 2 2 1 2 1 1 1 2 1 1 1 1 4 1 2 2 1 1 1 1 2 1 1 4 1 1 2 1 1 1 3 1 1 1 1 1 3 2 1 1 1 1 1 3 1 2 2 1 1 1 1 2 1 1 3 2 6 2 2 2 3 1 2 2 2 3 2 1 3 1 2 1 3 2 4 2 1 1 1 1 1 2 1 1 2 1 1 1 2 1 3 1 1 3 3 2 1 4 3 3 3 1 3 1 3 2 3 2 3 1 3 2 2 2 1 2 1 1 4 3 2 2 1 3 1 1 1 3 2 3 3 2 2 3 4 2 2 2 2 1 2 2 1 2 2 1 3 2 1 3 1 1 2 1 1 1 1 2 3 1 2 1 3 3 2 2 5 1 4 2 1 1 2 1 2 2 2 1 2 2 3 2 1 2 1 1 2 3 2 1 1 2 1 1 3 2 1 1 1 3 1 1 3 2 1 3 1 1 2 1 4 1 2 1 1 3 2 2 3 2 2 1 2 1 3 1 6 3 1 1 1 2 2 1 2 2 1 1 2 1 1 1 1 2 1 1 6 2 3 1 1 1 2 2 2 2 2 1 2 1 1 2 1 1 1 2 2 1 1 1 1 1 3 1 3 2 2 2 1 1 3 2 2 1 1 3 1 2 1 1 2 2 4 3 3 1 2 3 2 1 2 2 2 1 2 1 2 1 1 5 1 2 1 2 3 1 1 2 1 1 3 1 1 3 3 1 2 3 1 1 1 1 2 2 1 3 2 2 2 2 1 2 1 2 1 4 4 1 3 2 3 2 1 2 1 3 2 3 2 2 1 3 1 3 2 1 1 1 2 1 1 1 2 1 2 1 3 3 1 2 1 1 2 1 2 2 4 2 1 1 2 1 2 1 1 2 1 2 4 1 1 1 1 1 2 1 1 2 1 2 3 1 1 1 3 1 1 3 1 2 1 1 1 3 2 1 1 4 2 1 2 2 2 1 2 2 1 1 1 1 3 1 1 1 1 1 2 2 3 3 2 2 2 1 1 1 4 1 2 1 3 1 3 1 2 1 3 2 2 6 1 2 3 1 2 2 1 1 2 3 2 2 1 5 2 2 2 1 2 1 2 1 1 1 4 2 3 3 1 1 1 2 2 1 1 1 1 1 1 1 1 2 3 2 2 1 2 1 1 2 1 1 1 1 2 2 2 3 1 1 3 2 1 2 1 1 1 2 1 3 2 2 1 1 5 3 2 1 2 1 2 1 1 1 1 4 2 1 1 1 1 1 2 1 2 2 2 2 3 2 1 1 2 1 1 1 6 2 2 2 1 2 1 4 1 1 2 3 2 4 1 2 2 1 2 2 2 2 2 2 2 4 1 3 1 1 1 1 1 1 3 2 1 2 1 2 1 3 2 5 2 1 4 1 1 2 3 3 3 3 2 1 1 1 4 1 1 2 1 3 2 2 2 4 4 3 1 2 1 1 3 1 1 1 1 2 2 1 1 1 3 1 2 1 2 2 2 2 2 3 1 2 1 1 4 5 2 1 2 1 1 1 3 2 1 1 1 1 1 2 2 1 2 2 3 2 2 4 1 1 1 1 1 2 2 1 1 2 1 2 3 1 2 1 1 1 2 1 1 4 1 2 3 2 3 1 1 2 1 2 3 1 1 2 1 2 3 2 2 3 1 1 4 2 2 1 2 3 1 1 2 3 1 3 4 2 1 3 3 2 2 1 2 4 1 1 2 1 2 1 3 1 1 6 3 4 2 2 1 2 1 2 2 2 1 1 2 2 2 1 1 1 2 2 1 4 2 1 2 4 2 2 3 1 1 5 1 2 1 1 2 2 1 2 1 1 1 1 1 1 2 1 3 3 1 2 3 1 2 1 2 1 1 2 1 1 1 1 1 1 3 1 1 1 1 1 4 1 1 2 1 3 1 2 1 1 1 2 1 1 1 3 2 1 1 2 1 1 1 2 1 2 1 2 1 2 1 1 1 2 2 1 4 1 2 2 2 2 1 1 1 1 2 1 1 3 4 4 3 1 1 1 2 1 3 1 1 2 1 2 1 3 1 2 2 1 1 2 2 2 3 1 3 2 2 2 1 1 1 1 2 1 3 1 1 4 1 2 1 3 2 2 1 2 2 3 2 3 2 1 2 1 1 3 1 1 2 1 2 2 2 2 4 3 2 2 1 1 1 1 2 2 2 1 1 1 1 1 2 1 1 1 3 1 2 2 4 1 3 1 1 1 3 2 1 4 2 1 2 2 2 1 4 3 2 1 1 4 1 2 2 1 2 2 2 1 2 1 2 3 1 1 4 4 3 3 2 4 2 1 1 2 2 1 1 1 1 2 1 2 1 1 2 3 5 1 1 1 4 1 4 1 1 3 2 2 1 2 1 1 1 4 1 1 1 1 1 1 2 1 2 2 1 1 3 1 1 2 1 2 4 3 2 1 2 1 2 2 2 3 1 1 1 3 1 1 4 4 1 1 1 1 3 1 1 1 1 2 1 1 1 3 2 1 1 1 1 1 1 4 2 1 1 4 2 1 2 4 1 2 2 1 2 4 4 3 1 1 1 2 1 1 2 3 1 1 3 4 2 1 1 2 1 1 1 2 2 3 2 1 2 2 2 1 1 3 1 2 2 1 1 2 1 2 2 2 4 1 2 2 3 3 5 2 1 2 2 2 2 1 2 2 3 1 2 1 1 1 5 1 1 1 2 2 1 5 2 2 6 1 1 2 1 2 2 1 4 1 1 2 1 3 1 3 2 3 2 2 2 1 2 1 1 2 1 1 1 3 2 2 2 2 3 2 5 3 2 1 1 4 3 1 2 1 1 2 1 1 2 1 2 1 2 1 1 2 1 1 2 1 1 1 2 2 2 1 2 1 1 2 3 2 4 5 1 1 2 1 2 4 3 1 1 1 1 1 3 3 3 3 2 1 3 1 3 2 1 2 1 1 4 2 1 1 1 3 1 1 1 2 1 1 2 2 1 1 1 2 1 2 2 1 1 1 1 3 1 1 3 1 4 1 1 1 2 1 1 2 1 2 1 1 3 1 1 2 3 1 1 1 1 1 1 2 3 1 2 5 3 1 1 2 1 2 4 1 1 2 3 2 1 1 2 3 3 1 2 2 2 2 1 2 1 2 2 2 1 1 1 1 2 1 3 1 3 2 3 2 2 2 3 1 1 4 4 1 1 5 1 1 1 2 3 1 1 1 1 1 2 1 1 1 3 1 2 2 1 1 2 2 2 1 2 4 1 3 2 3 2 2 3 3 4 1 1 1 1 1 1 2 3 3 3 2 1 2 1 1 3 1 1 2 1 2 2 2 2 1 2 3 1 3 1 1 1 2 1 3 1 3 1 4 2 4 3 1 2 3 1 2 1 2 1 2 1 1 2 2 2 2 1 1 1 1 4 1 3 3 1 1 2 3 2 1 2 1 1 3 1 2 2 2 1 1 1 2 1 1 2 3 1 2 2 2 2 2 1 1 2 1 4 2 3 2 2 4 2 1 1 2 2 4 1 1 4 2 4 1 2 1 1 1 1 1 2 2 2 1 1 1 2 1 1 1 1 3 1 1 1 2 3 1 4 1 1 2 4 3 3 1 3 4 1 2 1 1 1 1 4 3 3 2 2 3 1 2 4 3 1 3 2 1 3 1 2 4 3 1 3 1 3 2 3 2 2 1 1 1 1 2 1 1 1 1 1 1 1 3 2 3 3 1 1 3 2 2 1 2 1 2 1 2 1 4 1 5 2 3 1 2 2 2 3 2 1 2 2 2 1 1 2 2 2 3 2 1 3 1 2 1 2 2 3 5 1 4 3 2 1 1 1 2 2 3 3 2 2 2 1 1 1 3 1 1 3 1 1 1 1 1 2 2 2 1 1 2 2 1 2 1 2 2 1 1 3 1 1 3 2 2 2 3 2 3 1 1 2 1 4 2 3 1 1 2 4 1 3 2 2 1 1 1 3 4 2 2 1 2 2 2 2 3 1 2 3 1 1 4 3 1 3 3 1 3 1 1 1 3 2 1 1 1 2 1 2 1 1 2 2 1 1 3 1 2 2 1 1 2 1 1 3 3 3 2 2 2 1 2 2 1 1 1 1 1 1 4 1 3 2 2 2 1 2 2 2 3 1 1 3 3 1 1 1 1 1 2 4 1 1 1 1 2 2 2 2 1 1 2 2 4 1 3 1 2 1 2 2 3 1 1 1 1 3 1 2 1 1 1 1 2 3 2 1 5 2 3 1 4 3 2 1 2 6 2 1 2 3 2 1 1 1 1 3 2 1 1 1 2 1 1 1 1 4 1 1 1 1 2 2 1 1 3 2 4 1 1 1 2 1 1 2 1 1 2 2 1 1 2 1 1 3 4 1 3 2 3 1 4 3 3 2 1 2 1 1 2 1 2 1 2 1 2 1 2 3 2 1 2 1 1 1 1 3 4 2 1 1 1 1 1 1 2 2 1 1 1 4 1 4 1 1 2 1 4 6 3 2 2 3 3 1 1 2 2 3 1 1 2 2 2 1 1 3 2 1 1 1 1 2 2 1 2 1 2 2 2 3 2 3 1 3 2 2 1 2 2 2 2 1 1 1 5 2 1 2 1 1 1 3 2 3 1 5 2 1 1 3 1 2 2 1 3 2 1 1 1 1 2 3 1 3 2 1 2 3 2 2 4 1 3 1 2 1 2 2 1 6 2 1 3 1 1 1 1 1 1 1 1 1 3 3 2 2 2 1 2 2 3 1 2 1 1 1 1 2 1 2 3 4 3 2 1 1 2 4 4 1 1 2 2 1 3 2 1 2 5 3 1 1 2 1 1 1 1 1 1 3 2 1 1 2 1 1 1 1 2 3 2 2 2 5 1 2 4 3 1 1 3 3 3 1 1 1 2 2 2 2 2 3 2 3 3 3 1 1 2 3 2 3 3 4 2 4 1 1 1 1 1 1 2 2 2 1 2 2 1 1 2 4 1 2 1 1 2 1 2 2 1 3 1 2 1 1 1 2 2 2 1 2 1 1 1 1 1 2 1 3 1 1 6 2 1 1 2 1 2 1 2 1 1 1 1 3 2 2 3 3 2 4 2 1 1 1 2 2 1 1 1 3 2 4 2 5 2 1 1 1 2 2 1 1 3 4 2 3 1 2 1 2 3 2 4 1 1 1 2 1 1 1 2 1 3 1 1 2 1 1 1 1 2 1 1 1 3 2 1 2 1 3 4 1 2 2 2 1 2 1 1 4 2 2 3 6 1 1 2 2 5 1 1 2 1 1 1 2 2 1 2 3 2 2 2 2 1 4 1 3 1 2 3 1 2 2 3 2 3 1 1 1 1 2 2 1 2 1 1 2 1 2 1 2 2 1 2 1 1 2 3 1 1 1 1 1 2 3 2 2 2 2 1 1 1 1 1 1 1 1 2 2 2 1 1 2 2 1 1 4 2 1 2 1 1 2 3 2 1 2 3 1 1 1 2 3 1 2 4 1 2 2 2 1 1 2 1 1 2 2 2 2 1 2 1 1 2 1 2 3 1 2 1 2 1 1 1 2 1 2 1 2 2 4 1 2 2 1 3 1 2 1 2 2 1 1 4 1 1 1 1 1 2 3 2 2 1 1 1 1 1 1 2 1 2 2 2 1 2 1 1 1 3 3 1 2 1 2 1 1 1 1 1 1 1 1 2 2 2 2 1 3 2 1 1 3 1 1 1 1 1 1 3 2 3 1 1 1 1 1 2 1 1 5 3 3 1 1 2 2 2 2 1 1 2 1 1 1 3 2 1 2 1 2 2 1 2 3 2 1 2 1 1 1 1 2 2 2 1 1 2 3 2 1 3 2 1 2 2 1 1 2 2 1 1 1 1 2 3 2 1 2 2 3 2 3 1 6 1 2 4 1 2 2 3 3 1 2 2 1 1 3 1 1 1 3 1 2 1 1 2 5 2 1 1 1 2 1 1 1 1 4 2 2 1 2 1 1 1 1 2 2 1 1 1 3 1 1 2 4 2 1 2 3 1 2 2 1 3 2 1 1 3 1 1 2 1 1 3 2 1 2 1 1 3 2 2 4 1 1 1 3 2 1 2 2 1 1 1 2 2 2 2 1 3 1 2 1 1 3 2 2 1 2 1 3 1 1 2 5 1 4 3 2 3 3 1 2 2 2 2 2 3 1 3 4 1 1 1 2 2 4 1 1 1 3 2 3 1 2 1 1 1 2 1 3 1 3 1 1 1 2 1 2 2 1 1 2 3 4 1 1 3 1 4 1 1 1 1 3 3 1 2 1 2 2 2 1 1 2 4 1 1 2 2 2 3 3 1 1 3 3 4 1 4 1 2 1 1 1 3 1 1 1 2 2 1 2 3 2 1 2 3 3 1 5 2 1 1 1 1 1 1 2 3 1 1 1 3 2 2 2 2 1 2 1 2 3 3 1 1 2 2 1 2 1 1 1 4 2 3 1 1 1 1 3 1 3 3 2 2 1 1 3 4 1 4 2 2 1 1 1 1 5 5 1 7 1 2 1 1 1 2 2 1 3 2 2 1 4 1 2 1 1 1 1 2 2 1 1 2 4 1 2 2 2 2 2 2 1 2 1 1 1 5 2 3 4 1 4 1 1 2 1 4 2 1 1 1 1 1 2 2 1 1 3 3 1 1 2 3 1 3 1 2 1 1 2 3 3 2 2 1 1 2 1 2 1 4 4 1 3 2 2 3 1 3 2 2 1 1 2 5 2 1 2 2 2 1 5 1 1 4 1 3 3 2 4 1 1 2 3 1 2 1 1 3 3 1 3 1 2 3 3 1 2 3 1 5 2 2 4 1 2 2 2 2 1 2 2 3 1 2 2 1 1 1 2 2 1 2 3 2 1 3 2 1 1 2 2 1 1 1 2 1 3 2 1 2 2 2 1 1 1 4 1 2 2 3 2 3 3 4 1 1 1 2 5 1 1 1 1 1 2 1 2 3 1 3 1 1 4 1 1 1 2 2 1 2 2 2 4 2 1 1 1 1 4 1 3 1 2 2 1 1 1 3 3 1 1 1 1 3 2 4 1 1 2 1 1 1 3 2 5 1 1 1 2 1 1 2 2 2 1 1 2 1 2 1 2 2 1 1 3 2 2 1 1 1 1 1 2 1 3 2 1 3 1 1 2 1 2 1 3 1 1 1 1 1 1 2 1 4 1 1 2 1 2 2 1 1 1 1 1 1 1 1 1 1 4 2 1 2 2 4 2 2 2 1 1 2 3 1 2 3 2 1 1 3 1 2 3 4 2 1 1 2 1 3 2 2 1 3 1 1 2 2 1 1 3 2 1 1 2 4 2 1 2 1 1 3 3 1 1 3 2 2 3 1 2 1 1 1 1 1 1 2 1 1 2 3 1 1 2 4 3 2 3 1 4 2 3 2 4 2 2 3 1 3 1 3 1 3 1 1 1 1 3 1 1 1 1 3 1 3 1 2 3 1 2 3 1 2 5 2 1 2 2 1 2 1 1 2 2 1 1 2 1 1 1 2 1 2 2 1 1 1 1 2 3 1 1 1 1 1 2 3 1 1 1 1 2 1 4 4 1 4 1 1 1 2 3 1 1 1 1 1 3 3 1 3 1 2 2 4 1 2 1 1 1 1 3 1 2 1 2 3 2 3 1 4 2 4 1 1 2 1 1 2 2 2 4 1 1 1 1 2 1 1 1 2 1 1 2 2 2 2 2 3 3 2 1 3 2 1 1 1 4 1 2 2 2 2 4 1 2 4 1 1 1 1 2 1 4 1 2 1 1 1 1 1 4 3 3 2 1 1 1 1 1 4 1 1 1 2 1 1 1 2 4 1 1 1 1 2 3 2 1 2 3 2 2 1 3 1 2 2 1 2 4 3 2 2 2 2 1 1 2 1 2 2 1 3 2 1 1 3 2 1 1 1 2 2 1 3 3 1 3 2 1 2 5 1 1 1 2 1 1 2 1 2 3 1 2 1 2 2 1 1 3 1 1 3 1 1 2 3 1 3 2 2 1 1 1 2 2 2 1 1 4 2 1 1 1 1 1 1 4 2 1 1 4 2 1 3 2 1 2 2 1 1 2 1 1 1 4 2 2 1 1 2 1 2 2 1 1 1 2 3 1 3 2 2 1 2 1 1 2 1 1 1 1 1 1 1 2 1 1 1 2 1 1 2 1 1 1 2 1 3 1 3 2 3 2 2 1 1 2 2 3 1 2 1 4 3 2 2 2 3 2 1 3 2 1 2 1 1 2 3 2 2 1 1 3 2 1 1 1 1 1 3 1 2 2 2 4 4 1 2 1 1 1 1 1 3 1 2 1 3 2 1 1 2 2 1 1 2 1 2 3 1 5 2 2 3 1 3 1 4 2 1 2 1 2 1 1 2 1 1 1 3 2 1 1 1 1 3 2 2 2 1 1 1 3 4 4 4 1 2 2 1 1 3 2 1 2 1 3 2 1 2 1 1 2 1 2 2 3 2 1 1 1 1 2 4 1 1 1 1 1 1 1 4 2 2 4 3 3 1 1 1 1 3 1 1 3 1 3 2 3 2 1 4 1 1 2 2 1 1 2 1 2 5 2 4 1 4 1 1 2 2 3 1 1 1 1 3 2 4 2 1 2 2 4 2 1 5 2 2 2 1 1 1 3 1 1 2 1 2 2 1 1 5 2 2 2 1 1 1 1 1 2 3 3 2 1 1 1 1 4 2 1 1 3 3 1 2 2 1 2 1 1 1 1 3 1 2 2 1 3 3 5 1 2 2 1 2 1 1 1 1 1 1 1 3 2 1 3 1 1 1 2 2 3 2 1 2 2 3 1 1 2 3 3 3 1 2 3 2 1 1 1 1 2 1 1 2 1 3 1 2 1 1 1 4 1 2 2 1 1 3 2 2 1 2 1 3 3 1 2 2 2 4 1 2 1 2 1 1 2 2 1 2 1 1 2 2 1 3 2 4 2 1 3 2 1 2 1 2 3 2 1 1 3 3 1 2 2 2 1 1 2 2 1 1 1 1 2 2 2 1 2 1 1 2 2 1 1 3 2 2 1 1 1 2 1 1 1 1 1 1 3 2 1 3 1 3 1 1 1 2 4 2 1 1 1 1 2 2 1 1 2 1 3 1 2 2 1 2 1 1 1 2 2 1 3 1 1 1 2 1 3 3 1 1 1 1 1 1 1 1 2 2 1 4 1 3 1 1 1 2 1 2 2 1 3 2 2 1 5 1 2 1 2 1 2 2 1 3 1 1 1 1 3 1 2 3 2 4 2 1 1 2 2 2 2 1 2 2 2 2 1 1 1 2 2 3 1 1 1 1 2 2 3 4 1 2 2 1 2 2 2 2 1 1 1 2 3 5 1 1 8 3 3 1 1 1 1 1 1 2 1 1 1 2 1 2 2 1 1 1 4 2 1 1 2 1 1 1 3 5 3 2 2 1 1 1 2 1 1 2 6 1 2 1 3 3 2 1 2 2 4 2 4 1 1 1 1 1 2 4 1 1 1 3 2 1 2 1 2 2 1 2 1 1 1 2 3 1 4 3 3 2 3 1 3 1 1 1 1 1 1 1 1 2 1 2 2 2 1 1 1 2 1 1 2 1 1 2 2 3 2 1 1 1 2 1 3 3 3 1 1 2 1 1 2 1 1 3 1 1 1 2 1 3 1 2 1 2 1 1 1 1 1 2 4 1 1 2 3 1 1 2 2 2 2 2 1 3 2 1 2 5 1 3 2 1 3 3 1 4 2 1 1 2 3 3 2 3 2 1 1 2 1 2 3 3 2 2 2 1 3 2 1 2 1 2 2 2 3 2 2 3 1 1 1 2 1 1 1 3 3 2 4 2 1 1 1 2 2 3 3 2 2 1 2 2 1 1 1 2 2 2 2 3 4 2 2 1 2 5 2 1 1 1 3 2 3 1 2 2 2 3 2 1 1 1 2 2 3 2 2 2 3 1 1 1 1 1 3 1 1 2 1 2 1 1 1 2 2 1 2 1 1 1 2 1 2 1 1 1 2 2 1 2 1 3 2 1 2 1 1 1 3 3 2 2 3 2 1 1 4 1 2 3 3 1 3 1 1 2 1 2 3 2 1 1 1 3 1 2 3 1 3 1 3 2 2 1 1 3 1 2 3 1 2 3 2 2 4 1 1 1 2 2 3 1 1 1 3 2 3 2 2 1 2 1 2 1 2 3 3 3 1 1 2 4 1 4 3 1 3 2 1 1 1 1 2 3 1 1 4 2 3 2 1 1 1 3 1 2 1 2 2 1 3 1 1 1 1 3 1 3 2 1 3 1 1 2 3 1 3 3 2 1 1 1 2 1 3 1 1 1 1 1 2 1 1 2 3 3 1 4 1 2 1 2 2 2 1 2 1 5 1 2 4 1 4 2 2 3 1 2 2 1 4 3 1 4 1 3 1 2 1 2 2 2 3 3 1 1 1 1 1 3 1 1 1 1 2 2 2 1 2 2 4 2 3 1 2 1 1 4 2 4 1 4 1 1 4 4 2 1 2 1 2 1 1 2 2 2 2 2 2 1 2 2 1 4 1 1 1 2 1 3 4 3 1 2 4 3 4 1 2 3 2 1 2 2 1 1 3 1 3 1 1 2 2 3 1 2 1 1 3 1 2 2 2 2 3 1 1 1 2 2 2 2 1 2 2 1 2 2 3 4 2 1 1 2 1 2 1 1 2 1 3 1 1 1 1 1 2 1 1 2 2 2 2 1 2 3 2 2 2 1 1 2 2 1 1 1 2 1 2 2 1 1 2 1 1 2 2 3 2 2 1 1 2 1 2 2 3 2 4 3 2 2 2 2 1 1 1 1 3 1 1 2 1 1 1 2 4 3 5 3 2 2 1 3 3 2 1 1 1 1 1 2 1 1 1 2 2 1 2 1 1 1 1 1 3 1 2 1 4 1 2 1 1 2 2 1 1 2 2 2 1 2 2 3 3 1 2 2 2 5 3 2 1 2 1 1 1 1 1 5 2 3 4 1 1 5 1 2 3 3 4 2 2 1 1 3 1 1 3 1 2 1 1 2 1 1 1 3 1 2 1 3 2 1 1 1 2 1 2 1 1 1 1 2 2 2 3 2 1 2 3 2 1 1 2 2 2 2 1 3 1 2 5 2 1 1 2 1 1 5 2 1 3 1 2 5 2 1 1 1 1 3 2 2 1 1 2 1 2 1 4 4 1 1 2 2 1 2 1 2 3 1 3 1 2 1 3 2 3 4 1 2 1 1 2 2 3 3 3 2 3 3 1 1 2 1 2 1 1 1 1 1 2 4 2 1 1 1 1 1 1 1 1 1 1 2 1 1 1 3 1 2 1 1 1 1 4 2 2 1 2 1 1 1 1 2 2 2 1 2 3 1 1 2 1 1 2 2 4 1 1 1 1 4 1 1 2 1 2 1 1 1 2 1 1 4 1 3 3 1 1 2 1 2 1 2 2 1 3 1 1 1 1 2 1 2 1 1 1 1 1 1 2 2 3 1 1 2 2 1 1 1 1 1 1 5 2 1 1 2 1 1 1 1 3 1 1 2 1 1 1 4 3 1 3 4 1 3 1 1 1 3 3 2 3 2 1 1 1 1 2 1 1 1 2 1 1 2 2 1 3 1 2 3 3 1 1 3 1 1 1 3 4 2 3 3 1 1 2 1 2 1 1 2 4 1 1 1 2 2 1 1 1 2 2 1 1 2 1 3 2 1 2 1 4 2 1 2 1 3 2 2 2 1 1 2 2 1 2 2 2 1 3 1 1 1 3 2 1 5 1 3 2 3 2 3 2 3 4 3 1 1 1 3 3 2 1 3 2 1 2 1 1 1 1 1 4 1 1 2 2 1 2 1 2 2 1 2 2 1 2 1 3 1 1 5 1 1 2 2 1 1 2 1 1 1 1 2 3 1 1 1 1 1 2 1 5 2 4 1 1 1 1 1 4 1 1 1 3 1 2 1 2 5 2 3 3 2 2 1 1 2 1 1 1 1 2 1 3 2 3 3 2 1 3 1 2 2 2 3 1 1 2 4 2 1 2 1 5 1 2 1 1 2 1 4 1 2 3 2 1 1 2 2 1 1 1 3 1 2 1 2 2 3 2 2 2 1 2 1 2 1 2 1 2 2 1 2 4 2 1 2 3 1 4 1 3 2 3 2 2 2 1 2 1 1 3 1 1 1 1 1 1 2 1 1 1 1 1 1 2 1 2 3 1 2 1 2 3 2 1 4 2 3 2 2 1 1 2 1 5 1 1 3 1 1 1 1 1 2 2 3 3 7 1 1 2 1 1 3 1 1 2 1 1 1 3 1 1 1 4 3 2 1 1 2 1 2 2 2 1 3 2 1 1 3 1 4 2 1 1 1 3 1 3 2 2 2 1 1 3 1 1 4 2 1 1 1 1 4 1 2 1 2 2 1 2 2 1 1 1 3 2 1 1 1 3 1 2 2 1 2 5 2 1 3 3 1 3 2 1 2 2 4 4 2 2 3 3 2 3 1 2 4 2 2 2 1 2 2 3 3 1 2 3 1 1 2 1 2 5 1 2 1 1 2 1 2 1 2 2 1 2 1 3 2 1 3 3 3 2 2 1 3 2 2 2 3 1 1 4 5 2 1 3 3 3 1 1 4 2 1 3 1 1 1 1 1 1 2 1 2 1 2 3 3 3 1 2 2 1 1 1 2 3 2 2 2 2 1 1 2 2 1 1 1 4 1 1 1 1 4 1 3 3 1 1 2 4 1 2 2 2 1 2 2 2 1 3 1 2 1 7 2 3 2 2 1 4 3 1 1 2 1 3 1 2 3 2 3 1 1 3 1 3 1 1 2 1 2 2 3 3 1 3 3 1 1 4 1 1 3 2 2 3 1 1 1 2 1 1 1 2 2 1 1 4 1 1 1 1 3 1 1 1 1 2 2 2 1 2 2 1 2 2 4 2 1 2 3 2 3 5 1 2 3 3 1 1 1 1 4 1 1 1 2 1 2 2 1 4 2 1 4 3 1 3 2 3 1 2 1 2 1 2 1 1 2 1 4 1 2 1 1 2 2 1 1 2 5 3 2 1 3 1 2 1 1 1 3 2 2 1 1 1 1 1 3 2 2 2 4 1 4 3 1 1 1 1 3 2 1 1 2 2 1 4 1 3 4 2 2 1 1 1 1 1 2 2 1 2 1 2 2 4 2 3 1 1 1 1 1 1 1 1 1 2 1 3 1 1 1 2 1 2 2 2 2 1 1 1 1 1 1 1 2 1 3 1 2 1 2 2 1 2 2 3 3 1 2 2 1 3 1 1 1 5 1 1 2 4 3 2 1 2 2 3 4 3 1 2 2 3 1 1 1 1 1 1 5 2 1 1 1 3 1 1 2 1 2 1 1 2 1 1 2 3 1 2 1 2 2 3 1 3 1 5 1 2 1 2 1 3 4 3 4 5 2 1 2 2 1 1 2 2 2 1 3 1 2 1 1 3 1 2 1 1 3 3 1 2 2 1 1 1 5 1 1 1 1 1 1 1 2 1 1 3 2 1 2 1 1 1 2 2 1 2 1 1 1 1 2 1 2 2 1 1 3 2 2 1 1 2 1 3 1 1 2 1 1 2 3 1 1 2 1 1 1 1 1 1 1 1 1 3 1 1 2 2 2 1 2 1 1 1 4 2 1 1 2 1 2 2 1 2 4 3 2 1 1 1 2 2 1 4 1 2 2 1 1 2 1 1 1 3 1 2 1 1 1 2 1 1 1 1 2 3 2 1 2 3 1 1 1 1 3 1 2 4 3 1 1 4 1 1 2 2 1 1 1 1 1 1 3 2 1 1 1 2 2 2 1 3 3 3 2 2 1 2 1 1 2 2 1 2 1 2 1 2 1 1 1 2 5 3 1 1 1 1 1 2 3 1 2 1 6 3 2 1 1 2 2 1 1 1 3 3 2 2 2 2 1 1 1 2 1 1 3 1 1 1 2 3 2 2 1 2 2 3 1 1 2 1 2 1 4 1 1 4 2 2 4 1 1 1 1 1 1 1 1 1 1 2 4 2 2 3 1 2 1 2 3 1 3 2 1 2 1 5 1 2 1 2 3 2 2 1 2 1 2 1 1 4 1 2 3 1 2 3 3 1 3 3 1 1 2 2 1 1 3 1 3 2 2 3 4 3 1 2 3 2 2 2 1 2 1 2 2 1 3 2 2 1 1 2 2 1 1 1 1 2 1 5 3 2 1 1 2 2 2 1 2 1 2 1 2 3 1 4 1 3 6 1 2 2 1 3 1 1 2 2 2 2 2 5 3 1 4 2 3 1 1 1 1 1 3 1 1 1 1 2 1 4 1 5 2 2 1 2 1 1 3 2 1 1 1 1 1 2 2 1 2 1 1 1 2 3 1 2 1 2 1 2 1 1 3 2 2 1 1 1 1 1 2 3 2 2 1 1 1 2 2 1 1 3 2 5 1 1 3 2 5 2 2 2 3 2 2 1 2 1 1 1 1 2 2 1 1 1 2 1 1 2 3 1 2 1 4 1 5 4 1 2 1 1 3 2 1 1 2 1 1 3 1 3 2 2 3 2 1 3 3 3 2 1 1 2 1 3 2 1 1 2 1 2 1 1 2 1 3 3 2 1 2 1 1 2 2 1 1 1 1 3 1 5 2 3 2 1 1 2 1 1 3 3 2 1 2 1 3 3 1 1 3 1 1 2 1 1 1 1 2 3 2 1 2 1 2 2 1 2 1 1 1 3 3 1 2 1 1 1 2 1 3 1 2 1 1 1 4 1 4 1 2 1 2 1 1 2 1 3 2 2 1 1 1 3 2 2 1 2 2 2 2 2 2 2 3 1 1 3 3 1 2 2 1 1 1 2 3 2 1 3 2 2 1 1 1 3 2 1 1 2 1 1 3 1 3 2 1 4 1 1 1 3 3 2 2 1 2 1 4 1 1 1 1 1 2 1 1 1 1 2 2 1 1 2 1 1 3 2 1 1 1 2 3 2 2 3 2 1 3 2 2 3 3 1 1 1 3 2 3 2 3 4 1 1 1 1 3 3 2 1 2 3 2 4 2 2 3 4 1 1 2 2 1 1 2 2 1 2 2 1 2 1 2 2 1 1 1 1 1 4 2 1 2 1 1 1 1 1 2 1 2 3 3 1 1 2 1 1 2 1 2 1 1 2 1 1 1 3 2 3 1 1 1 3 2 1 1 2 1 2 2 1 1 2 1 2 2 1 4 1 2 1 1 1 1 1 1 3 1 1 1 1 2 1 2 1 2 3 2 1 1 2 2 5 1 1 2 2 2 1 1 1 2 1 1 4 3 2 1 2 1 2 1 3 3 3 1 1 1 1 3 1 3 1 2 3 1 2 1 2 1 2 1 1 3 1 2 1 2 1 3 3 1 1 1 1 2 1 2 1 2 1 1 3 1 2 1 1 1 1 1 1 1 2 2 4 1 3 1 1 1 1 1 1 2 1 1 1 4 2 1 1 2 1 3 1 2 1 2 1 1 1 1 1 2 1 1 2 2 2 2 1 3 3 1 2 3 3 2 1 2 2 2 1 1 1 3 3 4 1 2 3 1 4 1 4 1 3 2 2 3 2 1 4 1 2 1 1 1 3 3 2 1 1 1 1 1 1 1 1 2 3 2 4 1 1 4 1 5 1 2 2 1 2 1 2 2 1 1 1 2 3 1 3 1 1 1 2 1 2 2 2 4 4 1 1 2 1 2 2 1 1 4 2 2 1 2 1 1 2 2 2 2 3 2 1 2 2 2 2 1 1 2 2 2 1 2 1 2 3 5 1 1 2 2 3 2 2 1 1 2 3 1 4 2 1 3 1 1 3 1 1 1 1 2 1 3 2 1 1 2 2 4 5 1 1 1 2 2 3 2 2 1 3 1 1 2 2 3 1 2 1 5 3 4 1 2 2 3 1 3 3 4 1 3 3 3 1 2 2 1 2 4 2 2 3 3 3 3 1 1 1 1 2 2 1 1 2 1 2 1 1 1 2 1 1 2 1 3 1 2 3 1 1 1 1 2 1 2 1 2 1 2 5 3 2 4 3 1 2 2 2 1 3 1 2 1 1 2 1 2 1 2 2 3 2 1 3 1 1 3 1 1 1 1 4 2 1 1 4 1 2 1 2 3 2 2 3 2 1 1 2 1 1 2 3 1 2 2 2 2 2 3 2 2 1 1 3 2 1 1 1 1 3 1 1 1 3 4 3 2 1 4 1 2 1 3 2 2 5 1 1 3 2 5 4 
  #Test Small 17173
  #Test Medium 26036
  #Test Large 39317
