Board size [mm] 400x100

Stats side 1
  #Components with background 14
  #Components with points 219
  #Components nofly 3
  #Components notouch 6
  #Pins 61015
  #GNDs 1342
  #VDDs 1023
  #Clock 35
  #NoFly points 452
  #NoTouch points 1048
  #Points [total] 64915

Stats side 2
  #Components with background 26
  #Components with points 202
  #Components nofly 3
  #Components notouch 0
  #Pins 43514
  #GNDs 1424
  #VDDs 1274
  #Clock 27
  #NoFly points 488
  #NoTouch points 0
  #Points [total] 46727

Stats board (side 1 + side 2)
  #Components with background 40
  #Components with points 421
  #Components nofly 6
  #Components notouch 6
  #Pins 104529
  #GNDs 2766
  #VDDs 2297
  #Clock 62
  #NoFly points 940
  #NoTouch points 1048
  #Points [total] 111642
  #Nets 101095
    Net Size: 2766 2297 62 1 3 1 2 1 2 2 3 3 4 1 2 2 2 5 2 3 2 1 2 2 1 2 1 2 2 6 2 2 2 3 3 2 5 3 1 2 1 3 2 1 2 1 6 1 1 3 2 6 1 2 3 2 5 3 2 3 2 1 1 2 1 2 2 1 1 1 1 3 1 1 1 4 2 3 2 1 1 1 1 2 1 2 2 3 1 1 3 1 1 6 3 3 1 5 2 1 1 2 5 1 2 1 1 2 1 4 1 2 4 1 1 1 2 2 4 3 3 1 1 3 3 1 1 3 1 1 1 2 2 3 1 2 1 1 1 4 1 3 3 1 2 5 1 2 2 2 1 1 3 2 3 2 2 2 3 4 4 1 1 1 1 3 1 4 2 2 3 2 1 1 2 3 3 1 2 1 2 1 1 3 5 1 2 2 2 1 1 3 2 2 2 4 4 3 1 1 1 3 4 2 1 1 1 4 1 1 1 3 2 3 1 2 3 2 2 3 2 2 3 3 3 3 1 2 1 2 2 1 1 2 1 3 2 3 2 2 2 1 2 1 2 1 2 4 1 1 2 3 3 2 1 2 4 3 3 3 3 3 4 2 1 1 1 2 3 2 1 1 3 3 1 2 3 2 2 2 2 1 2 1 1 2 1 1 2 1 1 3 3 2 4 1 1 3 6 3 4 1 1 2 1 1 3 1 4 1 1 4 2 2 1 1 1 1 3 1 5 1 2 2 3 2 1 2 2 1 1 3 1 3 2 2 1 2 3 3 1 3 3 1 2 1 4 5 1 1 1 1 2 2 2 1 1 2 1 1 1 4 3 2 2 2 3 5 2 2 2 2 1 4 5 1 1 3 1 1 1 2 3 3 1 2 2 1 1 2 1 1 3 2 5 1 1 3 3 3 3 4 2 2 1 3 2 3 6 1 1 3 2 3 2 3 1 1 1 2 1 6 1 2 1 2 3 5 2 3 2 1 1 2 1 2 5 4 3 1 1 2 1 3 1 2 2 2 3 1 5 1 1 1 4 2 3 1 2 3 4 4 1 2 1 1 3 3 1 3 2 1 2 1 2 2 2 2 1 1 4 2 3 3 1 2 1 4 1 3 2 3 1 2 4 1 3 1 2 3 4 2 1 1 1 3 1 1 2 1 4 4 5 2 1 1 4 3 1 3 2 4 1 1 3 2 2 4 1 1 2 3 1 3 1 3 2 2 3 1 2 4 1 1 2 1 2 4 2 1 3 2 2 2 1 2 5 3 3 2 1 3 1 2 3 1 1 1 3 2 5 1 1 1 2 2 4 2 4 2 2 1 4 2 2 2 5 2 2 2 3 2 3 2 1 4 1 3 2 1 1 1 1 3 1 1 3 1 1 1 1 3 2 5 2 1 2 2 1 1 1 1 2 4 2 1 2 2 1 2 2 1 1 2 4 1 3 1 2 3 1 2 3 1 4 2 4 3 3 4 2 2 3 2 1 2 2 1 2 1 6 1 6 1 1 4 2 1 3 2 4 2 2 3 1 2 4 2 2 4 3 2 1 1 2 2 3 2 1 2 3 3 4 1 2 1 2 2 2 1 2 2 3 2 3 3 3 3 1 3 2 1 1 1 1 1 1 2 6 1 2 1 1 3 1 1 2 3 3 3 3 2 1 3 3 3 2 1 1 2 4 1 3 3 1 1 2 1 1 2 3 1 6 2 1 1 1 1 1 4 1 3 1 1 1 2 3 1 1 3 2 1 3 3 3 6 2 1 1 1 2 3 1 1 1 1 1 5 2 1 2 1 1 5 1 2 1 1 1 2 2 3 1 5 1 2 3 2 1 3 1 5 4 3 1 2 4 3 1 2 2 1 2 1 1 2 1 2 4 1 1 2 1 3 1 1 1 3 2 2 2 3 1 1 1 2 2 2 2 3 1 1 1 2 2 2 2 4 2 2 1 2 3 2 4 5 2 4 2 2 1 1 2 4 1 1 2 1 3 2 3 1 1 3 2 2 3 3 3 2 2 3 2 2 3 3 2 5 1 2 1 6 3 1 1 1 2 1 2 2 3 5 3 2 3 1 5 1 3 1 1 2 2 2 2 4 1 2 3 2 2 1 3 5 5 1 2 2 3 3 2 1 1 1 2 1 2 1 2 1 2 3 2 4 2 1 3 2 2 2 2 2 3 4 1 3 4 2 3 2 1 2 2 1 1 2 1 2 1 1 2 1 1 2 2 1 1 4 1 2 3 2 2 3 3 3 2 1 1 3 4 5 1 3 3 4 2 3 2 1 1 3 2 3 1 2 1 1 3 4 4 2 2 1 2 2 3 1 2 2 2 2 1 3 3 3 1 3 1 2 1 2 3 4 3 2 1 1 3 1 1 7 5 3 4 1 3 2 3 2 6 2 2 1 2 3 2 1 1 2 2 2 1 3 3 1 2 3 1 4 2 3 1 4 3 1 1 1 1 1 1 2 3 2 3 4 2 3 2 1 2 2 1 2 2 1 1 1 2 1 3 2 2 1 2 2 2 3 1 3 2 2 3 3 2 1 1 1 2 3 2 2 1 4 2 3 2 1 1 3 2 3 3 3 3 2 3 2 1 1 1 3 1 3 1 5 3 2 1 1 1 2 2 2 1 2 4 3 2 4 2 1 2 2 1 2 2 2 3 2 4 1 1 2 5 4 2 4 1 2 2 2 2 2 1 3 1 4 1 2 1 3 1 2 3 1 1 2 2 2 4 1 1 1 1 4 1 3 4 2 2 1 3 3 1 1 2 1 2 2 4 3 1 2 1 3 4 4 2 1 1 1 3 2 1 1 1 2 2 1 1 1 3 1 1 1 1 1 1 1 1 1 1 2 3 1 4 1 1 1 1 1 1 1 1 3 2 2 2 1 1 6 2 3 1 2 3 1 2 2 1 1 1 2 1 1 4 5 3 4 2 1 2 3 1 1 1 3 2 1 2 1 4 1 1 3 3 3 1 2 2 2 1 1 3 3 1 2 2 1 1 4 1 3 1 3 2 5 1 1 3 1 4 2 3 3 1 3 2 3 3 1 1 1 3 1 1 2 3 4 1 1 2 4 3 2 1 6 3 1 4 2 2 1 5 1 3 2 3 1 2 3 4 2 2 1 1 5 1 3 2 1 1 1 1 1 4 3 1 1 2 2 1 3 6 1 5 2 2 1 3 1 1 2 3 3 3 2 1 1 1 2 2 2 2 1 1 5 2 2 1 1 1 4 3 1 4 2 2 2 1 1 2 3 3 1 1 3 4 1 2 1 1 1 2 5 2 4 1 2 2 4 1 1 1 5 3 3 3 3 1 2 1 2 2 1 4 1 2 1 2 2 3 2 1 1 1 1 1 1 1 2 1 1 2 2 3 2 2 1 2 2 1 2 3 1 1 3 1 1 2 1 1 1 1 1 1 1 3 1 1 2 3 1 2 1 3 4 1 3 1 1 2 3 1 1 1 2 2 1 3 2 1 3 2 1 4 2 4 1 1 3 2 1 1 3 2 2 3 1 1 2 3 1 3 1 1 2 2 1 1 3 1 4 2 2 2 3 2 1 3 1 3 1 2 1 1 3 1 2 2 6 4 1 2 1 3 2 1 2 3 3 1 3 3 1 3 3 3 3 3 2 3 5 2 2 1 2 3 1 3 2 3 1 1 1 1 3 2 2 1 4 3 3 2 1 1 3 1 5 2 3 1 2 1 4 1 1 1 1 3 3 2 1 2 1 1 3 2 2 1 1 3 1 1 1 2 2 2 4 3 2 1 2 3 3 2 3 2 1 4 1 2 2 3 1 1 1 2 1 1 3 1 1 2 2 1 2 2 3 2 2 1 1 3 1 2 3 1 3 2 1 2 2 2 3 3 1 5 2 1 5 1 1 3 4 1 2 3 3 2 3 1 1 2 1 1 1 2 3 3 4 1 1 3 1 3 2 1 1 1 1 2 3 6 4 2 4 3 2 1 4 1 1 2 2 2 4 1 1 2 1 2 1 1 1 1 2 2 1 2 4 4 2 1 3 2 3 3 2 1 2 2 1 2 3 3 2 2 2 1 3 1 3 1 2 1 1 4 2 2 1 1 1 4 1 1 1 1 2 4 1 2 2 2 2 2 3 4 1 1 2 3 2 2 2 1 3 1 2 3 3 2 2 3 4 1 2 5 1 2 1 2 1 1 1 1 1 2 2 3 2 4 3 2 1 2 2 2 1 3 2 1 2 3 2 1 3 1 1 2 2 2 2 2 5 2 2 1 2 4 2 3 3 1 1 1 2 2 1 1 2 1 2 1 2 3 2 3 1 2 1 1 1 2 2 3 1 2 2 3 1 4 1 2 2 1 1 3 1 1 3 2 1 2 2 1 2 1 2 3 2 4 3 1 1 3 3 4 2 1 3 1 1 1 2 1 1 1 1 3 1 1 2 4 1 1 2 4 2 1 3 2 2 2 1 2 2 2 1 3 2 2 1 2 2 2 2 2 2 3 4 5 1 2 2 2 1 3 2 2 1 1 4 1 2 2 2 1 2 1 2 1 2 6 5 3 1 4 2 2 2 1 3 5 4 1 1 2 3 2 1 3 1 1 1 3 2 3 1 1 1 2 1 1 2 3 3 2 3 1 1 4 1 3 1 1 3 4 1 1 2 3 4 3 2 4 2 2 2 1 3 1 3 2 1 2 1 2 2 1 1 3 3 1 2 2 1 2 4 3 2 1 4 2 2 2 1 1 5 1 3 2 2 2 5 1 1 3 2 1 2 1 2 1 3 3 2 3 2 2 2 3 1 3 2 1 3 2 1 2 1 4 1 1 1 2 2 4 2 3 1 1 2 2 1 1 2 2 4 1 2 1 1 5 3 1 1 2 1 1 3 4 2 1 3 2 3 3 2 2 2 2 3 3 1 2 2 1 3 3 2 3 2 3 3 2 2 2 2 1 1 2 2 2 5 3 3 1 2 3 3 3 2 1 4 4 2 3 1 2 1 1 1 2 4 3 3 1 2 1 4 1 4 3 5 1 1 2 1 1 2 7 2 2 5 5 1 3 1 1 1 1 2 3 2 2 1 2 1 3 3 1 2 3 4 3 3 1 1 4 4 4 1 1 1 2 2 3 2 1 3 1 1 3 3 1 2 1 2 1 2 1 2 1 1 3 1 3 1 1 3 1 2 1 1 2 2 3 3 1 2 1 3 3 2 2 4 3 3 2 3 4 2 4 1 1 5 2 1 4 1 3 1 3 1 2 2 3 1 2 2 3 4 2 2 2 2 3 3 1 3 1 3 2 1 1 3 1 2 3 1 2 2 2 1 2 1 3 3 2 3 1 2 1 1 3 1 4 4 2 1 2 2 4 1 4 3 2 1 1 1 1 2 4 1 2 1 2 1 5 4 1 2 1 4 3 1 2 2 3 1 2 3 3 3 3 2 2 2 1 1 2 6 3 5 2 1 1 1 2 4 4 3 6 2 1 1 1 5 2 2 3 3 4 3 2 1 1 4 4 4 2 1 2 1 4 1 1 2 4 2 3 3 2 2 1 1 4 1 1 1 2 1 1 3 2 1 1 2 2 2 5 1 1 4 1 1 2 3 3 1 2 1 1 2 1 2 2 1 1 1 1 1 1 1 3 2 4 2 1 1 1 1 1 2 4 3 2 2 1 1 1 1 1 3 2 1 2 3 7 2 2 4 2 4 2 3 2 1 2 2 1 2 2 3 3 2 2 3 1 1 4 2 2 1 1 3 2 3 2 3 1 2 6 3 1 2 1 1 5 2 1 1 1 1 3 2 1 3 1 2 2 3 1 4 2 1 1 3 1 1 2 2 2 2 4 3 2 1 4 2 2 1 1 2 3 2 1 1 2 5 1 1 1 2 2 1 1 1 2 2 2 4 1 1 4 1 4 1 3 1 2 3 1 2 1 3 1 1 1 3 2 2 5 2 2 1 1 1 2 2 1 1 1 4 1 1 2 1 1 2 1 2 2 1 3 1 1 1 4 3 1 2 4 4 3 1 1 4 1 2 2 2 4 1 2 1 1 3 2 3 1 4 3 3 2 2 2 3 3 1 2 1 2 1 1 1 3 4 1 1 5 1 1 5 2 3 2 3 2 2 2 1 2 1 2 5 1 2 1 2 4 3 3 2 1 1 2 2 1 3 2 2 1 2 2 3 1 2 1 1 3 1 2 1 2 1 2 2 1 1 1 5 5 2 1 3 1 2 1 4 2 4 4 2 2 3 2 2 3 2 3 4 1 2 2 1 3 2 2 1 1 2 4 2 1 2 2 1 2 2 2 4 2 3 1 1 2 1 1 3 2 3 1 1 1 1 1 1 3 3 1 1 3 2 2 2 1 2 1 1 4 3 2 2 2 3 1 1 1 2 2 2 4 1 3 4 2 3 2 1 2 3 2 1 3 2 2 1 1 5 2 2 2 3 4 1 1 2 2 2 3 1 2 3 1 3 2 2 2 2 1 3 2 2 3 1 1 2 2 1 2 2 1 2 2 2 2 1 5 2 1 6 1 1 1 2 3 1 4 1 4 2 2 1 3 1 1 2 2 2 2 1 1 1 1 4 2 2 2 1 1 1 2 1 1 1 1 1 1 1 2 3 2 2 1 2 1 3 1 1 2 1 4 4 1 2 1 1 1 7 1 2 1 2 2 1 3 2 2 2 1 2 1 1 3 2 2 1 1 1 3 1 1 1 3 2 1 1 2 2 1 3 2 3 1 1 3 5 1 2 1 2 1 2 2 2 2 1 1 1 1 1 5 2 3 2 3 4 2 1 3 3 2 5 1 1 1 5 1 2 1 2 2 1 2 1 3 3 2 2 2 1 2 5 1 1 2 2 2 2 4 2 2 1 2 1 1 1 3 1 1 1 1 2 4 2 3 1 2 5 3 3 2 2 1 3 2 1 1 1 2 1 2 3 2 2 3 1 5 2 2 1 1 1 1 2 3 1 1 4 3 3 2 2 2 4 2 3 4 2 2 1 3 1 2 3 1 1 3 2 1 4 1 2 2 1 3 2 2 1 1 1 2 1 1 1 2 2 2 1 5 1 1 4 1 3 2 1 2 2 2 3 2 2 4 1 1 1 2 1 2 3 2 1 2 1 3 2 2 2 2 5 1 1 5 2 1 3 4 1 2 1 6 5 2 3 1 1 2 1 1 2 2 2 2 2 3 1 1 2 1 3 2 3 1 1 1 2 2 1 1 2 3 2 1 1 2 1 2 3 1 4 4 3 2 1 1 4 1 3 1 1 1 5 2 1 3 2 3 1 4 2 1 2 1 2 3 2 1 3 3 3 3 5 3 1 2 1 3 2 1 2 3 1 1 1 1 4 3 2 3 1 1 1 2 1 1 4 1 1 2 1 4 3 2 2 5 2 1 4 1 3 3 1 2 1 2 1 3 1 4 2 1 2 2 1 4 3 1 1 1 2 1 3 1 2 2 2 5 1 3 2 1 1 3 3 1 1 1 2 1 3 1 2 2 3 1 1 1 1 1 2 1 1 1 1 3 1 1 1 1 3 1 2 3 1 1 3 3 1 2 3 1 2 1 1 2 1 2 1 2 1 1 2 3 1 2 1 2 1 3 2 2 2 1 1 2 2 1 3 1 1 3 1 1 2 1 1 4 1 1 1 2 3 1 2 1 3 2 2 1 2 2 1 2 4 2 1 1 2 3 3 1 1 2 4 1 2 4 4 2 3 3 3 1 1 2 1 1 1 1 4 4 1 1 2 3 1 1 1 1 1 1 4 1 2 1 3 1 3 1 1 1 1 2 1 3 3 3 1 3 2 1 5 4 1 3 1 2 2 1 1 3 2 2 1 1 1 1 1 5 2 1 1 1 6 1 4 2 2 7 1 2 2 3 1 3 2 1 2 1 4 3 2 1 2 4 3 1 3 3 2 2 2 3 1 3 3 1 2 3 1 2 2 1 3 2 1 1 3 3 1 2 2 1 1 1 4 7 1 5 2 2 5 1 4 1 1 3 1 2 1 1 1 3 7 4 4 2 1 1 1 2 2 1 3 1 1 1 3 1 1 2 1 2 1 5 2 2 1 2 1 1 1 3 4 3 2 5 3 2 1 3 1 3 6 2 1 1 1 1 2 6 1 1 1 2 1 4 2 1 1 1 4 2 1 1 3 4 1 2 1 2 3 1 1 1 2 3 4 1 2 3 1 1 1 2 1 2 2 3 3 2 2 2 2 2 3 1 2 2 2 3 1 3 1 2 1 2 1 3 2 1 1 1 1 1 2 1 2 1 2 3 1 1 4 2 3 2 1 2 3 1 2 3 3 1 4 4 1 1 2 1 2 1 2 4 1 1 1 1 1 2 1 2 2 1 2 3 1 1 2 1 6 1 3 1 1 1 2 2 3 2 1 2 3 1 1 1 1 2 2 2 1 1 1 1 6 1 2 2 2 3 1 2 2 2 2 3 1 1 2 3 3 2 2 1 1 1 2 4 1 2 1 1 2 1 2 1 2 3 1 1 3 1 1 2 1 1 1 2 4 4 1 5 3 2 3 3 2 2 2 4 2 5 1 2 1 1 1 5 2 1 2 2 4 3 1 2 1 3 2 3 2 1 3 1 2 1 2 3 3 2 1 2 1 1 1 1 1 2 3 2 2 1 2 2 1 1 1 1 2 2 3 1 1 2 2 1 1 2 3 3 1 2 2 1 2 3 3 3 1 2 3 6 1 2 3 1 1 1 2 1 3 2 1 1 2 1 2 2 1 3 1 2 3 4 2 4 1 2 1 1 1 2 3 1 1 1 2 1 3 2 3 1 1 1 1 4 1 2 3 2 3 1 1 2 3 1 1 2 1 3 2 2 1 4 2 4 2 1 3 1 2 2 1 3 1 4 2 1 1 4 2 2 1 3 5 3 1 1 2 3 3 1 1 2 4 1 2 2 2 2 2 2 4 1 1 2 2 5 3 1 3 1 3 1 5 4 2 1 1 4 1 2 3 2 1 2 1 2 2 3 1 1 3 1 1 2 1 2 3 3 2 1 1 1 2 1 2 4 1 3 2 2 1 2 2 2 1 1 2 2 1 2 1 2 1 2 2 1 1 1 4 2 1 4 1 4 3 2 3 1 3 1 4 3 2 3 4 2 1 2 1 2 1 3 1 1 4 1 1 2 4 4 1 1 1 1 2 3 2 1 3 4 2 2 1 3 1 2 3 4 1 1 1 2 1 2 2 2 1 2 1 1 3 1 4 3 2 1 3 1 1 4 3 4 1 1 1 1 2 2 1 2 2 2 2 3 1 1 1 3 1 2 2 1 2 4 2 1 3 2 5 1 3 2 7 2 4 1 3 5 2 1 2 2 4 1 1 3 2 3 3 3 2 1 1 3 3 2 3 2 2 2 1 1 3 3 1 1 1 2 1 4 2 3 4 1 3 1 2 3 1 3 1 2 1 1 1 2 1 3 1 2 1 4 7 2 2 4 2 2 3 1 1 1 1 3 1 2 5 1 1 2 6 2 1 1 3 1 4 1 2 2 3 1 2 1 1 3 2 3 3 2 2 2 2 3 1 2 3 1 1 1 2 2 3 2 1 1 4 1 4 2 4 2 1 1 3 1 1 2 3 1 3 1 1 1 1 1 3 1 3 3 2 2 1 1 1 3 1 2 1 2 3 2 1 1 1 1 5 2 2 3 1 1 1 1 3 3 1 2 1 3 1 2 2 1 1 3 1 4 1 2 2 1 1 2 1 1 1 1 2 1 3 2 2 1 2 1 5 2 1 1 2 1 2 4 1 2 1 1 1 3 2 1 2 1 3 3 1 1 1 3 3 3 2 2 1 5 1 1 1 1 2 2 1 2 1 1 2 3 1 2 2 2 2 3 3 2 1 1 1 2 1 1 4 1 1 2 3 2 1 3 1 3 3 2 4 5 2 2 1 3 1 2 4 4 3 4 4 2 2 2 1 2 2 1 1 2 3 2 1 3 3 5 1 4 1 3 4 2 2 1 1 3 4 1 3 5 1 2 1 3 1 3 1 1 3 1 3 4 1 1 1 1 1 2 1 3 1 1 2 2 1 3 2 1 1 3 2 2 4 2 2 4 1 2 4 3 3 3 1 4 4 1 1 1 2 1 1 1 2 1 3 4 2 1 1 2 1 1 3 3 1 1 5 1 3 2 1 2 1 7 1 1 4 2 2 3 1 1 1 1 3 1 2 1 2 1 2 2 2 3 2 1 1 1 3 1 3 2 3 2 1 1 3 2 4 3 1 1 1 2 3 1 2 1 1 3 2 2 2 1 2 2 1 4 2 3 1 1 1 2 2 1 1 1 1 2 2 3 3 3 3 1 3 1 3 2 3 1 2 1 2 2 2 1 1 4 2 1 3 1 1 2 1 2 1 1 3 2 1 3 3 2 5 1 3 2 2 1 2 1 1 2 1 2 4 3 2 3 1 2 2 1 1 1 5 1 2 1 2 4 3 2 1 1 1 2 1 3 2 3 2 3 1 1 2 1 1 3 2 2 3 1 2 2 1 1 2 1 1 1 1 4 1 5 1 1 2 1 1 1 5 1 2 4 4 4 2 1 1 3 2 1 2 1 2 2 2 2 4 1 2 1 1 1 1 5 6 1 2 2 3 1 2 1 1 2 2 1 1 2 2 2 1 2 4 1 1 2 2 5 3 2 2 2 3 1 1 1 2 2 2 1 2 2 2 3 1 2 3 1 2 2 3 3 1 1 2 2 4 1 3 1 4 2 1 2 1 1 3 1 4 4 4 2 2 1 1 1 1 4 2 3 1 1 1 2 6 1 4 3 2 2 1 1 3 2 4 3 3 3 1 1 2 1 2 2 2 3 1 1 2 2 1 1 2 4 2 2 2 1 4 2 3 1 2 1 3 1 5 5 1 4 1 1 1 1 1 3 4 2 1 1 1 3 1 2 1 1 1 2 1 4 1 1 2 2 2 3 5 4 1 1 1 2 2 1 1 2 6 1 4 1 4 1 3 4 1 1 1 1 1 2 1 1 3 2 3 4 2 1 3 2 2 3 1 1 1 4 1 6 5 2 5 3 3 1 2 2 2 3 2 1 1 1 4 1 1 1 1 3 4 1 2 2 1 2 2 1 1 1 3 2 2 3 4 4 1 3 1 1 1 1 2 1 6 3 2 1 2 2 1 1 2 2 1 1 3 1 1 2 2 3 3 3 2 1 1 4 1 1 3 1 1 2 5 3 4 1 1 4 2 3 2 1 1 3 2 5 2 3 1 3 1 2 4 3 1 1 1 1 2 2 2 2 1 4 2 3 1 2 1 4 1 1 2 2 2 3 1 3 1 2 1 1 2 1 3 3 2 1 2 1 1 1 2 2 5 1 2 2 2 1 4 4 2 1 2 2 1 1 1 4 2 5 5 2 1 1 2 1 1 5 1 4 2 1 2 2 1 3 4 1 1 3 2 1 2 2 2 4 2 2 2 3 2 4 3 5 1 3 2 1 3 1 4 1 2 1 2 3 1 3 6 2 1 2 3 1 3 4 4 3 4 1 1 3 1 4 1 1 2 2 2 3 3 2 1 5 1 1 2 2 2 1 1 1 1 3 3 1 3 2 1 2 2 1 1 2 3 2 3 3 1 4 2 1 4 2 3 2 1 1 3 1 1 3 2 1 2 3 3 1 1 1 1 1 3 1 1 3 1 2 2 3 1 1 2 2 1 1 2 2 3 
  #Test Small 8198
  #Test Medium 17348
  #Test Large 25110
