Board size [mm] 200x50

Stats side 1
  #Components with background 7
  #Components with points 47
  #Components nofly 1
  #Components notouch 0
  #Pins 10329
  #GNDs 297
  #VDDs 271
  #Clock 5
  #NoFly points 212
  #NoTouch points 0
  #Points [total] 11114

Stats side 2
  #Components with background 8
  #Components with points 46
  #Components nofly 0
  #Components notouch 0
  #Pins 12697
  #GNDs 235
  #VDDs 210
  #Clock 7
  #NoFly points 0
  #NoTouch points 0
  #Points [total] 13149

Stats board (side 1 + side 2)
  #Components with background 15
  #Components with points 93
  #Components nofly 1
  #Components notouch 0
  #Pins 23026
  #GNDs 532
  #VDDs 481
  #Clock 12
  #NoFly points 212
  #NoTouch points 0
  #Points [total] 24263
  #Nets 22147
    Net Size: 532 481 12 2 1 4 2 3 3 2 1 1 2 1 3 1 2 3 3 1 3 1 2 1 2 1 1 3 2 1 1 3 2 2 1 1 1 1 1 1 1 1 2 1 2 4 1 5 4 4 1 1 2 3 4 1 2 1 3 1 3 4 1 2 3 2 1 2 1 3 3 1 2 1 2 2 1 1 1 1 3 4 1 1 1 3 1 2 1 1 4 1 3 1 1 3 1 2 2 1 1 1 1 3 2 1 2 1 1 2 2 1 4 1 2 1 2 3 1 1 2 2 2 4 2 1 3 1 2 2 2 1 1 2 3 2 1 4 2 2 2 1 2 3 1 1 1 1 2 2 2 1 3 2 3 2 1 4 1 2 1 1 2 1 2 5 3 2 1 1 2 3 1 3 2 1 1 4 3 2 2 1 5 1 1 1 1 4 1 1 2 4 2 3 1 1 2 4 3 1 2 1 1 2 4 5 3 3 1 1 3 3 3 1 1 1 3 2 4 2 1 1 1 2 1 2 2 1 1 5 4 2 3 3 3 3 2 3 2 5 1 2 3 1 2 2 4 3 1 3 1 4 2 2 1 1 2 4 3 1 4 1 2 3 2 1 2 4 2 1 3 1 2 1 3 5 3 2 2 2 1 4 2 2 3 1 3 1 3 1 1 2 1 1 2 1 1 4 1 1 3 2 1 2 1 1 1 1 2 1 2 2 2 3 1 1 2 1 3 2 1 2 1 2 1 1 3 1 2 2 3 1 1 3 1 2 4 1 1 1 1 3 1 4 1 3 2 1 2 2 1 1 2 1 3 1 3 2 4 2 2 1 2 2 1 3 2 2 1 2 1 2 5 1 1 1 1 1 3 1 2 1 2 1 1 1 1 1 1 3 3 2 1 1 1 3 1 2 1 4 1 2 2 4 2 1 2 2 1 2 2 1 1 1 4 4 1 1 1 1 1 3 5 1 1 1 2 3 4 1 2 1 2 2 2 2 1 2 1 3 3 1 2 1 1 2 1 1 2 2 1 2 1 2 1 1 3 1 2 1 1 2 2 5 2 2 3 2 1 5 1 2 1 3 1 1 1 1 2 1 1 3 1 1 2 2 2 3 2 1 2 1 2 2 3 1 1 4 2 1 1 1 3 1 3 1 2 2 3 1 3 2 2 3 2 1 1 3 3 2 3 2 3 1 4 2 3 3 2 2 2 5 3 3 1 1 2 1 2 1 1 1 2 1 1 2 1 1 2 1 1 1 2 1 1 1 2 2 1 2 2 3 1 1 3 4 1 1 3 2 1 1 2 2 1 2 2 1 4 1 3 2 2 2 1 4 2 4 1 1 2 2 2 4 1 2 3 1 1 1 1 2 3 2 2 1 3 1 1 2 3 3 2 1 4 1 1 2 3 1 1 1 2 1 3 3 3 1 4 1 1 1 2 3 1 2 1 5 2 3 2 2 1 1 1 3 3 1 3 2 3 2 3 1 2 2 1 1 1 2 2 4 1 4 4 2 1 2 2 3 2 3 1 4 3 3 2 1 3 1 1 3 3 1 1 2 2 4 3 2 1 2 2 1 2 4 3 2 1 1 2 2 1 1 3 3 2 2 1 3 3 1 1 1 1 1 2 2 1 1 1 3 3 3 1 1 1 1 4 1 1 4 2 1 2 1 1 5 1 5 4 1 4 2 4 2 2 2 2 1 2 1 1 1 2 1 3 1 1 1 1 2 1 1 2 2 1 1 2 2 1 1 5 2 2 2 1 1 1 2 3 1 1 3 1 4 1 1 3 3 3 3 2 4 1 2 2 1 3 2 3 1 2 1 1 2 2 1 2 1 1 2 3 3 1 2 3 1 3 2 2 4 2 1 1 1 2 2 2 2 2 3 1 3 1 2 2 2 1 2 1 2 4 2 1 1 1 1 2 2 2 2 1 5 1 1 1 5 3 2 2 1 5 3 2 1 1 4 2 1 2 3 4 5 1 3 4 1 1 2 1 3 1 2 4 2 3 3 3 1 1 2 3 4 1 1 2 1 2 2 1 2 2 1 1 2 2 1 2 3 2 2 1 4 3 3 1 1 2 3 1 1 1 1 2 2 1 2 1 1 4 2 2 1 2 3 1 1 3 3 3 3 2 3 1 3 2 2 1 2 3 1 1 1 1 2 1 2 3 2 3 1 1 2 2 3 1 4 1 2 1 1 3 3 7 3 1 1 1 1 1 2 2 1 3 2 1 2 1 4 4 1 1 2 1 2 3 4 2 1 4 1 1 4 1 3 3 1 1 2 4 1 1 1 3 1 3 1 1 2 2 1 1 1 2 1 1 1 3 1 3 2 2 1 2 2 2 2 2 1 4 1 2 3 2 4 4 1 2 1 1 2 2 2 1 1 2 2 1 3 1 1 2 2 1 1 2 3 2 1 2 2 2 2 2 2 2 1 2 1 1 3 1 2 1 1 3 2 1 3 1 3 1 3 2 1 1 2 1 2 3 3 1 1 2 2 1 1 1 1 4 1 1 1 2 1 1 1 4 2 2 3 2 1 1 1 1 2 1 1 1 1 1 1 3 2 1 5 1 2 1 1 6 2 3 1 1 3 1 2 2 1 2 1 1 1 1 2 1 1 1 2 1 3 1 1 2 3 1 1 1 3 1 2 2 3 3 2 1 2 3 2 1 1 3 1 1 2 4 1 1 1 1 
  #Test Small 2131
  #Test Medium 4037
  #Test Large 5918
