Board size [mm] 325x125

Stats side 1
  #Components with background 56
  #Components with points 266
  #Components nofly 6
  #Components notouch 4
  #Pins 52263
  #GNDs 2362
  #VDDs 1986
  #Clock 14
  #NoFly points 940
  #NoTouch points 584
  #Points [total] 58149

Stats side 2
  #Components with background 65
  #Components with points 279
  #Components nofly 0
  #Components notouch 2
  #Pins 51287
  #GNDs 2201
  #VDDs 1799
  #Clock 53
  #NoFly points 0
  #NoTouch points 464
  #Points [total] 55804

Stats board (side 1 + side 2)
  #Components with background 121
  #Components with points 545
  #Components nofly 6
  #Components notouch 6
  #Pins 103550
  #GNDs 4563
  #VDDs 3785
  #Clock 67
  #NoFly points 940
  #NoTouch points 1048
  #Points [total] 113953
  #Nets 6303
    Net Size: 4563 3785 67 1 1 3 1 2 1 3 1 2 2 2 1 1 1 1 2 3 1 1 3 2 2 1 2 1 1 1 1 3 1 1 1 1 2 1 2 1 1 1 2 2 2 2 2 2 2 2 4 3 3 1 2 1 1 1 3 1 1 2 2 1 1 1 4 3 2 1 1 1 1 1 2 1 1 2 1 1 1 1 1 1 1 3 1 1 2 1 1 1 1 1 1 4 2 1 2 1 2 1 1 2 2 1 1 1 1 1 1 1 2 2 1 2 1 1 1 1 3 1 1 1 1 1 1 1 1 2 2 1 1 3 1 1 1 3 1 3 1 2 2 1 1 2 1 2 1 1 3 3 3 3 2 3 1 1 1 1 2 1 2 1 4 1 2 1 1 5 1 1 1 2 2 1 1 2 1 1 2 1 1 2 2 3 2 3 1 1 1 1 1 2 1 1 3 1 1 1 1 2 1 1 1 1 1 2 2 1 1 1 3 1 1 1 2 1 1 2 1 2 1 1 1 2 3 2 1 1 2 2 1 1 1 1 2 1 4 1 2 2 1 2 4 2 1 2 2 1 1 1 1 3 1 1 3 1 1 3 1 1 1 1 3 1 1 2 1 2 1 1 1 1 4 2 2 2 4 1 1 2 1 2 2 2 3 2 1 1 1 1 3 1 1 1 2 1 2 2 1 1 1 1 1 1 3 3 2 2 1 2 1 2 3 2 2 1 2 1 1 1 1 1 1 1 1 1 1 3 1 1 1 3 2 1 1 2 1 2 1 1 2 2 1 2 1 3 2 1 2 1 1 4 1 3 1 3 2 1 2 1 1 1 1 1 1 3 1 5 1 1 2 2 2 1 1 1 1 1 4 1 1 1 2 1 2 1 1 1 1 1 1 2 1 1 1 1 3 2 1 1 1 2 2 3 2 1 2 1 1 1 1 1 1 1 1 2 1 2 4 1 2 1 3 2 2 2 2 1 1 2 1 1 3 2 2 3 1 1 1 1 2 1 1 1 2 1 1 1 2 2 1 1 2 2 1 2 2 3 1 1 1 3 1 1 1 1 1 2 2 1 2 1 1 2 2 1 1 2 2 1 2 1 3 1 1 2 4 1 1 2 2 1 1 2 1 1 1 2 1 1 4 4 1 1 1 1 1 7 1 1 1 1 2 1 2 3 1 2 1 1 1 4 1 2 1 2 1 3 1 1 2 1 2 2 1 2 2 1 2 3 2 1 6 1 1 2 1 2 1 3 3 1 1 1 2 2 1 1 1 2 1 1 1 2 1 2 2 1 1 1 2 1 1 3 1 2 1 1 1 1 1 3 2 3 1 2 2 2 1 4 1 1 1 1 1 2 2 1 2 2 2 2 1 1 2 3 1 1 1 3 4 1 2 1 1 2 1 2 1 1 4 2 2 1 1 1 2 1 2 3 1 4 1 1 3 1 1 1 1 2 1 2 2 1 1 1 2 1 2 3 1 2 1 4 2 2 4 1 2 2 1 1 2 1 1 2 1 3 1 1 3 1 1 2 3 4 2 1 1 1 2 2 1 1 1 2 1 2 2 1 1 1 2 1 4 3 2 1 1 1 1 2 2 2 1 1 1 1 1 1 1 1 1 1 1 1 1 2 2 1 2 1 1 1 2 3 2 2 1 2 5 3 1 4 2 2 4 2 1 1 1 1 2 1 2 2 3 2 2 1 3 1 1 1 1 1 1 2 1 2 3 3 3 1 2 4 1 1 3 2 3 1 2 1 1 1 2 2 1 3 2 1 2 1 1 1 1 1 1 3 1 1 2 1 1 2 1 1 1 1 1 1 2 1 2 2 1 1 1 2 1 1 1 2 2 2 1 1 1 5 1 5 1 1 1 2 1 1 2 1 2 2 1 3 1 3 1 6 1 1 2 1 1 1 2 1 2 1 1 2 3 3 1 2 4 2 1 2 1 2 2 1 1 4 1 1 1 1 5 1 1 1 2 1 1 1 1 1 2 1 4 1 2 1 1 1 2 3 2 1 2 1 1 2 5 2 1 1 1 1 3 3 2 2 1 2 1 1 3 2 3 4 1 4 1 1 1 1 1 1 2 2 1 1 3 2 1 2 1 1 1 2 2 3 1 1 2 2 1 1 1 1 1 1 2 1 1 3 2 1 1 3 2 1 1 1 2 1 1 2 1 1 2 1 1 1 1 1 2 4 2 1 1 1 2 2 1 1 1 1 2 1 1 2 1 1 1 2 2 1 2 2 2 2 1 1 1 3 1 1 1 1 1 1 2 1 1 3 2 1 2 2 2 2 2 2 1 4 1 3 1 2 1 1 1 5 1 1 1 2 2 2 1 2 4 1 1 4 1 1 1 2 3 1 2 3 1 1 3 1 2 2 1 1 1 1 2 1 1 1 1 1 1 1 2 1 2 1 2 2 1 1 2 1 1 1 1 2 1 1 2 1 3 2 1 2 1 1 1 2 2 1 1 1 1 2 1 1 1 1 1 2 1 2 1 1 1 2 1 2 1 1 1 1 1 1 1 4 1 2 1 2 2 2 1 3 1 2 2 3 6 2 1 2 1 5 2 1 1 1 2 3 2 3 2 1 2 2 1 1 3 1 2 2 1 1 4 1 1 1 3 1 1 1 1 1 2 2 2 1 1 2 2 1 1 2 1 1 1 2 1 1 1 1 1 1 2 1 1 1 1 4 1 1 2 1 1 2 1 1 2 1 1 3 1 2 1 1 2 1 1 1 1 1 2 2 2 2 1 1 2 1 1 3 1 1 1 1 3 1 1 1 1 3 1 3 1 3 3 2 1 3 1 3 1 3 1 1 2 1 2 3 1 1 2 1 1 1 3 1 1 1 2 2 2 2 2 1 1 2 1 1 1 1 2 1 3 1 1 1 1 1 1 3 1 1 1 2 1 3 1 2 1 2 1 1 1 3 1 2 1 2 1 3 1 1 3 2 2 3 2 1 1 2 2 2 1 1 1 1 1 1 1 2 3 1 3 2 2 1 2 2 1 1 1 4 1 3 2 1 1 2 6 2 2 1 3 1 2 1 2 2 2 4 1 1 2 2 2 1 2 1 1 1 1 1 1 1 1 1 1 1 1 2 3 3 2 2 3 3 2 2 1 2 1 1 2 3 2 5 1 2 1 1 1 1 1 3 1 1 1 4 1 1 1 2 2 1 1 1 2 1 3 2 2 3 1 2 4 2 1 1 1 1 2 3 1 1 2 1 1 1 1 1 1 1 1 1 1 1 2 2 3 2 2 2 2 1 1 4 2 2 1 2 2 1 1 1 1 2 1 5 2 1 2 1 1 3 2 2 2 3 3 1 2 2 4 1 2 1 3 2 3 1 1 1 1 1 1 2 3 1 1 1 2 1 1 4 1 3 3 1 1 2 1 1 1 3 1 2 1 1 2 1 2 3 1 1 3 1 3 2 4 2 2 2 2 2 1 1 1 2 1 2 2 2 2 2 1 1 2 1 1 1 1 1 1 3 2 1 3 1 1 1 3 1 2 4 1 1 1 2 1 1 2 2 1 1 1 2 1 2 2 3 1 2 1 1 1 1 1 1 2 2 1 1 3 1 2 3 2 1 1 2 1 3 3 2 2 2 3 1 1 1 2 1 1 2 1 2 2 1 1 1 3 1 1 2 1 1 2 1 1 1 1 2 3 1 2 1 3 1 1 1 3 1 2 1 2 1 3 1 1 2 1 2 2 2 2 3 2 1 2 4 1 2 1 2 1 3 1 2 2 3 1 2 4 1 2 1 1 1 2 3 2 1 1 1 1 2 1 2 1 1 2 2 3 2 3 3 3 1 1 2 2 1 1 1 2 1 2 1 1 1 1 1 2 3 2 2 2 1 1 3 1 2 2 3 1 1 2 2 1 1 3 1 1 1 3 1 1 2 4 1 1 1 2 1 5 1 1 2 3 1 1 2 1 2 2 2 2 3 1 1 1 1 1 1 1 2 2 1 2 1 1 2 3 1 2 1 1 2 1 1 1 3 2 1 2 4 3 1 1 2 1 1 1 2 1 1 1 2 4 1 1 2 1 1 2 2 2 1 2 3 2 4 1 1 2 1 3 2 1 1 1 1 1 1 2 1 1 1 1 1 1 1 1 1 1 1 1 1 3 2 2 1 2 2 1 1 1 1 2 1 3 2 1 1 2 4 3 1 3 3 2 2 1 1 2 5 2 1 3 2 2 1 1 1 2 2 3 4 3 1 3 1 1 2 2 1 1 1 2 1 1 2 2 1 2 2 1 3 1 1 1 1 1 2 1 1 2 1 2 1 2 1 1 1 1 1 2 1 1 1 1 1 1 1 2 1 1 1 1 1 1 2 1 2 1 1 2 2 1 1 1 1 2 1 1 2 2 1 1 2 2 1 2 2 1 2 1 1 2 1 2 2 1 2 3 1 1 2 2 1 1 2 1 1 2 1 1 1 2 1 2 3 2 1 3 4 2 1 1 1 1 2 2 1 1 3 1 2 1 3 1 2 1 1 1 2 2 1 3 3 1 2 1 2 1 2 3 1 4 1 1 2 1 1 2 2 3 1 1 1 2 1 1 4 2 1 2 2 3 1 2 1 1 3 1 3 2 6 1 2 1 1 1 2 2 1 2 1 1 1 1 2 1 1 2 2 3 2 3 3 1 4 2 1 4 1 1 1 2 2 1 1 1 1 1 5 1 2 1 1 1 1 3 1 1 1 2 3 1 3 1 3 1 1 1 1 1 1 1 2 2 2 1 1 1 3 1 1 2 1 2 2 1 1 2 1 2 2 2 2 1 3 2 2 1 2 1 3 1 1 1 1 2 3 1 3 2 2 1 1 1 2 1 3 2 2 1 3 2 2 1 2 1 1 3 2 1 1 4 1 2 2 2 1 1 1 1 3 2 2 2 1 2 3 3 3 1 2 1 1 4 6 1 3 1 1 1 1 1 2 1 2 4 2 1 1 2 1 2 1 1 1 2 1 3 6 1 1 2 1 2 2 3 1 1 1 2 1 3 1 3 2 2 1 4 2 7 4 1 2 3 1 1 1 1 2 1 3 1 1 1 1 1 1 1 1 1 2 2 1 4 1 1 2 1 2 1 1 2 1 1 2 1 2 2 1 1 1 4 2 2 1 1 2 2 1 1 1 1 2 1 4 2 2 2 2 1 2 1 1 1 1 1 1 2 1 4 2 1 2 7 4 5 1 1 2 1 2 3 2 1 2 2 2 1 1 1 2 1 3 2 3 1 1 1 2 3 2 3 1 1 2 2 1 1 1 2 1 4 2 1 2 2 2 2 1 1 2 2 1 1 2 2 1 4 1 2 2 4 2 2 1 1 1 2 1 1 1 2 2 1 1 1 2 1 2 5 1 1 1 2 1 1 1 1 1 2 3 2 2 1 2 1 1 1 1 2 1 1 1 2 1 2 1 4 2 2 2 1 1 1 1 1 2 1 2 1 2 2 1 2 1 2 1 1 2 1 1 3 1 1 4 1 3 1 1 2 1 3 1 2 1 2 1 2 1 2 1 1 5 1 2 1 2 1 2 1 1 2 1 2 4 1 1 3 2 2 2 1 1 2 1 1 1 4 3 2 2 1 2 2 2 2 2 1 1 4 2 1 3 1 1 2 1 1 1 1 3 1 1 1 1 1 1 4 1 3 3 1 1 1 1 3 1 2 2 2 2 2 1 2 1 1 3 2 1 1 2 1 1 1 2 2 1 3 3 2 3 3 2 2 1 2 1 1 2 2 1 5 1 1 4 1 1 1 2 2 2 5 2 1 3 2 3 2 1 1 4 3 3 1 3 1 2 1 1 1 1 2 1 1 1 1 3 1 3 1 1 2 1 2 3 2 3 1 2 1 1 1 2 1 2 2 5 2 3 1 2 4 1 1 3 3 1 1 3 1 1 1 1 2 1 1 1 3 3 1 1 2 1 2 1 1 2 1 2 1 1 1 1 1 1 1 1 1 2 1 1 3 3 2 2 3 2 1 2 2 1 1 1 1 2 1 1 1 1 1 1 2 1 1 1 4 1 1 1 1 1 3 1 2 3 2 1 3 1 1 1 1 2 1 1 3 1 2 1 1 2 1 1 3 2 1 1 1 1 2 2 1 2 1 2 1 1 3 1 1 3 1 2 1 1 2 1 1 2 1 1 2 1 1 1 1 1 1 1 1 1 1 2 2 2 2 2 1 2 5 2 2 1 1 1 2 1 2 2 7 2 2 1 1 1 2 2 3 1 2 1 1 1 1 4 1 3 3 2 2 1 1 1 2 1 1 1 1 1 1 1 1 1 2 1 3 2 3 1 1 1 1 1 1 2 3 1 2 1 2 2 3 1 4 1 1 2 2 1 2 1 3 1 1 1 3 2 1 1 1 2 2 1 1 3 3 3 1 1 1 1 1 3 3 3 1 1 1 3 1 2 1 1 2 3 3 1 1 1 2 2 3 1 1 2 1 1 2 2 1 5 3 1 1 1 1 2 1 1 3 2 1 2 3 1 1 1 1 2 2 1 1 1 1 2 2 4 1 2 1 2 1 3 2 1 1 2 1 4 1 2 2 3 3 2 2 1 2 2 1 1 2 2 2 3 2 1 1 3 2 2 1 4 1 1 2 2 3 1 1 1 1 3 1 1 2 1 2 1 1 1 3 2 1 5 2 1 2 1 3 2 3 2 2 1 2 2 3 1 1 1 5 2 2 1 2 1 3 1 1 3 2 2 1 1 1 1 1 2 1 1 1 1 1 1 1 2 1 1 2 1 1 2 2 1 1 4 2 1 1 1 2 1 1 2 1 2 1 2 1 3 2 1 1 2 1 3 2 1 2 1 2 3 1 1 2 2 1 1 2 1 1 1 2 3 1 1 1 3 1 1 1 1 3 1 1 1 1 1 2 1 1 2 2 2 1 3 4 1 2 1 2 1 1 1 1 1 1 1 2 1 1 2 1 2 1 3 1 1 1 3 2 2 2 2 1 1 1 3 1 1 1 2 1 3 1 1 2 2 2 1 1 2 2 1 3 1 2 1 1 2 2 1 1 2 1 3 3 3 2 2 1 1 2 1 1 2 1 2 1 2 1 3 2 2 1 1 1 3 2 1 2 3 2 1 1 2 1 3 2 1 1 2 2 2 1 4 1 1 1 2 3 1 1 1 2 1 2 1 2 2 2 1 1 1 1 1 1 1 3 2 1 1 2 3 3 1 2 1 1 1 1 1 1 2 1 1 2 1 1 2 2 2 2 1 3 4 2 2 1 2 2 2 1 3 2 1 1 1 4 2 1 1 1 1 2 1 2 2 2 2 1 2 1 1 2 2 2 1 1 1 1 2 1 1 1 1 1 2 2 1 2 1 1 2 2 3 1 2 4 1 2 1 1 2 1 2 2 1 4 1 1 2 2 1 2 1 1 3 2 1 1 3 1 2 1 1 1 1 4 1 1 1 1 1 1 1 2 1 4 1 3 1 2 3 1 2 1 3 1 1 1 1 1 1 1 1 2 1 2 2 1 1 1 2 2 2 3 1 1 1 2 1 1 2 1 1 2 1 3 2 1 1 1 1 2 1 1 3 2 1 4 2 1 3 2 2 1 2 2 1 3 2 1 1 1 1 1 1 4 1 1 2 1 1 1 1 2 2 2 1 2 1 1 1 1 1 2 1 1 1 2 1 1 1 2 1 1 2 1 1 1 1 2 2 2 2 1 3 2 2 1 4 3 2 4 1 3 1 2 1 1 1 1 6 2 4 2 1 1 4 1 2 1 4 1 1 1 1 3 2 1 1 1 1 1 1 1 3 1 1 3 2 1 1 3 1 2 2 2 1 2 5 1 1 2 2 1 1 1 2 2 2 1 1 2 1 3 2 3 2 2 1 2 2 2 1 1 1 1 2 2 3 1 2 3 4 2 1 1 3 1 2 1 1 1 2 1 1 1 2 1 1 3 1 1 2 1 3 1 2 2 2 2 1 1 1 3 1 2 1 2 2 3 1 1 3 1 2 1 1 1 1 1 2 2 1 1 1 1 2 3 1 2 1 2 1 1 3 2 2 2 1 1 2 1 3 1 1 2 2 2 1 3 1 1 1 1 3 1 1 2 1 1 2 3 3 1 2 3 1 1 1 2 1 1 2 1 1 1 1 2 1 1 1 2 1 1 1 1 1 5 1 1 1 1 1 1 2 1 2 1 1 3 2 2 3 1 1 2 3 1 1 3 2 1 2 1 3 1 4 2 2 3 1 5 3 1 2 2 1 1 3 4 1 1 2 1 1 1 2 2 1 1 2 2 2 1 4 1 1 1 1 5 1 2 2 2 3 1 2 1 2 1 2 1 1 2 1 2 1 1 3 1 2 1 2 3 1 1 3 2 1 2 1 2 1 2 1 2 1 1 1 1 1 2 4 1 3 1 1 2 3 3 1 2 2 2 2 3 1 1 3 3 2 1 1 1 2 1 3 1 2 1 2 4 1 2 2 1 2 1 1 1 2 1 1 1 2 2 1 4 2 1 2 1 2 1 2 2 2 1 2 1 2 1 1 1 1 1 1 2 2 2 2 2 1 1 2 1 1 1 1 5 3 3 2 3 1 3 1 1 4 2 1 3 2 3 2 1 1 2 1 1 1 2 2 2 1 1 1 4 1 3 1 1 3 1 3 1 1 1 1 1 1 2 1 2 1 1 1 1 1 1 1 2 1 1 2 2 2 1 1 1 1 1 2 1 1 1 2 2 1 2 1 2 2 3 1 2 1 2 2 1 3 1 1 1 2 1 2 1 6 3 3 1 2 1 1 3 1 2 2 1 1 1 1 2 1 2 1 1 5 2 1 2 3 1 1 1 2 2 1 1 3 1 1 3 1 1 1 1 3 1 1 1 1 2 1 1 3 2 4 2 1 1 1 1 2 1 1 2 1 1 1 1 1 2 1 3 3 1 2 1 2 1 1 1 2 1 1 2 2 1 2 2 1 2 1 2 1 1 1 1 2 1 2 3 2 1 2 3 2 2 1 3 2 1 1 1 2 1 2 1 1 3 3 2 2 3 1 5 1 1 1 1 1 1 2 3 1 1 1 2 2 2 1 1 1 1 2 2 1 3 1 2 1 3 3 2 2 1 2 1 2 2 2 2 1 3 2 3 1 1 1 3 2 2 1 3 1 3 1 1 1 3 1 3 1 4 3 2 1 1 1 1 1 3 2 2 1 1 1 1 1 1 2 1 2 1 2 1 1 4 1 1 1 2 1 3 2 1 1 1 4 1 1 1 1 3 1 1 3 2 1 3 1 2 2 1 1 1 1 1 3 1 2 1 1 2 3 2 2 2 1 2 1 2 2 2 2 1 1 1 2 1 2 2 1 1 1 1 1 1 3 1 1 2 1 1 2 1 2 1 1 1 1 1 1 1 2 2 1 1 2 3 1 2 1 2 1 4 2 3 3 2 2 1 1 1 2 2 1 1 2 3 2 2 2 1 2 1 1 1 2 2 2 1 1 2 2 2 1 2 1 1 1 2 2 1 1 1 3 2 1 1 1 3 2 1 3 1 2 1 1 2 2 2 1 3 1 1 1 1 3 1 2 2 1 1 2 1 2 1 1 3 2 2 2 1 1 3 1 1 1 2 2 1 1 1 1 4 1 1 1 3 1 1 3 1 1 2 1 5 1 4 1 1 1 3 1 1 2 3 1 1 1 1 1 1 1 1 2 1 2 2 2 2 1 1 1 1 1 3 1 1 1 1 1 1 1 2 2 3 1 1 2 1 1 1 2 1 2 1 1 1 1 1 1 1 1 5 2 3 1 1 1 2 2 1 1 2 1 1 1 3 2 3 2 1 1 1 1 1 1 2 1 1 1 2 2 1 3 2 1 1 2 1 1 1 1 1 1 2 1 1 1 1 2 1 1 1 1 2 1 2 1 1 1 2 1 1 2 2 1 1 2 1 2 1 1 1 1 1 1 2 3 4 1 1 1 2 1 1 2 2 2 1 1 2 1 1 2 1 3 1 4 1 3 2 1 1 2 1 1 3 1 2 1 1 1 1 3 1 2 2 1 1 2 2 1 1 1 2 2 2 1 1 1 1 2 2 1 1 2 1 1 1 2 3 1 1 1 2 1 2 2 1 2 2 1 1 2 2 3 1 1 1 2 3 2 3 1 1 1 1 4 2 2 2 2 1 1 2 2 1 1 2 1 2 1 2 1 1 1 1 2 1 2 2 1 3 2 1 1 1 1 1 1 2 2 4 1 1 1 1 1 4 1 2 1 2 2 2 2 2 1 1 4 3 1 2 1 1 2 1 2 1 4 3 3 3 3 1 2 1 2 1 1 1 1 3 3 1 1 1 1 2 2 1 3 1 3 1 2 1 1 2 1 2 2 3 2 1 2 1 1 4 1 2 2 2 2 3 4 1 2 2 2 1 1 1 2 1 4 2 1 1 2 1 3 2 1 1 1 1 2 5 1 1 2 4 1 1 1 2 2 2 1 2 1 1 1 1 3 2 1 1 1 2 2 1 2 1 5 4 1 1 2 6 1 1 2 1 5 2 2 1 1 2 2 1 1 2 3 1 1 1 3 2 1 1 1 4 2 2 2 2 3 1 2 1 1 1 2 2 1 1 1 3 1 3 1 1 3 2 1 1 1 1 3 2 2 2 2 1 1 4 1 1 1 3 1 1 1 2 1 4 1 1 2 3 2 1 1 1 1 1 1 2 2 2 1 1 1 1 3 1 3 7 2 3 3 1 2 2 1 2 1 1 2 3 1 2 3 1 2 2 1 1 3 2 2 1 1 1 1 1 1 1 1 1 3 1 1 2 3 1 2 1 1 1 2 2 2 1 1 1 1 1 2 1 2 1 2 1 1 1 1 1 2 1 1 2 2 1 1 1 1 1 2 1 1 1 1 2 1 1 2 1 2 3 2 1 1 1 2 1 3 2 1 3 1 2 1 1 1 1 2 1 2 2 1 2 1 1 2 1 1 1 3 1 1 2 1 1 1 1 2 1 2 1 1 2 1 3 2 2 2 2 1 1 1 3 1 1 2 2 1 4 2 2 1 2 2 2 1 1 1 2 1 1 1 3 1 1 1 1 1 1 1 2 3 1 2 1 1 1 1 1 2 1 2 1 1 1 2 1 2 1 1 1 1 2 3 3 1 2 1 2 1 1 1 2 4 1 2 2 2 1 3 3 3 2 1 2 2 2 1 3 2 3 2 1 1 2 1 2 1 1 2 2 1 1 1 1 4 1 1 1 1 1 1 2 1 1 1 1 3 2 3 2 2 1 2 3 1 2 2 2 1 2 2 1 2 1 2 1 1 1 1 1 3 2 2 1 2 2 1 1 1 1 1 3 2 1 2 1 2 1 1 2 1 1 1 1 2 1 2 1 2 1 2 1 4 1 1 1 3 1 1 1 2 1 1 1 1 1 1 1 1 1 1 1 1 1 2 2 1 3 1 1 3 1 2 2 2 2 1 1 1 1 1 1 1 1 5 2 1 3 2 1 4 1 1 1 1 2 1 2 2 1 1 3 2 1 1 1 1 1 2 1 2 2 1 2 1 2 2 1 2 1 2 1 2 1 1 1 1 2 1 1 3 2 2 1 1 2 2 1 2 2 2 1 2 1 1 2 2 2 2 3 1 1 1 1 1 2 1 5 3 1 1 4 1 1 1 6 2 2 1 1 3 1 1 1 1 2 2 3 1 1 2 1 1 3 1 3 2 1 1 1 2 1 2 1 1 3 2 2 1 1 1 1 2 1 2 2 2 1 3 1 2 2 2 1 2 2 3 2 1 2 1 1 1 1 1 1 3 1 1 2 2 2 2 2 3 2 1 2 1 3 1 1 1 1 1 1 1 2 1 1 2 1 4 1 1 2 1 2 2 3 2 2 1 1 1 1 2 1 3 1 4 1 1 1 3 2 2 6 1 1 1 1 1 1 1 3 1 3 2 3 1 1 1 2 2 1 2 1 1 1 2 2 1 2 2 2 1 2 2 1 1 2 2 1 1 1 1 1 1 3 2 2 1 2 1 1 2 1 1 1 3 2 1 2 2 1 1 1 3 4 1 2 4 1 2 1 5 4 1 5 1 2 2 2 2 2 3 1 2 2 1 2 3 2 1 3 3 3 1 1 1 1 2 2 2 1 2 2 2 1 1 1 1 1 1 1 2 5 1 2 2 2 1 2 1 2 1 2 1 2 3 1 2 1 1 2 2 3 1 3 1 1 2 3 3 1 1 1 2 2 1 3 3 2 2 2 1 2 1 1 2 2 2 1 1 1 1 3 1 3 1 5 1 1 1 1 4 1 1 1 4 2 2 2 2 1 1 1 1 2 3 2 2 1 1 1 1 3 1 1 1 3 2 1 1 1 2 1 1 1 1 2 2 2 2 2 2 1 2 4 2 1 2 1 3 3 1 1 1 1 3 1 1 1 2 1 1 1 1 1 1 1 1 1 1 1 2 2 2 1 1 1 2 2 1 1 1 1 1 1 2 1 3 1 2 3 1 1 2 1 2 2 2 1 2 1 1 1 1 1 4 2 1 1 1 1 1 1 1 1 1 1 3 1 2 1 1 2 2 1 2 1 1 1 1 3 1 1 1 1 1 1 1 1 2 4 1 3 2 1 2 1 1 1 1 3 3 1 1 2 2 4 1 1 1 1 1 2 1 1 1 2 1 1 2 1 2 1 2 2 1 2 1 1 1 1 1 1 1 2 1 2 1 1 2 2 2 1 1 1 1 3 1 1 2 3 1 3 2 3 1 3 1 2 2 1 1 1 2 1 2 1 1 1 1 2 2 1 1 2 1 1 2 1 2 1 1 1 3 1 1 1 3 1 3 2 1 2 1 2 2 2 3 2 2 1 1 2 3 1 2 2 1 1 1 3 3 2 3 4 4 1 2 2 2 1 2 2 1 2 1 2 1 1 4 1 2 2 2 2 1 1 3 1 1 1 2 2 1 1 1 1 2 1 3 1 1 1 1 2 2 1 1 4 4 1 1 2 2 1 1 2 1 1 3 2 1 1 1 1 1 1 1 4 2 2 1 1 1 2 2 4 1 1 5 1 2 1 1 4 1 1 1 4 1 2 2 1 1 1 1 3 1 1 2 2 1 1 1 1 1 1 1 1 4 2 4 1 1 1 2 1 2 1 1 1 1 4 2 1 1 2 2 1 1 2 1 1 3 1 1 2 1 1 2 1 2 1 2 4 2 1 1 3 1 1 3 1 3 2 2 1 2 2 2 2 1 1 2 2 1 2 2 1 2 2 2 3 3 1 1 1 1 2 2 2 1 1 1 1 1 1 1 1 2 1 2 2 1 1 2 1 2 1 2 2 1 1 1 2 1 1 3 3 2 1 1 1 3 1 1 2 1 1 1 1 1 2 3 2 1 1 1 2 2 1 1 3 2 2 3 2 1 2 1 2 3 1 1 1 2 3 1 3 2 1 1 2 2 1 2 4 1 1 1 1 1 1 3 1 1 1 1 3 2 2 2 2 2 3 1 2 1 1 2 1 2 1 2 3 2 3 1 1 1 1 1 2 1 3 1 1 1 1 2 1 4 1 3 1 3 1 1 2 2 1 1 2 1 1 2 1 1 1 1 4 2 2 2 3 1 1 1 2 1 4 1 2 3 1 3 1 2 2 1 3 1 1 2 1 2 2 2 1 1 1 1 1 2 1 4 2 1 1 2 1 1 1 2 2 1 1 1 1 1 4 1 1 1 2 1 2 2 2 2 1 3 1 1 1 2 1 3 1 2 2 4 2 1 1 1 1 1 1 2 1 3 1 1 2 1 2 1 2 3 2 1 1 5 2 2 1 2 1 1 1 3 2 1 2 1 1 2 4 1 1 1 1 1 1 1 1 1 1 1 2 2 3 1 4 1 2 1 1 1 1 2 1 1 1 1 1 5 2 2 2 1 3 1 1 1 2 2 1 3 1 1 1 1 1 1 2 2 2 1 2 2 2 1 1 2 1 1 2 1 2 1 1 1 3 1 2 1 1 2 2 1 2 1 1 1 1 1 1 1 1 4 1 1 3 1 1 2 5 1 1 1 2 1 1 2 2 1 2 2 5 1 1 4 1 1 2 1 4 1 1 3 3 2 1 2 2 2 2 2 1 2 2 2 2 3 2 1 1 2 2 1 1 1 1 1 2 2 4 2 1 2 1 1 2 1 1 3 1 1 3 2 1 
  #Test Small 7700
  #Test Medium 16169
  #Test Large 28359
