Board size [mm] 375x125

Stats side 1
  #Components with background 57
  #Components with points 349
  #Components nofly 6
  #Components notouch 6
  #Pins 58613
  #GNDs 2073
  #VDDs 1819
  #Clock 29
  #NoFly points 940
  #NoTouch points 1048
  #Points [total] 64522

Stats side 2
  #Components with background 68
  #Components with points 358
  #Components nofly 0
  #Components notouch 0
  #Pins 64613
  #GNDs 2497
  #VDDs 1902
  #Clock 24
  #NoFly points 0
  #NoTouch points 0
  #Points [total] 69036

Stats board (side 1 + side 2)
  #Components with background 125
  #Components with points 707
  #Components nofly 6
  #Components notouch 6
  #Pins 123226
  #GNDs 4570
  #VDDs 3721
  #Clock 53
  #NoFly points 940
  #NoTouch points 1048
  #Points [total] 133558
  #Nets 7445
    Net Size: 4570 3721 53 1 2 2 3 2 1 1 1 1 1 3 2 3 1 1 1 2 2 2 1 1 3 2 2 1 2 1 1 2 1 1 1 2 2 2 1 3 1 2 1 1 1 2 1 2 2 2 1 1 3 2 1 1 1 1 2 1 1 2 3 2 1 1 2 1 1 1 4 1 1 2 3 1 2 1 2 2 2 1 2 1 1 2 1 1 1 1 1 2 2 1 1 1 1 2 1 1 2 2 2 1 1 3 3 1 3 1 2 2 4 1 3 3 1 3 2 5 1 1 1 1 1 3 3 1 1 3 1 3 2 3 2 3 1 1 2 2 4 1 2 3 1 1 2 1 3 1 1 2 1 1 2 1 1 1 1 1 1 1 1 1 1 1 3 1 1 1 2 4 1 2 2 1 4 3 2 3 1 1 1 1 1 1 2 1 2 1 4 1 2 4 1 2 2 2 1 2 1 1 2 1 2 2 4 1 1 2 1 1 1 2 1 1 2 2 2 1 1 1 1 1 2 1 1 2 1 2 2 1 1 2 1 1 1 2 2 2 2 5 1 1 1 2 2 1 3 1 1 1 1 1 2 1 1 1 2 2 2 1 1 1 1 1 1 1 1 2 1 1 2 2 2 1 1 2 1 2 1 4 1 3 1 1 1 1 1 1 2 2 2 1 2 1 1 2 2 1 2 3 3 1 3 2 1 2 2 1 1 1 3 1 1 2 1 1 1 2 1 2 2 2 1 2 4 1 1 3 2 1 1 1 2 1 2 4 1 1 2 2 2 1 2 1 1 2 3 1 1 2 2 2 1 1 1 1 2 1 2 3 3 1 2 2 1 1 2 1 1 1 1 1 1 1 1 1 1 2 2 1 1 1 1 1 1 2 2 1 2 1 3 1 1 2 2 2 1 1 2 3 2 4 1 1 1 4 1 1 2 1 1 1 1 2 1 3 2 3 1 5 1 3 2 1 1 1 2 2 2 3 4 1 4 2 2 1 1 2 1 2 1 1 1 1 1 1 2 2 2 1 2 2 1 1 1 2 2 1 2 2 1 2 2 1 2 3 2 1 2 1 2 1 1 1 4 1 1 1 1 1 2 1 1 1 2 2 2 2 1 1 1 1 1 1 3 2 1 2 1 1 2 1 2 1 1 3 3 1 1 2 2 1 1 1 2 1 3 1 1 2 2 2 1 1 1 1 1 1 1 1 1 1 4 1 1 1 2 1 2 1 2 1 2 2 1 1 1 2 1 2 1 1 1 1 3 4 1 1 2 2 1 1 4 2 3 1 2 2 1 1 1 1 1 4 2 1 2 1 2 3 3 1 1 2 3 2 2 1 2 1 1 1 1 1 3 2 2 2 3 2 1 2 1 1 1 1 1 1 1 1 1 3 2 1 2 2 1 2 2 3 2 1 2 1 2 1 1 2 1 1 2 1 1 1 1 1 1 1 1 4 2 2 1 1 1 2 4 1 1 1 1 3 3 1 1 1 1 1 1 1 1 1 1 1 1 1 1 1 2 2 2 2 1 3 1 3 1 1 1 1 1 1 1 1 1 1 1 1 1 1 1 1 2 1 1 2 1 2 1 1 1 1 2 1 1 3 1 3 2 2 1 1 1 1 1 1 1 1 2 2 1 1 1 2 2 2 2 1 1 3 3 1 1 2 2 3 2 1 1 1 3 3 3 2 7 3 3 2 1 1 4 1 2 1 1 1 2 2 2 1 1 2 1 2 2 2 2 4 2 3 3 2 1 1 2 3 2 1 1 1 1 1 1 2 1 1 1 2 1 1 4 3 1 1 1 1 2 1 4 1 1 1 2 2 2 2 2 2 1 2 2 2 3 2 1 1 2 3 2 1 2 1 1 5 1 1 2 1 2 2 1 3 1 4 1 1 1 2 1 1 1 1 1 1 3 2 2 3 1 1 2 1 3 1 1 3 4 1 2 2 2 2 1 2 1 1 1 1 1 3 1 1 2 1 2 1 1 1 1 1 4 1 1 3 2 1 2 1 1 1 1 2 4 1 1 1 3 1 2 1 2 4 1 1 1 1 2 4 1 1 1 1 1 1 2 2 1 1 1 2 1 2 1 1 4 2 1 1 2 1 1 3 1 1 1 1 2 2 1 3 2 2 1 1 1 1 2 1 1 3 1 3 2 1 1 1 1 1 1 1 3 2 1 1 3 2 1 1 3 2 1 2 2 1 4 2 2 3 3 1 3 1 3 1 2 2 1 1 6 2 1 2 1 2 3 2 1 1 1 2 2 1 1 2 3 3 1 1 1 1 4 4 2 1 2 1 3 2 2 1 1 1 3 1 1 2 1 2 2 2 1 1 2 2 1 1 1 2 2 2 2 2 2 1 2 1 2 1 2 1 1 1 2 1 4 1 2 2 3 1 3 2 1 2 1 1 1 3 4 1 3 1 1 1 2 3 2 2 2 2 4 1 1 3 1 2 2 1 2 1 1 1 2 2 2 1 1 1 1 1 1 3 1 2 1 2 2 1 3 3 1 1 3 2 1 2 4 3 1 2 2 1 1 1 3 2 1 1 2 1 1 1 2 1 1 1 3 1 2 1 1 1 1 1 2 2 3 1 3 1 2 3 1 1 1 4 1 1 1 1 1 1 3 4 3 2 2 1 1 1 3 1 3 2 1 3 1 3 1 3 1 1 2 2 2 1 1 1 2 1 1 2 1 1 2 2 2 1 1 1 2 1 1 2 1 1 1 1 1 2 1 2 3 2 1 3 1 1 3 1 1 1 1 2 1 1 3 1 1 2 1 2 1 1 2 1 1 1 2 2 1 1 3 1 3 1 1 1 1 1 2 1 1 1 1 2 3 1 1 1 2 1 2 2 1 1 1 1 3 5 2 1 1 2 1 1 1 1 1 1 2 2 1 2 1 2 1 1 2 1 1 2 1 1 2 1 1 1 1 1 1 1 2 1 1 3 1 1 3 1 2 1 1 1 1 1 3 2 2 1 3 1 1 3 1 3 1 2 1 3 1 3 1 1 2 3 1 3 1 2 1 1 1 4 1 2 2 1 2 2 1 3 1 3 3 2 2 1 1 1 1 1 1 1 2 1 2 1 1 1 2 1 1 3 2 1 1 1 2 3 2 1 2 1 2 1 2 2 2 1 2 3 2 1 1 3 2 1 1 1 3 3 3 2 2 1 1 2 1 3 2 1 3 1 2 2 1 2 2 2 3 1 1 3 2 2 1 1 1 4 1 2 1 1 1 1 1 2 1 1 1 1 1 1 2 1 4 3 1 1 2 2 1 2 1 3 1 2 2 1 3 1 1 1 1 1 1 1 1 1 2 2 1 4 3 3 2 2 2 2 1 1 2 3 2 1 1 2 1 1 3 2 2 1 1 2 1 2 4 2 2 1 1 1 1 1 4 1 3 3 2 1 2 1 3 2 1 1 1 1 1 2 2 2 1 1 1 1 2 1 1 1 2 1 2 1 3 1 1 1 4 2 1 1 1 1 1 1 1 1 3 1 2 1 2 1 1 2 1 2 3 4 2 3 2 4 1 1 3 2 3 1 2 1 1 1 4 2 1 2 2 1 2 1 3 1 3 1 3 1 1 2 1 1 2 3 1 1 2 1 1 2 1 1 1 2 2 2 1 2 2 3 1 1 1 1 1 1 2 4 2 2 2 1 2 1 4 1 1 2 1 2 3 2 1 2 2 3 1 2 2 2 1 2 2 2 3 1 1 1 2 1 1 3 1 2 2 1 2 2 1 1 1 1 1 1 2 1 3 3 2 2 2 2 3 1 1 1 2 1 2 1 1 2 1 1 4 1 2 1 2 2 2 1 2 1 1 3 5 1 1 2 1 1 1 6 2 1 2 1 1 1 1 2 1 1 1 1 2 4 2 1 1 1 1 3 1 2 4 1 1 1 2 1 1 2 1 1 1 1 1 1 1 1 1 3 2 1 1 1 1 2 2 3 2 3 3 1 1 2 1 1 2 4 1 2 2 1 1 1 1 1 1 1 1 1 1 4 2 1 1 4 1 1 1 2 1 2 1 2 2 1 3 2 1 1 3 1 2 2 1 1 2 1 1 1 1 1 1 4 1 1 2 1 1 2 1 2 2 3 2 1 2 2 1 2 3 1 1 5 2 3 1 2 2 1 1 1 1 2 2 2 1 2 1 2 1 1 3 1 2 1 1 1 3 2 2 2 1 1 2 2 3 3 2 1 1 2 1 1 1 1 2 1 1 2 1 1 1 1 1 1 2 2 1 1 1 1 1 1 1 3 2 2 1 2 3 1 1 1 1 1 1 1 1 1 2 3 1 3 1 4 2 1 1 2 2 3 2 5 1 3 2 2 1 1 3 1 1 1 1 2 2 1 2 2 5 2 3 1 1 1 1 1 1 1 1 2 2 1 1 1 1 1 1 2 1 3 3 3 3 2 1 1 1 3 3 4 1 2 1 1 1 1 3 1 1 1 1 2 1 1 1 1 2 1 1 1 1 1 2 1 1 2 2 1 2 1 2 1 2 2 1 1 1 3 3 2 1 1 1 2 2 1 1 1 1 2 2 1 2 2 1 3 1 2 1 1 2 1 4 2 2 1 2 2 1 2 1 1 1 1 2 2 1 2 1 2 3 1 1 1 1 2 1 1 1 1 1 1 2 1 3 1 1 1 2 2 2 1 2 1 1 2 1 2 2 2 2 1 3 1 1 1 4 1 1 1 1 2 1 2 3 2 1 1 2 2 2 1 3 2 2 1 1 1 2 1 1 1 1 4 1 2 3 1 1 1 2 2 1 2 1 1 1 1 3 2 4 1 1 2 1 1 1 4 1 1 3 2 1 3 1 1 1 1 1 1 1 1 1 1 3 2 3 1 3 1 1 2 1 1 1 1 1 3 1 1 1 3 2 1 2 2 1 1 2 1 1 2 1 4 1 2 2 3 2 1 3 1 1 1 1 2 3 1 2 2 1 1 3 2 1 2 2 1 3 1 1 1 1 2 1 1 1 1 2 1 1 1 1 1 1 1 2 3 2 1 3 1 1 2 2 2 3 1 1 3 1 2 1 2 1 2 2 1 1 1 1 2 1 2 1 2 4 1 1 1 1 2 1 2 1 2 2 1 3 1 2 1 2 2 2 2 1 2 1 1 1 1 1 2 1 3 1 1 2 1 1 2 1 1 1 2 1 1 2 1 2 2 2 1 2 2 1 1 1 1 1 1 2 1 1 2 1 1 1 1 2 2 4 1 1 4 2 1 2 2 1 1 1 1 3 1 1 2 1 1 3 1 1 1 3 2 1 1 1 1 1 1 2 3 1 1 1 1 1 1 2 1 1 4 2 2 2 2 1 1 1 1 2 1 1 4 2 1 1 1 1 1 1 2 1 3 2 1 1 1 1 1 1 1 1 1 1 1 4 1 2 1 1 1 2 2 3 4 2 2 1 1 2 2 1 1 2 1 2 2 1 1 2 1 1 1 3 2 1 4 2 2 1 5 2 4 1 1 2 2 2 1 2 1 1 2 1 2 1 1 1 1 5 2 1 2 1 1 3 1 1 1 2 2 1 3 2 3 2 1 1 2 1 1 2 1 1 1 3 1 1 1 1 1 1 2 1 1 1 3 1 2 1 1 2 1 1 1 5 2 1 2 2 1 1 1 2 3 1 3 2 1 1 2 1 1 1 2 1 2 1 3 1 2 1 5 1 1 2 2 1 3 1 1 2 1 2 1 1 2 1 1 4 2 1 1 2 2 1 3 2 2 3 1 1 1 1 1 1 1 2 1 1 1 1 1 1 1 1 2 1 3 2 2 1 2 1 2 2 1 1 1 2 2 2 4 1 3 1 1 2 1 1 1 2 1 2 1 1 2 4 1 1 1 1 2 2 1 1 3 1 2 4 2 1 1 1 3 1 1 1 2 1 1 1 1 2 1 1 3 2 1 1 2 1 1 3 2 2 2 1 1 1 2 1 1 1 1 1 3 1 1 1 1 1 1 1 1 1 1 2 3 1 1 2 1 2 3 2 1 3 1 1 3 2 1 1 1 2 2 1 1 1 1 1 1 1 1 3 1 1 1 1 5 4 1 3 3 2 2 1 1 1 1 1 1 1 2 1 1 1 1 3 2 1 1 1 3 3 1 3 1 3 2 1 1 1 1 3 1 1 1 2 1 1 1 2 2 1 2 3 2 2 2 1 1 1 3 1 1 2 1 2 2 1 1 3 3 1 2 2 1 1 1 1 1 3 1 2 1 2 1 2 4 1 1 2 4 1 1 2 1 1 1 2 2 1 1 3 1 2 1 1 2 1 1 1 1 1 1 1 1 1 2 1 1 1 1 1 2 1 2 1 3 1 2 4 2 1 1 1 3 1 1 1 2 1 2 1 1 1 2 3 2 2 2 2 1 4 2 4 1 2 2 1 1 1 2 1 2 1 1 1 1 1 3 2 2 1 1 3 4 1 1 2 1 1 2 3 2 1 1 1 1 1 1 1 1 3 2 1 1 1 1 1 2 3 2 1 1 2 1 1 2 1 1 1 2 1 3 1 2 2 2 2 1 2 1 1 2 2 3 1 1 2 1 2 2 4 1 2 2 2 3 1 2 3 4 2 5 1 2 1 1 2 1 2 1 2 1 2 1 1 2 1 1 1 2 3 1 1 1 1 2 1 1 1 2 1 1 3 1 1 1 1 1 1 3 1 1 2 1 1 3 2 1 1 1 1 2 1 1 2 1 2 2 1 3 1 1 1 3 1 1 2 1 3 2 1 1 2 3 2 1 2 2 1 3 3 2 2 1 1 1 1 2 1 2 2 2 4 1 2 1 2 1 2 2 1 1 3 1 1 2 1 3 1 1 2 1 3 1 1 1 1 1 3 1 2 2 1 1 1 3 1 1 3 2 1 2 1 2 1 3 1 2 1 1 1 1 3 1 2 1 2 1 2 1 1 2 1 1 1 3 3 1 2 2 4 2 1 2 1 1 1 4 1 1 2 4 1 1 2 2 1 1 1 1 2 3 2 1 3 1 1 2 1 2 1 1 1 2 1 1 2 1 1 4 2 1 1 1 1 1 1 1 1 3 1 2 1 1 1 1 1 1 1 2 1 1 1 2 1 1 1 1 2 1 2 3 1 1 1 1 2 2 1 3 1 1 2 1 1 1 1 2 1 2 2 1 1 1 2 1 3 1 1 1 1 2 1 1 2 1 1 1 1 1 3 2 1 1 1 1 1 1 1 2 2 3 2 3 3 2 1 1 1 1 1 1 2 1 2 1 1 3 1 2 1 3 2 1 1 3 2 2 1 1 1 1 1 1 2 2 2 1 1 1 1 1 1 1 2 1 2 1 1 2 1 1 1 1 1 2 1 4 4 1 1 2 1 1 3 1 2 1 2 2 1 2 2 1 1 1 1 2 2 2 1 1 4 1 2 2 2 1 1 1 3 4 1 1 1 1 2 1 1 2 2 1 2 3 2 4 2 1 1 1 1 1 1 3 1 1 1 1 1 1 1 2 3 3 1 1 1 1 1 1 2 1 1 1 2 2 3 3 2 3 3 1 1 1 2 1 1 1 5 1 1 1 3 1 2 1 1 1 2 1 1 2 1 1 1 3 4 2 1 2 1 2 1 2 1 2 3 1 2 2 2 2 1 3 1 2 1 1 4 1 1 1 1 2 1 1 1 1 1 1 1 2 1 3 1 2 1 1 1 1 1 1 1 2 2 1 1 1 2 1 1 2 2 2 1 1 1 1 2 1 1 1 3 1 1 1 1 2 1 2 2 2 1 1 1 1 3 1 2 1 2 2 1 1 3 1 3 2 1 2 2 2 1 1 2 2 1 1 2 1 1 1 2 5 2 2 2 1 2 1 2 3 2 2 2 1 1 1 1 1 1 2 2 1 1 1 2 1 2 1 1 1 1 1 2 2 3 3 1 2 1 1 1 1 1 2 1 2 1 1 1 1 2 1 1 1 1 1 2 3 2 1 2 1 1 1 1 2 3 1 3 1 4 2 1 1 1 2 3 1 1 1 2 1 2 1 1 2 1 1 3 4 1 3 1 1 1 2 1 1 1 2 1 2 2 2 1 1 2 1 1 2 3 1 1 1 2 1 1 1 2 1 1 2 1 1 1 2 1 1 1 2 2 1 2 1 2 2 2 2 1 1 1 1 1 1 1 1 1 2 2 1 2 1 2 1 2 1 1 2 1 1 2 1 2 2 2 1 1 2 1 1 2 2 2 1 1 1 1 1 1 1 2 1 2 1 2 2 1 2 2 1 1 2 1 1 1 1 1 2 1 3 2 3 2 1 2 2 2 1 2 3 1 1 1 2 1 1 1 2 1 2 1 1 1 1 1 3 2 1 2 2 1 1 3 1 2 1 2 3 1 1 1 1 1 2 2 1 1 3 2 2 3 1 1 3 2 1 1 5 1 1 1 1 2 2 1 2 1 2 1 1 1 1 1 1 2 1 1 1 1 1 1 2 1 1 1 1 1 2 1 2 3 3 3 3 1 2 3 2 3 1 1 1 1 1 1 3 3 2 1 3 3 1 1 3 1 1 2 2 1 2 2 3 2 2 1 3 1 1 3 1 2 3 3 2 2 1 2 2 1 2 2 1 2 2 1 1 5 1 2 1 2 2 1 2 1 2 1 2 1 1 1 2 4 2 1 1 1 1 1 1 2 2 2 1 3 1 1 1 2 2 1 1 3 2 1 2 1 2 2 2 1 1 1 2 1 1 1 1 2 2 1 1 1 2 1 1 1 2 4 2 1 1 1 3 1 2 4 1 1 1 1 2 1 2 1 2 1 2 2 1 2 2 2 1 1 4 1 1 2 1 1 2 1 1 2 2 1 1 2 2 1 2 1 6 1 1 2 1 3 3 1 2 1 1 1 1 2 1 1 2 1 5 2 3 1 2 1 1 1 1 1 1 1 1 3 4 2 2 1 2 3 5 1 2 5 4 1 2 1 2 1 2 1 1 2 2 1 1 1 1 1 4 1 2 3 1 2 2 1 1 1 1 1 2 5 2 1 1 2 2 1 1 2 1 1 3 1 2 3 1 3 1 1 2 1 1 3 2 2 1 2 2 1 1 1 1 1 1 2 1 1 1 1 1 2 1 1 1 1 1 1 3 1 1 1 1 1 2 1 2 5 1 3 3 3 1 2 1 1 2 3 2 2 1 1 2 2 2 1 1 2 4 1 1 1 2 1 2 1 1 1 2 2 2 2 2 1 1 1 2 1 3 2 2 1 4 1 1 1 1 1 1 4 2 1 1 1 1 1 1 3 2 3 2 2 2 1 2 2 2 2 2 3 2 2 2 1 1 1 1 2 1 2 4 1 1 3 1 1 1 1 2 1 1 3 2 1 2 1 1 2 1 1 1 1 1 1 3 1 2 2 1 1 1 1 1 1 1 2 1 1 2 1 3 1 4 2 2 2 1 1 2 2 1 2 1 1 1 1 1 2 3 1 1 1 1 1 1 2 1 3 1 1 1 2 2 1 1 2 1 1 1 2 1 1 1 1 1 1 1 1 1 1 1 1 1 2 1 2 1 1 1 1 2 1 2 1 1 1 1 1 1 1 1 3 1 2 2 1 2 1 3 1 2 2 6 1 2 1 1 2 1 1 1 3 1 1 2 2 2 1 1 1 3 1 2 1 1 2 2 3 4 1 1 1 1 1 1 3 2 1 1 1 1 4 2 1 1 2 3 2 1 1 1 2 1 1 1 3 1 2 1 1 1 3 1 2 2 1 1 1 1 2 1 2 1 1 1 1 3 2 1 1 2 1 2 1 2 1 1 1 1 1 1 1 1 1 1 1 1 1 4 3 1 1 1 2 1 1 3 1 2 1 1 2 1 1 3 2 1 3 1 3 2 1 1 2 2 2 4 2 1 1 1 1 1 3 1 1 2 2 1 1 1 6 2 4 1 2 1 1 3 1 1 2 1 1 1 1 1 2 1 1 1 1 1 1 2 1 1 1 1 1 4 1 1 2 2 2 1 1 2 1 2 3 2 1 3 3 1 2 1 1 1 1 1 2 1 2 1 1 1 1 3 2 1 1 2 2 3 3 1 1 3 1 1 1 1 1 2 2 2 2 2 1 1 1 1 2 1 5 2 1 1 2 1 2 1 1 2 1 2 1 1 1 1 1 1 1 2 1 1 2 2 1 3 3 1 2 3 1 1 3 1 2 2 1 1 1 1 1 1 1 1 2 4 2 3 3 1 1 2 1 2 3 2 2 3 1 2 1 1 1 2 1 1 1 2 1 1 3 1 3 1 2 2 1 1 2 1 1 1 3 6 1 1 3 2 3 1 1 2 2 1 1 3 3 2 2 4 3 2 1 2 2 1 2 1 1 1 1 1 2 1 1 1 3 2 1 2 3 1 2 1 3 1 5 1 2 3 1 1 1 2 2 1 3 2 2 1 3 3 1 3 2 1 2 2 1 1 1 3 1 2 2 1 2 1 1 2 1 1 2 1 3 1 2 1 1 2 2 1 2 1 2 2 1 1 2 3 1 1 1 3 2 1 2 1 1 1 3 2 1 3 1 1 2 1 4 1 2 1 1 1 1 1 1 2 2 2 1 1 1 1 1 2 2 4 1 1 1 1 2 2 2 2 1 2 1 3 1 1 1 2 2 1 1 1 2 2 2 1 1 1 4 1 1 1 3 3 1 2 2 2 2 4 1 1 2 2 1 2 1 1 1 1 1 2 2 2 1 1 1 1 2 2 3 1 1 2 1 1 2 1 1 1 2 2 1 2 1 1 3 2 1 1 1 1 1 1 2 3 1 1 1 1 1 1 1 2 2 1 2 1 1 1 1 2 2 2 1 1 2 1 1 1 1 1 2 3 1 3 1 1 1 1 1 1 2 4 2 1 2 3 1 1 1 1 1 2 2 2 2 4 1 2 3 1 1 2 1 1 2 1 1 1 1 1 4 1 3 1 1 2 1 1 2 3 3 1 3 1 2 3 3 2 1 3 2 1 3 2 1 1 3 2 1 2 2 1 1 3 1 2 2 1 1 3 2 1 2 2 1 1 1 1 2 1 1 2 1 2 1 4 3 1 2 1 1 2 2 1 3 2 2 1 2 4 2 1 3 1 1 1 1 1 1 2 1 1 1 1 2 1 1 2 2 3 3 4 2 1 3 2 2 1 1 1 1 1 2 1 4 1 3 2 1 3 2 2 1 2 2 1 1 2 3 2 2 2 3 3 1 3 1 2 1 1 2 3 2 1 1 1 1 2 3 1 1 1 1 5 1 2 2 2 1 1 2 1 1 1 2 2 1 1 1 2 1 1 1 1 1 2 4 1 3 1 4 1 2 1 4 3 1 1 1 1 1 1 1 1 1 1 1 2 1 1 1 3 1 3 1 2 1 1 3 4 2 3 1 2 1 1 3 4 2 2 1 1 1 1 2 1 2 1 1 2 1 1 1 2 1 1 1 3 1 1 1 3 1 2 2 1 2 1 1 1 1 1 2 1 2 2 1 2 1 1 2 1 2 5 2 2 1 1 1 1 1 1 2 1 1 1 3 1 1 1 4 1 2 2 3 4 1 1 2 1 2 2 1 1 1 1 1 1 2 1 1 1 4 1 1 1 2 1 2 1 1 2 1 2 1 2 2 3 1 1 1 1 4 1 3 1 1 1 1 1 2 1 1 2 1 4 1 2 7 1 2 1 2 2 1 2 1 2 2 1 1 3 3 1 1 1 4 5 1 1 3 1 1 1 1 2 2 4 3 1 1 2 1 1 3 4 1 1 1 1 3 1 1 3 1 1 2 2 3 1 1 2 1 1 1 2 1 1 1 2 1 1 1 2 1 3 1 2 2 4 2 1 2 1 3 4 1 1 3 1 1 1 1 1 4 3 1 1 3 1 1 1 2 2 2 1 2 1 1 1 2 1 1 3 1 2 1 1 1 2 1 2 1 1 1 2 3 1 1 2 1 2 1 1 1 1 1 2 1 2 1 1 1 1 3 2 2 1 2 1 2 1 2 1 3 3 2 1 1 1 2 1 1 2 1 1 2 2 4 2 2 1 1 1 2 3 1 2 2 1 1 2 2 2 1 1 2 1 4 5 3 3 1 2 1 1 3 1 1 2 2 1 3 1 2 1 3 1 5 1 1 1 1 2 2 1 3 1 1 3 1 2 1 2 1 1 1 1 1 1 2 2 2 1 3 1 1 1 1 2 2 1 3 1 2 1 1 2 2 2 2 2 2 1 1 1 2 1 3 1 2 3 1 1 3 2 3 1 3 3 1 1 1 1 4 3 2 3 2 1 1 2 1 4 2 1 2 1 2 1 1 1 4 1 3 1 2 1 1 1 2 2 1 2 3 1 2 1 1 1 1 1 1 2 2 2 1 2 1 2 1 1 2 4 1 1 1 3 1 1 3 1 1 1 1 1 1 1 3 2 1 2 2 2 1 1 1 3 1 1 2 1 2 1 2 3 1 2 1 1 1 2 2 2 3 3 2 1 2 1 2 1 1 2 2 3 3 2 3 3 3 2 3 1 1 1 1 1 2 2 1 2 1 1 1 1 1 1 1 2 2 2 1 1 1 2 1 2 1 4 1 1 2 1 2 2 1 1 2 1 3 3 2 2 2 1 1 4 1 2 2 1 1 3 3 1 1 2 3 2 1 1 1 2 2 1 2 2 1 1 1 1 1 1 2 2 4 1 1 1 2 1 2 1 1 4 3 2 1 2 1 1 2 1 3 2 1 2 1 2 1 2 3 2 1 5 1 1 2 3 2 2 2 1 2 1 2 1 1 1 4 3 1 1 3 1 1 1 2 1 1 1 1 3 1 1 2 2 2 1 2 2 2 4 1 1 1 3 2 2 1 1 3 1 3 2 2 2 1 2 2 3 2 1 1 1 2 2 1 2 1 1 1 1 1 2 2 2 1 2 2 3 2 1 3 3 1 1 2 2 1 1 1 2 1 2 2 1 1 3 1 1 2 1 1 1 1 2 1 1 1 1 2 4 1 1 1 1 1 2 1 1 1 1 1 3 2 3 1 1 1 1 1 1 3 2 1 3 1 2 1 2 1 1 1 1 1 2 1 1 1 1 2 1 2 1 3 1 1 1 3 1 2 2 4 1 1 1 5 1 1 1 2 2 1 4 6 1 3 1 4 1 2 2 2 2 2 3 1 1 1 2 3 3 1 1 2 3 1 2 1 1 3 1 1 2 1 1 1 1 4 1 1 1 2 3 1 1 5 2 1 1 1 1 1 1 1 2 2 2 1 1 1 2 2 1 1 1 3 2 1 1 3 1 3 1 1 2 2 3 2 1 2 1 3 2 3 1 1 1 4 1 1 1 4 3 2 4 1 2 1 2 4 4 4 1 3 3 2 3 2 1 3 2 1 4 1 2 1 1 1 1 1 1 1 2 3 1 2 1 2 2 1 4 2 1 4 3 1 2 1 1 1 1 3 1 2 1 1 1 1 2 3 1 1 2 2 1 1 4 2 1 1 1 2 2 1 1 2 1 1 3 1 2 1 1 3 3 1 2 2 2 1 3 1 2 1 1 1 2 1 2 1 1 1 1 1 3 1 2 3 4 2 2 1 3 1 1 1 3 1 1 1 1 1 1 1 2 3 1 4 1 3 2 2 1 2 1 1 1 1 1 1 1 2 1 1 1 2 1 1 4 3 1 4 2 2 2 2 1 2 2 1 1 1 2 1 2 1 1 1 1 1 2 2 3 1 2 1 2 2 1 1 1 2 1 3 2 1 1 2 2 1 2 1 3 1 4 2 4 2 2 1 1 2 2 1 2 1 1 2 1 2 3 1 1 1 1 2 4 1 2 3 2 2 2 1 1 3 2 1 2 1 2 1 1 1 1 1 1 1 1 4 2 2 1 1 3 1 1 2 2 2 1 2 1 2 1 1 2 1 2 4 1 2 1 3 1 1 1 1 2 2 1 2 1 1 1 2 1 2 1 1 2 1 1 1 3 1 1 2 2 2 1 1 6 1 1 1 2 1 1 2 1 1 1 1 1 2 4 1 2 2 3 2 2 2 1 2 1 1 3 1 1 1 1 2 1 1 1 1 1 1 4 1 3 4 3 1 3 1 2 3 4 1 1 3 1 1 1 1 2 1 1 1 3 1 2 2 1 3 1 2 1 1 3 1 2 3 2 4 2 3 1 1 1 1 2 1 2 4 1 1 1 1 2 4 3 4 1 1 1 1 1 1 2 1 1 3 1 1 5 1 1 1 1 2 2 1 2 1 2 2 3 2 3 1 2 1 1 1 2 1 1 1 1 1 2 3 1 2 1 2 1 1 1 2 2 2 1 1 3 1 2 2 2 1 1 2 1 1 1 2 1 2 1 3 2 2 1 2 1 4 2 2 2 2 1 1 3 1 2 3 1 1 2 1 1 1 1 1 2 2 3 2 1 1 2 1 1 1 3 1 1 2 1 3 1 1 1 1 1 1 1 2 2 1 1 5 1 1 2 3 2 1 1 1 1 2 2 2 1 1 3 1 2 3 3 5 2 1 2 2 1 3 1 2 1 2 1 3 2 3 3 1 2 1 1 3 2 1 1 2 2 4 1 1 1 1 2 1 2 1 3 2 3 1 1 1 1 2 1 2 1 1 1 1 1 2 2 1 1 1 1 1 2 2 1 2 1 1 2 2 1 1 1 1 1 1 2 1 2 1 1 4 2 2 4 3 3 1 4 1 1 1 2 4 3 2 2 1 2 1 1 2 1 2 1 2 1 3 1 1 1 1 1 5 3 2 2 1 2 1 1 2 1 2 1 1 2 2 1 2 2 2 1 2 1 1 1 1 1 2 1 1 1 1 1 3 1 4 3 4 3 1 1 2 1 1 2 1 3 1 2 1 1 1 2 2 5 1 2 1 1 1 2 1 1 1 1 1 3 1 2 1 3 3 1 1 2 1 2 1 4 2 1 2 2 1 1 1 2 3 2 2 1 3 4 1 1 2 1 2 1 3 1 2 2 1 2 4 1 1 1 3 2 1 2 1 1 2 2 3 1 1 1 3 8 1 1 1 1 3 2 1 2 1 1 2 2 2 1 2 3 1 1 2 1 1 1 2 3 1 1 3 2 1 3 1 1 3 2 3 3 1 1 2 3 2 4 2 1 1 2 1 1 2 1 2 1 2 2 1 1 1 1 2 1 4 2 1 1 4 2 1 2 3 1 1 2 1 4 3 2 2 1 3 1 2 1 3 1 1 1 2 1 1 1 1 2 2 2 1 1 1 1 1 2 2 1 1 1 1 2 1 2 1 1 2 2 2 2 1 2 1 3 1 1 1 4 1 1 2 1 1 1 1 3 2 1 1 1 3 2 2 2 2 3 2 1 1 2 4 4 2 1 2 1 2 1 2 1 1 2 2 1 2 1 2 2 3 2 4 1 1 3 1 2 4 1 1 1 1 1 2 2 2 2 2 2 1 1 1 2 1 1 1 2 1 1 1 2 2 2 4 2 1 2 1 3 1 2 2 1 1 1 1 2 2 1 1 3 1 2 3 3 2 1 4 1 1 1 1 1 1 1 1 1 1 1 1 1 3 1 5 1 3 4 3 3 2 1 1 2 1 3 2 3 2 1 2 1 2 1 2 3 2 1 2 1 1 2 2 1 2 1 2 2 2 1 1 1 1 1 3 1 2 1 1 1 3 1 2 1 2 1 1 1 1 1 1 1 1 1 2 1 1 1 2 1 2 2 1 2 1 1 1 1 1 2 1 2 2 1 1 1 1 1 1 1 1 2 1 2 2 1 4 1 2 1 3 1 1 1 2 1 1 2 1 2 1 1 1 2 4 1 1 1 1 1 3 1 3 1 2 3 2 1 1 1 4 3 1 2 1 1 2 3 2 1 1 1 2 2 1 2 2 1 1 3 1 2 1 1 1 2 2 2 3 1 1 1 2 2 2 2 1 1 1 1 2 2 2 1 1 3 3 2 1 3 1 1 3 1 6 3 1 2 1 1 1 2 3 1 1 1 2 2 1 1 2 3 3 1 1 1 1 1 2 3 2 2 2 1 1 2 2 2 1 4 1 2 1 1 1 1 2 1 1 1 1 1 2 1 1 1 1 1 1 1 1 2 1 3 1 1 2 1 3 1 1 1 2 1 1 3 2 1 3 2 1 1 1 3 4 1 1 1 1 2 2 1 2 3 1 2 2 2 2 1 3 2 3 2 3 3 1 3 1 1 2 4 2 1 1 2 1 1 2 2 2 1 1 4 2 1 2 1 1 1 1 1 1 1 1 2 1 2 2 1 1 1 1 2 1 1 1 1 3 1 2 1 2 2 1 1 3 3 3 1 2 2 2 3 4 1 2 1 2 1 1 1 1 1 1 1 1 1 1 1 3 1 1 2 3 4 2 1 3 1 2 2 2 1 1 2 2 1 1 3 3 2 1 2 2 4 1 2 4 1 2 1 2 1 2 1 2 1 2 1 1 1 1 1 3 2 2 2 3 1 1 1 2 1 1 4 5 1 2 1 1 1 2 2 1 1 2 1 1 3 2 3 2 2 1 1 1 5 2 1 1 1 1 3 3 2 1 4 1 2 2 2 1 2 1 1 2 2 1 1 1 1 2 1 1 2 1 2 1 3 1 2 1 1 1 1 2 1 1 1 2 1 2 1 1 1 2 1 1 1 1 1 1 1 1 1 1 2 1 3 1 3 1 2 1 2 1 4 1 1 3 1 1 4 2 1 1 1 2 2 1 2 1 2 1 1 2 2 1 3 2 2 2 1 3 3 1 
  #Test Small 9151
  #Test Medium 17387
  #Test Large 31043
