Board size [mm] 350x100

Stats side 1
  #Components with background 18
  #Components with points 199
  #Components nofly 4
  #Components notouch 6
  #Pins 45098
  #GNDs 1510
  #VDDs 1333
  #Clock 18
  #NoFly points 516
  #NoTouch points 1048
  #Points [total] 49523

Stats side 2
  #Components with background 17
  #Components with points 189
  #Components nofly 2
  #Components notouch 0
  #Pins 49471
  #GNDs 1061
  #VDDs 813
  #Clock 9
  #NoFly points 424
  #NoTouch points 0
  #Points [total] 51778

Stats board (side 1 + side 2)
  #Components with background 35
  #Components with points 388
  #Components nofly 6
  #Components notouch 6
  #Pins 94569
  #GNDs 2571
  #VDDs 2146
  #Clock 27
  #NoFly points 940
  #NoTouch points 1048
  #Points [total] 101301
  #Nets 92349
    Net Size: 2571 2146 27 1 1 2 2 1 1 2 1 2 1 3 1 1 1 1 2 1 1 1 2 1 3 1 2 2 1 1 2 1 1 2 2 1 5 2 2 1 1 2 1 1 2 1 2 2 2 4 2 2 1 2 2 2 1 3 1 3 3 1 1 1 3 2 2 1 1 1 2 1 1 1 1 1 1 3 2 1 4 1 2 1 2 1 1 2 1 3 2 1 3 1 2 2 1 1 1 2 1 1 2 1 1 2 1 2 2 1 2 1 2 1 1 2 2 1 1 2 2 1 1 2 3 1 1 2 2 3 2 1 2 1 1 2 1 1 1 3 1 2 4 1 3 1 1 2 1 2 1 1 3 1 2 4 1 4 1 1 1 2 3 3 3 2 3 1 2 1 3 1 1 2 2 2 2 3 4 1 1 1 1 2 1 2 2 3 2 2 2 2 1 1 1 1 2 2 4 1 2 1 3 1 1 2 3 1 2 4 2 1 3 3 1 1 2 2 1 2 2 3 2 1 3 1 1 2 4 2 2 1 2 1 2 1 2 1 2 1 1 2 1 3 1 4 1 2 1 2 1 2 1 4 4 1 1 2 4 2 1 2 1 1 1 1 2 1 1 1 1 4 2 1 1 1 3 2 4 1 1 1 1 1 2 2 2 3 3 1 1 1 2 1 2 2 3 2 1 3 1 1 2 4 3 3 1 2 2 1 2 2 3 2 2 2 1 2 1 3 2 1 1 1 2 1 1 3 2 2 2 3 2 3 1 1 1 2 3 2 2 1 1 2 1 1 3 1 1 4 3 1 1 2 1 1 2 3 4 1 1 2 1 1 2 1 3 1 4 2 2 2 3 2 5 2 2 4 3 3 1 2 8 1 2 1 2 2 2 3 3 1 1 1 1 2 2 2 3 2 1 3 2 2 1 4 3 2 2 2 1 3 4 2 2 1 2 1 1 1 1 1 4 1 1 1 1 2 2 2 1 2 1 1 2 2 2 2 1 1 1 1 1 1 1 2 1 4 2 1 2 1 2 1 3 1 2 1 2 2 1 3 3 2 4 3 2 2 3 1 4 1 2 2 1 3 3 1 2 1 2 2 3 3 1 1 3 4 2 2 1 1 3 2 3 2 2 1 1 3 3 1 1 3 2 1 1 1 2 1 2 1 3 1 3 2 2 2 4 4 1 2 2 1 4 4 2 1 1 1 1 2 1 1 2 1 1 3 2 3 3 2 3 2 3 4 3 2 1 1 1 1 2 3 2 1 1 1 3 3 2 3 2 1 1 1 3 1 1 2 1 2 2 2 3 4 2 2 4 2 2 1 2 1 1 4 2 2 1 3 2 4 2 2 1 2 1 3 2 1 1 2 1 1 1 2 1 3 1 2 1 1 1 1 1 2 1 2 1 1 2 2 1 1 1 2 1 4 2 1 1 1 1 1 3 1 1 1 1 1 3 2 2 1 1 2 3 2 2 1 1 2 2 2 1 1 4 2 1 1 4 1 2 3 2 1 2 1 1 2 1 2 3 2 1 2 2 3 2 3 1 1 1 3 1 3 1 1 4 2 1 1 3 1 3 2 3 2 2 1 1 2 3 2 1 1 1 1 3 4 1 2 2 1 3 1 2 1 2 2 1 3 1 1 2 4 1 1 2 3 2 3 1 1 1 5 2 1 2 3 2 1 1 1 6 1 3 1 1 1 1 4 1 4 3 2 3 1 2 2 1 2 3 2 1 1 4 1 4 2 2 1 1 1 2 1 1 1 2 3 2 1 1 4 2 2 3 1 2 1 1 1 1 2 3 1 2 1 1 1 2 1 2 1 2 2 1 2 1 3 1 1 3 2 1 2 2 2 1 2 1 2 1 3 1 2 1 1 2 1 1 1 4 1 2 1 3 2 1 1 3 1 2 1 6 2 1 2 4 1 1 2 2 1 3 1 2 2 1 4 3 1 1 3 2 4 2 2 2 1 1 2 1 1 1 1 1 2 1 1 1 1 5 5 1 2 1 1 1 2 1 1 4 4 1 2 2 1 2 2 2 1 3 1 2 2 3 2 3 1 2 1 2 2 3 1 2 1 2 2 4 1 1 3 2 1 1 2 3 3 2 1 1 4 2 1 1 1 1 2 1 2 3 1 3 1 1 1 2 1 1 1 1 2 1 1 3 1 3 2 1 1 2 1 2 4 1 1 1 1 4 1 2 1 2 1 5 1 2 4 2 1 1 5 1 3 3 1 3 3 1 1 1 1 2 1 2 1 1 1 1 5 2 1 1 2 3 2 2 2 3 3 1 1 1 1 1 1 3 1 2 1 2 1 1 2 1 1 3 1 2 1 1 1 1 3 2 2 4 2 5 2 4 2 1 1 4 2 1 3 1 2 2 1 1 3 2 1 3 3 1 1 2 1 1 3 2 3 2 2 1 1 1 2 1 1 3 1 2 2 2 1 2 2 1 1 1 2 1 1 1 2 2 2 4 1 1 2 3 3 1 3 2 2 1 1 4 2 5 1 3 2 1 2 1 1 2 2 1 3 1 3 4 1 4 2 2 1 1 1 2 3 1 2 2 3 2 2 2 1 2 2 1 2 1 4 1 3 1 1 3 2 1 1 2 1 5 1 1 1 2 1 1 2 1 2 1 2 2 2 3 1 2 2 1 2 1 1 1 4 3 1 1 3 2 2 1 3 4 1 2 1 4 3 2 1 1 1 1 2 3 2 2 2 2 6 3 1 3 2 3 3 3 2 3 1 3 1 2 2 2 3 1 1 3 1 5 1 1 1 1 1 2 1 3 1 1 1 1 1 3 2 1 1 2 2 2 1 3 2 1 3 3 3 2 2 1 1 1 4 2 1 1 1 1 2 1 1 2 1 3 3 1 3 1 1 1 1 2 1 2 1 2 2 1 1 1 1 2 1 2 2 2 3 3 2 1 3 1 1 2 1 4 1 2 4 1 1 2 1 2 2 1 1 1 2 1 3 3 1 3 1 2 2 2 1 1 1 5 1 1 1 2 1 6 4 3 1 1 3 2 2 1 2 1 2 1 1 1 4 2 1 2 1 1 1 1 1 1 1 1 2 3 1 1 2 2 1 1 2 2 4 3 1 1 1 2 3 3 1 1 1 6 3 2 2 3 2 3 4 1 1 1 1 1 1 1 3 1 2 2 1 2 2 1 3 1 1 2 1 1 1 2 2 2 2 1 2 2 4 1 3 1 1 1 2 1 1 1 4 1 2 1 2 3 1 1 4 3 1 2 2 1 2 4 2 1 1 1 1 1 2 1 2 1 2 1 3 1 1 1 2 1 1 2 1 3 1 2 2 1 3 1 4 1 2 2 2 1 2 1 2 1 1 1 3 1 1 1 1 2 2 3 3 2 1 3 2 2 2 1 1 3 2 2 1 1 1 1 2 1 1 2 2 2 1 1 1 2 1 2 3 1 1 3 3 1 1 1 1 1 1 1 1 2 1 1 2 1 2 1 2 1 2 2 2 1 1 2 1 2 1 2 2 1 1 3 1 1 2 2 2 1 2 1 2 1 4 1 1 2 1 1 2 3 3 1 1 1 1 1 1 1 1 1 1 2 3 2 1 1 5 1 1 1 2 4 2 1 2 1 1 2 1 2 1 1 2 1 2 2 2 1 1 1 1 1 2 2 1 1 2 1 1 2 1 1 2 1 2 1 1 2 2 2 2 1 2 2 2 2 1 3 1 1 2 1 1 1 1 1 3 1 1 1 2 2 1 1 1 2 1 2 2 1 1 1 2 1 1 1 2 1 1 1 1 2 2 1 3 1 1 1 1 3 1 2 1 2 2 2 2 1 2 1 1 2 1 3 2 1 2 3 5 1 1 2 1 3 2 1 1 1 2 2 1 2 2 1 1 1 1 2 1 2 1 3 2 1 1 1 2 1 1 1 2 1 1 1 1 2 2 2 1 3 1 3 2 1 3 1 2 1 1 1 2 2 1 2 1 3 2 3 1 3 1 2 2 3 1 1 1 2 3 3 5 2 1 1 1 1 1 2 3 1 3 2 1 1 2 3 3 2 2 3 2 4 1 3 1 1 1 2 1 2 2 2 2 1 2 1 5 2 5 1 3 1 2 1 1 2 2 1 2 1 3 4 1 2 1 1 1 1 1 1 1 2 1 2 1 1 2 1 1 2 1 1 1 1 1 1 3 5 2 1 1 2 2 1 1 2 1 2 2 1 3 2 2 1 1 1 1 2 1 1 2 4 1 1 1 3 1 2 1 2 2 2 2 2 2 1 1 1 2 2 1 3 1 2 1 1 2 1 2 3 2 1 1 1 1 1 1 1 2 1 2 1 1 1 2 2 1 1 2 3 2 4 2 1 2 2 1 1 4 1 1 1 2 1 1 2 1 2 1 1 2 3 3 1 4 2 1 3 1 1 2 1 3 1 2 2 2 1 2 1 2 4 1 1 1 2 2 2 3 1 1 2 2 2 1 2 1 4 2 2 2 1 2 1 1 1 2 1 3 1 2 3 1 1 1 2 1 1 2 1 1 5 4 1 1 1 2 2 1 2 2 1 2 1 2 1 1 1 3 3 2 1 1 1 1 1 1 1 2 4 2 3 1 2 1 3 1 2 2 4 1 1 1 1 1 1 2 1 4 2 2 2 1 1 5 5 1 1 1 2 1 2 1 2 1 1 3 1 2 1 1 2 2 1 1 1 2 2 1 2 4 2 2 3 3 3 1 2 1 1 1 1 2 1 2 3 2 2 2 2 2 1 2 2 1 4 4 3 2 1 2 2 1 3 3 3 1 2 5 1 2 1 1 2 1 2 1 1 2 1 1 1 2 2 3 5 1 1 1 2 2 1 1 1 2 2 1 4 2 1 4 2 1 2 1 3 2 3 2 1 1 2 1 1 3 1 1 1 2 1 1 2 1 3 5 1 2 2 1 2 3 3 1 1 2 3 3 3 1 3 1 1 1 2 3 2 3 1 3 1 4 1 1 1 3 1 2 4 5 2 1 2 2 2 1 1 4 3 2 1 2 1 2 1 2 1 1 1 1 3 5 4 1 1 3 3 2 3 1 1 1 1 2 4 2 3 4 3 1 1 1 1 1 3 1 1 1 3 1 1 1 1 3 1 1 4 1 3 2 1 1 2 1 1 1 1 5 2 1 2 2 2 1 2 1 2 1 1 3 4 1 1 3 1 1 1 2 1 1 2 2 1 1 1 3 1 2 3 1 1 2 2 2 2 2 2 2 1 3 3 3 1 3 1 4 2 1 2 2 3 2 2 2 1 2 1 1 1 1 2 2 1 5 2 2 1 3 1 1 1 1 1 1 3 3 3 1 3 2 2 1 4 1 1 1 1 1 3 1 1 3 1 2 1 2 2 1 1 1 3 1 2 1 3 2 2 1 1 1 1 2 1 1 1 4 1 2 3 1 3 1 2 1 1 2 2 2 1 5 1 3 1 4 2 1 1 3 3 2 2 3 1 1 2 1 2 2 2 3 1 5 1 1 1 2 3 1 1 1 3 1 1 1 6 2 2 2 2 3 2 1 5 4 3 2 2 2 1 1 2 1 2 1 2 2 1 2 1 1 1 1 2 2 2 3 2 2 2 1 2 1 2 1 2 1 2 4 2 2 4 2 3 2 4 3 2 2 1 2 1 1 1 4 1 1 4 1 2 1 1 1 1 2 2 2 3 1 2 2 3 1 4 3 1 1 2 4 1 3 3 1 1 2 1 1 1 2 4 1 2 1 3 1 2 3 3 1 2 2 2 1 1 1 1 1 1 1 1 2 1 4 1 2 3 1 1 2 1 2 1 1 2 1 2 2 1 2 1 4 2 1 3 1 4 1 3 4 1 2 1 1 2 4 3 3 2 2 2 1 1 2 1 1 3 1 1 3 1 1 1 2 4 1 2 1 1 1 2 2 2 1 2 1 2 1 3 1 1 1 1 3 1 2 1 2 2 2 3 5 2 1 1 1 1 1 3 1 2 1 2 1 3 2 1 2 2 1 1 2 2 1 1 3 3 1 2 1 1 1 3 3 2 1 4 2 1 2 1 1 1 1 1 4 2 2 2 1 1 1 3 2 1 2 1 2 1 3 1 1 1 1 2 1 1 2 3 1 1 1 1 1 4 1 2 2 2 1 2 1 3 2 1 1 1 1 1 2 4 2 1 1 2 1 3 1 3 2 4 1 1 3 2 1 4 1 2 1 1 1 1 1 1 4 1 3 4 1 1 1 3 1 2 1 2 2 2 2 2 2 1 3 1 1 1 1 2 1 2 1 3 3 6 4 1 1 1 2 3 1 1 2 3 3 1 1 4 3 2 1 1 1 1 2 4 1 1 2 2 3 1 4 3 1 1 1 2 4 1 3 3 1 3 1 1 1 3 1 3 1 3 3 1 1 1 2 1 2 2 1 2 1 1 2 2 1 1 1 1 2 1 1 2 2 1 1 2 1 2 2 2 1 1 2 1 1 2 1 1 3 1 2 2 3 2 1 1 3 2 3 3 3 2 2 1 1 2 1 2 2 1 1 2 1 3 2 2 2 2 1 2 1 1 1 2 2 1 1 1 3 2 1 2 3 1 1 2 1 1 2 1 1 3 2 3 2 1 3 1 3 1 1 2 3 1 2 1 1 1 2 1 2 3 2 1 1 2 1 3 1 1 2 1 1 2 1 2 2 4 2 4 1 1 2 2 1 2 2 2 2 3 1 1 3 2 2 3 3 1 3 1 1 1 3 1 2 1 1 1 1 3 1 1 2 2 1 2 1 1 1 2 2 1 2 1 3 4 1 3 3 4 1 1 2 1 4 3 1 2 2 1 2 3 4 2 1 2 1 1 1 1 1 1 1 1 2 1 2 2 1 2 1 1 2 3 1 2 1 2 2 2 1 2 1 2 4 2 1 1 1 2 1 3 1 1 2 1 1 2 1 2 3 2 1 2 2 1 4 4 2 2 1 1 2 1 1 2 2 1 1 1 1 1 4 2 1 3 1 2 2 2 2 2 1 1 1 1 1 1 2 2 4 1 2 2 3 4 2 1 1 2 1 1 1 2 1 1 1 2 1 1 2 1 1 2 2 1 2 1 1 1 1 2 3 1 1 2 1 1 2 1 2 2 3 1 1 2 2 5 1 3 1 2 1 1 2 4 4 2 1 2 3 1 5 2 1 2 3 4 3 4 1 1 1 1 2 1 1 2 1 1 3 1 3 1 1 3 4 3 1 2 3 2 1 2 1 1 1 1 1 2 2 1 2 1 2 1 3 1 1 1 1 1 1 3 2 2 2 2 1 1 1 2 3 1 3 4 5 1 2 2 1 2 1 2 2 3 1 1 2 1 2 2 4 1 2 1 3 1 1 2 1 3 4 1 2 1 1 1 1 2 1 3 2 3 1 3 1 3 3 1 2 1 1 2 1 1 1 1 1 1 4 3 2 1 1 2 2 2 2 3 1 4 1 1 5 2 3 2 1 2 1 1 3 1 1 1 5 1 3 1 1 3 1 2 1 1 1 2 2 1 3 2 2 2 2 2 2 1 2 1 3 1 2 2 1 1 1 1 2 2 1 1 2 1 2 1 1 1 2 2 1 2 2 3 2 2 1 3 2 1 3 1 1 3 2 2 1 1 1 2 2 1 4 1 1 1 1 1 1 1 2 2 2 1 2 1 2 5 2 1 1 2 1 2 2 1 1 1 2 5 2 2 2 1 4 4 1 1 1 2 2 1 2 1 2 2 2 2 2 1 3 4 2 2 2 1 2 2 3 2 2 2 1 4 1 2 2 1 2 5 3 1 3 3 1 3 2 1 1 1 1 1 2 1 1 2 3 3 1 3 1 1 2 1 1 3 2 2 2 3 2 3 1 2 1 2 3 2 2 1 3 1 5 2 2 1 3 1 1 1 1 1 3 1 1 3 3 3 2 2 2 2 2 1 1 1 3 1 1 3 1 1 1 2 2 1 2 1 3 1 1 1 2 3 2 1 4 2 2 1 3 4 1 2 1 1 2 2 1 1 1 2 3 2 1 3 1 1 1 1 1 1 2 2 1 1 1 3 1 1 1 3 2 2 1 2 1 3 1 2 4 1 1 1 2 3 1 1 1 4 1 1 2 1 1 2 1 2 2 1 1 1 2 1 1 1 1 1 1 1 1 3 1 2 2 1 1 2 2 1 3 1 2 3 1 2 2 1 1 3 2 3 2 2 1 4 2 2 1 1 2 1 3 1 1 2 3 2 2 1 1 1 2 1 1 2 1 1 6 2 2 2 2 2 2 2 1 2 1 1 3 2 1 1 3 1 2 1 2 3 1 2 1 3 2 1 2 1 1 2 4 1 2 4 3 2 1 1 1 2 2 3 1 3 1 1 1 1 1 2 1 1 2 1 2 4 1 2 1 2 3 3 1 1 1 1 1 2 2 1 1 4 1 1 1 1 1 3 1 1 2 1 4 1 1 1 2 3 1 1 1 1 1 1 2 3 1 1 2 1 1 1 1 2 2 1 1 2 3 1 1 4 3 1 2 1 1 1 1 1 4 4 4 5 1 1 4 1 1 1 4 1 1 2 1 1 5 2 2 1 1 1 1 1 3 2 4 2 1 2 2 2 1 1 1 1 1 1 1 1 1 2 1 1 2 2 1 1 4 1 2 2 1 1 2 1 2 1 2 2 2 1 2 1 2 2 1 3 2 1 2 1 5 3 1 3 1 2 3 1 4 2 2 1 3 1 5 2 2 3 1 3 2 1 1 2 1 1 1 1 2 1 2 1 1 1 1 1 2 1 1 1 2 1 1 1 1 4 1 5 2 2 1 2 3 2 2 3 1 1 1 2 2 1 1 2 2 4 3 2 1 1 2 2 4 2 1 1 3 1 1 1 1 3 2 1 3 1 1 1 2 1 5 1 2 2 2 1 3 2 1 1 1 3 1 2 5 4 1 1 1 3 1 1 2 1 2 4 2 1 2 2 2 1 1 2 1 5 3 2 1 2 2 1 1 3 1 3 2 1 2 1 2 2 1 1 1 1 1 1 1 1 1 1 1 1 3 1 2 1 1 3 1 1 4 1 1 3 1 1 1 3 2 1 1 2 1 1 1 1 1 1 2 2 4 4 3 1 1 2 2 1 3 1 1 1 1 2 1 2 1 2 1 1 1 1 2 1 1 2 1 3 2 1 1 2 1 1 4 4 1 2 1 2 1 2 3 2 1 3 1 1 2 1 2 3 1 1 1 2 2 2 2 1 3 4 3 1 3 1 1 1 2 2 2 2 3 1 1 4 1 1 1 1 1 1 2 2 2 3 1 3 2 2 1 1 1 2 3 1 2 6 2 1 2 1 2 1 1 1 1 1 2 2 3 1 1 1 2 1 2 1 1 1 1 1 1 1 1 1 1 4 4 2 1 1 1 1 2 1 1 2 1 1 1 1 1 2 2 1 1 1 1 2 1 2 2 2 1 1 1 1 1 2 3 1 3 3 2 1 1 3 2 1 2 2 1 2 2 2 2 3 1 1 4 1 4 1 1 3 3 1 1 2 3 1 3 1 3 2 4 1 2 3 3 4 1 1 2 2 1 1 2 2 3 4 2 2 1 1 5 1 4 2 1 1 2 3 2 3 1 1 1 1 1 2 4 2 3 3 3 3 2 4 1 1 2 1 2 2 1 3 1 1 1 1 1 1 3 1 1 3 1 2 1 2 1 2 1 1 2 2 1 2 2 1 1 2 1 3 3 2 1 1 2 1 1 1 1 2 2 1 1 1 2 1 2 2 1 1 2 2 2 2 1 3 2 2 1 2 2 2 1 4 2 3 2 1 1 3 1 1 1 1 2 1 1 2 3 2 1 1 3 2 3 1 3 2 2 2 2 5 1 1 2 4 1 1 2 1 2 2 1 2 3 1 3 4 1 3 1 3 1 1 2 1 1 3 3 2 3 2 1 3 2 1 1 4 1 2 3 2 1 1 2 3 1 2 1 2 2 4 1 1 1 1 2 3 2 1 2 1 4 1 3 1 3 1 1 2 1 2 1 2 5 1 2 1 3 2 2 1 1 2 1 3 2 1 2 1 4 1 1 2 1 3 2 2 5 2 2 1 2 1 1 2 4 2 2 1 1 1 1 3 2 1 2 2 1 5 1 1 2 1 1 3 1 3 1 1 1 2 1 2 2 1 1 1 2 3 2 2 2 1 3 1 2 5 1 1 2 2 2 2 1 2 2 2 2 1 2 2 1 1 1 3 2 2 1 3 3 3 2 1 2 1 3 1 2 2 1 1 1 1 1 1 2 1 1 1 1 2 2 1 2 3 1 1 2 1 4 2 2 2 2 2 1 1 1 1 3 2 4 2 1 3 2 2 2 1 1 5 2 2 2 2 1 1 1 1 1 1 1 4 2 3 2 3 2 1 2 2 1 1 2 1 1 1 2 3 2 2 1 1 1 1 2 2 3 2 1 3 1 3 2 1 2 3 1 1 2 1 1 1 2 3 2 2 2 1 1 1 1 1 2 2 2 3 1 1 1 3 1 2 2 2 1 3 1 1 1 1 2 2 3 2 1 1 2 1 1 1 1 2 1 2 3 3 1 3 1 2 3 1 2 1 2 2 3 1 2 2 1 2 3 3 1 3 2 1 1 2 1 2 2 1 1 2 1 1 3 1 3 1 1 1 1 2 1 1 1 2 3 4 1 2 1 1 2 3 1 1 1 1 1 2 2 1 1 2 3 2 1 2 1 2 1 3 2 1 1 4 2 1 2 3 3 1 2 2 1 2 1 1 1 1 2 2 2 2 3 1 1 1 3 1 3 1 1 2 1 1 1 1 2 3 1 1 2 2 2 2 2 3 1 2 2 3 5 2 1 1 2 2 2 2 2 1 1 1 3 4 1 3 1 3 2 3 1 1 1 2 2 4 4 1 1 1 1 1 3 2 1 1 2 4 1 1 1 2 1 1 3 1 1 2 1 2 3 2 1 3 1 1 2 4 1 3 1 1 2 2 1 1 1 2 1 1 1 2 4 2 4 2 4 1 1 1 3 1 3 1 3 4 2 1 1 1 1 1 1 1 2 3 3 3 1 1 3 4 2 1 3 1 1 1 2 3 1 1 1 1 3 4 1 1 5 1 2 3 2 1 2 2 2 4 2 1 1 1 1 2 1 2 2 2 4 2 3 3 1 1 1 1 1 3 2 1 3 1 1 1 2 1 3 1 3 2 1 3 5 1 4 2 1 1 4 2 4 3 1 1 2 3 1 3 2 1 1 1 1 2 1 1 2 1 1 2 2 1 2 1 1 1 3 2 2 1 4 3 1 1 1 2 1 1 1 2 2 1 2 1 2 1 1 1 1 3 4 1 1 1 2 2 1 1 1 2 3 2 2 2 1 1 2 3 2 1 1 2 2 2 3 2 1 3 2 2 2 1 1 1 1 4 3 2 1 1 2 3 2 3 1 5 1 1 2 1 4 1 3 1 1 2 4 1 1 2 1 4 2 2 1 2 1 2 1 1 2 2 2 1 3 1 1 2 4 2 1 3 1 2 1 1 2 3 1 1 1 1 2 2 3 3 1 4 2 2 1 2 1 1 2 1 1 3 1 1 3 1 2 1 4 2 3 1 2 2 2 3 2 2 1 2 2 4 2 2 2 1 1 3 5 1 1 1 2 1 2 3 1 3 1 2 1 2 3 1 1 1 2 1 2 1 1 1 4 2 1 1 1 2 1 1 1 3 1 3 2 1 2 3 1 4 1 1 2 1 2 2 3 2 2 2 1 2 2 1 2 4 1 4 1 3 2 1 1 1 1 2 2 1 2 2 1 4 3 1 1 3 2 2 3 1 2 1 2 2 1 1 1 1 2 3 2 1 2 3 1 1 2 2 3 1 2 2 2 1 3 1 3 3 3 2 2 1 1 1 4 1 3 1 2 1 4 1 2 1 1 2 2 1 2 1 1 1 2 3 1 1 1 2 1 1 1 2 1 2 1 2 2 1 2 1 1 1 1 2 3 1 3 1 4 1 4 2 1 1 2 1 2 1 2 1 1 3 2 1 4 2 2 1 2 2 2 2 1 1 1 2 1 2 1 2 3 1 1 3 1 2 1 2 1 2 2 
  #Test Small 6921
  #Test Medium 17505
  #Test Large 21229
