Board size [mm] 250x250

Stats side 1
  #Components with background 41
  #Components with points 311
  #Components nofly 6
  #Components notouch 6
  #Pins 85481
  #GNDs 2065
  #VDDs 1741
  #Clock 26
  #NoFly points 940
  #NoTouch points 1048
  #Points [total] 91301

Stats side 2
  #Components with background 39
  #Components with points 329
  #Components nofly 0
  #Components notouch 0
  #Pins 87776
  #GNDs 2517
  #VDDs 1902
  #Clock 21
  #NoFly points 0
  #NoTouch points 0
  #Points [total] 92216

Stats board (side 1 + side 2)
  #Components with background 80
  #Components with points 640
  #Components nofly 6
  #Components notouch 6
  #Pins 173257
  #GNDs 4582
  #VDDs 3643
  #Clock 47
  #NoFly points 940
  #NoTouch points 1048
  #Points [total] 183517
  #Nets 167615
    Net Size: 4582 3643 47 1 1 1 4 1 3 3 2 2 1 1 1 2 2 3 2 5 1 2 3 3 1 3 2 2 3 2 1 4 1 4 1 2 2 1 1 1 1 1 3 2 1 1 1 3 2 1 3 1 1 2 1 3 2 3 2 1 1 1 2 1 2 2 1 1 2 1 2 1 3 2 2 2 4 1 3 1 1 2 1 1 2 4 3 4 1 1 2 1 1 2 1 2 3 1 1 2 1 2 1 2 2 4 2 2 2 3 4 1 1 1 2 1 1 1 1 1 2 2 4 1 3 1 1 3 3 1 1 2 4 5 1 2 1 3 2 3 3 2 1 1 3 1 3 1 1 2 1 1 2 3 2 1 3 1 1 1 1 1 1 2 2 3 2 4 1 2 3 1 2 2 2 2 3 2 2 3 3 1 1 2 2 1 2 2 1 2 1 1 1 1 2 1 1 1 2 4 2 1 1 4 1 1 1 1 1 5 3 1 1 1 1 3 1 1 1 1 2 2 2 2 4 1 1 1 1 1 2 2 3 1 4 1 3 3 2 2 1 1 1 1 2 1 2 2 1 1 1 1 3 2 1 2 2 2 3 1 1 1 2 3 1 1 1 1 2 2 1 1 1 1 1 1 2 1 1 2 1 4 4 2 1 1 1 3 1 2 2 2 2 1 1 1 2 2 2 1 5 1 1 3 1 4 1 3 1 1 2 1 2 3 1 1 1 1 2 2 3 1 1 5 1 4 1 3 1 1 2 2 3 1 2 1 1 1 1 2 4 1 3 1 1 3 1 2 1 4 2 1 2 2 1 1 3 2 1 1 1 2 1 1 1 3 3 1 2 2 3 1 3 1 2 3 2 1 1 1 2 1 1 1 2 1 1 1 2 1 1 3 2 1 5 2 1 1 1 2 3 2 1 3 1 1 1 1 1 2 1 1 2 1 2 1 1 2 2 2 1 3 2 2 1 1 2 1 1 1 2 4 3 1 2 3 2 1 1 1 1 3 1 4 1 3 1 1 1 1 1 3 1 1 1 2 4 3 4 1 2 2 1 2 1 1 1 5 1 1 1 1 1 1 3 3 1 2 1 3 2 1 2 2 2 1 1 1 2 1 1 1 1 1 2 1 2 2 2 2 2 2 1 2 2 4 1 1 2 1 1 1 1 6 1 1 1 1 1 1 2 3 4 4 1 3 2 1 4 1 2 2 1 1 2 1 4 2 1 4 1 1 1 1 1 1 1 1 1 2 2 2 1 1 2 1 1 1 2 1 1 4 1 3 2 4 2 2 1 2 2 3 1 4 1 3 4 1 1 2 6 3 2 2 2 1 2 1 3 3 2 1 1 1 1 1 4 1 1 2 3 1 1 2 2 1 1 1 2 1 1 1 2 2 1 3 3 1 2 2 1 1 1 3 1 2 1 2 1 2 3 1 2 1 1 1 2 1 1 4 1 2 1 3 2 2 2 2 1 3 1 1 2 4 2 1 1 1 2 1 1 2 1 4 1 2 1 3 1 2 2 1 3 1 1 1 1 2 2 1 4 4 2 2 1 1 1 2 2 3 1 1 4 1 3 2 2 1 3 1 2 2 3 1 1 3 2 1 3 2 2 2 2 1 4 1 3 2 4 3 3 2 2 1 1 4 3 1 1 1 1 1 1 1 1 1 4 1 2 2 1 1 2 1 1 1 1 3 1 4 2 1 2 2 3 4 1 3 2 2 1 1 1 1 1 1 4 1 2 2 3 2 1 1 3 3 1 3 2 5 4 2 3 3 3 1 2 3 1 2 1 1 1 1 2 4 2 1 1 2 3 2 3 1 2 1 1 1 2 2 2 4 2 1 1 3 2 2 2 1 2 3 1 3 1 2 1 1 1 4 1 2 1 3 1 3 3 4 6 1 2 1 1 1 4 2 1 2 1 3 2 1 1 3 3 2 1 1 1 1 3 2 2 3 5 1 1 2 2 1 3 2 1 2 2 2 2 2 1 1 2 1 2 1 1 2 3 1 1 1 2 3 1 3 1 3 1 3 4 1 2 1 1 2 1 1 1 2 2 1 2 2 3 1 3 1 2 2 1 1 2 2 1 3 1 1 1 3 2 1 1 2 1 2 2 1 1 1 1 2 1 4 1 5 1 1 2 2 3 1 2 1 1 1 3 2 2 1 1 2 1 1 1 1 1 2 2 4 1 2 3 3 3 4 2 4 1 1 3 2 2 1 3 1 2 1 1 1 2 3 1 1 2 1 3 2 3 2 1 2 2 1 1 1 2 1 1 2 3 1 1 2 3 1 1 2 1 1 1 1 1 2 1 1 1 4 1 1 3 1 2 2 2 1 1 1 5 2 1 3 1 1 2 2 2 6 1 2 3 2 2 1 1 2 3 2 1 1 1 2 3 1 1 2 3 2 1 1 2 2 2 1 2 1 1 1 2 3 1 1 2 1 1 3 1 4 3 2 3 1 2 1 3 3 1 3 1 1 3 2 1 1 1 1 4 1 1 1 1 1 1 2 1 2 1 1 1 4 1 2 1 1 2 1 2 2 2 2 3 1 2 2 3 2 2 3 1 1 2 1 1 3 2 1 2 2 1 1 2 1 2 3 1 1 3 2 3 1 2 3 1 1 3 1 2 1 1 4 1 1 2 2 2 2 3 1 1 2 2 1 1 1 1 1 2 1 5 1 1 2 1 2 1 1 1 2 1 2 2 2 1 2 1 1 1 4 2 1 3 2 1 1 2 2 3 1 1 2 1 2 2 1 1 2 1 1 2 1 1 2 1 1 3 1 1 4 6 4 1 2 3 2 1 2 1 2 2 1 3 1 3 3 2 3 1 1 5 2 1 1 3 2 2 1 4 3 1 2 1 2 2 2 1 2 2 5 4 3 1 2 3 1 2 4 3 2 1 2 1 1 2 1 1 1 1 4 1 2 1 2 1 3 2 1 2 2 1 1 3 1 2 3 1 1 2 5 2 3 3 2 1 2 1 3 2 1 2 3 1 4 1 1 2 1 1 4 5 2 1 1 1 2 2 2 3 2 2 3 5 4 1 1 1 1 1 1 1 1 2 4 3 1 1 1 2 2 1 4 2 3 1 3 1 3 1 1 1 1 2 1 1 2 2 1 1 1 1 2 2 1 1 2 2 1 3 2 2 3 2 2 1 1 1 2 1 3 1 3 1 2 1 4 1 1 1 2 4 1 1 1 2 2 2 2 1 3 3 3 1 1 2 1 2 2 1 1 2 1 1 1 1 2 2 3 1 2 1 3 2 1 2 1 2 3 3 2 1 1 1 2 1 2 1 1 2 1 1 3 1 2 2 1 1 2 2 1 1 1 4 1 1 2 1 3 1 1 2 2 4 1 2 1 1 1 1 4 1 1 2 1 1 2 1 1 3 1 1 3 2 1 1 2 1 2 1 1 3 2 1 3 1 1 1 3 1 4 2 1 2 5 2 1 3 1 1 3 2 2 2 1 2 2 1 1 2 3 1 3 2 1 1 2 2 1 3 4 1 2 1 2 3 1 1 1 2 4 2 2 3 1 1 1 5 2 1 3 2 3 2 2 3 3 1 5 1 3 1 3 1 1 1 1 2 4 2 2 1 3 3 3 1 3 3 2 1 3 5 4 1 2 1 1 2 2 1 2 3 2 1 1 2 1 4 3 2 1 3 1 1 1 3 1 2 1 1 2 2 1 1 1 1 1 2 4 2 5 3 2 2 3 3 2 3 2 1 4 1 1 1 1 2 3 1 1 4 1 1 1 1 1 1 1 2 2 2 1 1 2 1 2 3 2 1 2 1 1 1 1 3 1 1 1 1 2 1 1 1 1 2 3 1 2 2 2 1 2 1 1 1 1 1 1 1 2 2 1 1 2 2 3 1 2 2 1 2 3 1 1 1 3 3 1 2 1 4 2 2 1 1 1 2 2 3 4 4 2 1 5 3 2 2 1 1 2 1 2 2 1 3 1 1 1 2 1 1 1 5 1 1 1 3 2 2 1 1 1 1 3 4 1 5 3 2 4 1 2 2 2 2 1 2 2 1 1 3 6 1 2 6 2 3 1 1 4 2 1 3 1 1 1 1 1 1 2 1 1 4 2 1 1 1 3 1 3 2 1 3 1 2 2 2 1 2 3 2 4 4 2 3 2 1 1 1 4 1 2 3 1 4 1 4 1 1 1 1 1 2 1 1 1 1 1 1 3 1 1 1 2 1 1 2 1 2 2 2 1 2 2 2 1 1 2 3 2 2 2 2 3 1 3 3 1 1 2 2 3 1 1 3 1 1 2 1 3 1 3 1 2 2 4 2 1 2 3 3 1 1 1 4 2 3 3 7 1 2 1 1 4 2 2 2 1 5 4 1 1 3 3 1 2 1 2 1 1 1 4 1 2 2 1 2 1 2 2 1 2 4 1 1 1 1 2 1 1 2 1 5 4 3 1 1 2 2 2 2 2 3 4 1 1 1 1 1 4 1 1 1 1 2 2 1 1 1 1 1 2 1 1 2 3 1 2 1 2 3 1 2 2 1 1 2 1 5 3 1 1 2 1 2 2 2 1 3 3 1 1 2 2 1 1 1 1 2 1 1 2 3 2 1 1 1 1 3 2 1 1 1 2 1 1 1 1 1 1 1 2 1 2 3 2 1 2 1 2 1 2 1 3 1 4 4 2 1 1 1 1 2 2 1 1 1 1 1 2 1 1 1 2 2 1 2 1 1 1 1 3 1 2 2 1 1 1 2 2 1 1 1 1 2 1 2 2 3 1 2 3 1 2 1 1 1 1 2 2 2 1 2 1 3 2 3 3 3 2 1 2 1 1 4 2 1 2 1 1 3 1 4 1 1 1 1 1 3 3 2 2 1 2 1 2 2 3 4 5 1 2 1 1 2 1 2 1 2 3 3 1 1 2 1 3 3 1 2 1 2 3 2 1 1 1 2 1 3 1 2 4 2 3 2 2 1 3 1 1 1 2 2 5 2 4 1 3 1 1 1 1 1 2 1 2 2 3 1 1 2 2 3 1 1 3 1 1 1 2 1 3 2 2 1 1 1 2 2 2 1 3 3 1 1 3 2 2 1 3 1 1 1 2 1 1 1 1 1 3 2 7 3 1 3 1 1 2 3 1 1 1 1 1 1 2 3 1 1 3 2 5 2 1 1 1 3 2 2 3 1 3 2 1 1 1 2 1 2 2 1 1 1 1 2 1 2 1 3 2 1 2 3 2 1 2 1 1 4 2 1 1 2 2 2 1 2 1 1 1 2 2 2 2 1 2 1 1 1 5 3 1 1 2 1 1 2 1 2 1 1 1 1 2 1 6 2 2 1 4 1 1 2 1 1 4 3 2 1 3 2 1 1 3 2 2 1 1 3 3 1 2 1 1 2 4 1 3 1 2 3 1 3 2 1 4 2 1 1 2 3 2 2 2 3 2 3 2 1 3 2 2 1 3 2 2 1 1 3 1 1 1 2 4 2 2 1 1 2 1 1 2 2 2 4 1 1 1 1 2 5 1 2 3 2 2 1 1 4 4 1 3 2 2 2 1 3 1 1 3 3 1 2 3 2 2 2 3 1 3 2 2 3 2 1 2 4 1 2 1 2 1 1 1 1 1 1 2 2 4 2 1 1 2 2 2 1 1 2 1 2 1 2 1 1 1 2 3 2 2 2 2 4 1 1 2 3 2 3 2 1 1 2 2 3 2 2 2 3 3 1 5 1 1 1 1 2 3 2 2 1 1 2 3 1 1 3 3 2 2 1 2 2 1 1 1 2 3 3 2 2 2 1 1 2 1 7 3 1 1 3 1 3 2 1 3 1 1 2 3 1 1 1 3 2 2 4 2 4 1 1 2 2 1 2 2 1 4 2 2 2 1 4 1 2 1 1 1 1 1 2 1 2 1 1 1 1 2 1 2 2 1 1 3 1 1 1 1 3 3 2 2 3 3 1 1 4 2 1 2 1 2 1 2 2 3 1 2 2 3 1 2 1 1 2 2 3 1 2 2 1 2 1 2 1 4 1 2 1 2 1 2 3 2 2 2 1 1 1 1 1 2 1 1 1 3 1 4 1 1 3 1 2 2 1 1 1 1 1 2 1 1 1 5 1 1 1 2 2 1 3 1 1 2 1 1 1 2 2 4 1 1 1 2 1 2 3 1 2 1 2 2 1 2 2 4 5 3 2 1 1 1 1 1 1 1 3 1 3 1 2 4 4 3 1 1 1 3 1 1 1 2 2 3 1 2 1 1 2 2 1 1 1 2 1 1 3 3 1 2 1 1 1 1 1 1 2 1 1 3 2 3 1 1 1 1 1 1 3 2 1 3 2 1 1 3 5 2 1 1 1 1 1 3 2 2 2 1 1 1 1 2 1 4 1 3 1 2 4 2 1 1 2 1 1 2 1 1 1 3 2 1 1 3 2 1 1 1 4 2 3 2 3 1 2 2 2 2 1 2 2 3 1 2 1 1 1 2 2 2 3 1 1 1 1 1 1 1 1 1 3 2 2 2 1 1 2 2 1 2 2 3 2 3 2 2 1 1 1 1 3 1 1 3 2 2 2 2 1 1 2 1 2 1 3 1 3 1 1 1 2 1 2 3 2 2 2 1 1 1 2 1 1 1 3 1 1 1 1 2 1 2 2 2 2 1 1 2 2 3 1 1 4 1 2 1 1 3 1 1 1 1 1 1 2 1 1 1 3 1 1 2 1 1 1 1 2 4 1 3 1 1 1 2 1 1 2 1 2 1 1 1 1 1 1 2 1 2 4 2 1 1 1 1 1 1 1 3 3 2 1 4 1 1 1 1 1 2 2 2 4 2 4 1 2 1 1 1 1 3 1 2 3 1 1 2 2 1 2 1 1 3 3 4 3 5 2 1 5 3 2 3 1 1 3 2 2 1 1 1 2 2 1 3 2 1 2 1 2 3 2 1 3 3 2 2 1 2 2 4 3 2 1 3 1 3 1 3 1 1 3 1 3 1 2 1 3 1 1 1 3 1 1 1 1 3 1 1 3 1 3 2 1 1 1 1 1 1 2 2 2 2 4 3 2 1 2 3 3 1 1 1 1 5 2 3 1 1 1 1 3 1 2 1 1 2 1 2 2 1 1 1 3 1 1 1 1 4 1 1 2 1 1 1 2 6 2 1 2 1 2 1 1 2 2 2 1 5 3 2 1 1 1 3 2 1 3 2 2 1 2 1 2 1 1 2 2 1 1 2 2 3 2 3 1 1 2 3 3 1 2 2 1 1 1 1 2 1 2 2 1 1 1 1 3 1 1 1 2 2 1 3 1 1 3 2 5 2 1 1 2 2 2 4 2 2 2 1 1 1 2 2 1 1 2 1 1 2 3 3 1 2 3 1 1 2 2 3 2 1 3 2 1 2 3 2 2 2 3 2 2 1 2 2 1 3 1 1 2 2 1 2 2 1 1 1 1 1 1 2 1 2 3 1 2 2 2 1 1 4 1 1 1 1 2 1 3 2 1 2 1 1 1 1 2 2 1 1 2 2 1 2 1 1 1 2 1 1 2 1 1 1 2 2 2 1 3 2 2 2 2 2 1 2 1 2 1 1 1 3 2 1 2 3 2 3 1 2 1 4 1 1 3 1 3 1 1 1 2 1 1 1 1 1 1 2 3 2 2 1 2 1 2 1 1 2 3 5 1 1 1 3 2 2 2 1 1 1 1 1 1 1 1 1 2 2 1 1 1 1 2 2 1 1 1 2 1 3 1 1 2 2 1 2 1 3 2 2 2 2 1 1 1 2 2 2 2 1 2 1 2 2 1 3 2 2 1 1 4 1 2 4 1 2 2 2 1 2 1 2 4 1 1 2 1 1 1 1 1 3 4 2 2 2 1 1 1 1 1 3 4 1 1 2 1 1 1 1 2 1 1 3 3 2 1 1 1 2 1 3 1 1 1 2 2 4 2 3 2 3 3 1 2 3 1 1 1 1 1 2 1 1 1 1 1 2 1 2 1 2 4 2 1 1 3 3 2 3 2 1 3 2 2 2 1 2 1 4 3 1 1 1 1 2 1 3 1 1 1 2 2 4 1 3 3 3 1 1 2 2 1 2 3 2 1 5 2 1 1 2 1 1 1 1 1 2 1 2 1 1 1 1 1 3 2 1 1 1 3 2 3 2 2 2 1 4 3 2 2 2 2 2 1 1 1 1 1 1 1 1 2 1 1 3 2 3 1 2 1 3 2 1 3 1 1 2 1 1 1 2 4 1 2 2 4 2 3 1 1 3 2 1 3 4 3 1 2 3 1 1 2 1 2 2 1 1 1 1 1 1 1 2 2 2 1 3 1 1 2 2 1 3 1 2 1 2 2 1 1 1 4 2 1 1 2 4 1 1 2 1 2 2 1 1 3 1 3 2 3 1 2 2 2 2 3 2 1 3 2 1 1 1 2 2 1 1 1 1 4 2 2 1 1 2 2 1 3 3 1 1 1 2 1 2 3 3 2 4 1 2 1 1 2 2 1 3 1 3 4 1 1 2 3 1 1 1 1 1 1 3 2 3 1 2 1 1 2 4 2 1 2 2 1 1 2 4 3 2 1 2 1 1 2 4 2 2 3 3 2 1 1 1 2 1 1 2 1 4 3 3 1 2 1 2 2 2 1 1 4 1 2 3 2 2 1 1 1 1 2 3 1 2 1 1 2 1 2 2 2 2 2 1 1 3 2 1 1 1 4 3 1 1 1 1 1 1 1 1 1 4 1 2 1 2 1 1 2 2 3 2 2 1 1 1 2 1 2 3 3 1 2 1 1 2 1 2 3 1 1 1 2 1 2 2 2 2 1 1 1 1 5 3 2 1 2 2 3 1 2 1 6 2 1 1 1 2 2 1 3 2 1 2 2 3 1 1 2 2 1 1 3 1 4 2 2 2 2 2 1 2 1 3 2 4 1 2 1 1 1 2 1 1 1 1 2 1 1 1 1 2 1 1 2 1 1 1 2 1 2 2 2 2 3 1 2 4 1 1 2 2 1 2 2 2 1 1 3 1 1 4 3 1 1 2 1 2 2 2 2 2 2 2 1 2 2 1 1 3 1 1 2 1 2 1 4 2 2 1 1 1 2 2 2 3 1 1 1 1 1 3 1 2 4 2 1 3 3 1 1 2 1 1 3 2 1 1 1 1 3 1 2 1 1 2 3 3 1 1 1 1 1 1 1 1 1 1 2 1 3 1 4 1 1 1 1 2 2 2 1 3 3 1 1 5 5 3 3 1 1 5 2 1 1 1 2 1 1 2 1 1 2 2 2 2 3 2 1 1 1 1 1 4 1 1 1 2 1 1 1 1 2 1 2 2 3 1 1 1 2 2 4 2 1 1 2 3 4 1 2 3 1 3 2 1 1 1 2 3 2 4 3 4 1 1 3 2 3 1 1 1 1 3 3 1 1 3 1 1 1 2 2 1 1 2 3 1 1 4 2 1 1 4 2 1 2 2 1 1 1 1 2 4 3 1 3 1 1 1 2 2 1 2 3 1 2 1 2 3 2 2 2 3 1 2 3 2 1 1 2 1 1 2 1 2 2 3 1 2 4 1 1 4 1 4 4 1 2 2 2 1 1 1 2 1 1 2 1 3 2 2 4 1 2 1 5 2 2 2 1 2 3 1 1 4 1 1 1 2 3 4 4 3 1 3 1 1 2 1 2 1 1 2 1 1 1 1 2 3 1 1 1 1 2 3 1 1 4 1 3 2 1 2 1 4 2 1 1 1 1 3 2 2 1 2 2 1 3 2 2 1 3 2 3 2 1 1 2 1 2 1 2 1 2 2 2 3 2 2 1 1 1 2 1 1 2 3 5 2 4 1 2 1 3 1 1 2 1 2 2 2 2 2 2 2 1 2 1 1 1 1 1 1 1 1 1 1 1 1 2 5 1 1 2 1 2 1 1 1 3 1 1 1 1 1 1 1 1 1 3 3 3 1 4 2 4 2 3 1 2 2 1 1 1 2 1 2 1 3 1 1 3 5 1 1 2 1 2 1 2 1 1 1 1 1 2 1 3 1 3 1 2 1 1 1 1 1 3 2 1 2 2 2 1 1 2 4 2 5 3 3 1 1 2 1 6 2 1 1 2 2 1 2 1 1 5 1 1 1 1 2 4 2 2 2 2 1 3 3 1 1 1 1 1 4 1 2 1 2 1 3 2 1 2 4 1 3 1 4 2 1 2 1 2 1 2 2 1 3 1 1 1 1 2 1 1 1 1 1 1 1 3 3 1 2 1 3 1 3 3 1 1 1 2 2 2 1 1 2 2 2 1 1 1 1 2 1 1 2 1 3 1 2 1 1 3 1 2 3 2 2 1 2 1 1 2 1 2 1 1 3 4 1 1 4 2 2 2 1 1 1 2 1 2 1 1 1 2 2 1 2 1 2 2 1 2 1 1 2 4 1 1 2 3 1 1 2 1 2 2 2 2 1 2 3 2 1 2 1 1 2 3 1 2 1 2 1 1 1 5 2 5 1 1 3 2 1 2 1 1 4 1 4 1 1 2 1 1 2 3 2 2 1 1 2 3 1 2 3 1 1 1 3 2 1 1 1 1 2 2 1 2 2 1 3 2 1 1 1 1 1 1 3 2 3 2 3 1 1 1 2 1 3 2 1 2 3 1 2 4 1 3 2 1 2 2 1 1 2 2 1 2 2 2 1 2 2 1 1 2 1 1 2 2 1 2 1 1 1 2 3 1 2 1 4 1 3 2 1 3 2 2 5 1 1 4 1 1 1 3 1 1 2 1 4 2 1 2 1 1 1 1 1 1 1 2 3 1 1 1 1 2 2 1 1 3 2 2 2 4 1 2 1 1 1 1 1 3 5 1 3 1 2 1 1 3 3 3 2 2 3 2 2 3 1 2 2 1 2 1 1 2 1 1 1 1 2 4 2 2 2 1 1 1 1 1 1 3 3 1 2 2 3 2 1 2 2 1 1 1 3 2 3 1 1 1 2 3 1 2 2 2 4 2 2 1 2 4 3 4 2 2 2 3 2 5 1 2 2 1 1 3 1 1 1 2 1 3 2 2 2 1 1 2 1 2 4 2 2 1 1 2 4 1 1 1 1 3 1 1 2 2 1 1 1 2 1 2 1 3 2 3 7 1 1 2 2 1 4 1 2 1 1 1 3 1 1 1 4 2 2 2 3 2 2 1 1 1 6 1 2 2 2 1 1 5 2 2 2 1 1 1 1 2 1 2 1 1 1 2 3 3 2 2 4 1 2 2 1 2 1 1 1 3 2 2 1 3 2 3 2 2 2 1 3 2 4 1 1 1 2 2 1 1 4 4 1 1 2 1 1 1 1 1 3 1 4 1 2 1 3 2 4 2 1 3 2 1 3 1 1 1 1 1 3 1 1 3 3 2 2 1 3 2 1 4 1 2 1 2 5 2 1 2 2 1 1 1 1 2 3 2 2 2 2 1 1 1 3 1 1 3 1 3 3 3 1 1 1 1 1 1 1 1 2 1 1 1 2 2 2 1 1 1 1 1 2 3 2 2 1 2 1 1 2 1 3 1 1 1 3 1 3 2 1 2 1 1 1 2 4 4 1 1 1 1 2 3 2 4 2 1 1 1 2 1 1 1 3 2 1 3 3 1 2 2 1 2 2 1 1 1 5 2 2 1 2 1 2 2 3 1 1 1 3 1 2 3 2 2 1 5 3 1 2 3 5 2 3 1 1 3 3 1 3 4 2 1 1 2 3 1 1 1 3 1 2 1 1 1 2 2 1 2 1 1 2 3 1 1 1 3 1 1 2 2 2 3 1 1 2 1 1 1 1 1 3 2 1 1 1 1 2 3 4 3 2 1 2 3 2 4 3 1 2 1 1 1 1 1 1 1 1 2 2 1 2 1 4 4 1 2 3 2 1 3 1 1 2 1 3 1 3 2 2 2 1 1 2 2 2 1 1 2 1 1 1 1 1 2 2 2 5 2 1 2 2 2 2 1 1 2 1 1 1 3 2 2 1 3 2 2 2 2 3 1 1 1 2 2 2 4 2 2 1 1 1 1 4 3 3 1 1 2 2 1 2 2 2 2 2 1 3 1 1 2 5 2 1 1 1 1 1 3 1 2 4 1 4 1 1 1 2 1 4 1 2 1 6 3 1 1 4 2 1 1 1 1 1 1 1 1 2 2 1 1 2 2 1 2 1 4 2 1 1 2 3 1 2 3 1 1 1 3 1 2 2 6 1 1 4 1 1 2 2 1 1 1 2 1 2 2 2 1 1 2 4 2 1 1 1 1 1 1 1 2 3 3 2 1 1 2 3 1 2 1 2 1 3 2 3 1 1 2 2 1 1 1 1 1 2 1 2 3 2 2 2 1 1 1 2 1 2 3 1 2 2 1 1 2 2 1 3 3 1 1 1 1 2 2 3 2 1 1 1 2 3 1 2 1 1 1 1 4 1 2 1 1 1 4 1 1 1 1 2 7 1 1 1 3 1 3 1 2 3 4 1 1 3 1 1 3 3 3 2 2 2 2 3 2 1 2 2 2 1 2 2 3 1 2 1 2 1 1 1 2 2 1 2 1 2 1 2 1 1 1 1 2 1 2 3 3 1 2 3 1 1 3 4 4 1 1 1 1 2 1 3 3 2 1 1 1 2 1 2 1 1 3 2 1 1 1 1 1 3 1 2 2 1 2 2 1 2 2 3 1 2 4 1 2 1 1 1 2 1 2 1 1 1 1 1 1 2 1 5 1 3 2 1 1 2 1 1 4 2 1 3 4 2 1 3 1 1 2 1 2 2 3 1 2 1 2 1 2 1 3 1 1 1 2 2 2 1 1 1 1 1 1 1 1 2 1 2 3 1 1 2 1 1 2 2 2 3 2 1 1 2 1 1 1 3 2 2 2 1 2 1 1 3 1 3 2 1 1 4 1 4 2 1 1 1 1 2 3 1 1 2 1 1 1 1 1 2 2 2 1 2 2 3 1 2 1 4 1 2 2 3 1 2 2 1 4 1 2 1 1 1 1 1 2 1 2 1 2 2 1 1 4 1 2 1 1 2 3 2 1 2 1 1 2 4 1 1 1 1 2 3 1 2 2 3 3 1 1 1 4 1 2 2 2 1 3 4 1 2 2 1 1 1 2 1 1 2 2 1 1 2 1 2 4 1 1 1 1 2 3 2 1 1 2 2 1 2 3 3 3 2 1 2 1 3 1 1 1 1 1 1 1 3 3 3 2 5 3 3 1 2 3 1 3 1 4 1 1 1 1 1 1 1 2 2 1 1 2 2 1 1 2 1 2 5 1 1 1 1 1 1 1 3 1 2 1 1 4 1 1 1 1 1 1 2 3 2 1 1 3 1 2 2 2 2 2 2 3 1 1 1 1 1 1 2 1 1 1 2 2 1 1 1 1 2 4 5 1 1 2 2 1 1 1 2 3 4 4 4 2 1 3 1 4 1 2 3 2 2 3 2 1 2 1 2 1 2 1 3 1 2 4 2 1 1 1 2 2 2 2 1 1 3 1 1 2 3 3 1 2 1 1 2 1 3 1 1 2 1 1 3 1 2 1 2 1 3 1 2 2 2 1 2 1 1 2 2 1 2 5 1 2 3 1 2 2 2 2 1 1 2 2 2 2 2 1 6 2 1 1 3 1 2 1 1 2 3 6 1 1 1 3 1 3 1 3 1 2 1 1 2 3 3 2 2 2 3 1 1 2 1 3 2 1 1 1 3 1 1 2 2 2 1 2 1 3 1 2 1 2 1 1 2 3 3 4 1 3 1 1 1 1 1 1 1 1 2 2 2 2 1 1 1 4 1 1 3 1 3 1 1 3 1 2 2 3 2 1 1 1 2 3 2 1 1 5 1 1 2 1 1 2 3 2 1 1 1 2 3 1 1 1 1 3 1 1 1 1 1 1 2 1 2 1 1 2 2 2 1 1 1 2 2 1 2 3 3 3 2 3 2 1 3 1 2 1 1 1 2 1 1 1 1 3 4 1 5 2 2 1 1 2 3 4 1 1 1 1 3 2 1 1 1 3 3 2 3 2 1 2 1 2 2 1 1 1 1 1 2 1 5 3 2 2 2 1 2 3 1 1 2 1 1 4 3 4 2 2 2 3 2 5 5 2 1 4 2 2 1 3 2 2 2 1 1 1 7 1 2 1 3 1 3 2 2 2 2 1 2 1 1 1 4 1 2 1 1 4 2 4 2 3 2 1 2 1 4 1 3 1 2 1 1 1 3 1 3 1 2 1 3 2 1 4 2 2 1 1 1 1 5 1 3 1 1 4 2 2 4 1 1 3 5 3 2 2 1 1 2 2 1 2 4 1 1 2 1 2 3 2 1 2 1 1 4 2 4 1 1 3 2 3 1 1 4 2 1 1 1 2 1 1 1 1 1 2 5 1 2 1 3 1 1 2 1 1 1 1 3 1 2 2 2 1 1 2 1 1 1 1 4 1 2 3 1 4 1 2 1 1 1 1 1 1 2 2 1 2 3 1 1 2 1 1 2 1 1 2 1 1 2 3 1 1 1 2 1 3 2 1 3 3 1 3 1 2 4 1 1 1 3 1 1 1 1 3 2 2 4 2 1 2 3 1 2 2 1 1 2 3 2 1 1 1 2 1 1 1 3 1 3 1 5 3 3 2 3 1 2 1 2 2 1 3 2 2 5 1 3 2 2 1 2 2 3 2 1 1 3 1 2 2 2 5 5 2 2 1 2 2 3 1 2 2 4 1 1 2 1 2 2 2 2 3 2 2 2 2 1 3 1 1 3 2 1 1 2 2 2 1 4 2 2 1 3 2 3 1 3 1 2 2 1 4 2 1 1 2 1 2 2 2 2 1 1 1 2 2 2 1 1 2 2 4 1 1 2 2 3 1 5 1 1 4 1 1 2 2 1 2 2 1 1 2 1 3 1 1 1 1 4 1 2 1 3 2 2 1 1 4 5 2 2 4 2 1 1 3 1 1 3 1 1 1 1 2 1 1 3 1 1 1 2 3 1 2 1 2 1 2 2 2 2 3 1 1 1 1 1 5 3 1 2 4 1 2 5 2 1 1 1 1 2 2 3 1 1 2 1 4 2 2 1 1 3 1 1 2 2 4 2 1 1 4 2 2 1 1 1 1 1 2 2 2 1 2 3 1 2 1 3 2 1 3 1 1 3 4 1 1 1 2 3 2 2 1 3 2 3 1 1 1 1 1 2 2 1 1 2 3 4 2 1 1 1 2 1 2 2 3 1 1 1 2 1 1 3 5 1 2 1 1 2 1 1 4 4 1 2 1 4 2 1 2 1 2 2 2 3 1 1 2 1 1 4 2 3 2 2 1 2 2 1 4 2 1 1 2 2 1 1 1 1 2 2 1 1 1 5 3 2 1 1 2 3 1 1 1 1 1 2 3 2 1 2 1 4 1 2 1 4 2 1 2 2 3 1 2 1 1 3 1 4 2 3 1 2 2 1 5 1 1 2 1 2 2 1 1 2 3 4 1 3 2 2 2 2 3 1 1 3 3 1 1 2 2 1 2 1 2 2 1 2 1 2 1 2 2 1 3 2 2 3 2 2 2 2 2 1 3 2 1 1 1 2 2 2 1 4 2 4 1 4 1 1 1 1 2 5 2 2 2 3 1 1 3 4 1 1 2 2 2 3 3 2 1 1 4 1 2 2 1 1 2 6 2 2 3 1 2 1 2 4 1 1 1 2 2 1 5 1 3 1 1 2 1 1 2 1 4 1 1 1 1 1 3 1 1 2 1 1 2 1 2 1 2 1 1 2 2 1 1 1 2 1 2 1 2 2 2 3 5 1 4 3 2 2 1 3 1 2 2 2 1 4 3 2 1 3 1 4 1 3 2 4 1 3 2 6 2 1 2 1 1 2 2 1 1 1 2 2 3 1 1 1 3 2 3 1 2 2 3 2 3 1 1 4 3 1 3 2 6 1 2 1 1 1 2 1 1 1 1 1 2 1 1 2 3 2 1 1 2 4 1 3 1 2 3 2 2 1 1 2 1 1 1 3 2 2 1 1 1 3 3 1 2 1 3 2 2 1 2 4 2 1 1 2 1 3 1 2 1 2 2 1 1 1 4 1 1 2 1 1 1 1 1 2 1 1 1 5 2 1 2 1 2 1 2 1 2 3 3 2 1 1 1 3 1 1 3 1 2 1 1 1 1 1 1 1 1 2 1 1 5 1 1 1 1 2 1 2 2 1 1 1 2 1 1 3 2 1 1 4 1 1 2 1 4 1 2 2 2 1 1 3 3 1 1 1 2 1 1 1 1 4 4 1 2 2 3 2 3 2 1 2 1 2 3 3 1 2 1 1 1 3 2 1 1 2 4 4 1 2 1 2 1 1 1 2 1 2 2 2 2 2 3 1 3 1 2 1 2 2 4 1 1 2 1 2 2 2 3 1 2 3 2 3 2 2 1 2 1 2 1 4 2 1 1 5 4 3 6 1 2 3 2 2 1 2 2 1 1 4 2 1 4 3 2 2 5 2 2 1 1 4 2 1 1 2 4 1 1 1 1 2 1 1 1 1 3 1 1 2 1 1 1 2 1 3 2 1 2 1 1 1 1 2 1 2 4 1 1 1 3 2 1 1 1 3 2 2 1 1 1 1 1 1 2 2 2 1 4 1 5 1 2 1 2 1 1 2 1 1 1 4 1 2 3 1 1 1 3 2 4 1 1 3 1 2 2 1 3 2 1 1 1 2 2 2 4 1 3 1 1 1 3 2 1 1 1 1 1 1 3 2 2 2 2 2 2 2 2 2 2 3 1 2 4 4 3 3 1 1 1 2 2 1 1 1 3 1 3 2 3 3 1 4 1 3 1 2 2 1 2 1 2 2 1 1 3 2 1 1 2 1 2 2 1 2 1 1 1 1 2 2 1 2 5 2 3 1 1 1 2 1 1 1 1 2 1 3 2 1 2 2 1 1 3 1 1 1 1 1 1 1 2 2 2 3 1 3 2 1 1 1 2 4 1 2 2 2 2 1 2 4 2 2 1 1 2 2 1 2 1 1 3 4 4 1 1 2 2 1 2 2 1 2 1 2 3 3 2 2 2 1 1 2 2 1 2 3 1 1 4 3 1 1 3 2 1 4 1 1 2 2 2 1 2 2 1 1 2 1 2 1 4 1 1 3 3 1 2 1 1 1 3 2 3 2 4 2 1 2 1 1 1 3 1 1 1 2 1 1 1 2 2 2 2 2 1 2 2 5 3 1 3 1 2 1 1 1 2 1 2 4 2 2 2 2 1 2 4 1 1 2 1 2 2 1 1 3 1 1 1 2 1 2 2 1 2 1 1 3 3 4 2 1 2 1 1 2 1 3 2 1 1 1 1 1 1 1 2 2 2 1 1 1 1 1 2 2 2 1 1 2 4 2 1 2 2 3 2 1 2 1 3 2 2 1 3 2 3 2 2 2 1 1 1 2 1 1 1 1 1 3 2 1 1 2 1 2 1 2 1 2 2 1 2 2 1 3 2 2 2 2 5 4 3 1 3 3 1 1 2 1 2 1 2 1 2 2 2 1 1 1 1 1 1 3 3 1 1 1 1 2 2 1 1 1 1 3 2 1 2 3 3 1 3 1 1 3 1 3 1 3 1 1 1 2 1 2 1 1 2 1 1 2 4 1 1 1 2 1 4 1 2 2 1 1 1 1 1 1 2 2 3 1 1 6 2 2 1 3 2 2 1 2 1 2 1 2 2 1 1 1 1 2 1 1 1 2 1 1 2 2 1 3 2 3 1 2 2 2 2 1 2 1 1 1 3 2 1 1 2 1 1 1 1 2 2 2 2 1 1 2 1 1 1 1 1 2 3 1 2 2 1 3 5 1 2 2 3 1 3 1 1 3 1 3 1 1 1 5 2 2 1 2 2 1 1 1 2 1 2 1 1 1 1 2 1 4 3 2 2 1 2 2 2 1 2 3 1 1 4 1 1 1 1 2 1 1 1 2 3 2 2 1 2 4 3 1 4 2 2 3 2 1 2 2 3 2 2 1 2 1 1 1 1 5 5 2 1 1 1 2 1 1 3 2 3 3 2 1 2 1 4 2 1 1 1 3 2 2 2 2 1 2 1 2 1 1 1 2 2 1 2 1 2 2 5 1 3 1 3 1 1 1 2 1 1 1 1 1 3 3 1 3 3 2 1 4 3 1 3 1 1 3 1 1 1 2 1 2 1 3 2 1 1 1 1 3 4 2 2 1 1 2 2 2 5 1 1 1 1 4 1 2 1 1 1 1 2 1 1 2 2 2 2 1 1 1 2 3 1 1 2 3 2 2 2 3 2 1 1 2 1 4 1 1 1 1 1 4 1 2 1 1 2 1 1 3 3 3 2 2 1 3 2 3 4 3 1 2 1 2 1 1 4 1 1 1 3 1 1 1 1 2 2 2 4 5 1 2 2 1 1 1 1 1 1 2 1 1 3 2 1 2 3 2 2 2 1 1 4 1 2 1 2 3 3 1 1 2 3 1 2 2 1 1 3 1 2 1 1 1 2 2 1 1 2 1 1 4 2 2 1 4 1 1 1 3 3 1 1 1 2 3 4 2 1 1 1 1 1 3 2 2 3 1 1 4 3 1 1 3 2 1 1 1 1 1 2 1 1 1 2 3 1 2 3 1 1 1 2 3 2 4 2 1 2 3 1 3 1 2 2 1 1 2 2 2 1 1 1 1 1 2 1 2 4 1 2 4 2 1 1 1 1 1 1 3 2 1 1 2 2 2 2 1 2 1 1 2 2 6 1 1 2 3 2 1 3 3 2 3 2 2 1 2 2 3 1 1 2 1 2 1 2 2 1 3 3 3 1 4 1 1 1 2 1 1 2 1 2 2 2 2 1 1 5 1 2 1 2 1 2 4 2 2 3 1 2 1 1 2 1 1 1 1 1 3 3 1 1 1 3 1 3 4 1 1 1 2 1 1 1 2 4 3 1 2 2 2 2 4 1 2 2 1 2 1 5 1 3 1 2 2 1 2 2 1 4 2 1 1 2 1 1 2 1 2 2 1 3 1 2 2 1 1 1 1 3 1 1 3 2 2 2 3 2 3 1 2 2 3 1 2 1 1 1 1 2 1 3 3 1 1 2 1 2 1 2 2 2 2 1 2 2 3 2 1 4 2 2 1 1 1 1 1 1 3 4 1 1 1 3 2 2 3 1 1 2 1 3 2 3 3 2 1 2 4 2 2 2 1 1 2 1 2 2 2 1 5 2 2 1 2 1 2 2 4 2 1 1 1 1 1 3 1 1 1 1 1 1 1 2 2 1 2 1 3 1 1 2 1 4 2 3 2 2 3 1 5 2 1 2 3 2 1 1 1 1 1 1 1 1 1 1 2 1 1 1 2 1 1 2 2 1 1 1 2 1 2 1 1 2 3 3 2 1 2 2 3 1 1 1 3 2 2 2 2 1 1 4 1 5 2 3 3 1 1 2 3 1 2 1 3 2 1 1 2 2 1 2 1 3 2 1 3 1 1 2 1 2 1 3 2 3 1 2 2 1 2 3 1 2 1 3 1 3 1 2 2 2 2 2 2 1 1 2 2 2 1 1 1 1 2 1 1 3 2 1 1 2 4 3 2 1 1 2 3 2 2 1 4 1 3 1 2 4 2 2 1 2 1 1 2 2 1 3 5 1 1 2 1 3 2 3 1 1 1 1 2 1 1 1 3 1 1 1 1 1 1 2 2 1 1 2 4 1 1 2 3 2 1 2 3 3 1 1 1 4 1 1 1 2 1 2 2 2 5 1 2 3 2 3 3 1 1 2 1 2 2 2 1 2 4 1 1 2 1 1 2 2 1 1 2 4 1 2 1 2 3 1 3 1 1 1 1 2 1 3 1 1 3 2 2 2 1 1 2 1 1 1 2 1 3 3 2 2 1 2 5 1 2 1 1 1 5 3 2 3 1 3 1 1 3 1 1 1 2 2 2 2 1 2 1 1 2 2 1 1 1 1 1 1 1 2 3 3 2 3 1 1 2 2 1 2 3 3 2 2 1 1 2 4 4 1 2 1 2 1 1 1 1 1 1 1 1 3 2 1 1 4 3 1 2 1 3 1 1 1 1 1 1 1 3 1 2 1 2 1 1 1 2 1 3 2 2 1 3 1 2 1 1 1 1 4 1 1 1 1 1 2 1 1 1 1 2 3 1 1 1 3 1 1 1 2 3 1 3 3 3 1 1 2 3 1 1 2 2 2 2 3 1 1 1 2 1 2 1 3 1 3 1 1 1 5 3 1 3 1 3 1 3 2 1 1 1 2 3 3 3 1 2 1 8 3 1 3 1 1 1 1 3 5 1 2 2 2 1 2 2 5 1 2 1 1 1 3 2 2 1 3 1 4 2 2 1 3 1 2 1 2 3 1 2 2 2 4 2 2 1 4 1 1 1 1 1 4 1 1 2 2 2 3 2 2 1 2 1 1 1 1 1 1 1 1 2 2 1 3 2 6 1 2 4 2 1 2 1 2 3 3 1 1 3 2 2 2 3 3 4 3 1 1 2 2 1 2 1 2 1 1 1 1 7 1 2 3 1 1 1 2 2 1 2 2 4 1 1 3 2 1 2 1 1 1 3 2 2 3 1 4 1 2 2 2 1 1 3 1 1 2 2 1 1 2 2 2 1 2 2 2 1 1 3 1 1 2 3 1 3 1 2 3 3 1 2 1 1 2 1 2 2 1 1 3 2 5 1 2 2 2 1 2 1 2 1 2 1 1 1 2 3 2 1 1 1 2 1 2 4 2 3 4 1 3 1 1 1 1 2 1 1 2 1 1 1 2 4 1 2 1 1 5 2 1 1 1 2 2 1 1 1 2 1 1 1 1 2 2 3 1 1 1 1 2 1 2 3 1 2 1 1 1 2 2 3 1 2 2 1 1 1 1 1 2 1 1 3 1 1 3 2 2 2 2 4 3 1 1 2 1 1 2 3 4 3 2 1 1 3 1 1 2 2 2 1 3 1 2 1 3 2 1 1 1 1 2 2 2 1 1 2 1 1 2 1 2 2 1 1 2 1 2 2 1 1 1 1 2 2 2 1 1 2 2 2 1 1 1 1 2 4 1 1 3 2 3 1 1 1 3 2 2 1 2 1 1 2 2 2 2 1 1 2 4 3 1 3 1 3 1 1 1 1 3 2 1 1 3 2 5 1 2 1 1 4 1 1 1 1 1 2 2 1 1 1 1 1 1 1 3 1 1 2 2 3 1 1 1 2 1 1 1 1 2 5 3 3 2 2 4 2 2 1 1 4 1 1 1 1 2 1 3 2 1 1 3 2 2 1 2 2 1 4 3 1 1 1 2 1 5 1 3 1 1 1 3 3 1 1 2 1 2 1 2 3 2 1 3 1 2 1 2 2 2 2 1 1 1 2 2 1 2 1 1 1 4 4 1 1 2 3 1 2 2 3 2 3 2 1 3 1 2 2 1 2 2 3 2 1 2 2 2 2 1 2 1 3 1 1 2 1 1 1 3 1 1 4 3 2 4 1 1 2 1 3 3 4 1 2 2 1 4 1 2 1 1 4 1 4 3 3 2 1 4 1 1 3 2 4 1 1 3 2 1 2 3 1 4 1 1 3 3 2 1 1 2 2 1 2 1 1 2 1 1 1 1 2 1 1 1 3 
  #Test Small 17818
  #Test Medium 30143
  #Test Large 40524
