Board size [mm] 75x125

Stats side 1
  #Components with background 17
  #Components with points 48
  #Components nofly 3
  #Components notouch 3
  #Pins 8883
  #GNDs 138
  #VDDs 98
  #Clock 0
  #NoFly points 378
  #NoTouch points 634
  #Points [total] 10131

Stats side 2
  #Components with background 12
  #Components with points 74
  #Components nofly 1
  #Components notouch 0
  #Pins 11291
  #GNDs 458
  #VDDs 301
  #Clock 5
  #NoFly points 138
  #NoTouch points 0
  #Points [total] 12193

Stats board (side 1 + side 2)
  #Components with background 29
  #Components with points 122
  #Components nofly 4
  #Components notouch 3
  #Pins 20174
  #GNDs 596
  #VDDs 399
  #Clock 5
  #NoFly points 516
  #NoTouch points 634
  #Points [total] 22324
  #Nets 1319
    Net Size: 596 399 5 1 1 1 1 1 2 2 1 2 2 1 1 1 2 1 2 2 1 2 2 1 2 1 1 2 1 1 2 1 1 1 3 2 2 2 1 3 1 1 1 2 1 1 1 2 2 2 2 1 1 2 3 1 3 1 1 1 1 1 1 1 1 2 1 1 1 1 2 1 1 1 2 1 1 1 3 1 4 1 3 1 2 1 1 1 3 2 4 2 1 1 2 1 3 1 1 3 1 2 1 1 2 1 2 1 1 1 3 1 2 3 1 2 4 2 1 2 1 1 1 2 1 1 1 4 2 1 4 1 3 1 1 2 1 2 2 2 1 1 1 1 3 1 1 1 2 2 1 2 3 2 1 1 4 1 4 5 1 3 1 1 1 2 2 6 2 1 1 2 1 2 1 2 3 2 1 1 1 2 1 2 1 3 1 3 1 2 2 1 2 1 3 1 2 3 1 2 1 1 2 1 2 1 3 1 2 1 3 2 1 2 1 2 1 2 2 1 1 1 3 1 2 2 1 1 1 1 2 4 1 1 2 1 2 2 1 2 1 1 1 2 1 3 1 2 1 3 1 3 1 1 1 1 1 2 1 2 2 1 1 1 1 1 4 2 3 1 2 1 1 1 1 2 3 1 1 3 2 1 1 1 1 1 1 1 1 2 2 1 1 1 1 1 2 2 3 1 1 1 4 1 2 1 2 2 1 1 1 1 4 3 1 1 2 1 1 1 1 1 1 3 2 1 1 2 1 2 1 3 2 1 3 1 1 1 1 1 2 4 2 2 1 3 1 2 2 1 1 2 3 4 1 1 1 2 1 3 2 2 1 1 1 1 3 3 1 1 1 2 1 1 1 2 3 1 1 1 2 3 1 3 1 1 2 1 1 1 2 2 1 1 1 3 1 1 1 1 1 2 1 1 1 2 3 1 2 4 1 2 1 1 1 2 2 1 3 2 2 1 1 1 4 3 2 1 2 2 2 3 2 3 1 2 1 1 2 1 1 1 1 2 1 1 2 3 2 1 1 1 4 2 1 3 1 1 2 1 2 2 1 1 3 1 1 1 1 3 4 3 3 1 1 1 1 2 2 1 1 1 1 1 2 1 2 1 1 3 1 1 1 1 1 2 3 3 1 3 1 1 1 1 2 1 1 1 1 2 2 3 1 1 1 1 1 2 2 1 2 1 1 1 2 1 1 1 4 1 1 1 1 1 1 1 2 3 1 1 1 2 4 1 1 3 1 2 1 1 1 1 1 2 2 1 3 1 1 2 1 2 1 1 1 2 1 1 1 1 1 1 1 2 1 1 3 1 2 1 3 1 2 1 3 2 1 1 1 2 1 2 1 1 1 2 1 2 1 1 1 2 1 1 1 1 1 1 2 1 1 4 2 2 1 2 1 1 2 2 1 2 3 1 1 2 2 1 1 2 1 3 2 2 1 1 1 1 1 1 1 2 3 2 3 2 1 1 1 3 1 3 1 1 2 1 1 1 1 1 2 3 2 1 1 1 2 1 1 1 1 2 1 1 3 2 1 1 2 2 1 1 1 1 4 2 1 1 1 1 1 1 2 2 2 1 1 1 1 2 1 1 2 3 1 1 2 1 1 2 4 2 1 1 2 2 3 2 3 1 1 1 1 2 1 1 1 3 1 1 1 2 1 4 2 1 2 2 2 2 1 2 1 1 4 1 1 1 2 1 1 1 3 4 3 1 3 3 3 2 1 1 2 1 2 2 2 1 1 2 2 3 1 1 2 1 3 1 1 2 1 1 1 1 1 2 1 1 1 2 2 1 1 1 1 1 1 1 3 1 1 1 1 1 1 2 1 1 1 2 1 2 1 3 1 1 1 1 1 2 1 2 3 2 2 3 1 2 2 1 2 2 1 3 1 1 1 2 1 3 2 3 2 1 2 1 3 1 2 2 2 1 2 2 1 1 4 1 1 2 1 1 2 2 1 2 2 1 3 2 2 2 2 1 1 1 3 1 1 2 1 3 2 2 1 2 2 1 1 3 1 1 2 1 1 1 1 3 2 2 1 1 3 1 2 1 1 1 1 2 1 1 3 1 1 2 1 1 1 1 1 3 1 2 2 1 2 1 4 1 3 3 1 1 1 1 1 1 1 1 1 1 1 1 1 1 1 1 2 2 1 2 1 1 1 3 3 2 2 2 2 1 2 1 2 5 1 1 2 1 1 1 2 1 3 1 2 1 1 1 1 1 3 2 2 1 1 1 1 2 1 2 4 2 2 1 1 2 2 1 1 1 2 1 1 1 1 1 1 1 1 1 1 4 2 2 1 2 1 1 1 1 1 3 2 1 1 1 1 1 1 1 1 3 3 1 4 1 2 2 1 2 2 2 1 2 2 1 1 1 1 2 2 1 2 2 2 1 1 1 3 1 1 4 2 1 2 1 1 3 1 1 2 1 1 1 1 2 2 1 3 1 1 1 2 1 3 1 3 1 1 2 1 1 2 1 1 1 2 1 2 2 1 2 1 1 1 1 1 1 1 1 1 1 1 1 1 2 1 2 1 2 1 1 1 1 1 1 1 1 2 1 1 2 4 1 1 1 1 4 1 1 1 1 1 1 1 1 2 3 1 1 1 1 1 4 1 1 2 3 2 1 3 1 1 1 2 1 1 2 1 2 1 1 1 1 1 1 1 1 1 2 1 1 2 2 1 3 3 2 1 2 4 2 1 1 1 2 2 2 2 2 2 2 2 1 2 1 1 1 1 1 2 1 1 2 1 1 1 5 1 2 1 1 2 1 1 1 1 2 1 1 1 1 2 3 3 1 1 3 1 2 1 1 2 4 3 1 2 3 2 2 2 4 2 1 4 1 1 1 3 1 2 1 1 2 2 1 1 1 1 2 2 2 2 2 2 3 1 2 1 1 3 1 4 1 2 1 1 2 2 1 2 1 2 1 4 1 1 1 1 1 1 1 1 2 3 1 1 1 1 2 1 1 2 1 1 4 3 
  #Test Small 1366
  #Test Medium 2817
  #Test Large 4573
