Board size [mm] 75x275

Stats side 1
  #Components with background 24
  #Components with points 131
  #Components nofly 4
  #Components notouch 4
  #Pins 26144
  #GNDs 734
  #VDDs 470
  #Clock 8
  #NoFly points 682
  #NoTouch points 708
  #Points [total] 28746

Stats side 2
  #Components with background 32
  #Components with points 139
  #Components nofly 2
  #Components notouch 2
  #Pins 28866
  #GNDs 969
  #VDDs 763
  #Clock 11
  #NoFly points 258
  #NoTouch points 340
  #Points [total] 31207

Stats board (side 1 + side 2)
  #Components with background 56
  #Components with points 270
  #Components nofly 6
  #Components notouch 6
  #Pins 55010
  #GNDs 1703
  #VDDs 1233
  #Clock 19
  #NoFly points 940
  #NoTouch points 1048
  #Points [total] 59953
  #Nets 3355
    Net Size: 1703 1233 19 1 1 2 1 3 2 2 2 2 1 1 1 1 1 2 2 2 6 2 1 1 2 1 2 3 1 1 1 1 1 3 1 1 1 1 1 3 1 1 1 1 2 1 1 1 1 1 2 2 4 1 1 1 3 1 1 1 1 1 1 2 6 1 1 1 1 1 3 3 1 2 1 1 2 1 1 1 1 2 1 4 2 1 1 1 1 3 2 1 1 1 1 2 4 3 1 2 2 3 2 3 1 1 1 3 2 1 2 1 2 1 2 2 2 1 2 3 1 3 1 2 1 1 1 1 1 1 5 4 1 2 1 1 1 1 1 1 1 1 2 1 1 3 1 3 1 1 3 1 1 1 1 1 3 2 1 1 3 3 2 3 4 1 1 1 1 1 1 2 1 1 1 1 2 3 2 2 1 4 1 1 2 2 1 1 1 1 2 1 1 1 2 3 1 1 2 2 2 1 1 3 1 2 1 2 3 1 1 2 1 4 2 3 2 3 3 1 3 1 1 1 1 2 1 2 3 2 1 2 2 1 1 2 2 2 1 1 2 1 1 1 1 3 1 2 1 1 1 2 1 2 2 1 2 2 1 2 1 2 2 2 1 2 1 1 1 2 2 1 3 1 2 1 1 1 1 1 2 1 1 1 1 1 1 2 1 1 1 1 2 2 1 1 1 1 1 1 1 1 1 2 3 1 2 1 3 1 1 3 2 4 2 2 1 3 1 1 2 3 2 2 3 1 2 2 3 3 1 2 1 2 2 3 2 1 1 1 2 3 1 2 1 2 1 2 1 1 1 2 1 2 2 1 2 2 2 1 2 1 1 2 4 1 2 2 1 2 2 2 1 2 1 1 3 1 1 3 1 1 1 1 1 3 2 1 1 2 1 3 1 2 1 2 1 2 2 2 2 1 3 1 3 3 1 3 1 1 2 1 1 3 1 2 1 1 1 1 3 2 1 1 3 1 3 1 1 2 2 1 2 2 3 2 2 3 1 2 1 1 1 2 3 1 1 2 1 1 1 1 1 1 1 2 1 1 2 1 1 2 2 1 2 1 1 1 3 2 2 1 1 1 1 1 1 1 4 1 2 1 2 2 1 2 3 2 4 1 2 2 1 2 2 2 2 1 1 1 2 2 1 2 1 1 2 1 1 3 1 1 3 2 1 3 1 2 1 3 1 1 1 2 3 1 2 2 1 2 1 1 3 2 2 1 1 1 2 3 3 3 2 1 3 1 1 1 1 3 2 1 3 1 1 2 1 2 2 2 1 1 1 3 2 2 1 1 1 1 1 1 2 1 1 2 1 1 3 1 2 1 1 3 1 1 1 2 1 2 2 2 3 2 2 1 1 3 1 1 1 3 1 1 1 1 2 1 1 2 1 1 1 4 1 3 1 2 4 1 3 1 1 1 1 3 1 1 2 1 2 1 1 2 2 1 1 1 2 1 1 3 1 2 1 1 1 2 1 1 1 2 1 1 2 1 3 1 1 2 2 1 2 3 2 1 2 2 2 5 1 3 3 2 1 4 1 2 1 1 1 1 1 2 1 2 1 1 1 1 3 2 2 3 1 2 2 1 2 1 3 1 2 1 1 1 3 2 2 1 2 2 3 1 4 1 1 1 2 1 2 1 2 1 1 3 2 1 1 1 1 2 1 1 2 3 1 1 1 1 1 3 1 3 2 1 2 1 3 1 4 3 2 1 1 1 1 1 1 1 3 2 1 1 1 1 3 1 2 3 2 1 2 2 2 3 1 2 1 1 1 2 1 2 1 2 2 1 2 1 4 2 1 1 1 2 1 1 1 2 2 2 1 1 1 3 1 3 2 1 2 5 3 1 2 3 3 3 1 5 3 1 1 2 1 2 4 2 1 1 2 2 2 1 2 2 1 2 3 3 1 2 1 3 2 3 3 3 1 1 2 2 1 1 2 3 1 1 1 1 1 1 1 1 2 2 1 2 2 1 1 1 3 1 1 2 3 2 2 1 2 2 1 1 2 2 2 3 1 1 1 1 1 1 1 2 1 2 2 1 1 1 2 1 1 1 2 1 1 2 3 1 2 3 3 1 2 2 1 2 1 3 1 1 2 3 4 2 1 2 2 1 2 3 2 1 1 1 1 1 1 1 3 1 2 2 2 3 2 1 1 1 3 1 1 4 1 2 1 1 1 2 2 2 1 2 2 3 1 1 1 3 2 2 2 1 1 2 2 1 2 1 1 2 1 3 1 1 1 1 2 1 1 1 3 2 1 3 1 1 2 1 2 3 1 3 1 1 2 1 2 2 2 3 1 3 2 1 1 1 1 2 1 1 1 1 3 2 1 1 1 1 1 1 2 2 1 3 1 3 1 2 3 1 2 2 2 2 2 1 1 2 3 1 1 2 1 1 1 2 1 2 1 4 1 1 1 2 1 2 1 1 1 1 1 1 2 4 1 1 1 2 2 2 3 1 1 1 2 3 1 2 1 1 3 1 1 1 2 2 2 1 2 1 1 3 1 3 1 1 1 2 1 1 2 2 1 2 2 1 1 1 2 3 2 5 1 2 3 1 3 1 2 2 3 2 1 1 2 3 2 1 2 2 1 1 2 1 3 2 2 1 2 2 1 3 2 3 3 2 2 3 3 3 1 1 1 1 1 1 2 2 2 1 1 3 2 3 2 1 5 1 1 1 1 2 1 1 1 3 1 2 3 1 1 1 1 3 1 2 1 3 1 2 1 1 2 3 1 1 1 2 1 2 1 1 2 1 2 1 1 3 1 2 1 4 1 1 2 1 1 1 3 1 3 3 2 2 1 2 1 1 1 5 2 2 4 4 5 1 4 1 1 2 1 1 2 2 2 1 1 1 3 2 1 1 4 1 2 3 1 2 2 1 1 1 2 1 1 1 2 1 2 3 1 1 1 3 2 2 3 1 1 1 2 1 2 1 2 1 1 1 1 2 4 1 1 1 1 1 1 1 1 2 1 1 4 1 1 1 1 1 1 1 1 3 2 2 2 3 1 1 2 2 2 2 1 1 1 2 3 1 3 2 1 2 1 1 1 1 1 3 1 2 3 1 1 2 3 1 1 1 1 2 1 2 2 5 2 2 2 1 1 2 1 2 3 2 1 5 4 3 2 2 1 2 3 1 1 2 1 2 1 1 2 2 3 2 2 1 4 2 3 3 1 2 1 1 1 1 1 3 2 4 2 1 1 3 2 2 1 1 1 2 2 1 2 1 1 1 2 2 1 3 2 1 1 3 3 1 1 3 1 2 1 1 4 1 2 1 2 2 3 1 1 4 1 2 1 1 4 2 2 1 2 1 3 1 3 1 1 1 1 1 1 3 1 1 2 1 2 1 1 1 5 1 2 1 1 2 2 1 1 2 1 1 1 1 1 1 1 1 1 2 2 2 3 3 2 2 3 1 3 1 4 1 2 1 2 1 2 1 1 2 2 2 1 2 3 2 2 1 1 4 1 2 2 3 1 4 1 3 2 1 1 1 2 1 3 1 1 3 2 1 1 1 2 1 1 1 2 2 1 2 1 1 1 1 3 1 3 2 2 1 3 1 1 1 1 1 2 2 2 1 2 1 2 4 1 1 1 1 1 1 2 2 3 1 2 2 1 1 1 2 1 3 1 1 2 2 2 1 1 2 1 3 1 2 1 1 1 1 1 2 2 3 3 2 1 3 3 2 1 4 3 2 1 2 1 1 1 1 1 2 1 2 1 1 2 2 1 1 1 1 3 1 2 1 2 2 1 2 1 2 1 1 2 2 1 3 3 2 2 1 2 2 1 2 2 3 1 1 1 1 3 1 1 2 1 2 1 1 1 2 1 1 1 1 2 3 1 1 1 1 2 3 1 3 2 1 4 1 3 1 2 2 2 2 2 1 2 1 3 2 1 2 1 1 3 4 2 1 1 1 1 1 1 1 1 1 2 1 1 1 1 1 2 1 1 1 1 2 1 1 1 1 1 1 1 3 1 5 3 2 2 2 1 1 3 3 3 3 3 1 2 3 1 1 1 1 1 1 2 2 1 1 1 1 1 1 1 1 1 1 1 4 1 1 1 1 2 4 2 3 1 1 2 2 1 1 2 2 2 2 1 2 2 1 1 1 1 3 1 1 3 1 3 1 1 1 2 1 1 2 1 2 2 2 2 1 1 2 4 5 2 2 1 3 2 1 2 1 1 1 1 2 1 2 2 2 1 3 1 2 1 2 2 1 3 4 2 2 1 2 2 1 2 2 1 1 1 2 1 5 2 1 3 1 1 2 2 3 1 1 3 2 1 1 1 1 1 1 1 3 1 1 1 2 1 2 4 1 1 2 2 1 3 2 1 1 1 3 4 1 2 2 1 1 3 3 2 2 1 2 1 1 2 5 1 1 5 1 3 1 1 1 1 2 2 2 2 1 3 1 2 2 1 1 2 2 1 2 2 1 5 1 1 1 1 2 1 1 1 1 3 2 2 1 1 1 2 1 2 1 3 2 3 3 1 1 2 1 2 3 1 1 3 1 2 1 1 1 1 1 2 1 1 1 2 1 1 1 1 3 3 1 1 1 1 2 1 1 1 1 2 1 1 2 3 1 1 2 1 1 1 3 1 2 1 1 1 1 1 2 1 1 2 1 3 2 1 2 1 1 4 4 1 1 1 1 1 4 1 1 1 1 1 1 4 2 2 1 2 1 1 2 1 1 1 1 1 1 4 3 3 1 1 1 3 1 1 3 1 2 2 1 2 2 2 2 1 2 2 4 1 3 1 3 2 1 2 1 1 1 1 1 3 1 1 3 1 1 1 1 1 1 2 1 1 2 1 2 2 2 2 1 1 2 1 2 1 3 2 2 1 2 1 1 1 2 3 1 3 2 2 1 2 1 2 2 1 1 1 1 2 1 1 2 1 1 2 1 1 1 1 1 3 2 1 5 3 1 2 2 1 1 1 2 1 1 1 1 1 1 3 1 1 1 2 2 2 1 1 2 1 1 3 1 3 1 3 2 3 4 1 3 2 1 2 3 1 1 1 2 1 1 1 1 1 3 1 1 1 1 1 2 2 1 1 1 1 1 3 3 1 1 2 2 3 3 1 1 1 1 1 1 2 4 2 1 1 1 1 2 3 1 1 1 1 1 1 2 1 1 1 1 2 1 1 1 1 4 3 1 3 3 2 3 1 1 2 1 2 1 1 1 2 2 1 2 1 3 3 1 2 1 1 1 1 1 3 1 1 2 2 2 1 2 1 5 1 1 3 2 1 1 1 3 1 1 1 1 1 3 1 1 1 3 2 1 1 1 1 2 1 3 2 3 1 2 1 1 2 3 1 1 2 2 2 1 1 1 1 2 1 1 2 2 1 1 4 1 1 2 1 1 1 1 1 1 1 2 1 1 2 1 1 1 2 2 1 2 1 3 1 1 1 2 1 2 2 4 3 2 2 2 1 2 3 1 2 2 1 1 3 2 1 1 1 1 1 2 3 2 3 3 4 2 3 1 1 2 1 1 3 1 1 2 1 1 3 2 1 1 3 1 1 2 1 1 2 1 1 1 2 2 3 1 2 1 1 2 1 3 1 1 1 2 3 2 1 2 1 2 1 2 2 1 1 2 1 1 1 1 1 2 1 1 2 1 1 1 2 2 4 3 3 2 1 2 2 1 2 2 1 3 3 1 2 2 1 1 2 1 3 2 3 3 1 1 2 1 3 2 2 1 2 1 1 2 2 1 4 1 1 3 2 2 1 2 3 2 1 4 1 3 2 2 1 3 1 2 5 1 2 1 2 3 1 2 1 2 4 1 1 1 2 3 2 2 1 3 2 3 3 1 4 2 1 2 1 1 1 5 1 2 1 1 2 4 4 1 2 3 1 1 1 1 2 1 1 1 1 3 1 2 2 1 3 3 1 2 1 1 1 1 1 1 1 1 1 1 1 1 1 2 1 1 1 4 1 1 3 1 3 2 1 3 1 1 1 2 2 2 1 1 1 3 1 1 1 2 1 1 1 3 1 3 1 2 1 2 1 2 2 2 1 3 2 2 2 1 2 1 1 1 2 1 2 2 2 1 2 2 1 2 2 2 1 1 4 3 1 1 1 1 2 2 1 1 3 3 3 1 5 1 1 1 1 1 2 1 3 1 2 2 3 3 1 1 1 1 2 2 3 2 2 2 1 3 3 2 1 1 2 2 3 2 1 1 2 3 2 1 1 3 2 1 2 1 3 1 2 1 2 1 2 1 1 1 1 2 2 2 1 2 3 3 1 1 1 2 3 2 1 1 1 1 2 2 1 1 1 1 1 1 1 1 2 2 2 1 1 4 1 1 1 2 3 1 1 1 2 2 1 3 3 4 2 1 2 2 4 2 3 1 2 2 1 2 1 2 2 1 1 1 1 1 1 1 2 2 1 1 1 3 2 2 1 2 2 1 4 1 1 1 1 2 2 1 4 1 3 1 3 2 1 1 2 1 3 1 2 3 2 2 2 1 2 2 2 1 1 1 1 1 2 2 1 1 2 2 1 2 1 2 1 1 1 4 4 1 2 3 3 2 2 2 1 1 2 3 1 6 3 2 1 2 2 2 1 1 2 2 1 3 3 2 3 2 1 3 2 1 1 1 1 4 1 2 2 1 2 1 1 1 2 1 1 1 1 1 1 1 1 2 3 2 1 2 3 3 1 2 1 1 2 1 1 2 1 2 2 1 1 4 2 2 1 2 1 1 2 2 3 1 2 3 1 1 1 2 1 1 1 3 2 1 1 3 3 3 1 2 3 1 2 3 3 1 3 1 3 1 1 1 1 1 1 3 1 3 1 2 2 2 1 4 1 2 1 1 2 2 2 2 2 2 1 1 1 2 1 3 1 4 2 2 1 1 1 2 2 1 1 2 1 1 1 1 1 1 6 1 1 1 3 1 1 2 4 3 2 1 1 1 1 2 1 1 2 1 2 4 2 4 1 1 2 1 1 1 1 1 1 1 2 3 2 3 3 1 2 2 2 2 1 2 1 2 2 1 1 1 2 1 1 1 3 1 2 1 3 3 1 1 4 1 2 1 1 1 1 1 1 2 1 3 3 2 1 1 2 1 3 2 2 1 2 2 1 1 3 2 2 2 1 1 1 1 1 1 1 2 5 3 1 1 1 3 2 3 1 1 1 3 2 1 1 1 1 2 2 3 2 1 3 1 1 1 1 1 1 2 1 1 2 1 1 2 2 1 2 1 3 3 1 1 3 4 2 2 2 2 1 1 2 1 2 5 2 1 1 3 2 2 2 4 1 2 1 2 1 2 1 2 1 1 2 1 1 1 2 1 3 2 2 1 1 2 3 1 3 1 1 3 1 2 1 2 1 2 4 2 3 4 1 1 1 1 1 2 1 4 2 2 1 2 2 1 1 1 2 1 2 1 3 1 2 1 1 3 2 2 1 3 4 2 1 1 2 2 3 4 1 1 1 2 4 1 1 4 2 1 1 1 1 2 1 1 1 2 2 1 3 2 1 1 1 1 3 1 1 1 1 1 3 1 3 1 2 4 1 2 1 2 1 2 2 2 1 2 1 1 3 2 1 3 2 1 1 1 1 1 1 
  #Test Small 3169
  #Test Medium 9532
  #Test Large 13143
