Board size [mm] 175x275

Stats side 1
  #Components with background 57
  #Components with points 286
  #Components nofly 6
  #Components notouch 6
  #Pins 56209
  #GNDs 2333
  #VDDs 1972
  #Clock 18
  #NoFly points 940
  #NoTouch points 1048
  #Points [total] 62520

Stats side 2
  #Components with background 55
  #Components with points 317
  #Components nofly 0
  #Components notouch 0
  #Pins 58029
  #GNDs 2801
  #VDDs 2258
  #Clock 30
  #NoFly points 0
  #NoTouch points 0
  #Points [total] 63118

Stats board (side 1 + side 2)
  #Components with background 112
  #Components with points 603
  #Components nofly 6
  #Components notouch 6
  #Pins 114238
  #GNDs 5134
  #VDDs 4230
  #Clock 48
  #NoFly points 940
  #NoTouch points 1048
  #Points [total] 125638
  #Nets 6756
    Net Size: 5134 4230 48 6 2 1 1 1 1 5 2 1 2 2 1 2 2 1 2 2 2 1 1 1 1 2 1 1 4 1 2 2 1 4 2 4 1 2 4 3 1 3 1 1 1 1 1 2 1 1 1 2 1 1 1 1 1 1 1 3 4 3 1 2 1 1 1 2 2 1 2 2 2 3 2 2 3 1 1 1 1 1 1 1 1 1 1 1 1 2 1 1 1 2 1 2 2 1 1 1 1 1 1 1 4 1 3 2 3 2 6 1 1 1 4 2 1 1 2 1 2 2 1 1 3 1 3 1 2 2 3 1 1 1 4 1 1 3 1 2 1 2 1 1 1 1 1 1 1 1 1 1 2 2 5 1 3 1 1 2 1 1 1 2 1 2 1 1 3 2 1 1 4 2 2 1 1 2 2 1 1 1 1 1 2 7 2 1 2 1 2 2 3 2 2 1 1 2 2 1 2 2 2 2 2 1 2 2 1 1 1 2 1 2 1 2 1 1 2 1 1 1 4 2 1 1 1 2 1 1 3 1 2 1 3 2 1 1 3 2 1 3 2 1 1 2 1 1 2 1 1 2 2 1 1 1 2 2 1 1 1 1 1 3 2 1 2 2 1 1 2 2 2 2 2 4 2 1 1 1 2 1 1 2 1 1 1 1 3 2 2 1 1 1 1 2 2 2 1 4 2 2 1 3 2 1 1 2 1 2 2 1 1 2 2 3 3 1 1 1 2 1 2 1 1 2 3 1 2 1 1 3 2 2 2 1 1 2 1 1 1 1 1 2 2 1 2 2 2 1 2 1 2 1 1 1 3 2 1 1 1 4 2 2 3 5 2 4 2 3 2 2 1 2 1 4 3 2 2 1 1 2 1 1 1 1 3 1 2 1 3 1 2 4 1 1 1 1 1 2 1 2 1 1 2 1 3 1 1 1 3 1 1 1 2 2 1 1 2 2 3 1 1 1 3 1 1 3 1 2 1 2 1 2 1 1 1 2 1 1 2 2 1 2 2 2 1 2 1 1 1 1 1 1 1 1 2 2 1 1 1 1 3 2 1 1 2 1 2 1 2 1 4 1 1 2 1 3 3 2 3 1 2 1 2 4 1 2 1 2 1 1 2 1 4 3 3 1 1 3 1 3 1 1 1 1 3 1 3 2 1 3 1 1 2 1 1 1 2 2 2 1 1 1 1 1 2 3 2 2 2 2 2 1 1 3 1 1 1 3 1 1 1 1 1 3 2 2 2 3 1 3 2 2 2 1 1 3 1 1 1 1 1 2 1 2 2 2 1 2 1 1 3 1 2 2 2 1 1 2 2 1 1 2 3 1 3 3 1 3 4 2 1 2 1 2 2 1 1 2 2 1 6 1 2 1 2 1 1 3 3 1 4 1 4 2 1 2 1 2 2 1 2 2 1 3 2 1 2 2 2 1 3 1 2 3 1 1 1 1 3 2 4 1 2 1 1 1 2 2 1 3 1 1 1 3 1 1 1 1 3 1 1 1 2 1 1 1 2 1 2 1 1 2 1 1 2 1 1 1 2 1 1 1 3 2 3 1 2 1 3 1 3 1 3 1 3 1 1 2 2 3 2 4 1 2 1 1 1 1 2 2 2 1 1 1 2 1 1 3 2 1 4 2 2 2 1 1 1 2 3 1 2 1 2 2 1 1 1 1 2 1 1 1 1 2 2 3 1 1 1 1 2 1 1 2 1 2 1 1 1 3 2 2 1 1 2 1 1 1 2 1 1 2 1 4 1 2 2 2 1 1 2 2 1 3 2 3 1 2 1 2 1 2 1 2 4 2 1 2 1 3 2 2 1 1 1 1 1 2 1 2 1 3 2 2 1 2 1 2 2 1 1 1 3 3 4 2 1 1 1 1 1 1 1 4 1 1 2 1 2 3 1 1 3 1 2 1 5 1 1 2 1 5 1 1 2 2 2 1 1 1 1 1 1 3 2 1 1 1 1 1 3 1 1 3 2 1 1 3 1 2 1 1 3 2 1 1 2 1 2 2 3 3 1 4 1 2 2 1 3 1 1 3 2 1 1 2 2 2 1 1 1 1 1 2 4 1 1 2 3 1 3 1 3 2 1 3 1 1 1 2 1 1 2 1 1 1 1 1 1 1 1 2 1 1 1 1 1 1 2 1 3 1 1 3 1 3 4 2 1 3 1 1 2 1 1 1 1 1 2 1 1 2 1 3 1 1 2 1 1 1 2 2 1 1 3 2 1 3 2 3 1 2 1 2 2 1 2 1 1 2 2 1 1 3 3 4 2 2 3 1 1 1 1 2 1 2 2 4 2 2 1 1 2 2 2 1 3 1 1 1 2 4 2 2 1 2 1 1 1 2 3 1 1 1 2 2 2 1 1 1 1 3 1 1 2 2 3 1 1 1 2 2 1 2 3 1 1 1 3 2 2 2 1 1 2 2 1 3 2 1 3 1 2 1 1 2 2 1 1 1 2 2 3 1 1 3 2 2 2 2 2 2 1 3 1 3 2 1 1 4 1 2 3 2 2 1 1 5 1 3 1 1 1 2 1 2 1 1 3 3 4 2 3 2 1 4 2 1 1 1 3 4 1 2 1 3 1 1 1 1 2 1 3 1 2 1 2 1 2 1 2 1 3 1 1 1 3 1 3 1 1 1 1 2 1 1 1 2 1 1 1 2 2 2 1 1 2 1 1 3 1 2 1 2 3 1 2 1 1 2 1 1 2 2 1 1 3 3 1 2 1 1 1 1 3 2 1 2 2 1 1 1 1 5 4 1 3 1 3 3 1 1 1 1 1 1 1 2 1 2 2 1 1 3 2 2 1 3 1 1 1 1 2 2 1 1 1 3 2 1 1 2 1 3 4 1 2 3 2 1 2 2 2 2 1 2 4 3 2 2 1 3 1 4 1 1 4 1 1 1 1 2 1 1 2 3 2 1 1 2 1 1 2 1 4 2 1 1 2 1 1 2 5 1 1 1 1 1 3 2 3 1 2 2 2 1 2 1 2 1 2 1 1 1 3 1 1 1 1 2 3 1 1 3 3 1 3 4 2 1 1 3 1 3 3 1 2 2 3 3 3 1 3 3 2 1 1 1 1 1 1 2 1 1 3 2 1 1 1 2 3 1 2 1 1 1 1 3 2 1 2 2 1 2 1 3 2 2 2 1 1 1 1 3 2 2 2 3 4 1 1 1 2 2 1 1 1 2 2 1 1 3 5 1 1 1 1 3 1 3 1 2 1 1 3 2 3 1 1 1 2 1 1 1 2 2 3 2 1 2 1 2 1 1 2 2 2 1 1 1 3 1 1 1 1 1 1 2 1 1 1 2 1 3 1 2 3 1 1 3 2 2 1 2 1 2 2 2 1 1 1 1 1 1 1 2 1 3 5 1 1 1 2 1 2 1 2 1 1 2 4 1 1 1 1 1 1 1 1 2 2 1 1 2 2 1 1 3 1 3 1 2 1 2 1 2 2 2 2 1 2 1 1 1 1 1 2 1 1 2 3 2 2 1 1 1 2 1 1 1 3 1 2 2 2 1 1 3 1 3 1 1 2 1 2 1 2 2 1 1 4 4 1 1 1 3 2 1 2 1 3 1 1 1 2 2 2 1 1 2 3 2 1 3 1 1 2 1 1 2 1 1 2 2 1 1 1 2 1 1 3 2 2 2 1 3 2 1 1 4 1 3 1 3 2 2 1 2 3 2 2 1 2 1 3 1 2 1 2 2 1 3 4 2 1 3 1 2 1 1 2 2 1 1 2 2 1 3 4 3 2 2 1 1 3 1 1 1 2 1 3 2 2 1 1 2 2 2 1 3 1 1 3 4 1 1 1 1 3 2 1 4 2 2 2 1 1 1 1 1 1 1 1 1 1 2 1 1 1 1 3 1 1 2 1 1 1 1 1 3 1 1 2 3 2 1 1 1 2 2 6 1 2 1 4 1 2 1 2 2 1 1 1 1 1 1 5 1 2 2 2 1 3 3 2 3 1 1 1 1 2 3 1 2 2 1 2 2 1 2 3 1 1 1 2 1 2 3 1 1 1 1 3 2 1 1 2 1 3 3 3 3 1 2 1 2 1 1 2 1 2 1 1 2 1 1 2 2 2 3 2 1 3 2 1 1 2 1 3 3 2 1 3 3 3 2 1 1 2 1 2 1 1 1 1 1 4 1 1 1 3 2 1 2 2 2 4 2 1 1 2 2 1 1 2 2 2 1 3 2 1 1 3 2 2 2 2 5 2 2 3 1 1 1 1 2 1 1 2 3 1 1 1 2 1 1 1 1 1 1 2 1 2 2 2 1 1 2 1 1 1 2 1 1 3 1 1 1 1 1 1 1 2 1 1 1 2 2 1 1 2 2 5 1 3 1 2 1 3 1 2 2 1 4 1 1 1 2 2 2 1 1 1 1 1 1 1 1 2 3 2 2 3 2 3 1 3 2 1 1 2 2 2 2 3 1 1 2 2 1 2 1 1 4 2 1 3 3 2 4 1 4 2 2 1 2 1 1 2 2 1 1 2 2 3 4 1 2 1 2 1 2 2 1 3 1 1 3 1 3 2 2 2 2 2 1 3 2 1 1 2 2 2 2 3 1 1 1 2 3 1 3 2 1 1 1 2 1 4 2 1 2 1 2 3 1 2 1 1 1 1 1 3 1 1 3 2 1 1 1 1 3 1 2 2 1 2 1 2 2 1 1 1 1 2 1 1 1 1 3 1 1 2 2 3 1 1 3 1 1 1 1 1 5 1 3 1 1 4 2 2 1 2 1 1 1 1 1 1 3 2 2 1 1 1 1 2 2 2 2 1 2 1 1 2 1 1 2 3 1 1 1 1 2 1 2 3 1 1 1 3 4 2 2 1 1 1 1 4 2 1 2 1 1 1 1 1 1 1 2 2 3 2 2 2 1 1 2 2 3 2 2 1 1 2 1 1 2 1 1 1 1 1 1 3 2 2 2 1 1 2 1 2 1 4 3 1 1 4 2 1 2 2 2 1 1 1 2 3 2 2 1 4 1 3 1 1 1 1 1 3 1 1 3 5 2 2 1 1 1 2 1 1 4 1 1 1 3 2 2 1 2 1 3 1 1 3 2 2 1 3 1 2 1 2 2 1 2 1 1 2 1 3 1 1 2 3 1 2 4 3 1 1 1 1 1 1 2 1 1 3 1 1 1 2 2 1 1 1 1 1 1 1 2 1 1 3 2 1 1 1 1 2 3 2 3 2 4 5 1 2 1 2 2 3 2 2 1 1 1 3 2 1 1 1 2 1 1 4 1 2 2 1 3 1 2 1 3 1 1 2 2 2 1 2 1 1 2 1 2 2 1 2 2 1 1 1 1 3 1 1 1 2 1 2 1 2 2 1 1 1 1 1 1 3 1 1 1 2 2 1 1 3 1 2 2 4 2 1 2 2 2 1 1 2 1 2 1 1 3 2 1 2 2 1 1 3 1 1 2 2 2 2 1 3 1 2 1 1 2 1 2 1 2 2 2 1 2 1 1 1 1 1 3 1 1 1 1 1 1 1 2 3 1 2 2 1 2 1 1 1 1 2 1 3 1 2 2 2 2 2 2 2 1 2 2 3 2 2 1 1 3 3 1 2 1 1 1 1 1 2 1 2 3 2 1 1 3 2 1 1 2 2 2 3 2 3 2 2 2 2 1 3 2 1 1 1 3 2 2 2 2 2 1 1 1 2 1 2 1 1 1 2 2 1 1 2 1 3 1 1 2 1 2 1 1 3 2 2 1 1 1 2 3 1 1 1 1 2 3 1 2 1 1 2 1 1 2 2 3 1 2 2 1 1 1 2 4 3 2 3 1 2 3 2 1 1 1 2 1 1 1 1 1 1 2 1 1 2 2 1 4 2 3 1 2 2 2 1 2 3 2 2 1 3 2 2 1 3 1 1 2 2 2 2 2 1 2 2 2 3 1 4 2 2 1 1 2 1 1 3 1 1 1 2 2 2 2 1 2 2 3 2 3 3 1 3 1 1 1 2 1 1 1 1 4 2 1 2 3 2 1 1 2 1 1 1 1 2 2 2 3 1 1 3 1 1 1 1 1 1 2 1 2 2 3 1 1 2 2 2 1 3 3 1 2 2 2 1 2 1 1 3 3 1 2 1 1 3 1 2 3 1 2 3 2 1 3 4 1 1 1 1 1 4 1 2 3 1 3 1 3 4 2 1 2 2 2 2 1 3 2 1 1 1 5 2 2 1 1 1 1 1 2 1 1 1 1 2 1 4 2 2 1 1 1 2 1 1 1 2 1 1 2 2 1 2 1 2 1 4 1 1 1 1 1 1 1 1 1 2 4 1 1 2 3 1 1 1 2 1 3 1 2 1 2 1 2 2 1 1 2 1 2 1 2 1 1 1 3 1 1 2 1 2 2 1 1 2 1 2 5 1 1 3 3 1 1 1 1 3 2 1 1 2 2 2 1 1 1 2 4 3 1 1 1 2 1 1 1 1 2 1 1 3 2 1 3 2 1 2 1 2 1 1 1 1 1 2 2 1 2 2 3 1 1 1 2 1 2 1 4 4 1 1 1 2 1 3 3 2 3 1 1 4 4 1 1 1 3 1 3 2 1 1 4 1 1 3 1 2 3 4 1 1 1 2 2 1 1 1 1 1 3 1 2 1 1 3 3 4 2 2 1 2 3 1 1 4 2 2 2 3 3 1 3 1 2 1 2 1 2 1 1 2 2 1 1 1 1 1 1 2 2 2 1 2 1 1 1 2 1 1 1 1 4 1 2 1 1 1 1 2 1 1 1 2 2 2 2 1 2 1 2 1 1 1 3 2 1 2 2 2 1 1 2 1 2 1 1 3 1 1 2 1 1 2 1 1 3 1 1 1 3 2 2 1 1 2 1 2 1 1 2 1 1 2 1 1 1 4 1 2 3 1 1 1 2 1 1 3 1 1 2 4 1 2 1 1 1 3 1 2 2 1 1 1 1 1 1 1 1 1 1 2 4 2 2 1 1 3 1 1 1 2 2 1 1 1 1 1 1 1 2 2 2 1 1 1 2 1 1 1 1 2 2 1 1 1 1 1 2 1 3 1 2 1 3 1 3 1 1 2 1 1 1 3 3 1 3 1 3 2 2 2 2 1 3 1 2 2 3 2 4 1 2 2 2 1 2 1 2 1 3 2 1 1 1 1 2 1 1 1 1 2 1 2 2 1 3 1 1 2 1 2 3 2 2 1 4 1 1 2 1 2 1 2 1 2 1 2 1 1 1 1 1 2 2 1 3 3 3 1 2 1 2 2 1 1 1 2 1 1 3 1 2 2 2 5 2 2 1 1 2 1 1 4 1 3 3 2 1 2 2 1 1 1 2 2 1 2 2 1 1 1 1 2 1 1 1 3 1 4 2 3 1 4 1 1 3 1 2 3 1 2 1 2 1 2 2 1 1 1 1 3 2 1 2 1 1 1 1 3 1 2 1 1 1 1 1 1 1 1 1 2 1 2 1 2 1 2 1 1 1 1 1 1 1 3 1 2 2 4 1 1 3 2 1 1 1 2 3 2 1 1 2 1 1 1 1 1 1 1 1 1 1 1 1 1 1 2 1 1 2 2 1 1 1 1 1 3 1 1 3 2 2 1 1 2 2 1 1 1 2 3 3 3 1 3 1 2 1 2 2 3 3 2 2 1 1 4 4 2 2 3 1 2 1 1 2 1 1 2 2 3 3 2 2 5 1 3 3 1 1 1 2 1 1 1 1 1 1 2 1 2 3 2 2 1 1 1 1 1 1 3 3 1 1 2 3 1 2 1 1 3 1 4 1 2 4 1 2 1 2 2 1 2 2 1 2 2 1 1 3 2 2 2 1 1 3 1 1 1 3 3 2 2 3 1 1 2 3 1 1 2 2 2 2 1 2 2 1 1 2 2 1 1 2 2 2 1 1 2 2 1 1 1 2 1 4 2 2 3 1 1 1 1 1 2 1 2 1 1 1 2 2 3 2 2 2 2 1 1 1 3 1 2 1 1 1 2 3 1 2 1 4 1 3 1 2 1 2 1 1 1 1 3 1 2 2 2 1 1 2 1 1 2 1 1 2 1 1 1 1 1 3 2 1 1 1 2 2 2 1 1 1 2 2 2 1 1 1 2 6 1 3 4 1 1 1 2 1 1 1 1 3 4 2 1 1 1 1 1 1 1 1 2 1 3 2 2 1 2 2 3 4 1 3 1 1 1 1 2 1 1 1 2 2 2 2 1 1 1 2 1 2 3 1 1 1 1 2 1 2 2 1 1 2 1 2 1 1 2 1 1 1 1 2 3 1 3 1 1 2 1 2 1 1 3 2 1 1 1 2 4 3 1 1 1 2 2 2 2 1 1 1 1 1 1 2 1 3 1 1 2 2 1 1 1 1 1 4 1 1 2 1 3 3 2 1 1 1 4 2 3 1 4 1 1 1 1 1 1 3 1 4 2 1 1 3 2 2 1 2 1 2 1 2 4 2 1 3 1 2 1 1 1 3 1 3 4 1 1 2 2 1 1 1 2 1 2 1 2 2 1 1 2 1 2 2 2 1 2 1 4 1 1 3 1 3 2 2 1 2 3 1 4 1 3 3 5 1 1 2 2 1 1 2 1 1 1 1 1 1 1 1 2 2 3 1 4 1 1 2 1 1 2 1 1 2 1 1 1 1 2 2 2 2 1 3 1 2 2 3 2 2 1 1 2 1 2 1 2 1 1 1 3 1 3 2 1 1 2 3 2 1 2 2 2 2 5 2 3 1 1 1 2 4 3 1 3 1 4 1 1 1 1 2 1 1 4 2 3 2 1 1 2 2 1 1 1 3 1 1 1 3 2 1 1 1 1 2 3 3 4 2 1 1 1 2 2 2 1 3 1 3 2 2 1 2 1 2 2 1 1 1 2 3 2 3 1 1 1 2 2 1 1 2 1 1 2 1 1 2 1 2 1 3 2 1 4 2 2 1 2 1 2 1 1 2 1 1 2 1 2 3 1 1 2 4 1 2 4 1 2 1 1 1 1 1 3 1 2 1 1 1 1 2 1 2 3 1 1 1 1 1 1 1 1 3 3 1 3 1 1 2 1 3 1 1 1 2 3 1 1 1 1 1 1 1 2 2 1 2 1 1 1 1 2 2 2 1 2 1 2 2 1 1 2 1 3 3 2 4 2 5 1 1 1 1 1 3 1 1 2 1 3 1 1 1 2 1 1 1 1 1 1 1 3 4 2 1 2 2 1 1 2 1 1 1 1 1 1 1 1 2 1 3 1 1 2 2 1 1 1 1 2 1 1 1 2 1 1 2 2 1 2 1 1 1 2 2 2 1 2 2 1 1 3 3 1 2 2 2 1 1 2 1 2 3 2 2 1 1 2 1 3 3 1 1 3 3 1 1 1 2 2 1 1 1 1 2 1 1 2 1 3 2 3 2 1 2 1 1 1 3 2 4 1 2 1 1 1 3 1 1 1 1 1 3 1 2 1 3 1 1 1 3 2 1 1 3 2 2 1 1 1 3 2 2 1 1 2 2 1 2 2 3 2 1 2 3 3 1 1 3 1 1 1 1 1 1 1 1 1 2 2 2 3 2 1 2 2 1 3 1 2 1 1 2 1 1 2 4 1 2 1 1 3 1 1 1 2 1 1 1 1 2 3 1 1 1 1 2 2 1 1 1 1 1 1 1 1 2 1 1 1 1 4 1 1 1 5 1 1 1 1 2 3 1 1 1 1 1 2 2 2 2 1 1 2 5 1 2 3 1 2 1 1 3 1 2 1 1 2 3 1 1 7 2 1 2 4 2 2 2 1 2 2 1 4 1 2 2 1 2 1 5 1 2 3 1 1 2 1 1 2 2 1 2 2 1 2 1 1 2 1 2 1 1 2 1 2 4 2 2 1 1 1 1 2 1 1 1 1 1 3 2 1 4 1 1 2 2 3 1 1 1 1 1 1 2 3 1 3 1 1 1 1 3 2 3 2 3 2 1 1 2 1 2 1 2 1 1 1 1 1 1 1 1 1 1 3 2 2 1 2 1 1 3 1 1 2 3 3 1 2 1 1 1 1 1 1 2 2 2 1 1 1 1 2 2 2 1 1 3 1 2 2 2 4 1 2 2 2 3 1 1 3 3 1 1 1 2 1 2 1 3 1 2 2 1 1 1 2 1 1 1 1 1 3 3 1 3 1 1 2 3 3 2 1 2 2 2 1 2 3 2 1 1 1 1 1 1 1 2 3 2 4 3 4 1 2 1 1 1 2 1 1 1 2 2 2 1 1 3 1 1 1 1 1 3 1 2 2 1 1 1 1 2 1 2 1 1 2 1 2 1 2 1 1 2 2 2 1 2 2 1 1 1 1 2 1 1 2 1 3 1 1 6 1 1 2 1 1 2 2 1 2 1 5 1 2 4 6 3 2 1 1 1 1 2 2 1 3 1 1 1 2 1 2 1 1 1 2 1 2 1 5 1 3 2 2 1 1 1 3 3 4 2 2 2 1 1 1 2 3 1 5 2 1 1 4 1 1 1 1 1 1 3 1 1 2 3 2 1 2 1 2 3 1 1 1 2 2 2 4 2 3 1 2 1 1 2 2 2 1 2 2 2 1 2 1 1 3 2 2 1 1 1 1 1 1 4 2 1 2 2 2 1 1 1 2 2 2 2 1 1 2 3 2 4 2 2 2 3 2 1 1 2 1 1 1 1 2 1 2 1 2 1 4 1 1 2 2 2 2 2 1 1 2 1 1 2 3 2 1 3 3 1 1 3 2 4 1 2 3 1 4 1 1 2 2 1 1 1 2 1 2 2 1 6 2 2 4 2 3 2 2 2 1 1 1 2 1 3 4 1 1 1 1 3 1 1 1 2 4 1 3 1 1 2 1 1 1 2 2 2 1 1 2 3 2 1 1 1 2 2 2 1 1 3 4 4 3 1 1 1 4 1 1 2 1 2 1 3 1 2 1 1 1 1 5 2 2 4 1 1 1 3 2 1 1 2 1 3 1 3 1 2 1 1 2 1 1 1 1 2 1 1 5 2 2 1 3 1 1 1 1 1 3 4 1 2 1 1 1 1 1 2 1 2 1 1 1 2 1 1 1 3 2 1 3 2 2 2 1 2 2 2 2 1 1 2 1 1 2 1 1 1 1 1 1 1 3 2 2 1 2 2 1 3 3 3 2 1 1 2 2 2 1 2 1 1 2 2 1 2 1 2 1 1 1 1 1 3 1 1 1 2 2 1 1 2 3 1 1 1 4 1 1 1 2 1 2 1 2 3 1 7 1 1 1 1 2 2 1 1 2 3 1 1 4 1 1 1 1 1 2 1 2 1 3 1 1 1 3 3 1 1 1 1 2 1 1 1 1 2 2 1 4 1 1 2 2 1 1 2 2 4 1 2 2 3 3 1 2 1 1 2 4 2 1 1 1 2 3 1 2 2 2 2 3 1 2 2 3 2 2 1 1 3 2 2 4 2 1 1 1 1 3 1 2 2 1 1 3 1 2 3 1 3 2 2 1 1 3 2 1 2 1 5 1 1 2 1 2 3 3 2 2 1 2 3 2 2 2 2 3 1 1 1 1 3 1 1 2 1 2 1 2 2 1 2 1 1 1 1 3 2 3 1 2 1 1 1 1 2 3 2 1 1 1 1 3 3 2 1 2 1 2 1 1 3 2 1 1 1 3 2 2 1 3 2 3 1 2 1 1 2 2 1 3 2 2 2 1 1 1 4 1 2 1 2 1 1 2 1 2 3 1 3 1 1 4 2 1 3 3 2 2 1 1 1 2 1 2 1 4 2 1 2 1 2 1 1 2 1 1 1 1 2 1 2 1 1 2 2 1 2 1 4 1 1 1 2 1 4 1 2 1 2 1 1 1 2 3 1 1 1 1 2 3 4 1 5 1 2 1 3 4 2 1 1 1 2 2 1 1 3 3 2 2 3 1 1 1 1 4 1 1 2 1 1 2 3 2 1 1 2 1 2 2 1 1 2 2 1 1 1 4 3 1 1 1 3 2 1 1 3 2 1 1 1 1 1 1 1 2 3 2 3 1 1 1 1 3 2 1 1 1 1 2 1 2 2 3 2 2 1 2 2 1 2 1 1 1 3 2 1 1 2 2 2 1 4 5 2 1 4 1 2 1 1 3 2 2 3 1 2 2 1 2 1 2 1 4 1 1 1 1 1 1 1 2 1 2 2 1 2 1 2 1 1 1 3 3 1 1 1 5 1 2 2 1 1 2 1 3 1 2 2 1 1 1 3 3 4 1 1 1 3 4 1 4 2 1 1 1 1 2 1 2 1 1 1 3 1 1 2 3 3 2 1 2 1 2 1 1 3 3 2 1 2 1 1 2 1 1 3 1 2 1 2 2 1 2 1 2 1 2 1 7 1 2 3 1 1 1 1 3 2 1 1 1 1 2 2 1 1 1 1 1 2 3 1 1 1 1 1 2 1 3 2 3 1 1 1 1 1 2 2 2 1 1 2 1 1 1 3 2 1 1 2 2 1 1 3 1 1 2 1 2 1 2 1 3 2 1 1 2 1 1 2 3 1 2 2 1 3 1 1 4 1 3 1 2 3 1 1 1 2 1 1 1 1 1 5 2 1 1 1 4 1 1 2 1 2 2 1 2 1 2 1 2 1 3 1 3 1 1 1 2 2 1 2 2 1 4 1 1 5 2 2 1 3 2 1 1 1 1 1 1 1 1 1 3 1 2 4 1 1 1 2 1 1 2 1 2 4 1 2 1 2 1 1 2 1 1 1 2 2 2 3 4 1 1 2 1 2 1 1 4 2 2 3 1 2 1 3 1 1 1 2 2 1 3 1 1 1 2 2 1 2 2 1 1 2 3 2 1 2 4 1 1 1 3 2 1 1 2 1 2 2 2 1 1 1 1 3 1 2 3 2 1 3 1 3 2 1 1 2 1 5 1 1 2 2 2 1 3 1 1 1 3 3 1 1 2 1 1 1 3 1 3 1 1 1 1 3 1 4 1 1 3 1 3 1 1 2 2 1 1 1 1 3 1 2 2 2 4 1 1 1 2 3 1 2 1 3 1 2 1 1 1 2 2 2 1 2 1 3 2 1 2 2 1 3 2 1 1 2 2 1 2 3 2 2 4 1 1 2 1 3 1 1 1 1 1 1 1 4 1 1 2 2 1 1 1 2 2 1 2 1 1 1 2 1 1 1 1 2 2 1 1 1 3 1 1 1 1 4 2 3 1 2 1 1 1 1 1 3 1 2 3 2 4 2 2 2 1 2 1 1 3 1 1 4 3 2 1 2 1 1 1 1 4 2 2 2 3 1 2 1 3 3 2 1 3 1 4 4 1 4 1 1 5 3 2 1 1 2 1 1 1 1 2 2 2 3 4 2 2 1 1 2 1 4 2 1 2 3 1 4 1 1 2 2 1 2 2 1 3 2 2 1 2 2 1 1 1 2 1 1 1 3 1 4 1 1 1 2 1 2 2 2 1 1 3 1 1 1 1 1 1 2 1 2 2 4 2 1 3 1 2 1 1 2 2 3 1 1 2 2 1 2 1 2 1 1 2 1 4 2 2 2 1 1 2 2 2 3 2 1 3 1 1 2 2 2 2 1 2 1 1 1 2 1 1 1 1 1 1 3 1 1 4 1 1 1 3 1 3 1 1 1 2 3 1 2 3 1 1 1 1 1 1 1 4 2 3 3 2 1 1 1 3 1 3 3 2 3 1 1 1 2 2 2 2 1 1 1 1 4 5 1 1 2 2 2 1 1 2 2 1 1 1 1 2 3 1 1 4 2 2 1 1 1 1 1 3 3 1 2 1 2 3 1 1 1 1 1 2 1 2 3 4 2 1 2 2 2 1 2 1 2 3 1 1 1 2 3 2 2 1 2 2 1 3 1 2 2 1 1 1 1 2 2 1 1 1 1 2 2 1 4 1 5 1 2 1 2 3 1 1 2 5 1 1 2 2 2 2 1 2 2 1 1 2 1 4 2 1 1 3 1 1 4 3 2 2 1 2 2 1 1 1 3 4 3 1 2 1 1 2 1 1 3 1 2 1 2 2 4 1 2 3 4 2 2 1 2 3 2 1 2 1 2 1 1 1 4 2 2 1 2 2 1 3 1 3 1 1 1 6 1 3 1 1 1 2 1 2 2 2 1 2 2 1 1 2 1 2 1 1 4 1 1 3 4 1 1 1 1 2 1 1 1 1 2 2 1 1 2 2 2 2 1 1 3 1 2 1 2 1 1 2 2 2 2 1 2 2 2 2 1 2 3 2 1 2 2 1 1 1 3 1 2 1 3 1 2 2 2 2 1 1 2 1 2 1 1 4 1 1 3 1 1 1 2 2 2 3 2 1 4 2 1 1 1 2 1 2 1 2 2 1 2 1 1 1 1 1 5 2 1 2 2 3 1 1 2 3 2 2 2 1 1 2 2 1 1 2 3 2 1 2 3 1 3 1 3 1 1 2 2 1 5 3 3 1 1 2 2 1 1 1 1 1 1 2 2 3 1 1 3 1 1 1 1 1 2 2 1 2 2 1 1 4 3 3 1 1 1 1 2 1 1 2 1 1 1 1 1 1 2 2 2 1 2 2 1 1 2 5 1 1 1 4 1 2 2 1 2 1 1 2 2 2 3 3 1 1 2 1 4 1 1 1 3 1 2 1 1 2 1 2 2 1 1 1 1 2 3 3 1 2 4 1 2 1 1 4 1 1 1 2 1 3 1 1 3 1 1 3 1 2 2 1 1 2 2 1 1 3 1 2 1 1 1 1 3 1 2 1 1 1 2 1 1 2 5 3 1 2 1 2 1 3 1 1 1 2 1 1 1 3 1 3 2 1 1 2 1 3 1 2 4 1 1 1 1 1 1 1 2 1 1 3 1 1 2 1 1 1 2 4 1 2 2 1 4 1 2 1 2 1 2 1 1 1 2 3 1 1 2 1 1 1 2 1 2 3 4 1 1 2 1 2 1 2 1 2 2 2 1 1 4 1 2 2 3 2 2 1 2 4 1 2 3 2 1 1 1 1 3 2 1 3 1 2 1 3 1 1 3 2 4 2 3 1 4 2 1 1 2 1 2 2 2 3 1 2 2 1 1 2 2 3 1 2 2 2 1 1 1 3 1 1 2 1 1 4 4 1 1 1 2 1 2 2 2 2 1 2 1 1 1 5 1 3 3 1 1 2 1 1 4 3 1 1 2 5 1 1 2 2 2 1 1 1 1 2 3 
  #Test Small 12430
  #Test Medium 17478
  #Test Large 31407
