Board size [mm] 250x400

Stats side 1
  #Components with background 61
  #Components with points 481
  #Components nofly 6
  #Components notouch 6
  #Pins 150162
  #GNDs 3647
  #VDDs 2836
  #Clock 50
  #NoFly points 940
  #NoTouch points 1048
  #Points [total] 158683

Stats side 2
  #Components with background 74
  #Components with points 444
  #Components nofly 0
  #Components notouch 0
  #Pins 123245
  #GNDs 4025
  #VDDs 3412
  #Clock 39
  #NoFly points 0
  #NoTouch points 0
  #Points [total] 130721

Stats board (side 1 + side 2)
  #Components with background 135
  #Components with points 925
  #Components nofly 6
  #Components notouch 6
  #Pins 273407
  #GNDs 7672
  #VDDs 6248
  #Clock 89
  #NoFly points 940
  #NoTouch points 1048
  #Points [total] 289404
  #Nets 265207
    Net Size: 7672 6248 89 2 1 1 1 2 1 1 2 1 3 1 3 1 1 2 1 2 1 2 2 1 1 1 2 3 1 1 1 2 1 2 1 3 1 1 1 2 1 1 1 1 2 1 1 2 1 2 1 2 1 2 1 1 2 2 1 2 2 1 2 4 2 2 1 3 2 2 2 1 2 1 1 3 2 2 1 1 2 2 1 1 2 3 2 1 1 1 1 2 2 3 1 1 4 1 2 2 3 1 1 1 1 1 4 2 1 1 1 1 2 1 1 1 1 1 1 3 1 2 1 2 2 3 1 2 1 2 4 3 1 1 2 1 1 1 1 2 1 2 2 1 1 1 1 1 2 1 3 1 1 1 1 1 2 5 3 2 1 2 1 2 1 3 1 3 1 1 3 1 2 1 2 1 1 2 2 1 3 2 2 1 1 2 2 1 1 2 1 2 1 1 1 1 1 1 1 2 1 1 1 1 1 1 1 2 2 3 2 1 2 1 1 2 2 3 1 1 1 1 3 1 1 2 1 1 2 1 1 2 1 3 1 2 1 1 1 3 1 2 1 1 2 1 2 2 1 1 1 1 3 1 2 1 2 2 1 2 3 3 2 3 2 3 3 2 1 2 1 1 3 3 3 3 1 1 4 2 2 1 1 1 1 1 1 1 1 1 3 1 1 2 2 3 1 2 2 1 1 3 2 1 1 2 2 2 3 2 1 1 1 1 2 3 1 1 1 3 3 2 1 2 2 2 3 2 2 2 1 1 1 1 2 1 1 2 1 2 1 2 1 1 1 1 1 2 1 1 1 1 2 1 2 1 1 1 1 2 2 2 1 4 1 4 2 1 1 1 1 1 2 4 4 1 2 3 2 1 3 1 1 1 2 3 1 3 2 1 1 2 3 2 1 2 3 2 2 2 2 1 2 1 2 1 3 2 1 1 1 1 1 3 3 1 2 1 2 1 1 1 1 1 2 1 1 3 1 1 2 1 1 1 1 2 1 1 1 2 2 1 1 1 1 2 2 1 1 1 1 2 1 1 2 5 2 1 1 3 4 1 3 1 3 2 2 1 1 1 1 1 2 4 2 1 1 2 1 1 3 2 1 1 1 2 1 1 1 2 2 1 1 1 1 1 1 3 1 2 1 1 3 1 1 1 1 2 1 1 1 1 1 2 2 1 1 2 1 1 1 1 2 1 2 1 1 1 2 1 1 1 3 2 1 1 1 1 1 1 1 2 2 1 2 1 2 1 3 1 3 1 3 1 3 1 1 3 1 1 2 1 2 3 2 2 5 1 1 2 1 1 1 2 2 1 2 3 1 1 3 1 2 2 2 4 1 1 2 1 1 1 1 2 1 1 1 1 3 3 1 2 1 1 2 1 2 2 3 1 1 1 2 1 2 1 2 3 1 1 2 3 2 3 2 1 2 1 1 3 1 1 2 1 1 2 2 1 1 3 1 2 3 1 2 1 1 1 1 1 1 1 1 4 3 2 1 2 1 2 2 3 2 3 1 3 2 1 2 1 1 1 3 1 2 1 1 1 1 1 4 1 1 1 1 3 1 2 1 1 2 1 1 2 2 1 1 2 1 1 1 2 2 1 1 3 1 1 1 3 3 1 1 1 1 1 2 2 1 1 1 2 1 1 3 1 2 2 2 1 1 1 2 2 1 1 2 1 1 2 1 3 1 1 2 1 1 3 1 1 1 3 3 1 1 1 2 1 2 1 4 2 3 1 2 3 1 1 1 1 1 2 1 2 1 1 2 2 3 1 1 2 1 3 2 2 1 1 3 2 1 2 1 1 1 1 2 1 2 1 1 1 2 1 1 1 1 1 1 1 2 2 1 1 1 2 1 1 3 3 1 1 1 1 1 1 1 2 2 1 2 1 2 1 1 1 4 1 2 3 1 1 1 2 1 1 1 1 1 2 1 2 2 1 2 1 1 2 3 3 1 1 1 2 1 1 2 2 1 1 1 2 1 2 2 1 1 1 1 2 2 1 1 2 1 1 1 1 2 1 1 1 2 1 2 1 1 1 2 1 4 2 3 1 1 2 2 1 2 2 1 1 1 1 3 2 1 3 4 1 1 1 1 1 1 1 2 3 2 1 4 1 1 1 2 1 3 1 2 1 1 1 1 2 3 3 1 1 2 1 2 1 1 1 1 2 2 1 1 1 1 2 2 1 1 3 2 1 3 3 2 1 1 4 1 1 1 1 1 1 1 1 1 1 1 1 1 1 2 2 2 1 1 2 2 2 1 2 2 2 2 1 1 1 1 1 1 2 2 3 1 2 1 1 3 1 1 1 2 1 1 2 1 1 1 1 3 2 1 1 1 1 1 1 1 2 1 1 1 2 1 1 1 2 1 2 1 2 1 1 1 1 2 1 1 1 2 4 1 1 2 3 1 1 1 3 3 2 2 2 1 1 4 4 2 2 1 2 1 2 1 1 4 1 2 1 1 1 3 1 1 1 1 2 1 3 2 1 1 1 2 2 2 2 2 1 2 1 1 1 2 1 1 3 3 1 1 2 2 2 1 1 1 3 2 1 1 4 1 2 1 1 1 1 1 1 1 2 1 1 1 2 2 2 1 2 2 3 2 3 2 1 1 1 3 5 1 1 4 1 1 3 1 1 3 1 1 2 2 1 1 4 1 1 1 1 1 1 1 2 2 2 1 1 2 1 1 1 2 2 1 3 2 1 1 4 1 2 2 3 1 4 2 2 2 1 1 2 1 1 2 1 1 1 2 2 3 1 1 1 1 2 1 2 2 2 1 1 2 1 1 2 1 1 1 5 2 1 1 2 2 1 1 1 1 1 1 1 1 4 1 1 1 2 3 2 1 1 2 3 1 1 2 2 2 2 1 2 1 1 2 1 1 2 2 1 1 1 1 1 1 3 2 3 1 1 1 3 2 3 1 2 2 2 2 2 1 1 1 1 3 2 2 5 2 2 1 1 1 2 2 2 1 1 1 1 3 1 1 1 1 2 1 1 1 2 2 1 4 1 3 2 2 3 2 1 1 1 1 3 1 3 1 1 2 2 1 2 1 1 2 1 2 1 1 1 1 1 2 1 3 4 2 1 2 1 3 2 4 4 1 2 1 3 2 2 1 2 1 2 1 2 3 2 2 1 1 1 2 2 1 1 1 1 2 2 1 2 1 1 4 1 1 2 1 2 1 2 1 3 1 1 2 1 2 2 2 2 6 3 1 2 1 1 1 2 2 1 1 1 2 2 1 3 1 1 1 4 2 1 2 1 1 1 1 1 3 1 3 3 2 1 2 2 2 1 1 1 1 2 1 1 1 1 1 2 1 1 1 1 3 1 1 1 4 1 1 2 1 1 1 2 1 1 2 2 2 1 3 2 2 2 2 2 1 1 2 3 1 3 2 1 4 2 1 2 2 2 3 2 2 1 1 1 2 2 1 2 1 3 1 3 1 1 2 1 3 1 1 2 1 1 1 1 1 2 4 2 1 2 1 2 1 1 3 1 1 2 1 4 1 1 2 3 2 1 1 2 1 1 3 1 1 1 1 1 1 2 2 1 1 1 2 2 3 2 1 2 1 1 2 2 1 1 1 1 2 1 2 1 1 1 2 1 2 1 4 1 1 3 1 1 2 1 1 1 2 1 1 1 1 1 2 1 2 2 3 1 2 2 1 2 1 2 1 2 1 1 1 1 1 3 1 5 3 2 1 1 1 1 1 1 2 2 2 1 2 1 2 2 2 1 1 1 2 1 3 3 3 1 1 3 2 2 1 2 2 2 2 1 1 1 1 1 1 1 1 1 1 2 2 2 1 2 1 2 3 2 2 3 1 1 2 1 3 1 2 3 1 3 2 1 2 1 2 1 1 1 2 1 1 3 1 2 3 3 1 1 1 1 1 2 1 1 2 1 2 1 2 1 1 1 2 1 2 1 1 2 3 1 2 1 1 2 1 1 1 3 3 1 3 3 2 1 2 1 1 1 1 1 1 3 1 1 1 2 1 2 1 1 3 2 2 3 3 1 2 1 1 2 1 2 1 1 1 2 1 1 2 2 1 1 1 3 2 1 1 2 3 3 1 3 2 1 1 1 1 2 1 1 2 1 2 1 2 1 1 3 3 4 1 1 4 3 1 3 1 1 1 3 1 1 1 1 1 2 1 1 1 1 2 1 1 1 1 1 1 1 4 1 2 1 2 2 3 3 1 2 1 1 2 1 1 2 1 1 2 1 1 1 1 1 1 2 7 1 1 2 3 2 1 2 2 1 1 2 1 1 1 1 2 1 1 1 1 2 2 2 2 1 1 1 1 1 1 1 1 1 2 2 2 3 1 2 1 2 1 5 1 2 1 1 4 1 1 4 1 1 1 1 3 3 1 1 2 1 1 2 1 1 4 1 2 1 1 1 1 2 3 1 1 1 3 1 1 3 1 4 4 2 2 2 1 3 2 3 2 2 2 1 3 2 5 2 1 2 1 1 3 1 2 3 1 1 2 1 2 2 1 2 3 3 1 2 1 2 2 1 1 1 3 2 4 1 1 2 2 1 1 1 4 1 1 1 2 1 2 2 1 1 2 2 1 1 1 1 1 1 1 2 2 1 1 1 2 2 3 1 2 2 2 1 2 1 2 1 1 1 2 1 2 2 3 1 1 2 2 1 1 1 1 1 1 1 1 2 1 1 2 2 1 1 2 1 1 4 1 2 1 2 1 1 1 1 1 2 1 2 2 1 1 1 2 1 3 1 1 1 2 2 1 1 1 2 1 4 2 1 2 1 1 2 2 1 2 2 2 1 2 2 2 1 1 1 2 1 1 2 3 1 1 2 2 1 1 1 3 1 1 1 2 1 1 1 2 1 1 3 2 2 1 3 2 1 2 1 2 1 1 2 1 2 1 2 1 1 2 3 3 1 3 3 1 1 3 2 1 2 2 1 3 1 1 1 1 2 1 1 3 1 3 2 1 1 1 1 1 1 2 1 1 2 2 1 1 2 2 1 1 3 2 1 4 1 1 2 1 1 1 1 1 1 1 3 5 1 2 2 1 2 1 2 1 1 2 2 1 1 1 2 1 1 1 2 1 1 2 2 2 1 1 2 1 1 1 1 1 1 4 2 3 2 1 1 1 1 1 1 2 1 3 1 2 1 1 3 3 2 1 1 1 1 2 1 2 1 1 1 1 3 1 1 1 1 2 2 1 1 1 3 1 1 3 1 1 2 1 2 1 1 1 1 2 1 3 3 2 1 1 2 1 2 2 2 2 1 5 1 1 1 3 2 2 1 1 2 1 1 1 1 3 2 6 1 1 2 3 2 1 1 1 2 3 1 1 3 2 3 2 1 2 3 1 2 2 1 1 1 2 1 1 1 1 2 1 1 1 2 1 2 4 1 1 1 1 2 1 1 1 1 1 1 2 1 2 2 1 1 1 2 1 2 2 2 1 1 2 2 1 1 3 1 1 1 2 1 2 1 2 1 1 2 2 1 1 3 3 2 1 1 3 1 1 1 2 3 1 2 1 2 4 1 1 2 1 1 1 2 1 1 1 1 1 1 2 1 2 1 1 1 2 1 1 4 1 1 2 1 1 3 1 1 3 1 1 1 1 1 2 1 3 1 2 1 1 2 1 2 3 2 1 2 2 1 1 1 1 1 1 1 1 1 1 1 2 2 2 2 1 3 1 1 1 1 2 1 1 1 3 3 1 4 4 2 2 1 1 1 1 2 1 2 1 1 1 3 2 3 1 2 1 1 1 2 1 1 1 2 1 2 1 1 1 3 2 1 1 1 1 1 1 1 1 3 1 3 2 1 1 1 4 1 1 1 2 2 2 1 1 1 1 1 1 1 1 1 2 3 2 1 1 2 1 2 1 2 1 3 2 1 1 1 1 2 1 2 2 1 1 2 3 2 2 2 2 2 1 1 2 1 2 3 1 2 2 2 1 2 1 2 1 1 2 2 3 1 1 1 1 1 1 1 1 1 2 1 1 2 2 1 2 3 1 1 1 2 2 1 1 3 1 1 2 6 2 1 2 1 2 3 4 3 1 1 2 1 1 2 1 4 2 1 1 3 2 2 1 2 2 1 2 2 1 1 1 2 1 1 2 1 1 2 1 1 2 2 1 1 1 1 1 1 2 2 1 1 1 1 1 1 1 1 1 3 1 1 3 2 1 4 1 1 2 2 1 1 3 1 1 1 1 3 2 2 2 1 3 4 1 1 2 2 1 1 1 2 1 2 2 3 2 1 1 1 1 1 3 1 1 1 3 2 2 1 1 2 1 1 1 2 1 4 1 1 1 1 3 2 1 1 3 1 1 1 2 3 1 1 2 1 1 2 1 1 1 3 4 1 1 3 1 2 3 3 2 1 2 1 1 2 4 2 2 2 1 1 1 1 1 2 1 3 1 2 1 1 1 1 1 1 1 2 2 3 1 1 2 1 2 1 2 1 3 2 1 1 2 1 1 1 1 3 1 1 2 1 1 2 1 1 2 2 1 1 1 2 3 2 1 1 1 2 1 2 1 1 1 1 1 1 1 2 2 1 1 1 1 1 1 3 2 2 2 1 1 3 1 1 1 4 2 2 3 2 1 2 2 1 1 1 2 2 1 1 2 1 3 1 1 1 2 2 1 1 1 3 1 1 1 2 1 2 2 3 3 1 3 4 1 3 1 1 1 1 1 1 1 1 2 1 2 2 3 1 2 1 1 2 1 1 1 2 1 2 1 1 1 1 2 2 2 1 1 1 2 1 2 3 1 2 2 1 1 3 1 1 2 1 2 1 1 1 1 1 3 1 1 1 2 2 2 1 2 2 1 1 3 1 1 1 1 2 1 2 1 1 1 1 1 2 2 1 2 1 1 1 1 2 1 2 2 5 1 3 2 2 3 1 2 1 2 1 1 1 1 2 1 2 1 1 1 3 3 3 3 1 2 1 3 1 2 1 1 1 1 2 1 1 1 1 3 1 1 1 2 1 1 1 2 1 1 4 1 4 1 1 2 1 1 2 1 1 1 2 1 3 4 2 1 1 1 2 1 1 1 1 2 2 1 1 3 2 2 2 1 1 3 1 1 1 2 1 1 1 1 1 2 1 1 2 1 1 3 1 1 1 3 1 1 1 1 3 1 2 1 1 1 2 1 1 2 2 1 1 2 1 2 1 1 1 1 1 1 1 1 1 1 1 2 1 1 1 1 2 4 2 1 1 1 2 1 2 1 3 1 1 1 1 3 1 1 2 2 1 2 1 1 1 1 1 2 1 1 2 3 2 2 1 1 2 1 1 1 1 1 1 2 3 2 1 5 1 3 2 1 1 2 1 2 1 1 1 2 4 3 1 1 2 2 1 1 3 1 2 2 2 2 1 2 2 1 1 2 2 1 1 2 1 2 1 1 1 1 1 2 1 2 1 2 1 1 1 2 1 3 1 1 1 3 2 2 3 2 1 1 3 2 1 1 4 1 2 2 1 1 1 1 2 1 2 2 1 1 1 1 3 1 2 1 1 3 1 1 1 2 2 1 1 3 4 1 1 1 1 1 3 1 1 3 1 1 3 1 1 1 1 1 3 2 1 1 1 3 2 1 2 1 2 1 1 1 2 1 1 3 2 1 1 2 2 2 2 1 1 1 1 1 1 1 2 1 1 3 1 2 1 1 3 3 1 4 1 1 1 2 2 2 1 2 3 1 1 3 2 1 3 1 1 1 1 2 1 2 1 3 1 1 1 2 1 1 2 1 1 2 1 1 1 1 4 1 2 1 1 1 2 3 2 2 1 1 1 1 2 2 3 2 3 3 3 1 1 1 1 1 3 2 1 1 1 1 1 1 2 1 1 2 3 1 2 1 2 2 1 1 3 1 2 2 1 1 2 2 3 1 2 2 1 1 2 1 2 1 2 1 3 1 3 2 2 1 3 2 1 1 1 1 1 2 2 2 1 1 2 1 1 3 1 1 2 2 2 1 1 2 3 2 2 1 1 1 2 1 1 2 1 1 1 1 3 2 2 1 2 4 1 2 2 1 2 1 2 1 2 1 1 1 1 2 1 1 1 2 2 1 2 3 3 1 1 1 3 1 2 2 1 3 1 1 1 1 2 1 1 1 1 1 3 3 1 2 2 3 1 1 2 1 1 4 3 3 2 5 2 1 1 3 1 3 1 1 1 2 2 1 3 3 1 1 1 3 1 2 1 1 1 1 3 1 1 1 2 2 1 2 3 1 1 3 2 2 2 2 2 2 3 2 1 1 1 1 1 1 2 2 1 1 1 2 2 2 4 1 2 1 2 1 1 1 1 1 3 1 2 2 2 3 2 1 1 2 2 2 3 2 2 1 2 1 1 4 2 3 4 1 1 1 2 2 3 1 1 1 1 2 2 1 2 1 2 1 1 1 2 4 2 1 2 1 1 1 2 3 1 1 1 1 2 1 2 2 1 2 2 1 2 1 2 1 1 1 2 4 4 2 1 3 1 1 1 2 2 3 1 1 2 2 1 1 1 1 1 1 1 1 3 2 2 3 1 1 1 2 2 1 1 1 2 2 1 1 2 1 1 1 2 1 2 1 1 1 1 2 1 2 1 1 1 1 2 1 1 1 3 2 1 2 2 2 1 1 2 1 3 1 3 1 1 2 2 1 1 1 4 3 3 1 2 1 2 3 1 4 3 1 1 1 1 4 1 1 3 1 2 3 1 1 3 2 2 2 1 1 1 2 3 3 2 1 3 2 3 2 1 2 1 2 1 1 1 1 3 4 2 1 1 1 3 1 1 1 2 1 1 1 1 2 1 1 1 1 1 2 1 1 1 1 3 1 1 2 1 2 2 1 3 1 2 1 3 5 1 2 1 2 1 1 1 1 1 3 1 2 1 1 3 1 2 1 1 1 1 1 1 1 3 2 2 2 2 1 3 2 1 1 1 5 3 1 1 2 1 3 1 1 2 1 3 1 1 1 1 1 2 1 2 2 2 2 1 1 1 2 1 1 2 1 1 2 2 1 1 2 1 1 6 5 1 2 1 1 1 1 2 2 1 1 2 1 1 3 2 2 2 1 1 1 1 3 3 1 2 1 2 1 3 2 1 3 7 3 3 2 1 1 1 2 1 2 1 1 1 1 1 1 2 2 4 1 1 1 3 1 2 4 1 2 1 1 1 2 1 1 1 1 1 1 2 2 2 2 4 1 1 2 2 1 3 1 1 1 1 2 3 1 2 1 3 2 2 3 1 1 1 1 1 1 1 1 2 1 1 1 1 1 1 3 1 1 3 3 2 2 1 1 1 1 1 2 1 1 1 2 2 1 1 1 1 1 1 1 1 3 1 2 1 1 2 1 1 1 1 1 2 2 1 3 1 3 1 3 1 1 2 1 1 3 2 2 1 2 1 1 1 1 1 1 1 1 1 1 4 2 1 1 2 3 1 1 1 2 2 2 1 2 1 1 1 2 1 2 2 1 1 1 1 1 1 2 1 1 2 1 2 1 1 1 2 1 1 2 1 1 2 1 2 2 2 1 4 1 1 2 1 1 1 8 1 4 1 2 1 1 1 2 5 1 3 1 1 2 1 1 1 1 1 1 1 2 1 1 3 1 1 3 1 1 1 1 2 2 1 3 2 1 1 2 1 2 2 2 2 5 3 2 3 1 1 2 2 2 1 2 1 1 3 3 2 1 1 4 1 2 2 2 1 1 1 1 2 3 3 3 2 2 3 1 2 1 2 2 1 4 2 1 1 2 2 2 2 1 2 2 3 1 2 1 1 1 1 1 3 2 1 3 3 1 2 2 4 3 1 2 3 4 1 2 1 2 1 3 2 2 2 2 2 1 1 3 1 1 2 1 1 2 2 1 2 1 1 2 2 1 1 5 2 3 3 1 1 2 4 4 1 3 2 3 2 3 1 2 1 1 1 1 1 3 2 1 1 3 1 2 2 3 1 1 2 1 3 1 1 1 2 1 2 1 1 1 1 1 2 3 3 2 1 2 2 1 4 3 2 2 1 2 2 2 1 2 1 2 4 2 1 2 1 3 2 1 1 2 1 1 4 1 1 1 2 2 1 1 2 3 1 2 2 4 1 1 2 1 1 1 4 1 2 4 1 2 3 1 3 2 2 3 1 2 1 1 1 2 1 2 1 2 3 2 1 3 1 1 1 1 3 2 1 1 1 1 2 1 2 3 1 1 1 2 2 1 2 1 1 1 2 2 1 2 1 1 2 1 1 3 1 1 1 2 1 1 1 4 1 2 1 1 1 1 3 1 1 3 1 1 2 2 1 1 1 1 1 2 1 2 1 1 3 2 3 4 2 3 1 1 1 2 2 1 1 2 1 2 3 2 1 1 2 2 1 1 1 1 1 1 1 1 2 1 1 1 1 1 3 1 3 1 1 2 1 2 3 3 2 3 1 1 1 1 2 1 1 1 2 1 1 1 2 4 1 1 1 4 3 2 6 1 2 1 1 2 1 1 2 1 2 1 3 1 3 1 2 1 1 2 1 2 1 2 1 2 1 1 2 1 1 2 3 1 2 1 1 2 1 1 1 1 1 2 1 1 1 1 1 2 1 1 2 2 1 2 1 2 2 1 2 2 3 3 1 3 1 2 1 1 2 1 1 1 1 1 1 1 2 3 3 1 2 1 1 3 2 1 1 1 1 2 3 1 2 1 3 1 2 1 1 1 1 1 3 2 2 2 2 1 2 1 1 2 1 1 2 2 1 1 1 3 1 2 2 1 1 1 1 1 1 6 2 4 1 2 3 2 1 1 1 1 2 4 2 2 1 2 1 3 1 1 1 2 3 3 1 3 1 2 1 2 2 3 1 3 2 1 1 2 2 2 1 2 1 1 1 1 1 1 1 4 3 3 3 2 1 1 1 1 1 1 2 1 1 2 1 1 2 2 1 1 4 1 2 1 3 1 2 1 4 1 1 1 1 1 1 1 1 2 1 2 1 2 1 1 2 2 3 1 2 2 2 1 1 1 3 2 2 1 1 1 2 2 1 3 1 1 1 3 2 1 2 2 1 2 1 1 1 2 2 1 1 2 1 1 1 1 1 2 2 1 1 1 1 1 1 2 1 1 1 2 3 5 1 1 2 2 1 1 1 2 1 1 1 2 2 1 1 3 5 1 1 2 2 4 1 1 1 1 1 1 1 5 1 2 1 3 1 3 1 1 2 1 3 2 1 3 1 2 2 1 1 2 1 2 1 1 1 2 3 3 1 1 1 3 1 1 1 1 2 2 1 2 1 1 1 1 2 2 2 1 3 2 2 3 2 1 1 1 4 1 1 2 1 1 2 1 1 2 1 1 1 2 1 3 1 1 2 3 2 1 1 1 1 3 1 1 1 1 1 3 1 1 1 3 1 1 1 1 1 2 2 1 2 2 1 2 1 2 1 1 2 1 3 1 2 2 1 1 2 2 1 3 1 1 1 1 2 4 1 1 1 1 1 3 1 1 1 1 1 1 3 1 1 2 2 3 1 2 1 1 1 1 4 1 1 1 1 1 1 1 1 1 1 2 1 2 1 1 1 1 1 1 1 1 1 3 2 1 2 2 1 2 2 1 1 3 4 3 3 4 2 1 1 1 3 1 1 1 2 1 2 1 2 1 2 1 3 4 2 2 1 2 1 2 2 1 2 1 4 1 3 4 1 1 2 3 1 3 2 1 1 1 1 1 2 4 2 2 2 1 1 1 1 1 1 4 2 1 2 1 1 2 1 2 1 1 1 3 1 1 4 3 1 3 1 2 1 1 1 1 2 1 2 1 1 2 3 1 2 2 3 2 1 1 2 1 3 1 2 3 1 1 2 2 3 1 3 1 1 1 1 2 1 1 4 1 1 2 2 2 1 1 1 1 1 1 1 3 1 3 1 1 2 1 2 2 1 2 3 2 2 2 1 2 1 1 1 3 1 1 2 1 2 1 3 2 4 1 1 1 1 1 1 1 2 1 1 3 2 2 2 1 4 2 2 1 1 5 1 2 1 1 1 3 2 3 3 1 1 3 1 1 3 1 1 2 1 2 1 5 1 1 1 1 3 2 1 1 2 4 4 1 1 1 1 1 3 1 1 1 2 1 1 1 1 1 2 3 1 1 1 2 2 2 1 4 2 2 3 1 1 2 1 1 2 3 1 2 2 2 1 3 2 1 1 2 1 1 4 2 1 1 3 1 1 3 1 1 2 1 1 1 1 2 1 1 2 1 2 1 2 2 2 1 1 1 3 2 2 1 2 2 2 2 1 1 1 1 3 1 2 1 2 2 1 1 1 1 1 1 1 1 1 3 1 1 1 1 1 3 5 2 2 1 1 2 1 1 2 1 1 1 1 2 2 2 1 5 2 1 2 3 2 2 4 2 2 1 3 1 1 4 1 1 1 1 1 2 1 1 3 1 1 1 4 1 1 1 1 1 1 1 1 2 1 2 1 1 1 3 2 1 1 1 2 1 1 1 3 1 2 3 3 2 2 2 1 1 1 1 1 2 1 2 4 1 1 1 1 1 1 2 1 2 1 2 1 1 1 4 1 3 2 2 1 3 1 1 4 1 3 2 3 2 1 2 1 1 2 1 1 1 1 2 1 2 3 1 1 3 1 2 3 2 1 3 1 1 1 1 3 1 1 2 1 1 5 1 4 1 1 2 1 1 1 1 2 2 1 1 1 3 1 1 2 2 2 1 2 3 1 4 1 1 2 1 1 1 1 3 2 2 3 1 4 1 1 4 3 3 2 3 1 1 1 2 1 1 2 2 2 1 1 2 2 1 1 1 1 1 1 1 2 2 2 2 1 1 1 3 4 2 2 1 1 1 5 2 1 2 1 1 2 3 1 3 1 2 1 2 2 1 1 3 1 1 1 2 1 1 2 1 1 1 1 1 1 4 1 1 2 1 2 2 2 2 4 1 1 5 2 3 1 2 1 1 1 1 1 1 1 1 1 1 2 1 1 1 1 2 1 1 2 4 1 1 1 1 1 2 1 2 1 2 1 2 1 1 1 3 2 2 1 2 1 1 1 1 1 1 3 1 3 1 1 2 2 1 2 1 1 3 1 5 1 2 2 1 1 2 1 1 1 1 3 3 4 3 1 1 1 2 3 1 1 1 1 2 2 1 1 2 2 1 1 2 3 1 1 1 1 3 2 1 3 2 1 2 1 1 1 1 1 1 1 1 2 1 1 1 2 1 1 1 2 1 2 3 1 1 1 2 2 1 4 2 1 2 1 4 1 3 2 2 1 2 2 2 1 2 1 1 1 1 1 3 1 2 2 2 2 1 1 2 2 1 1 1 3 1 2 1 1 1 1 1 1 1 2 1 1 1 5 1 2 3 3 2 2 4 1 4 1 2 1 1 2 2 1 1 3 1 2 1 1 2 1 2 2 3 1 1 1 1 3 2 1 1 1 1 2 1 1 2 1 1 1 1 1 1 1 2 1 1 2 1 2 2 1 1 1 1 2 1 1 1 2 1 2 1 1 1 1 1 3 1 2 1 1 2 1 1 2 1 1 2 2 1 1 2 1 1 1 1 1 1 1 2 1 1 2 2 2 2 1 1 1 1 1 2 1 1 2 3 3 1 1 1 1 3 4 1 3 1 2 1 1 1 1 1 2 1 1 3 1 2 2 2 3 1 2 2 1 1 2 1 1 1 1 3 1 1 1 2 3 1 1 2 1 3 2 2 2 1 2 1 1 2 1 2 1 1 1 1 1 1 1 1 1 1 2 2 1 1 2 1 2 3 2 1 1 1 1 2 1 1 2 1 1 1 1 1 1 1 2 1 2 1 1 1 1 1 1 4 3 1 1 1 1 2 2 1 2 1 5 1 1 1 1 1 1 2 2 1 1 1 2 3 2 1 1 3 3 4 1 2 4 2 1 1 2 1 1 1 2 2 1 4 1 1 1 2 1 4 1 4 2 1 2 1 2 1 4 1 4 1 1 2 2 1 2 2 1 1 1 2 1 1 3 1 1 2 1 2 1 2 2 1 4 2 1 2 2 3 1 1 2 2 2 3 2 1 1 1 3 3 1 2 1 1 1 1 1 3 1 1 1 1 1 3 1 3 1 1 2 1 1 1 1 4 3 1 1 1 1 1 2 1 2 1 1 2 1 1 2 2 2 1 1 1 1 2 1 4 1 1 1 2 2 2 1 2 1 1 1 3 1 2 2 1 1 1 2 1 1 2 1 4 3 2 2 1 2 2 1 1 1 1 1 2 1 2 3 2 2 1 1 1 1 1 1 1 2 3 1 2 2 1 1 1 1 1 2 1 1 3 1 2 1 3 2 1 2 1 2 2 1 1 1 1 2 3 2 2 2 1 2 1 1 1 2 3 1 2 1 1 1 2 2 1 3 1 1 1 1 2 2 1 1 2 1 1 2 1 1 1 1 1 1 2 2 1 2 2 1 2 4 1 1 1 2 1 1 1 1 3 3 2 2 1 1 1 1 2 2 1 1 2 1 1 1 1 3 2 2 2 2 3 3 2 2 1 1 1 1 1 3 1 1 1 1 1 2 1 1 1 1 1 1 1 3 2 1 2 1 1 1 1 3 1 1 1 2 1 3 2 1 1 2 2 1 2 2 2 1 2 2 1 1 2 2 1 1 1 1 2 2 2 1 1 1 4 1 2 2 1 1 1 3 1 3 3 1 1 1 1 2 1 1 2 3 2 1 2 1 3 1 1 2 1 1 1 1 1 1 1 2 2 4 1 2 3 1 3 1 1 2 2 4 3 4 1 2 1 2 3 1 1 1 1 3 1 2 1 1 1 1 1 1 1 2 1 2 2 1 2 2 1 1 1 2 3 1 2 1 2 2 1 1 1 1 3 1 1 1 1 2 2 2 4 3 1 3 1 1 1 1 1 2 2 1 2 1 1 1 1 1 1 1 1 1 2 1 1 1 1 3 2 4 1 1 1 3 2 3 1 2 2 2 1 1 1 3 1 1 1 1 3 2 2 1 1 2 2 1 1 1 2 1 4 1 2 2 1 2 1 1 1 2 3 2 3 1 1 3 1 2 2 2 1 1 1 3 1 1 2 2 1 2 1 2 1 2 2 3 1 1 2 2 1 1 1 2 2 2 3 1 1 2 1 2 1 1 1 3 1 1 1 1 1 3 2 2 1 2 2 1 2 1 1 3 2 1 1 1 2 1 2 1 1 1 3 1 1 3 2 1 3 1 2 1 1 3 1 2 1 1 1 1 1 1 2 1 1 1 1 1 2 1 1 1 2 1 2 1 1 2 1 2 1 1 1 2 1 2 1 1 2 2 3 1 1 2 2 1 1 1 2 1 2 1 5 2 2 1 1 2 2 1 2 3 4 1 1 3 1 3 1 3 1 1 1 2 2 1 1 2 2 2 1 3 1 1 1 3 1 1 1 1 2 1 3 3 1 1 2 1 2 1 2 1 1 1 1 2 2 3 2 1 1 1 2 1 2 1 1 1 2 2 1 1 1 2 1 1 3 1 1 1 2 3 1 1 1 1 1 1 2 1 3 2 2 1 1 1 3 3 1 2 1 2 3 1 1 2 1 3 2 1 1 1 2 1 1 1 1 1 2 1 3 2 2 2 1 2 5 3 1 2 1 1 1 1 3 1 2 2 1 1 2 1 1 2 2 1 2 1 3 3 1 2 1 1 2 1 1 3 2 1 1 1 2 1 3 2 5 3 1 2 1 2 2 1 1 1 1 2 1 1 3 1 1 1 1 1 1 2 3 1 1 1 2 2 1 1 1 1 2 2 1 2 3 2 1 2 3 3 1 1 1 1 1 1 1 2 1 2 3 2 1 3 3 2 2 1 2 1 3 2 1 1 2 1 1 2 3 4 3 2 1 1 1 1 2 1 1 1 1 2 2 2 1 5 1 1 2 3 1 1 1 1 2 2 3 1 1 2 4 1 1 1 2 2 2 1 3 1 2 1 2 1 1 1 1 1 1 1 2 2 3 2 3 1 2 3 2 1 1 3 1 1 1 1 4 1 3 1 2 3 1 1 1 1 1 1 1 1 1 1 1 1 1 2 1 2 3 1 1 3 2 1 3 1 1 3 4 1 3 1 1 5 2 2 1 1 2 1 2 2 1 1 1 4 1 1 1 2 2 2 1 1 3 2 1 2 3 2 4 1 1 2 1 1 1 1 2 1 1 6 1 5 1 1 2 2 3 1 1 1 3 3 4 1 3 1 1 1 1 1 2 1 1 3 2 1 1 3 1 3 2 3 1 3 3 1 2 2 2 1 4 1 1 1 1 1 2 3 3 2 1 1 1 1 2 2 2 1 2 1 2 1 2 1 2 1 2 1 2 1 1 1 3 1 3 1 1 1 2 1 2 2 1 1 1 1 2 1 2 1 1 3 3 2 2 1 2 1 3 2 1 1 1 1 1 1 2 3 1 2 1 2 1 3 1 1 3 1 2 1 2 1 2 1 5 1 2 1 3 1 1 1 1 3 1 2 2 2 1 1 2 1 1 2 1 2 1 1 1 1 4 1 1 1 1 1 1 2 1 2 2 2 1 1 1 1 1 1 1 5 1 4 1 1 3 4 1 1 1 1 2 1 2 2 1 2 1 2 1 2 1 1 2 2 1 2 2 2 3 1 1 2 1 1 2 1 2 5 1 1 1 1 3 1 2 1 2 1 2 3 3 2 1 3 1 1 1 1 1 2 2 1 1 1 2 2 1 1 1 1 1 2 2 1 1 1 1 1 2 1 1 2 1 1 2 1 1 1 2 1 2 2 1 2 1 3 1 1 2 2 1 2 1 1 2 1 1 1 2 2 1 1 2 2 1 2 2 1 1 4 1 2 1 4 2 1 1 1 1 2 1 1 1 3 2 1 1 1 1 1 1 2 1 2 1 1 1 1 1 1 4 2 2 3 1 2 2 2 4 2 1 3 1 3 1 2 1 1 1 2 1 1 1 1 2 2 2 2 2 1 1 1 1 2 2 1 1 1 2 1 2 1 1 1 1 1 2 1 2 1 1 2 1 1 2 1 2 3 1 2 2 2 1 1 2 1 2 3 2 1 2 1 1 1 3 1 3 1 1 1 1 1 1 1 3 1 2 2 1 2 1 1 1 3 2 4 1 1 1 1 2 2 1 1 3 1 4 2 1 1 3 2 3 1 2 1 2 1 1 3 1 3 1 1 2 2 3 1 2 1 1 3 2 2 1 2 1 1 1 1 2 2 1 1 3 3 4 3 2 2 1 3 2 2 1 1 2 2 2 1 2 1 1 1 2 1 2 1 2 2 3 2 1 1 1 4 2 1 4 1 1 1 2 1 1 1 2 1 4 1 1 1 1 1 1 1 3 1 1 1 1 1 1 1 2 1 1 3 2 1 4 4 2 1 2 1 4 2 2 1 2 1 2 2 1 2 1 2 1 1 3 3 1 2 2 1 2 1 1 1 1 1 3 1 1 1 1 1 2 1 1 1 3 3 1 2 1 1 1 2 1 2 1 2 1 1 2 3 1 1 3 1 1 1 1 3 2 1 1 1 2 2 2 2 1 1 2 1 1 3 2 1 1 2 3 5 1 3 1 1 1 2 2 2 1 1 3 1 2 1 1 2 1 2 2 2 4 1 1 2 1 1 1 2 2 2 2 2 2 2 1 2 2 1 2 1 1 2 1 2 2 2 1 3 3 2 1 1 2 2 1 1 3 1 1 2 1 2 1 1 1 1 3 3 1 2 2 2 1 1 1 2 2 2 2 1 1 1 1 2 1 1 1 1 3 3 1 1 2 3 2 1 1 1 1 1 2 2 4 1 2 2 1 1 1 1 1 1 2 1 1 2 3 2 3 1 1 1 3 2 1 1 1 1 1 3 1 2 1 2 1 1 1 1 1 1 1 2 2 1 1 1 5 2 1 2 2 3 4 1 2 1 2 1 1 1 1 1 1 2 2 1 1 1 2 1 1 1 2 1 2 1 1 3 1 1 1 2 1 2 2 2 1 3 1 1 2 1 3 1 2 2 1 2 2 1 1 3 2 2 1 1 2 1 1 3 2 2 1 1 1 2 1 2 1 1 1 2 1 2 1 1 1 1 1 2 1 1 1 1 2 2 1 1 2 1 1 1 4 1 2 1 2 2 2 5 1 3 1 4 1 1 3 1 1 2 1 3 2 1 1 2 1 1 4 1 2 2 4 2 2 2 2 1 2 3 2 1 1 1 3 1 1 2 1 2 1 3 1 1 1 1 2 2 1 4 1 1 2 1 2 2 2 2 1 1 2 1 2 1 1 2 3 2 1 2 1 1 3 2 2 3 1 1 1 1 2 1 1 2 2 1 2 2 2 1 1 1 1 1 1 3 1 1 3 4 1 1 2 1 1 2 2 1 3 2 1 2 1 1 1 2 3 2 1 1 1 2 1 4 1 3 1 1 1 1 1 3 1 1 1 2 1 1 2 1 2 1 2 1 2 2 2 2 1 2 1 1 2 1 1 1 4 2 1 1 2 1 2 1 1 2 1 1 1 3 3 1 1 2 1 3 1 1 1 1 1 1 1 1 1 1 1 3 2 2 1 4 1 1 3 1 2 1 3 1 1 1 1 2 2 2 2 1 1 2 2 2 1 1 3 1 1 4 1 2 3 3 3 2 4 3 1 1 2 3 1 3 1 1 1 2 2 2 2 1 1 1 3 1 2 1 1 3 1 2 2 1 2 2 1 1 1 1 2 2 1 2 1 1 1 1 3 1 2 2 1 3 1 1 3 1 2 1 2 3 1 2 2 4 2 2 3 2 1 3 1 4 2 1 1 1 1 1 2 2 2 2 1 2 2 3 1 1 1 2 2 2 2 2 1 1 1 1 3 2 1 1 2 1 2 2 1 1 2 1 2 1 1 1 1 2 2 3 1 1 1 1 1 2 1 3 2 1 1 1 1 1 1 1 2 1 1 1 2 1 1 2 1 1 1 1 1 2 1 2 1 1 1 1 1 3 1 1 1 1 2 1 1 2 2 3 1 1 1 2 2 2 2 1 1 1 2 2 2 1 2 1 4 3 3 3 1 1 1 1 2 1 1 2 1 2 1 1 1 1 3 1 1 1 3 1 1 1 2 2 1 1 3 1 2 1 1 1 3 2 1 1 2 1 1 1 1 1 2 2 2 2 1 2 1 2 1 1 1 1 1 2 2 1 3 1 1 3 3 2 1 1 2 1 1 2 1 2 1 1 1 2 3 1 1 1 1 1 2 1 1 5 1 2 2 1 3 1 1 1 1 1 1 2 1 2 1 1 2 3 1 1 2 1 1 2 1 4 1 1 1 2 3 1 1 2 2 1 3 2 1 1 1 2 2 2 1 2 3 1 1 1 3 1 2 2 1 1 1 2 1 1 1 1 1 1 3 1 1 3 3 1 2 1 1 1 1 1 1 1 2 2 1 1 2 1 1 1 2 4 2 1 1 1 2 2 2 1 2 2 1 2 2 3 2 1 2 1 1 1 2 1 2 1 2 2 1 2 1 1 1 2 3 2 1 1 1 1 2 1 1 4 2 2 1 1 1 3 2 1 1 2 1 1 2 2 3 2 1 2 1 2 3 2 1 2 1 1 1 4 1 1 2 1 1 2 2 2 2 1 3 1 2 1 1 1 1 2 1 1 1 4 1 1 3 1 1 1 3 1 2 2 1 2 1 1 2 2 1 1 1 1 2 1 1 1 3 1 1 2 3 1 1 1 2 1 1 1 2 1 5 1 1 1 1 1 3 1 2 1 1 1 1 1 3 2 1 1 4 2 3 1 1 1 2 1 1 2 2 3 2 3 3 3 2 1 1 1 1 2 1 1 2 1 1 2 1 1 2 4 1 3 1 1 1 3 3 2 1 1 1 1 4 1 1 4 2 1 1 3 1 1 2 2 1 3 1 1 2 1 1 1 3 1 1 1 1 3 1 1 1 2 1 3 2 1 1 2 1 1 1 1 1 2 1 2 1 3 1 1 2 1 2 1 1 1 3 1 1 3 1 1 3 1 2 1 1 2 2 2 1 1 1 1 1 2 1 1 2 1 1 2 1 1 1 1 2 1 2 1 2 1 1 2 2 2 2 1 1 1 1 2 4 3 2 3 1 1 2 1 2 1 3 3 1 1 4 1 1 1 4 1 1 1 4 1 2 5 1 1 2 3 1 1 2 3 1 2 1 2 1 4 1 1 1 1 1 1 1 1 2 1 1 2 1 2 2 1 1 2 1 1 1 1 6 1 1 2 1 1 1 2 1 1 2 2 1 3 1 1 1 1 1 2 5 3 2 3 4 1 2 3 1 1 2 3 1 2 1 2 1 2 2 1 1 1 1 1 5 2 1 2 1 1 1 1 1 1 2 1 1 1 1 1 2 1 2 1 1 1 2 1 1 1 4 2 1 1 4 1 2 2 1 3 1 1 1 2 3 1 2 1 1 1 1 2 1 1 3 2 1 1 2 1 2 2 1 1 1 1 1 1 3 1 1 1 2 2 3 1 2 4 1 1 5 3 2 2 1 2 2 1 2 2 2 1 2 1 1 4 2 5 1 2 1 1 1 2 1 2 2 1 1 1 2 1 1 2 1 2 1 3 2 2 1 2 4 1 1 1 1 1 1 1 2 2 2 1 1 2 1 1 2 2 2 1 1 1 1 3 2 1 1 2 1 1 3 2 4 1 1 3 2 1 1 1 1 1 2 1 1 1 1 1 2 2 1 1 1 2 3 3 2 1 1 1 1 2 1 2 1 1 1 1 1 3 1 2 4 3 2 5 1 1 3 1 1 1 1 2 2 1 1 1 1 2 1 2 3 2 3 1 2 3 1 1 1 1 1 2 1 1 1 1 1 1 2 2 1 1 1 1 1 2 4 2 1 3 2 1 1 3 1 2 1 1 1 2 1 3 1 3 1 2 1 1 1 1 1 1 3 1 1 1 1 1 2 1 1 1 1 2 1 2 1 2 2 1 2 3 3 3 1 1 2 1 1 2 1 1 2 1 3 1 2 1 2 4 1 3 1 2 3 4 2 2 2 1 2 1 1 1 2 2 2 2 3 1 2 1 1 1 2 2 1 1 1 1 3 2 3 3 2 4 1 1 1 2 1 2 3 3 2 1 1 1 1 1 1 1 1 1 2 1 2 1 2 1 2 1 1 2 2 2 1 3 2 1 1 1 1 1 1 1 1 2 1 1 1 1 1 1 1 1 2 1 1 1 3 1 3 2 1 2 1 3 1 2 2 3 1 1 1 2 1 1 1 5 1 1 1 2 1 2 1 2 1 1 1 2 2 2 1 2 2 1 1 2 4 1 1 1 2 2 1 1 2 2 1 1 1 1 1 2 1 1 1 1 2 1 2 1 1 1 1 1 2 2 3 2 3 1 2 2 1 1 2 1 3 2 1 1 2 1 1 1 3 2 1 3 2 2 2 2 1 1 1 2 2 3 1 1 1 2 1 2 3 1 1 1 2 1 3 1 1 2 1 3 3 1 1 2 1 2 1 2 3 3 2 3 1 1 1 1 1 1 1 1 2 2 2 1 1 2 2 2 1 2 2 1 1 1 1 1 2 2 2 1 1 1 2 3 1 1 1 2 2 2 1 1 2 1 1 2 3 1 2 1 2 3 2 1 1 2 1 1 2 1 2 1 1 1 1 1 1 1 1 1 2 1 2 1 2 1 2 2 1 1 2 2 1 2 1 2 1 1 2 1 1 1 1 2 1 2 2 1 1 1 1 2 2 2 1 1 3 2 1 2 1 2 2 1 2 1 1 2 1 1 1 1 1 1 4 1 1 1 1 1 1 2 1 1 2 2 1 4 2 3 1 1 1 2 1 2 1 2 2 1 1 1 1 1 3 2 1 1 2 1 1 1 1 1 1 1 1 1 1 1 1 1 2 2 3 1 1 1 2 2 5 3 2 3 3 2 2 1 2 2 1 1 3 2 1 2 1 1 2 1 1 2 1 2 3 1 1 1 1 2 1 1 3 1 3 2 1 2 4 2 2 1 3 2 1 1 1 1 2 2 3 3 3 1 2 1 1 1 3 1 1 3 1 1 1 1 1 2 3 1 3 2 2 1 2 2 1 1 1 1 1 1 2 1 2 3 1 2 1 2 2 1 1 2 1 2 1 2 1 1 3 1 2 2 3 1 1 2 1 1 1 1 1 1 1 2 1 2 1 2 1 1 2 1 2 1 3 1 1 3 2 2 3 1 2 2 2 1 3 2 1 2 1 1 3 3 1 2 1 2 2 1 2 2 1 2 1 2 1 2 1 3 1 1 2 1 1 1 1 2 2 2 2 3 1 2 2 1 4 3 1 1 1 1 1 1 2 1 3 1 1 2 2 1 1 1 1 5 1 1 2 4 1 2 1 1 3 1 1 1 2 2 1 1 1 4 3 1 1 1 4 1 1 2 1 3 1 1 1 2 2 3 1 2 1 1 2 2 1 1 1 1 2 2 1 1 1 1 1 3 2 2 2 1 1 1 2 1 1 1 2 1 2 3 1 1 1 2 1 3 1 2 2 2 1 1 1 1 2 1 3 3 1 1 2 1 1 1 2 2 1 1 2 3 4 1 1 1 2 3 2 1 1 2 1 1 1 1 3 2 2 2 1 1 2 1 1 1 2 2 1 1 3 2 2 1 1 1 1 1 1 2 4 1 2 3 1 1 1 2 2 2 1 1 3 1 1 2 1 3 1 3 1 2 1 2 2 2 2 2 1 2 1 3 2 2 1 1 1 2 3 1 2 1 1 1 4 2 1 2 1 1 1 1 1 2 1 3 1 1 2 2 1 2 3 1 1 1 1 1 2 5 3 1 1 1 1 1 1 1 4 2 2 2 1 1 3 1 2 1 3 3 2 1 1 1 1 1 2 4 1 1 1 2 1 2 1 1 3 2 1 1 1 2 1 1 2 1 2 2 2 3 1 2 3 1 3 3 1 3 2 1 1 1 2 1 1 3 2 2 2 3 1 2 1 3 2 1 1 1 1 1 1 1 1 2 1 2 3 1 1 2 1 3 1 1 1 1 1 1 1 3 2 1 1 2 1 2 1 1 2 1 2 1 1 1 3 2 2 1 2 1 1 4 1 1 2 1 2 2 4 1 1 1 1 3 1 1 3 3 1 2 1 1 1 1 2 1 1 1 1 3 1 3 2 1 1 1 1 3 2 2 2 1 1 2 3 1 1 1 1 3 2 2 1 1 1 1 3 1 1 1 1 3 1 2 1 1 2 1 1 1 2 3 2 1 1 2 1 2 1 2 1 3 1 1 2 2 2 2 2 1 1 1 1 2 4 2 3 1 3 1 2 3 4 1 1 1 1 1 1 1 1 2 4 3 2 1 1 1 2 1 2 1 1 1 1 2 1 1 1 1 1 1 1 3 1 1 1 2 2 1 1 5 2 1 2 1 2 1 1 1 2 2 2 3 2 1 2 1 1 1 1 2 1 1 1 4 1 1 1 1 1 2 1 1 1 2 1 2 2 2 4 2 2 3 1 1 1 2 1 2 2 1 1 2 1 1 1 1 3 1 2 1 3 1 3 1 2 1 2 1 2 1 2 1 1 1 2 1 1 2 2 1 1 3 1 1 1 1 1 3 1 2 3 1 1 2 1 2 1 2 1 2 3 2 1 1 1 1 2 1 3 2 4 3 1 1 1 1 1 3 2 2 1 1 1 1 2 2 1 2 3 2 1 2 1 1 1 1 3 3 1 1 1 1 2 2 1 2 2 2 1 1 2 1 2 1 1 2 1 3 4 2 1 1 1 1 2 1 2 2 1 2 1 1 1 1 2 2 2 1 1 1 1 1 1 2 1 3 2 1 1 1 1 1 1 1 1 1 1 1 1 2 1 2 1 3 2 2 1 3 1 1 2 1 1 1 2 3 1 1 1 1 1 1 1 1 3 2 3 2 3 2 1 1 2 1 1 1 1 2 3 1 1 2 3 1 3 2 3 1 1 1 1 1 2 1 1 1 1 2 2 3 1 1 2 1 1 1 1 1 2 2 2 2 1 1 2 1 1 1 1 1 1 4 1 2 2 3 1 1 1 1 1 1 1 1 1 3 1 2 1 1 1 1 2 2 1 1 1 1 2 2 2 3 1 1 3 3 1 2 3 1 2 2 1 1 1 1 3 1 2 1 2 1 2 2 1 2 2 1 2 2 1 2 1 3 1 3 1 2 3 1 4 1 3 1 1 4 2 1 1 2 1 1 2 2 2 1 1 1 1 1 3 1 1 1 3 2 1 1 2 1 3 1 1 2 1 4 1 1 5 1 2 1 3 2 3 2 1 1 3 1 2 1 1 1 2 3 3 1 2 2 2 1 5 1 1 3 1 2 2 1 3 3 2 2 2 2 1 1 1 3 1 1 1 2 2 3 2 1 2 2 1 2 1 1 1 1 1 1 3 1 1 2 1 1 1 1 1 2 1 1 1 1 1 4 2 1 1 1 2 2 1 1 2 1 2 1 2 1 2 2 1 2 1 1 4 1 1 2 1 1 3 1 1 4 2 2 2 1 1 1 2 3 1 2 1 2 1 1 2 2 3 1 3 1 1 1 2 2 2 1 1 1 2 1 1 1 2 1 1 2 1 1 1 1 1 1 2 1 2 3 2 1 2 2 1 3 1 1 1 1 1 1 2 5 1 2 2 1 4 3 1 2 2 1 2 1 2 2 4 1 3 1 1 2 3 1 3 2 1 1 1 1 2 4 1 2 1 2 1 2 2 1 1 1 1 2 3 1 1 1 1 2 1 3 2 4 2 1 1 2 3 2 2 1 1 2 1 2 3 1 2 1 1 1 3 2 1 2 1 3 1 1 1 1 2 2 1 1 1 1 2 1 1 2 3 3 2 2 1 1 1 1 3 1 3 1 1 1 2 1 2 1 1 1 6 1 3 2 2 2 1 1 1 2 1 1 1 2 1 1 3 1 1 1 2 3 1 2 1 1 1 2 1 1 1 1 1 1 1 1 1 1 1 2 1 1 2 1 1 3 1 3 1 1 2 2 1 3 2 3 1 1 1 1 2 1 1 1 2 1 1 3 1 1 2 2 2 4 1 1 1 1 3 1 1 1 1 2 2 3 1 2 1 1 2 1 2 2 4 1 1 2 1 1 1 5 3 1 1 1 1 1 2 1 2 1 1 2 2 3 1 2 1 3 1 1 2 1 1 1 1 3 1 2 2 3 2 2 1 1 1 2 1 1 2 1 1 1 1 2 1 1 1 1 1 2 1 4 1 1 1 1 2 2 1 1 2 2 1 2 1 1 1 1 3 2 1 2 1 1 2 2 2 3 1 2 3 2 2 2 2 1 1 3 1 1 2 1 1 1 2 1 1 1 1 1 3 3 1 1 1 2 1 1 1 2 2 3 1 2 2 2 1 2 1 1 3 3 1 1 1 3 1 3 1 1 1 1 1 2 2 1 1 1 2 1 2 1 1 1 1 1 1 1 2 1 2 4 2 1 1 2 1 1 1 1 1 1 2 3 1 1 6 2 1 2 2 2 2 1 2 1 1 1 1 2 1 1 2 3 1 1 5 1 1 1 2 2 1 1 4 4 1 1 1 2 1 2 2 2 3 1 2 2 1 1 3 2 3 2 2 2 1 1 1 2 1 2 2 1 1 2 4 2 1 2 1 1 2 1 1 2 2 1 1 2 1 1 1 3 2 1 2 2 2 1 2 2 1 1 1 3 1 2 1 1 1 1 1 1 2 2 3 1 2 1 1 1 1 1 1 2 3 1 1 1 1 1 3 1 4 1 1 2 2 2 1 1 2 1 1 3 1 2 2 1 1 3 1 1 1 1 3 2 1 3 1 1 1 2 2 1 1 3 1 1 3 2 1 1 1 1 2 1 1 1 1 1 1 1 2 2 1 1 2 1 1 2 1 4 1 2 1 1 2 1 1 1 1 2 1 1 1 2 2 1 2 1 3 1 2 3 3 2 1 4 1 2 1 1 4 1 1 2 2 1 1 1 1 1 3 1 3 3 1 2 3 2 1 1 3 1 1 3 1 2 2 1 2 1 4 2 2 3 1 1 1 4 1 1 5 1 3 1 1 2 3 2 2 3 1 4 2 1 2 1 1 2 2 1 1 3 2 1 3 2 3 1 2 1 1 2 1 1 1 1 1 2 1 2 2 2 1 1 3 2 1 1 2 1 1 3 2 3 1 2 1 1 1 1 3 2 1 2 3 2 1 1 1 2 1 2 1 2 1 1 1 2 1 1 2 4 1 2 1 1 1 1 2 4 4 1 2 3 1 2 1 2 1 1 4 1 1 1 2 3 1 1 1 1 1 1 1 3 2 1 1 2 2 3 2 2 1 2 1 1 1 3 1 1 1 2 2 1 2 1 1 1 1 1 2 1 1 4 2 2 1 1 1 1 1 1 2 1 2 1 1 1 1 2 1 1 1 1 1 1 1 1 1 1 1 3 1 1 1 2 1 1 4 2 1 2 2 2 1 2 2 1 1 1 2 1 1 1 2 2 1 1 1 1 2 1 2 1 2 1 1 1 1 1 1 4 2 1 1 2 1 1 1 1 2 2 1 2 1 2 2 4 1 2 2 2 1 1 1 1 2 1 2 1 3 2 1 2 2 1 2 2 1 1 2 1 1 1 1 2 3 2 3 2 1 1 1 1 1 2 2 4 2 1 1 4 1 1 1 1 2 2 1 1 1 3 2 1 1 2 1 2 4 3 2 1 4 2 3 2 2 1 1 1 1 1 2 1 1 1 2 3 1 1 1 2 1 2 1 3 3 1 2 1 2 1 2 1 2 2 1 2 2 3 2 2 3 3 2 1 1 2 1 2 4 2 1 1 1 2 2 3 2 1 1 1 1 1 1 4 1 1 1 2 1 2 1 1 1 5 1 1 1 2 1 1 1 1 2 1 2 1 1 1 2 1 2 2 1 1 1 1 2 1 1 2 3 2 1 2 2 1 2 1 1 1 1 1 2 2 2 2 1 2 1 1 1 1 1 2 3 3 1 3 1 2 2 1 2 1 3 2 2 1 1 2 1 1 2 2 2 2 1 1 1 2 1 1 1 1 1 1 2 1 1 1 2 4 2 1 1 2 1 2 1 2 1 1 1 3 1 1 1 3 2 2 3 1 1 2 2 3 1 2 1 1 2 2 3 2 4 1 2 2 1 2 1 1 4 1 1 2 1 1 2 1 1 2 3 3 2 3 1 2 1 1 1 2 1 2 1 1 1 1 1 1 1 2 1 1 3 2 6 1 2 1 2 2 2 2 1 2 1 1 1 1 3 1 2 2 1 1 1 1 1 2 1 3 1 1 3 1 1 1 3 2 3 2 1 2 1 3 1 1 3 3 1 2 1 1 1 1 3 2 1 2 2 2 1 3 1 2 4 1 1 1 1 1 1 1 1 1 1 3 1 2 1 3 1 4 1 1 1 1 1 1 1 1 4 1 1 1 1 2 1 1 1 1 1 2 1 1 1 1 2 2 1 1 1 1 3 3 1 2 1 1 2 2 1 1 1 2 1 1 1 2 1 1 1 1 2 2 3 2 1 1 1 2 2 2 3 1 1 2 1 2 3 1 2 2 1 2 4 2 1 1 2 2 2 1 1 2 1 2 1 1 1 1 1 2 2 1 2 1 2 4 4 1 2 2 1 1 1 1 1 1 1 3 3 1 1 1 1 1 1 1 5 1 1 2 2 2 2 1 1 2 1 1 2 1 4 2 2 1 2 1 1 2 1 2 2 1 1 2 1 1 1 1 2 1 1 1 2 1 1 1 2 1 3 1 1 3 2 1 4 2 1 1 1 3 2 1 1 1 1 1 1 3 1 1 1 3 1 1 3 2 2 1 1 2 1 2 2 1 2 2 4 2 1 2 1 1 2 1 1 2 2 1 3 3 1 1 1 1 1 1 4 2 2 3 1 3 1 1 1 2 1 1 1 2 3 4 1 2 5 2 1 1 1 1 1 1 1 1 2 1 1 2 3 1 1 1 1 1 2 2 1 3 1 2 1 1 1 1 1 1 4 1 5 1 2 1 1 1 1 1 2 3 3 2 1 2 1 2 2 1 2 1 1 1 1 1 2 1 2 2 1 2 1 1 2 2 1 1 1 2 1 2 2 1 4 2 1 3 1 1 1 1 1 1 2 1 2 1 1 1 1 1 1 2 1 1 1 1 2 1 1 2 4 1 1 2 4 1 3 1 2 1 1 1 1 1 1 3 1 1 1 1 1 1 3 2 1 2 1 2 2 2 2 1 1 2 2 2 2 3 1 2 2 1 2 3 1 1 1 2 1 2 1 1 1 3 1 1 2 2 1 3 2 1 1 1 1 3 1 1 1 1 1 2 2 2 1 1 2 2 3 4 1 1 2 1 1 3 2 3 1 1 1 1 1 1 4 1 2 1 3 2 2 1 1 1 1 1 1 1 3 2 1 2 1 2 3 1 2 2 1 1 2 1 1 1 2 3 1 1 1 1 1 2 2 1 1 1 2 3 2 3 2 2 2 1 1 2 1 1 1 2 2 2 1 2 2 1 2 3 1 1 1 2 2 1 2 1 1 1 1 3 1 1 1 1 2 1 3 1 1 1 2 1 1 1 1 1 1 1 1 1 1 1 1 2 1 1 2 1 2 4 1 1 2 3 1 1 3 1 2 1 2 1 1 2 1 2 2 1 2 2 1 1 1 2 1 3 2 3 1 2 2 1 1 2 1 1 2 1 1 2 1 1 1 1 1 2 1 1 2 1 1 3 1 1 2 1 1 1 3 2 1 1 1 3 4 2 1 1 1 1 1 3 2 1 1 3 2 1 3 1 1 1 2 1 1 2 1 2 1 1 3 2 1 1 1 2 1 2 2 1 1 1 1 2 2 1 2 1 2 1 2 1 1 1 1 1 1 3 1 1 2 1 4 1 1 1 1 1 1 1 3 1 2 2 2 1 1 1 1 1 1 1 2 1 1 1 1 1 3 3 1 2 5 1 2 1 2 1 3 3 1 1 1 2 1 1 2 2 2 2 2 1 2 2 2 2 1 2 1 3 1 1 2 2 1 1 1 1 1 2 1 1 1 1 2 2 2 1 3 2 1 1 3 1 2 2 1 2 2 2 1 1 1 1 3 1 1 1 6 1 3 1 2 1 2 2 1 3 2 1 2 2 1 1 2 1 3 1 1 1 2 2 3 1 2 2 2 2 1 1 1 1 1 2 3 2 1 2 1 1 1 3 2 1 1 1 1 2 2 1 1 1 1 2 2 3 2 3 1 3 1 1 2 3 1 1 1 2 1 3 1 1 1 1 1 1 3 1 1 1 1 4 2 1 1 1 3 2 1 3 1 1 2 1 1 3 2 1 3 1 1 1 1 2 1 2 1 1 2 2 1 1 1 2 2 3 1 1 1 1 2 2 3 1 3 1 2 1 1 3 1 5 2 1 2 2 1 2 1 2 3 1 2 1 1 2 4 3 2 2 1 1 1 1 1 2 2 1 2 1 2 1 1 1 1 1 1 1 1 1 2 2 3 1 1 1 1 1 1 1 3 1 5 2 2 2 1 2 2 2 3 1 1 2 3 1 2 1 2 6 2 1 1 1 1 2 2 2 4 1 1 3 2 3 2 1 1 1 1 1 2 1 1 1 1 2 1 1 2 2 2 2 2 3 1 3 1 3 1 3 1 1 1 1 1 3 2 1 1 1 1 1 2 2 5 4 1 1 1 1 1 1 2 1 1 2 1 1 1 1 1 2 2 1 1 1 2 1 1 3 1 2 1 1 2 1 3 1 2 1 2 1 2 2 1 1 2 2 1 1 2 1 2 2 1 2 1 3 2 4 3 1 1 2 1 1 3 1 1 2 1 2 1 1 1 1 1 2 1 2 1 3 1 1 1 1 1 1 1 2 1 1 2 1 2 1 2 2 2 1 1 2 2 2 1 2 1 3 1 2 2 2 2 1 1 3 1 1 1 1 2 1 1 2 1 1 1 1 2 1 2 1 2 2 1 1 1 2 1 1 2 2 1 1 1 1 3 1 1 1 1 2 2 2 2 1 3 4 1 3 1 2 1 1 1 2 1 1 1 1 2 1 2 2 2 1 1 1 2 3 2 1 1 2 1 2 1 1 3 2 2 1 2 1 2 1 1 1 3 1 1 1 1 1 3 3 1 2 2 2 1 1 2 1 1 1 2 1 3 1 1 1 1 2 3 1 1 3 3 2 2 1 1 2 2 2 2 1 2 1 1 1 1 1 1 1 1 2 2 2 3 2 2 1 1 1 2 1 3 2 1 1 1 3 1 1 1 1 1 1 2 1 3 2 3 1 1 4 1 3 2 3 1 2 3 1 2 2 1 2 1 1 1 1 1 1 3 1 3 1 1 2 1 1 1 1 3 1 2 1 2 1 3 1 1 1 3 2 1 2 1 1 1 1 1 1 1 1 2 1 2 1 1 2 2 1 2 2 1 1 1 2 2 1 1 2 1 2 1 1 2 2 1 1 3 1 1 3 6 1 1 1 2 2 1 1 1 2 1 2 1 1 2 1 1 1 1 1 1 1 1 1 1 1 2 3 1 3 2 1 1 1 1 1 1 3 1 1 1 1 1 2 1 2 4 3 1 2 2 3 2 1 1 1 1 1 1 1 1 3 2 1 2 2 2 1 1 1 2 2 1 1 1 1 2 1 3 2 1 1 4 2 3 1 1 1 2 1 1 3 2 1 1 3 1 1 1 1 2 1 1 3 2 1 1 2 2 1 2 1 2 1 1 1 2 2 1 1 1 1 2 3 1 1 2 2 2 1 1 1 1 2 2 3 1 1 2 1 1 2 1 3 1 1 2 2 4 3 3 3 2 1 2 1 1 1 3 1 1 1 2 2 1 1 1 1 1 1 2 1 3 1 1 1 1 1 1 1 4 1 1 1 2 3 1 1 1 2 1 2 1 1 2 2 1 1 2 2 2 4 2 1 1 1 1 1 2 2 2 1 1 1 1 2 1 1 1 2 2 3 1 2 3 1 1 1 1 1 2 2 2 1 2 2 2 1 1 2 1 1 2 1 1 1 1 1 1 2 2 1 1 2 3 2 1 2 1 2 1 1 1 2 1 1 1 2 1 1 3 1 1 1 1 2 2 3 2 2 2 1 2 2 1 3 1 2 1 2 1 1 2 1 2 2 1 1 3 1 1 2 2 4 1 2 1 1 1 1 2 1 2 1 1 2 2 1 3 2 1 1 2 2 3 2 2 4 1 1 4 1 4 1 1 1 2 1 1 1 1 1 1 2 1 1 1 1 1 2 2 1 1 1 2 1 1 1 4 1 1 2 2 1 1 1 3 3 1 2 1 1 1 1 2 2 2 2 1 1 2 1 1 2 1 1 4 1 1 1 3 1 1 1 1 1 1 2 1 1 3 2 2 2 2 1 1 2 3 1 2 4 1 1 1 2 2 3 1 1 1 1 1 2 1 1 1 1 1 1 3 2 3 3 1 4 2 1 2 1 1 1 1 1 3 1 1 1 1 1 2 2 1 1 2 1 2 1 1 1 1 1 1 2 1 1 2 2 1 1 1 2 1 1 2 1 3 2 2 1 1 1 1 3 1 2 1 1 1 1 1 1 1 2 1 1 1 1 1 1 1 2 1 2 3 1 2 1 2 2 3 1 1 2 3 3 2 1 2 1 1 3 1 2 1 4 1 3 1 2 1 2 1 2 1 1 2 1 2 1 1 2 1 1 2 1 1 2 1 1 2 1 2 1 1 1 3 1 2 1 1 3 1 1 2 1 2 1 2 1 1 1 1 1 1 2 1 1 4 1 3 2 1 2 3 1 1 1 2 1 2 1 1 2 2 2 1 1 3 2 2 2 2 3 3 2 1 3 1 1 1 2 2 3 1 3 1 1 2 1 1 1 1 1 1 2 3 3 3 5 1 1 1 2 1 2 2 2 1 1 1 3 2 1 2 2 1 1 2 2 3 1 2 1 2 1 1 2 1 2 2 2 3 1 1 1 2 1 2 1 3 1 1 1 2 1 1 2 1 3 1 2 3 2 2 1 2 2 1 2 2 3 1 1 1 4 2 1 1 1 1 1 1 3 1 1 1 1 1 3 1 1 1 1 5 3 1 1 1 2 1 2 3 1 1 1 1 1 2 1 1 3 1 1 2 1 1 1 2 3 1 2 2 1 1 1 2 1 1 1 2 1 1 2 2 3 1 2 1 2 2 1 2 1 2 2 1 1 1 1 1 3 1 3 2 3 1 4 1 1 2 3 1 2 4 4 2 1 1 1 1 1 2 2 2 1 2 1 1 1 2 1 1 1 1 3 2 4 1 2 1 1 1 1 1 3 1 1 3 1 1 1 1 2 3 1 1 1 1 1 2 1 1 2 3 1 1 2 1 1 1 2 3 2 1 1 1 1 1 2 1 1 1 2 1 2 2 2 2 2 1 1 2 1 1 1 1 1 3 3 3 1 2 1 1 1 2 1 1 1 4 3 1 1 2 4 2 3 2 1 1 2 1 2 1 1 2 3 2 1 1 1 1 1 2 3 1 2 2 4 1 1 1 1 2 1 2 1 1 1 2 2 2 2 3 1 1 2 1 3 1 1 1 2 3 2 2 2 1 2 2 1 1 1 2 2 1 1 1 2 3 1 1 1 1 3 1 2 1 1 1 1 1 1 2 1 1 2 2 1 1 2 1 1 1 1 1 2 3 1 1 4 2 1 2 1 1 1 1 3 1 1 1 2 2 1 3 1 2 2 1 1 1 1 2 2 1 1 1 2 4 2 1 1 1 1 1 1 1 2 3 2 2 1 2 2 1 2 2 1 2 2 2 1 1 3 2 1 1 1 2 2 1 1 1 1 2 1 2 1 2 3 1 3 3 1 2 1 1 1 2 1 1 4 2 3 1 2 4 2 2 1 1 1 1 1 2 2 2 4 1 1 1 1 1 1 2 1 1 1 1 1 1 2 2 2 1 2 2 1 3 2 1 1 1 1 2 1 2 1 1 1 1 1 4 1 1 1 1 1 3 1 1 1 1 1 2 2 1 1 1 2 3 2 3 1 2 1 1 1 1 1 1 2 1 1 1 1 1 1 1 1 2 2 1 2 2 1 3 1 4 2 1 6 1 2 1 1 1 2 1 2 1 1 1 3 1 1 2 4 1 1 2 2 4 2 1 3 2 1 3 1 1 1 3 1 1 1 2 2 1 3 1 3 1 1 1 1 2 1 1 1 1 1 1 2 1 1 1 2 3 1 2 1 1 2 1 2 1 1 3 2 3 2 4 1 1 1 1 2 1 1 1 2 1 1 1 1 1 1 1 1 2 2 1 1 2 2 1 1 3 1 2 2 3 1 2 2 3 1 2 2 2 1 1 1 1 1 1 1 1 1 1 1 2 1 2 1 1 2 1 3 1 2 3 2 6 2 3 1 5 1 2 3 3 2 1 1 2 1 1 2 2 1 1 1 1 1 1 1 1 1 1 3 1 2 1 2 2 1 2 2 1 4 1 2 1 2 1 1 2 3 3 1 2 1 3 3 1 1 2 3 4 1 1 1 3 1 1 1 1 1 1 1 1 2 3 1 3 1 1 1 2 2 1 2 1 1 3 1 1 2 3 1 1 2 2 2 2 1 1 3 1 2 2 1 2 3 3 2 1 2 1 1 1 2 1 2 2 2 3 2 3 1 3 2 1 2 1 3 1 2 2 1 1 1 1 1 1 1 1 2 1 1 4 1 1 2 2 1 1 1 1 1 1 1 2 2 1 1 1 2 2 1 1 1 4 2 1 3 1 1 3 1 1 1 1 3 1 1 3 3 1 3 2 1 2 1 1 3 2 3 1 2 1 1 3 1 1 4 1 4 3 1 1 1 1 1 2 1 1 2 2 2 2 1 1 1 1 1 1 1 2 1 1 1 1 2 1 2 1 1 3 1 1 4 2 1 1 1 1 1 1 1 1 2 1 1 2 3 1 1 1 1 2 2 1 1 2 1 4 2 1 1 1 1 2 1 3 1 2 1 1 1 1 1 3 1 1 3 1 1 2 1 1 1 1 1 4 1 1 2 3 1 2 1 3 1 2 1 2 1 1 1 1 1 3 1 1 2 1 1 2 2 2 2 1 1 1 2 2 2 2 3 2 2 1 1 2 1 2 3 1 1 1 1 1 2 1 3 1 3 2 1 2 1 2 1 1 2 1 2 1 3 1 2 1 2 1 2 1 1 1 1 1 1 3 2 1 1 1 2 1 1 1 1 2 1 2 1 2 1 1 2 1 1 1 2 2 2 2 2 1 2 2 4 2 2 1 1 1 1 2 1 2 1 1 3 1 1 1 2 2 1 1 1 2 1 2 1 2 1 1 3 1 2 2 1 1 1 1 1 1 1 1 1 1 2 2 2 3 1 1 1 1 2 1 1 1 1 1 2 1 1 2 1 1 1 1 1 2 1 3 1 3 1 1 1 2 1 1 2 2 1 1 1 2 2 1 1 2 2 1 2 1 1 1 1 2 1 2 1 2 1 1 4 1 2 1 1 1 3 1 1 2 2 1 3 3 1 1 1 2 1 3 1 1 2 2 1 2 1 1 2 1 1 1 2 1 2 1 1 3 1 1 4 2 2 1 1 1 2 1 1 2 1 1 2 1 2 1 1 2 1 1 2 1 1 1 1 1 3 1 2 1 2 1 1 3 2 1 1 1 2 1 1 1 1 2 1 2 1 1 2 1 2 1 1 1 2 3 3 1 1 1 1 2 1 3 1 2 2 1 1 1 1 2 4 1 2 1 3 1 2 1 2 1 2 1 3 1 1 2 5 1 1 1 1 1 1 1 1 1 3 1 3 1 2 1 1 1 4 1 1 2 1 1 1 3 1 2 2 2 1 2 1 2 4 1 1 2 1 1 1 3 2 3 1 1 1 1 2 2 1 2 1 1 1 2 2 2 1 1 1 1 1 1 1 1 1 1 3 1 1 2 1 2 1 2 1 1 1 1 1 1 2 3 1 2 2 4 1 1 2 2 2 1 1 1 4 2 1 2 2 2 1 2 2 1 3 2 1 1 3 2 2 4 2 1 1 3 2 3 2 1 1 3 1 2 1 2 1 1 1 1 2 4 2 2 1 1 2 2 1 1 2 2 2 2 1 1 2 2 2 4 1 2 2 3 4 2 2 1 2 1 4 2 2 1 1 1 1 3 2 1 1 1 1 1 1 2 3 2 2 1 1 2 1 2 1 1 1 1 1 1 1 1 1 2 2 3 2 1 2 1 1 1 2 1 1 1 1 1 2 2 1 1 1 1 2 3 1 1 1 2 1 1 1 2 1 1 1 1 1 1 1 1 1 1 1 1 1 2 1 4 3 1 2 1 1 1 1 2 1 2 1 1 3 1 1 1 1 1 1 1 1 3 4 1 3 2 1 2 4 2 2 3 1 1 2 1 1 1 2 1 3 1 2 1 1 1 1 1 1 1 1 1 1 3 1 1 2 2 2 3 1 2 1 4 1 2 2 2 2 1 1 3 1 2 1 1 1 1 1 1 3 1 1 1 1 1 1 1 2 2 1 1 1 2 2 1 1 4 2 1 1 3 1 2 1 1 3 1 1 2 1 1 1 1 1 1 3 1 1 1 2 1 1 1 3 1 1 1 2 2 1 1 4 3 1 3 1 1 1 2 1 1 1 1 1 2 1 2 4 1 1 1 1 3 1 3 3 1 1 1 1 1 3 1 2 2 3 1 1 1 1 5 1 1 1 3 1 1 1 2 2 1 2 1 2 1 1 1 1 1 2 1 3 1 2 1 1 2 2 1 2 1 3 2 1 1 2 2 1 1 1 1 2 1 1 1 2 2 2 1 2 2 1 1 1 2 2 2 1 2 1 2 2 1 1 1 2 2 2 2 1 3 2 1 1 1 4 2 2 2 1 2 1 2 2 2 2 1 1 1 1 2 2 1 3 2 2 1 1 2 1 1 1 1 1 1 2 2 2 1 1 1 1 1 1 2 1 1 2 1 1 2 1 1 1 1 1 1 1 3 4 1 2 1 2 1 1 1 1 1 1 1 3 1 1 1 2 2 1 3 1 1 1 1 1 2 1 3 1 1 1 1 1 2 2 1 1 4 4 2 2 1 3 2 1 2 1 1 1 1 1 2 1 1 2 2 2 1 2 2 3 2 2 1 2 1 1 1 2 2 1 2 2 1 1 1 1 1 1 2 2 2 1 1 1 1 1 2 3 1 2 1 1 2 4 3 1 1 1 4 2 1 2 1 1 1 2 2 1 1 2 1 1 1 2 2 2 1 1 1 1 1 1 2 1 3 1 1 1 3 1 2 2 1 1 1 1 1 4 1 1 1 2 2 1 1 1 4 1 1 2 1 2 2 1 1 1 1 1 1 2 1 2 1 1 3 1 1 1 2 1 2 1 1 1 1 1 1 1 3 1 1 1 2 3 1 1 2 1 1 1 1 1 1 1 1 2 1 2 1 1 2 1 1 1 1 2 1 1 2 1 2 1 1 2 3 1 1 1 3 1 1 1 1 1 2 2 1 1 2 1 1 2 3 1 1 2 1 1 1 1 2 1 2 1 1 1 2 1 4 2 2 1 2 1 1 1 1 2 1 1 2 1 1 2 2 3 1 2 2 1 1 1 1 4 1 1 1 1 1 2 1 2 1 2 1 2 1 1 1 1 1 2 1 1 1 1 1 3 1 2 2 2 1 1 1 1 1 2 1 1 2 4 2 1 1 2 1 2 1 1 1 3 1 3 2 2 2 3 3 1 1 2 1 1 1 2 2 1 1 1 2 3 2 1 2 1 1 1 1 1 1 2 1 2 2 3 1 2 2 1 1 1 2 1 1 2 1 1 4 3 1 2 1 3 1 2 1 2 2 2 2 2 1 2 1 1 1 4 2 1 1 2 2 1 3 2 1 1 2 1 1 2 2 1 1 1 2 1 2 2 1 1 1 1 1 1 1 3 2 1 1 2 1 1 2 1 2 3 1 1 1 1 2 1 2 2 1 1 4 2 2 3 1 2 1 1 2 1 3 1 4 1 1 2 2 1 1 2 2 1 1 2 1 5 1 1 2 1 1 1 1 3 3 3 1 1 1 2 1 1 2 3 2 2 1 2 3 1 3 3 2 1 1 2 1 1 2 3 1 1 1 2 2 2 3 3 2 2 1 1 1 3 1 1 2 1 3 1 1 2 2 3 2 1 1 1 1 2 1 1 2 2 1 1 2 1 1 2 1 2 1 1 2 2 2 1 1 1 1 1 1 2 4 3 1 1 1 1 2 1 2 2 2 2 2 1 1 1 2 1 2 2 1 1 2 1 1 4 2 2 1 2 3 1 1 1 2 1 1 2 1 1 2 1 1 2 3 1 2 1 2 1 1 1 2 3 2 1 2 1 1 1 1 1 2 1 2 4 1 1 3 2 1 1 3 2 1 1 3 1 2 2 1 2 3 1 1 1 2 2 4 1 4 4 1 1 1 1 2 1 1 1 1 1 1 1 1 1 1 1 1 1 1 1 1 1 3 2 1 2 3 2 2 1 1 1 1 2 1 1 1 1 2 1 1 1 1 2 2 1 1 2 1 1 1 2 2 1 2 1 2 2 1 1 1 1 1 1 3 3 1 4 1 1 1 2 1 1 1 1 1 1 1 2 2 2 1 2 1 3 2 2 1 3 1 1 3 1 1 1 2 3 2 1 1 1 2 1 1 1 1 3 1 3 1 1 2 1 2 3 1 2 1 3 1 1 2 1 1 1 2 1 1 1 1 1 1 2 2 1 1 1 2 3 1 3 1 1 2 2 2 1 1 2 1 2 1 1 3 2 1 2 1 4 4 1 2 1 2 2 3 1 1 2 1 1 2 2 1 1 1 1 1 3 2 2 2 1 2 1 1 1 1 1 1 2 3 2 1 1 1 3 1 1 4 1 2 1 2 2 2 1 3 2 2 2 2 1 2 1 2 1 1 2 2 1 1 1 2 1 2 3 1 2 1 1 3 2 2 1 1 1 3 2 2 2 1 1 1 2 2 1 3 2 2 2 3 1 1 1 1 1 1 2 2 1 1 1 2 1 1 1 1 1 2 1 3 1 3 2 1 2 2 1 2 2 2 1 1 1 1 1 2 2 2 2 2 1 1 2 2 2 1 1 1 3 2 2 1 1 1 1 2 1 1 1 2 2 1 2 1 1 1 2 2 2 1 2 1 1 1 2 1 1 1 3 1 2 1 2 1 2 3 2 2 2 3 2 1 2 2 1 3 2 1 2 4 1 1 2 1 2 2 1 1 3 1 3 4 1 3 1 1 2 1 2 2 1 1 1 2 2 1 2 1 4 1 1 1 1 2 3 1 3 1 1 1 2 2 3 1 3 4 1 5 1 1 1 2 1 1 2 1 2 1 1 2 1 3 1 2 1 1 1 1 1 1 1 1 1 1 1 1 1 3 1 1 2 3 2 2 1 1 3 2 1 2 1 2 2 2 2 1 1 2 1 1 1 2 3 1 1 1 1 3 1 1 2 2 1 1 2 1 2 2 2 2 1 1 2 1 2 3 2 3 2 1 3 2 1 2 1 1 1 1 1 1 1 1 1 1 1 1 1 1 2 1 1 1 1 1 5 1 1 1 2 1 3 
  #Test Small 26804
  #Test Medium 38118
  #Test Large 69159
