Board size [mm] 125x275

Stats side 1
  #Components with background 39
  #Components with points 224
  #Components nofly 5
  #Components notouch 4
  #Pins 44330
  #GNDs 2428
  #VDDs 1833
  #Clock 16
  #NoFly points 728
  #NoTouch points 584
  #Points [total] 49919

Stats side 2
  #Components with background 43
  #Components with points 248
  #Components nofly 1
  #Components notouch 2
  #Pins 45047
  #GNDs 1241
  #VDDs 952
  #Clock 19
  #NoFly points 212
  #NoTouch points 464
  #Points [total] 47935

Stats board (side 1 + side 2)
  #Components with background 82
  #Components with points 472
  #Components nofly 6
  #Components notouch 6
  #Pins 89377
  #GNDs 3669
  #VDDs 2785
  #Clock 35
  #NoFly points 940
  #NoTouch points 1048
  #Points [total] 97854
  #Nets 5129
    Net Size: 3669 2785 35 2 1 2 2 2 4 1 1 2 2 2 2 1 1 1 1 1 1 3 2 2 2 1 2 1 1 3 1 1 1 3 2 1 2 2 2 2 1 1 1 1 2 1 2 1 2 4 1 2 2 2 2 1 3 2 1 4 1 1 1 2 3 2 3 1 2 1 2 1 1 3 3 2 1 1 1 1 4 1 1 2 2 1 2 1 2 4 3 3 2 1 5 1 1 2 3 3 2 2 2 1 1 2 1 2 2 1 1 4 1 2 2 4 1 2 1 2 1 4 1 2 1 2 2 1 1 2 1 2 1 1 2 1 3 3 1 2 1 1 2 2 2 1 4 1 1 6 3 1 1 1 4 1 1 1 1 4 1 4 1 2 1 1 1 1 3 2 2 1 1 1 2 1 1 1 1 1 3 3 1 2 1 2 2 1 1 1 1 3 2 2 1 1 2 1 1 2 2 3 1 3 1 3 1 1 1 2 1 3 1 1 1 2 1 1 2 3 1 2 2 2 1 1 5 1 1 3 2 1 3 1 2 2 3 2 3 3 1 1 1 2 1 2 2 3 1 2 1 1 2 1 1 1 1 1 3 2 1 1 3 1 1 2 3 1 1 3 2 1 1 1 1 3 1 1 2 3 2 2 1 2 3 1 2 1 2 1 1 1 2 2 1 1 2 2 1 1 3 2 1 2 1 1 3 2 2 1 1 1 1 2 1 4 2 1 2 2 1 1 1 1 1 1 1 1 1 2 1 1 2 1 2 1 3 4 1 1 2 2 2 1 2 2 2 2 2 1 1 2 1 1 1 4 2 1 1 1 2 3 1 2 3 1 1 1 1 3 3 1 3 1 2 2 2 2 2 2 1 1 1 2 3 2 3 1 2 2 1 2 3 2 2 3 2 1 2 2 2 2 1 2 2 3 1 1 4 2 1 3 1 5 1 2 1 3 2 1 2 4 3 1 2 2 2 3 1 1 1 3 1 3 3 1 2 2 1 1 3 3 1 2 2 3 2 2 1 1 3 2 1 1 2 1 1 1 2 1 2 1 2 1 1 2 6 2 2 2 1 1 2 1 4 1 1 4 1 2 1 3 2 2 3 2 3 2 1 2 1 1 1 1 3 2 1 1 1 3 1 7 1 2 1 1 1 1 1 2 1 2 2 1 3 2 1 1 2 3 3 3 2 2 2 1 3 3 1 1 3 1 1 1 1 2 2 2 2 1 2 3 2 2 1 1 1 3 3 2 2 1 1 3 2 3 2 2 2 1 1 1 1 2 4 1 2 3 2 1 1 4 2 2 2 2 1 3 3 2 2 2 1 1 2 1 2 1 2 2 3 2 1 3 2 1 1 1 1 1 2 1 5 3 1 1 3 2 2 1 2 1 5 1 1 1 1 3 1 2 2 2 1 2 3 2 1 2 1 2 3 1 1 3 2 1 1 2 1 1 1 2 2 1 3 2 3 1 2 1 1 1 2 1 1 1 1 1 1 3 3 2 2 1 1 2 1 1 1 3 2 3 3 1 2 2 3 1 2 1 1 2 3 1 1 1 1 2 1 3 1 3 2 1 1 1 3 3 3 2 4 1 3 1 1 1 1 1 2 1 1 3 1 2 1 1 1 2 3 1 3 1 3 2 1 3 1 1 2 1 1 1 1 5 1 1 2 2 2 1 1 1 2 3 1 3 1 1 4 2 2 2 1 1 2 3 3 1 1 1 1 5 1 1 3 1 1 1 4 1 2 1 3 2 2 1 1 1 2 2 1 2 4 1 2 1 1 1 1 3 1 1 3 1 2 8 2 2 2 1 1 1 1 3 1 2 1 1 2 2 1 2 3 2 1 1 1 1 1 2 3 1 3 1 1 1 1 1 1 1 1 1 1 2 2 2 1 1 3 1 1 2 2 1 1 1 1 2 1 3 2 2 2 2 2 3 1 3 1 1 1 3 1 2 2 2 3 1 1 1 1 1 1 1 1 1 1 4 1 2 1 2 3 4 1 1 1 1 1 1 2 2 3 1 1 1 1 3 1 4 1 1 1 5 1 1 2 1 1 2 1 1 2 1 1 3 2 2 1 2 2 2 3 1 1 1 1 1 1 1 2 1 1 2 2 2 1 2 3 1 4 3 1 2 3 1 2 1 1 1 2 1 1 1 1 4 2 2 5 1 2 1 2 2 1 3 1 1 2 2 2 2 2 2 3 1 3 3 1 5 1 1 2 1 1 1 1 1 1 1 1 2 2 1 2 3 1 1 1 1 1 2 1 2 1 1 1 3 2 1 2 2 3 1 2 3 1 3 3 1 2 1 1 1 2 1 2 1 1 1 1 1 1 2 2 1 2 1 1 1 1 1 1 2 1 3 3 1 3 2 2 2 2 3 1 1 1 1 1 1 1 1 4 1 1 1 2 3 1 2 3 1 1 2 7 1 1 3 1 2 3 2 1 1 2 1 1 2 3 3 1 2 1 1 1 2 1 1 1 1 2 1 2 2 2 1 3 2 2 1 2 3 1 2 1 3 2 1 2 1 3 3 3 2 1 1 1 5 2 1 1 3 1 2 3 2 1 2 1 1 1 1 2 1 1 1 4 1 2 1 1 2 2 2 1 1 1 1 2 4 1 2 2 2 2 1 1 1 1 1 2 2 1 2 2 2 3 6 1 1 1 2 1 1 2 5 2 1 3 3 1 1 1 1 3 4 2 1 2 3 1 1 1 2 2 1 1 2 2 1 1 3 1 1 1 1 1 2 2 1 1 2 2 2 1 1 1 2 1 1 2 1 4 2 1 2 1 1 1 3 1 1 1 1 1 2 2 2 1 3 2 2 2 1 2 4 1 2 1 1 3 1 1 2 2 1 2 1 2 1 1 1 2 1 2 1 1 1 2 1 3 2 1 1 3 2 3 2 1 2 1 2 2 1 1 4 1 1 2 1 1 1 1 3 3 3 2 1 1 2 1 1 1 1 1 2 1 3 5 3 1 1 1 3 4 1 1 1 2 1 2 3 1 2 1 1 1 1 2 3 3 1 2 2 2 1 1 1 1 2 1 1 1 1 2 2 3 1 1 4 3 1 1 2 1 2 1 1 2 1 2 2 1 3 1 2 1 3 2 1 1 1 1 2 1 2 1 1 4 1 1 1 1 2 2 2 3 1 1 2 1 2 1 3 1 1 1 1 1 2 4 3 1 2 1 2 4 2 2 3 1 1 2 1 3 1 1 1 2 4 2 2 3 2 1 2 1 1 1 1 2 2 2 1 1 2 1 1 2 1 3 2 1 1 1 3 2 1 2 1 2 2 2 1 2 2 1 2 2 1 3 2 4 3 3 2 2 1 1 2 4 4 1 1 2 1 3 2 2 1 1 4 2 1 2 3 1 3 2 4 1 2 1 2 1 1 1 1 2 2 2 4 2 4 2 5 3 1 1 2 1 1 3 1 3 2 1 1 1 1 1 1 1 2 1 2 1 2 1 2 1 1 1 1 1 2 3 2 2 2 2 1 1 1 4 1 2 2 2 2 1 3 1 1 1 2 2 2 1 2 2 1 1 1 1 1 1 1 4 1 1 2 3 3 1 1 2 3 2 1 2 1 1 1 2 1 1 2 1 1 1 1 2 1 1 2 2 2 1 2 1 1 2 2 2 1 1 2 1 1 3 4 3 2 1 1 1 1 1 2 1 1 3 2 1 1 3 1 1 1 1 2 1 1 3 1 1 1 1 1 2 1 1 2 1 2 1 3 2 4 1 2 2 1 2 5 1 2 1 2 2 2 1 1 2 3 1 3 1 2 1 1 3 1 1 1 1 1 2 2 2 2 1 1 2 2 3 1 2 1 1 1 1 1 1 1 1 1 3 1 2 1 1 2 4 1 3 3 1 1 1 4 1 3 1 1 1 5 4 3 1 2 2 2 1 1 1 2 1 1 1 1 1 3 3 1 1 1 1 1 1 3 1 4 1 2 3 1 3 1 3 2 4 1 1 2 1 2 1 1 2 2 2 2 1 2 1 3 2 3 1 2 1 1 1 1 2 2 3 5 2 5 1 2 2 1 3 2 2 2 3 2 2 1 2 2 1 1 1 1 2 1 2 1 1 2 1 2 1 1 1 1 1 1 2 2 1 1 2 1 2 1 1 1 1 2 1 2 2 2 4 4 2 1 1 3 3 1 2 3 2 1 1 1 3 1 1 2 1 1 1 1 2 3 1 2 1 2 2 3 1 2 2 2 3 1 2 2 1 2 2 2 1 1 1 1 1 1 1 1 1 1 1 2 2 5 2 3 2 1 4 1 2 1 2 4 1 1 1 1 2 1 2 1 1 1 1 1 1 5 2 1 2 5 2 2 1 1 1 2 2 2 1 4 1 3 1 2 2 1 1 1 1 1 2 1 2 1 1 1 1 2 1 1 2 1 2 1 2 2 2 3 1 2 1 1 2 1 1 2 2 1 2 1 2 2 2 2 3 2 1 1 3 1 2 3 2 1 2 2 1 4 2 1 2 1 4 2 1 1 2 2 1 1 1 1 1 4 3 2 4 1 1 1 2 1 2 1 1 1 1 1 2 2 2 1 1 1 2 1 1 1 3 2 2 1 2 1 1 4 2 1 4 1 2 1 1 2 2 2 1 1 1 1 2 2 2 2 1 1 2 2 2 1 2 1 1 5 1 1 5 1 2 1 3 1 2 3 2 3 2 1 2 1 1 3 5 3 2 2 2 1 2 3 1 1 2 2 2 2 1 2 5 2 2 1 2 1 1 1 1 3 1 1 1 3 1 4 2 1 1 3 2 1 1 1 2 1 1 4 3 2 1 2 3 2 1 1 3 2 3 1 2 1 2 1 1 1 2 2 1 1 2 1 1 2 1 1 2 2 2 2 3 2 1 2 1 3 2 1 3 6 3 1 1 2 4 1 2 3 1 3 1 2 2 3 1 2 2 1 1 3 1 1 1 1 2 1 3 1 2 1 1 2 1 1 1 1 2 2 2 3 1 2 1 3 1 4 1 1 1 1 1 2 1 2 2 3 2 6 1 2 3 2 2 2 2 2 2 2 1 2 1 2 3 3 1 2 1 5 2 1 1 3 2 2 4 2 1 2 2 3 4 1 1 1 2 2 1 1 1 1 2 2 1 1 1 3 2 2 1 1 1 3 1 4 2 2 2 1 1 2 3 2 4 2 1 1 2 1 1 1 1 2 1 1 1 3 1 3 2 3 2 1 1 1 1 3 2 1 1 1 1 2 2 1 3 1 1 2 1 2 1 1 2 1 2 1 1 3 3 3 1 3 1 1 1 2 1 1 1 1 1 3 4 2 2 1 2 2 2 1 1 3 5 1 1 2 1 2 1 4 1 2 2 1 1 1 3 1 1 3 1 2 1 2 1 1 2 2 2 1 1 3 2 2 1 1 2 1 1 2 1 1 1 1 1 2 2 3 1 1 1 4 2 1 2 1 3 2 1 1 1 1 3 2 1 2 2 2 1 1 3 2 1 1 1 1 2 1 3 1 1 3 1 1 1 1 1 3 1 2 1 1 1 2 2 3 2 2 1 2 2 1 1 4 3 1 1 1 2 1 1 1 1 1 2 2 5 1 1 3 3 1 3 3 1 1 1 1 1 1 2 1 2 2 3 2 1 1 1 1 3 3 3 1 2 1 1 1 1 4 1 1 4 1 1 2 4 1 1 2 1 3 3 1 1 1 2 2 2 1 1 1 2 1 1 1 1 1 1 2 3 1 1 3 4 2 1 2 2 1 1 3 1 1 1 2 3 1 3 3 3 2 3 1 1 1 2 1 3 3 3 1 1 1 1 1 1 2 2 2 2 2 2 2 1 4 2 1 4 1 1 2 1 3 4 2 3 2 1 3 3 2 1 3 1 2 2 1 1 1 2 1 2 1 1 1 1 4 1 2 1 3 1 2 1 3 2 2 2 1 1 1 2 2 2 3 2 3 2 5 1 2 1 2 2 1 3 4 1 1 1 2 1 1 1 1 3 3 1 2 1 1 2 2 1 2 2 1 1 2 3 1 4 2 1 1 1 2 2 1 2 1 4 1 1 1 1 1 4 3 4 2 2 1 2 1 1 3 2 3 2 1 1 3 2 1 1 1 2 1 2 1 1 1 2 1 1 3 1 3 1 2 1 3 2 2 1 1 1 1 2 1 1 2 2 1 1 3 2 2 2 2 5 2 2 1 1 2 1 1 3 1 2 1 3 3 2 1 5 1 1 1 1 1 4 3 1 1 2 4 1 1 1 1 5 1 1 1 1 1 1 5 3 2 2 5 2 4 2 3 4 1 1 3 2 1 2 1 2 2 2 5 1 3 1 1 2 2 1 1 3 1 1 1 1 1 1 2 1 1 3 2 1 1 1 2 1 3 1 1 1 2 2 2 1 1 2 1 1 2 3 2 1 1 1 1 1 1 3 1 1 1 1 2 4 2 4 3 1 2 1 1 2 1 1 2 2 1 1 1 1 1 2 1 2 1 1 3 1 1 2 2 1 2 4 2 2 3 1 1 1 1 4 1 3 4 3 1 1 2 2 1 1 1 1 2 1 3 3 2 1 1 2 1 1 4 2 2 4 1 1 1 1 2 3 2 5 3 3 2 2 2 1 1 1 1 1 1 1 2 2 2 2 2 1 2 2 1 3 1 2 1 2 2 2 2 2 5 6 1 1 2 6 1 2 1 1 1 2 1 3 3 1 1 1 1 4 1 3 1 1 1 2 1 2 1 3 1 1 1 2 3 1 1 1 2 1 4 1 1 2 1 2 1 1 3 4 2 1 4 1 1 1 1 2 1 1 1 3 2 2 1 3 4 3 5 1 5 2 3 2 1 1 1 2 1 2 1 1 1 1 3 2 1 1 1 2 1 3 2 4 2 3 2 2 2 1 1 1 1 1 1 1 1 3 1 1 4 6 1 3 1 3 2 1 2 1 2 1 1 3 2 3 1 1 1 1 1 1 2 3 2 1 2 2 1 1 2 1 1 1 1 5 2 3 2 5 2 2 1 2 1 1 1 5 3 2 1 2 2 1 2 5 1 1 3 2 3 4 1 1 3 2 3 1 2 2 2 2 3 3 2 1 1 1 2 1 1 1 3 1 3 1 1 2 1 2 3 3 1 2 3 1 1 1 3 1 3 1 1 2 2 1 1 1 1 3 1 1 1 1 1 3 1 1 1 2 1 1 4 2 1 1 3 1 3 1 1 1 4 2 2 1 1 4 2 2 2 1 4 1 2 2 1 2 1 1 3 2 2 1 1 1 3 3 1 4 2 1 3 2 2 1 2 2 1 2 1 3 1 2 2 1 3 4 6 2 2 2 1 3 1 1 2 2 2 3 1 1 1 1 1 2 2 4 1 3 2 1 2 1 2 1 4 1 1 2 3 1 1 1 1 2 2 1 1 1 1 3 2 3 2 1 1 3 1 3 1 1 1 3 1 1 1 1 3 1 2 1 2 2 2 3 1 2 1 2 2 5 1 1 3 2 2 3 1 3 1 2 3 3 3 1 1 1 1 1 1 1 3 2 1 1 2 1 1 1 2 1 3 2 1 2 1 2 1 2 1 2 3 2 1 1 4 2 1 1 1 2 1 1 2 2 1 4 5 1 1 4 2 1 1 2 3 1 1 3 1 1 3 1 3 1 1 1 1 1 2 1 3 2 2 1 1 1 2 1 2 2 2 3 1 2 1 3 1 2 1 1 1 1 3 3 1 2 1 1 1 1 1 3 2 3 3 2 2 4 1 2 2 1 3 1 1 1 2 2 2 2 1 1 1 1 2 2 1 1 2 3 1 2 1 4 1 1 1 1 4 2 2 2 4 2 2 1 1 2 1 1 1 4 1 1 2 2 1 1 2 1 1 3 2 3 1 1 1 1 2 1 1 1 2 2 3 2 1 1 2 3 1 1 1 1 1 4 1 1 1 2 1 2 1 1 3 4 3 1 2 1 2 2 6 1 2 2 1 2 2 3 2 1 1 2 2 2 1 1 1 2 1 2 2 1 2 2 3 1 1 2 1 2 1 1 3 2 2 1 4 1 3 2 2 4 4 2 2 2 1 1 1 1 1 1 1 3 1 3 2 1 1 3 1 1 1 1 1 1 3 1 2 2 2 1 2 5 2 1 1 5 2 2 2 1 1 2 1 2 3 1 2 1 2 4 1 4 2 1 2 1 1 1 2 4 1 2 1 2 2 1 1 1 3 3 2 1 2 4 1 1 3 1 4 3 1 2 1 1 1 3 4 2 2 1 2 1 2 2 1 1 2 3 1 1 3 1 2 2 1 1 2 2 1 1 1 2 2 1 1 3 2 2 1 1 2 2 1 1 2 1 1 1 3 1 1 1 1 2 2 2 2 1 2 1 2 2 1 3 2 1 2 1 1 1 3 1 2 2 1 1 2 1 2 1 1 2 2 2 1 2 1 3 2 1 1 1 2 1 1 1 2 1 1 1 1 1 3 1 2 2 1 1 1 1 1 2 1 1 1 2 2 2 2 1 3 2 2 2 1 2 3 3 2 1 2 1 1 1 3 3 2 2 3 1 1 1 1 3 2 3 1 1 1 1 1 1 4 2 1 1 3 3 1 1 2 1 1 3 1 3 2 3 1 1 2 3 1 1 2 1 2 1 4 1 1 1 1 1 1 2 2 1 2 2 1 1 1 1 1 1 1 4 1 1 2 2 1 1 2 2 1 1 4 3 1 2 2 1 2 3 1 1 1 1 1 4 1 3 3 1 1 1 4 2 3 3 1 1 4 1 2 3 1 2 2 3 2 1 1 2 2 1 2 3 4 1 2 3 1 1 1 3 3 1 1 1 1 2 2 3 1 1 2 1 3 1 2 3 1 1 1 1 2 1 1 3 2 2 1 2 1 3 3 2 1 2 2 2 2 2 4 1 3 2 2 4 3 1 1 3 1 2 2 2 3 2 2 3 2 3 1 1 2 2 3 2 4 1 3 2 2 3 1 3 1 3 2 1 1 2 3 1 3 1 2 2 2 2 3 1 1 1 1 1 4 1 1 1 5 4 1 1 1 4 3 2 1 3 1 2 1 1 1 1 2 4 4 1 1 1 2 2 1 1 1 5 3 3 2 1 2 4 1 1 3 1 3 2 2 1 3 1 2 1 1 3 3 1 6 1 1 2 1 1 2 1 1 1 2 1 1 1 2 2 4 2 1 2 1 2 2 2 1 3 1 2 1 2 1 2 2 2 1 1 2 3 1 1 1 2 1 1 3 3 4 2 1 1 2 1 3 1 2 3 4 2 2 3 1 2 4 1 1 4 1 1 2 1 2 2 2 1 1 1 2 1 1 1 1 2 1 3 1 1 2 2 2 1 1 1 1 1 1 3 6 1 4 1 1 2 1 4 1 1 2 4 2 1 4 2 1 3 1 1 5 2 2 1 2 2 4 1 1 1 2 1 2 1 1 4 1 2 3 2 4 1 1 1 3 1 1 2 2 1 1 1 1 4 2 2 1 2 2 3 3 1 1 1 2 2 1 2 2 1 3 2 2 1 2 2 1 2 2 1 2 4 2 1 1 1 1 2 2 1 1 1 3 3 1 1 3 4 1 1 1 1 2 1 3 1 2 1 1 1 1 1 5 3 1 1 1 3 5 2 1 1 1 2 4 3 1 1 1 4 2 2 2 1 2 1 1 2 3 2 3 1 5 1 2 1 2 1 1 1 1 2 2 1 2 4 1 2 1 5 2 1 2 2 1 2 3 2 1 2 1 2 1 1 2 2 3 1 1 2 1 1 1 2 1 1 1 1 1 1 3 1 2 1 2 3 1 1 1 2 1 2 1 3 1 3 1 2 1 1 1 1 1 1 3 1 2 2 3 3 1 1 3 1 2 1 1 2 3 2 1 1 2 1 2 2 3 3 3 1 2 3 1 1 2 2 1 1 1 2 1 1 2 1 1 1 2 1 1 4 3 1 2 1 2 6 1 1 1 2 2 2 2 3 4 3 1 1 3 1 1 2 1 2 1 1 4 2 2 2 2 3 1 2 1 1 1 1 4 2 1 2 2 1 1 3 2 2 1 1 2 2 5 1 1 2 2 3 2 1 1 2 1 1 1 2 1 2 1 2 2 2 1 1 1 2 1 1 1 1 1 1 2 2 1 1 2 1 1 1 4 1 1 1 1 1 1 1 1 2 2 2 1 3 1 1 3 4 2 2 1 1 1 1 6 3 4 1 3 2 1 2 1 3 3 1 1 3 2 2 1 3 2 1 1 5 1 1 2 1 3 1 1 2 2 2 2 2 4 1 1 3 1 1 1 2 1 1 1 1 2 2 5 1 2 1 2 1 3 1 1 1 1 1 2 3 1 1 1 1 4 4 1 1 1 1 1 2 4 1 1 1 1 1 2 2 4 1 1 1 3 1 1 3 3 1 1 1 3 1 4 2 2 1 2 4 2 1 1 1 1 2 1 1 2 3 1 1 2 1 2 2 2 2 2 3 4 2 2 1 4 1 1 3 2 1 2 2 1 3 1 4 2 1 2 2 1 1 1 2 1 1 2 1 2 3 1 3 2 1 2 2 1 1 2 1 3 1 6 1 1 2 1 1 2 2 1 3 1 1 2 1 1 1 3 1 1 4 2 1 2 1 1 3 2 2 1 1 3 1 1 1 2 2 1 3 1 1 1 1 2 1 1 1 1 1 2 4 1 2 1 3 1 1 2 1 1 1 2 1 1 3 3 2 1 3 5 2 2 1 3 1 1 1 1 1 2 1 1 3 1 2 1 2 1 1 2 1 1 3 2 1 2 3 1 1 2 1 1 3 2 1 1 3 2 2 1 1 1 1 3 2 1 2 3 1 3 1 2 2 1 2 2 3 1 1 2 2 1 1 2 2 1 2 1 1 1 2 3 4 2 4 4 1 1 1 2 1 3 3 2 1 2 1 1 3 3 1 1 2 1 1 2 4 1 2 2 2 1 1 2 1 1 1 3 2 1 1 1 2 2 1 1 2 1 3 1 2 1 2 2 2 2 3 1 4 1 1 4 1 2 2 2 1 3 1 1 1 1 2 1 3 1 1 1 1 2 1 3 1 1 2 4 1 2 1 1 2 5 2 3 2 1 1 2 2 2 5 1 1 2 1 2 1 5 2 1 3 1 2 1 1 2 1 1 1 3 2 1 3 1 1 2 1 1 3 1 2 1 2 1 5 1 1 1 2 1 1 2 2 1 1 2 1 1 2 3 1 1 2 2 1 1 2 3 1 2 1 1 3 1 2 1 1 1 2 1 2 1 2 1 2 1 1 1 1 1 2 2 1 1 1 1 1 1 1 1 2 1 2 1 3 1 1 1 1 4 1 1 2 2 1 1 1 3 3 4 3 2 1 1 2 3 1 1 3 1 1 1 1 1 1 1 1 2 6 2 4 1 3 3 1 2 1 2 1 1 1 1 2 1 3 1 1 3 1 2 4 3 2 1 3 1 1 1 2 1 2 1 5 1 2 1 1 1 5 1 1 1 2 2 2 2 2 1 2 2 1 3 4 4 1 2 3 1 3 1 1 1 1 3 2 1 1 
  #Test Small 6931
  #Test Medium 16412
  #Test Large 20093
