00000000000000000000000000111111111111111111111111111111111111111111111111111111111111111111111111111111111111111111111111111111111111111111111111111111111111110000000000000000000000000000000000000000
00000000000000000000000000111111111111111121211111111111111111111111111112121111111111111111111111111111111112121111111111111111111111111111212111111111111111110000000000000000000000000000000000000000
00000000000000000000000000111111111111111111111111111111111111111111111111111111111111111111111111111111111111111111111111111111111111111111111111111111111111110000000000000000000000000000000000000000
00000000000000000000000000111111111111112212212211111111111111111111111221221221111111111111111111111111111221221221111111111111111111111122122122111111111111110000000000000000000000000000000000000000
00000000000000000000000000111111111111111111111111111111111111111111111111111111111111111111111111111111111111111111111111111111111111111111111111111111111111110000000000000000000000000000000000000000
00000000000000000000000000111111111111222122221222111111111111111111122212222122211111111111111111111111122212222122211111111111111111112221222212221111111111110000000000000000000000000000000000000000
00000000000000000000000000111111111111111111111111111111111111111111111111111111111111111111111111111111111111111111111111111111111111111111111111111111111111110000000000000000000000000000000000000000
00000000000000000000000000111111111122212222222212221111111111111112221222222221222111111111111111111112221222222221222111111111111111222122222222122211111111110000000000000000000000000000000000000000
00000000000000000000000000111111111111111111111111111111111111111111111111111111111111111111111111111111111111111111111111111111111111111111111111111111111111110000000000000000000000000000000000000000
00000000000000000000000000111111111222122222222221222111111111111122212222222222122211111111111111111122212222222222122211111111111112221222222222212221111111110000000000000000000000000000000000000000
00000000000000000000000000111111111111111111111111111111111111111111111111111111111111111111111111111111111111111111111111111111111111111111111111111111111111110000000000000000000000000000000000000000
00000000000000000000000000111111112221222222222222122211111111111222122222222222212221111111111111111222122222222222212221111111111122212222222222221222111111110000000000000000000000000000000000000000
00000000000000000000000000111111111111111111111111111111111111111111111111111111111111111111111111111111111111111111111111111111111111111111111111111111111111110000000000000000000000000000000000000000
00000000000000000000000000111111122212222222222222212221111111112221222222222222221222111111111111112221222222222222221222111111111222122222222222222122211111110000000000000000000000000000000000000000
00000000000000000000000000111111111111111111111111111111111111111111111111111111111111111111111111111111111111111111111111111111111111111111111111111111111111110000000000000000000000000000000000000000
00000000000000000000000000111111222122222122212222221222111111122212222212221222222122211111111111122212222212221222222122211111112221222221222122222212221111110000000000000000000000000000000000000000
00000000000000000000000000111111111111111111111111111111111111111111111111111111111111111111111111111111111111111111111111111111111111111111111111111111111111110000000000000000000000000000000000000000
00000000000000000000000000111112221222212221222122222122211111222122221222122212222212221111111111222122221222122212222212221111122212222122212221222221222111110000000000000000000000000000000000000000
00000000000000000000000000111111111111111111111111111111111111111111111111111111111111111111111111111111111111111111111111111111111111111111111111111111111111110000000000000000000000000000000000000000
00000000000000000000000000111111222122222122212222221222111111122212222212221222222122211111111111122212222212221222222122211111112221222221222122222212221111110000000000000000000000000000000000000000
00000000000000000000000000111111111111111111111111111111111111111111111111111111111111111111111111111111111111111111111111111111111111111111111111111111111111110000000000000000000000000000000000000000
00000000000000000000000000111111122212222222222222212221111111112221222222222222221222111111111111112221222222222222221222111111111222122222222222222122211111110000000000000000000000000000000000000000
00000000000000000000000000111111111111111111111111111111111111111111111111111111111111111111111111111111111111111111111111111111111111111111111111111111111111111111111111111111111111111111111111111111
00000000000000000000000000111111112221222222222222122211111111111222122222222222212221111111111111111222122222222222212221111111111122212222222222221222111111111111111111111111111111111111111111111111
00000000000000000000000000111111111111111111111111111111111111111111111111111111111111111111111111111111111111111111111111111111111111111111111111111111111111111111111111111111111111111111111111111111
00000000000000000000000000111111111222122222222221222111111111111122212222222222122211111111111111111122212222222222122211111111111112221222222222212221111111111111111111111111111111111111111111111111
00000000000000000000000000111111111111111111111111111111111111111111111111111111111111111111111111111111111111111111111111111111111111111111111111111111111111111111111111111111111111111111111111111111
00000000000000000000000000111111111122212222222212221111111111111112221222222221222111111111111111111112221222222221222111111111111111222122222222122211111111111111111111111111111111111111111111111111
00000000000000000000000000111111111111111111111111111111111111111111111111111111111111111111111111111111111111111111111111111111111111111111111111111111111111111111111111111111111111111111111111111111
00000000000000000000000000111111111111222122221222111111111111111111122212222122211111111111111111111111122212222122211111111111111111112221222212221111111111111111111111111111111111111111111111111111
00000000000000000000000000111111111111111111111111111111111111111111111111111111111111111111111111111111111111111111111111111111111111111111111111111111111111111111111111111111111111111111111111111111
00000000000000000000000000111111111111112221222111111111111111111111111222122211111111111111111111111111111222122211111111111111111111111122212221111111111111111111111111111111111111111111111111111111
00000000000000000000000000111111111111111111111111111111111111111111111111111111111111111111111111111111111111111111111111111111111111111111111111111111111111111111111111111111111111111111111111111111
00000000000000000000000000111111111111111122111111111111111111111111111112211111111111111111111111111111111112211111111111111111111111111111221111111111111111111111111111111111111111111111111111111111
00000000000000000000000000111111111111111111111111111111111111111111111111111111111111111111111111111111111111111111111111111111111111111111111111111111111111111111111111111111111111111111111111111111
00000000000000000000000000000011111111111111111111111111111111111111110000000000000000000000000000000000000000000000000000000000000000000000000000000000000000001111111111111111111111111111111111111111
00000000000000000000000000000011111111111111111111111111111111111111110000000000000000000000000000000000000000000000000000000000000000000000000000000000000000001111111111111111111111111111111111111111
00000000000000000000000000000011111111111111111111111111111111111111110000000000000000000000000000000000000000000000000000000000000000000000000000000000000000001111111111111111111111111111111111111111
00000000000000000000000000000011111111111111111111111111111111111111110000000000000000000000000000000000000000000000000000000000000000000000000000000000000000001111111111111111111111111111111111111111
00000000000000000000000000000011111111111111111111111111111111111111110000000000000000000000000000000000000000000000000000000000000000000000000000000000000000001111111111111111111111111111111111111111
00000000000000000000000000000011111111111111111111111111111111111111110000000000000000000000000000000000000000000000000000000000000000000000000000000000000000001111111111111111111111111111111111111111
00000000000000000000000000000011111111111111111111111111111111111111110000000000000000000000000000000000000000000000000000000000000000000000000000000000000000001111111111111111111111111111111111111111
00000000000000000000000000000011111111111111111111111111111111111111110000000000000000002211111111111221111111111100000000000000000000000000000000000000000000001111111111111111111111111111111111111111
00000000000000000000000000000011111111111111111111111111111111111111110000000000000000001112121212121111212121212100000000000000000000000000000000000000000000001111111111111111111111111111111111111111
00000000000000000000000000000011111111111111111111111111111111111111110000000000000000002211212121211221121212121100000000000000000000000000000000000000000000001111111111111111111111111111111111111111
00000000000112110000000000000011111111111111111111111111111111111111110000000000000000001112121212111111212121211100000000000000000000000111111111111000000000001111111111111111111111111111111111111111
00000000000121210000000000000011111111111111111111111111111111111111110000000000000000002211212121111221121212111100000000000000000000000111111111111000000000001111111111111111111111111111111111111111
00000000000211120000000000000011111111111111111111111111111111111111110000000000000000001112121211111111212121111100000000000000000000000111111111111000000000001111111111111111111111111111111111111111
00000000000121210000000000000011111111111111111111111111111111111111110000000000000000002211212111111221121211111100000000000000000000000113131313131000000000001111111111111111111111111111111111111111
00000000000112110000000000000011111111111111111111111111111111111111110000000000000000001112121111111111212111111100000000000000000000000121212121211000000000001111111111111111111111111111111111111111
00000000000000000000000000000011111111111111111111111111111111111111110000000000000000002211211111111221121111111100000000000000000000000111111111111000000000001111111111111111111111111111111111111111
00000000000000000000000000000011111111111111111111111111111111111111110000000000000000001112111111111111211111111100000000000000000000000121212121211000000000001111111111111111111111111111111111111111
00000000000000000000000000000011111111111111111111111111111111111111110000000000000000002211111111111221111111111100000000000000000000000112121212121000000000001111111111111111111111111111111111111111
00000000000000000000000000000011111111111111111111111111111111111111110000000000000000001111111111111111111111111100000000000000000000000121212121211000000000001111111111111111111111111111111111111111
00000000000000000000000000000011111111111111111111111111111111111111110000000000000000002111111111111211111111111100000000000000000000000111111111111000000000001111111111111111111111111111111111111111
00000000000000000000000000000011111111111111111111111111111111111111110000000000000000001111111131141111111113114100000000000000000000000121212121211000000000001111111111111111111111111111111111111111
00000000000000000000000000000011111111111111111111111111111111111111110000000000000000002111111111111211111111111100000000000000000000000112121212121000000000001111111111111111111111111111111111111111
00000000000000000000000000000011111111111111111111111111111111111111110000000000000000001111111111111111111111111100000000000000000000000121212121211000000000001111111111111111111111111111111111111111
00000000000000000000000000000011111111111111111111111111111111111111110000000000000000002211111111111221111111111100000000000000000000000111111111111000000000001111111111111111111111111111111111111111
00000000000000000000000000000011111111111111111111111111111111111111110000000000000000001112111111111111211111111100000000000000000000000121212121211000000000001111111111111111111111111111111111111111
00000000000000000000000000000011111111111111111111111111111111111111110000000000000000002211211111111221121111111100000000000000000000000112121212121000000000001111111111111111111111111111111111111111
00000000000000000000000000000011111111111111111111111111111111111111110000000000000000001112121111111111212111111100000000000000000000000121212121211000000000001111111111111111111111111111111111111111
00000000000000000000000000000011111111111111111111111111111111111111110000000000000000002211212111111221121211111100000000000000000000000111111111111000000000001111111111111111111111111111111111111111
00000000000000000000000000000011111111111111111111111111111111111111110000000000000000001112121211111111212121111100000000000000000000000121212121211000000000001111111111111111111111111111111111111111
00000000000000000000000000000011111111111111111111111111111111111111110000000000000000002211212121111221121212111100000000000000000000000112121212121000000000001111111111111111111111111111111111111111
00000000000000000000000000000011111111111111111111111111111111111111110000000000000000001112121212111111212121211100000000000000000000000121212121211000000000001111111111111111111111111111111111111111
00000000000000000000000000000011111111111111111111111111111111111111110000000000000000002211212121211221121212121100000000000000000000000111111111111000000000001111111111111111111111111111111111111111
00000000000000000000000000000011111111111111111111111111111111111111110000000000000000001112111212121111211121212100000000000000000000000121212121211000000000001111111111111111111111111111111111111111
00000000000000000000000000000011111111111111111111111111111111111111110000000000000000002211111111111221111111111100000000000000000000000112121212121000000000001111111111111111111111111111111111111111
00000000000000000000000000000011111111111111111111111111111111111111110000000000000000001112121212121111212121212100000000000000000000000121212121211000000000001111111111111111111111111111111111111111
00000000000000000000000000000011111111111111111111111111111111111111110000000000000000002211212121211221121212121100000000000000000000000111111111111000000000001111111111111111111111111111111111111111
00000000000000000000000000000011111111111111111111111111111111111111110000000000000000001112121212111111212121211100000000000000000000000121212121211000000000001111111111111111111111111111111111111111
00000000000000000000000000000011111111111111111111111111111111111111110000000000000000002211212121111221121212111100000000000000000000000112121212121000000000001111111111111111111111111111111111111111
00000000000000000000000000000011111111111111111111111111111111111111110000000000000000001112121211111111212121111100000000000000000000000121212121211000000000001111111111111111111111111111111111111111
00000000000000000000000000000011111111111111111111111111111111111111110000000000000000002211212111111221121211111100000000000000000000000111111111111000000000001111111111111111111111111111111111111111
00000000000000000000000000000011111111111111111111111111111111111111110000000000000000001112121111111111212111111100000000000000000000000121212121211000000000001111111111111111111111111111111111111111
00000000000000000000000000000011111111111111111111111111111111111111110000000000000000002211211111111221121111111100000000000000000000000111111111111000000000001111111111111111111111111111111111111111
00000000000000000000000000000011111111111111111111111111111111111111110000000000000000001112111111111111211111111100000000000000000000000111111111111000000000001111111111111111111111111111111111111111
00000000000000000000000000000011111111111111111111111111111111111111110000000000000000002211111111111221111111111100000000000000000000000111111111111000000000001111111111111111111111111111111111111111
00000000000000000000000000000011111111111111111111111111111111111111110000000000000000001111111111111111111111111100000000000000000000000111111111111000000000001111111111111111111111111111111111111111
00000000000000000000000000000011111111111111111111111111111111111111110000000000000000002111111111111211111111111100000000000000000000000122222222221000000000001111111111111111111111111111111111111111
00000000000000000000000000000011111111111111111111111111111111111111110000000000000000001111111131141111111113114100000000000000000000000111111111111000000000001111111111111111111111111111111111111111
00000000000000000000000000000011111111111111111111111111111111111111110000000000000000002111111111111211111111111100000000000000000000000122222222221000000000000000000000000000000000000000000000000000
00000000000000000000000000000011111111111111111111111111111111111111110000000000000000001111111111111111111111111100000000000000000000000111111111111000000000000000000000000000000000000000000000000000
00000000000000000000000000000011111111111111111111111111111111111111110000000000000000002211111111111221111111111100000000000000000000000122222222221000000000000000000000000000000000000000000000000000
00000000000000000000000000000011111111111111111111111111111111111111110000000000000000001112111111111111211111111100000000000000000000000111111111111000000000000000000000000000000000000000000000000000
00000000000000000000000000000011111111111111111111111111111111111111110000000000000000002211211111111221121111111100000000000000000000000122222222221000000000000000000000000000000000000000000000000000
00000000000000000000000000000011111111111111111111111111111111111111110000000000000000001112121111111111212111111100000000000000000000000111111111111000000000000000000000000000000000000000000000000000
00000000000000000000000000000011111111111111111111111111111111111111110000000000000000002211212111111221121211111100000000000000000000000111111111111000000000000000000000000000000000000000000000000000
00000000000000000000000000000011111111111111111111111111111111111111110000000000000000001112121211111111212121111100000000000000000000000111111111111000000000000000000000000000000000000000000000000000
00000000000000000000000000000011111111111111111111111111111111111111110000000000000000002211212121111221121212111100000000000000000011111111111111111111111111111111100000000000000000000000000000000000
00000000000000000000000000000011111111111111111111111111111111111111110000000000000000001112121212111111212121211100000000000000000011111111111111111111111111111111100000000000000000000000000000000000
00000000000000000000000000000011111111111111111111111111111111111111110000000000000000002211212121211221121212121100000000000000000011111111111111111111111111111111100000000000000000000000000000000000
00000000000000000000000000000011111111111111111111111111111111111111110000000000000000001112111212121111211121212100000000000000000011111111111111111111111111111111100000000000000000000000000000000000
00000000000000000000000000000011111111111111111111111111111111111111110000000000000000002211111111111221111111111100000000000000000011112121212121212121212121214111100000000000000000000000000000000000
00000000000000000000000000000000000000000000000000000000000000000000000000000000000000001112121212121111212121212100000000000000000011111111111111111111111111111111100000000000000000000000000000000000
00000000000000000000000001111111111111111111111111111111111111111110000000000000000000002211212121211221121212121100000000000000000011112121212121212121212121212111100000000000000000000000000000000000
00000000000000000000000001111111111111111111111111111111111111111110000000000000000000001112121212111111212121211100000000000000000011111111111111111111111111111111100000000000000000000000000000000000
00000000000000000000000001111111111111111111111111111111111111111110000000000000000000002211212121111221121212111100000000000000000011112121212121212121212121212111100000000000000000000000000000000000
00000000000000000000000001111111111111111111111111111111111111111110000000000000000000001112121211111111212121111100000000000000000011111111111111111111111111111111100000000000000000000000000000000000
00000000000000000000000001111412121212121212111121212121212121211110000000000000000000002211212111111221121211111100000000000000000011112121212121212121212121212111100000000000000000000000000000000000
00000000000000000000000001111111111111111111111111111111111111111110000000000000000000001112121111111111212111111100000000000000000011111111111111111111111111111111100000000000000000000000000000000000
00000000000000000000000001111212121212121212111121212121212121211110000000000000000000002211211111111221121111111100000000000000000011112121212121212121212121212111100000000000000000000000000000000000
00000000000000000000000001111111111111111111111111111111111111111110000000000000000000001112111111111111211111111100000000000000000011111111111111111111111111111111100000000000000000000000000000000000
00000000000000000000000001111212121212121212111121212121212121211110000000000000000000002211111111111221111111111100000000000000000011112121212121212121212121212111100000000000000000000000000000000000
00000000000000000000000001111111111111111111111111111111111111111110000000000000000000001111111111111111111111111100000000000000000011111111111111111111111111111111100000000000000000000000000000000000
00000000000000000000000001111212121212121212111121212121212121211110000000000000000000002111111111111211111111111100000000000000000011112121212121212121212121212111100000000000000000000000000000000000
00000000000000000000000001111111111111111111111111111111111111111110000000000000000000001111111131141111111113114100000000000000000011111111111111111111111111111111100000000000000000000000000000000000
00000000000000000000000001111212121212121212111121212121212121211110000000000000000000002111111111111211111111111100000000000000000011112121212121212121212121212111100000000000000000000000000000000000
00000000000000000000000001111111111111111111111111111111111111111110000000000000000000001111111111111111111111111100000000000000000011111111111111111111111111111111100000000000000000000000000000000000
00000000000000000000000001111212121212121212111121212121212121211110000000000000000000002211111111111221111111111100000000000000000011111111111111111111111111111111100000000000000000000000000000000000
00000000000000000000000001111111111111111111111111111111111111111110000000000000000000001112111111111111211111111100000000000000000011111111111111111111111111111111100000000000000000000000000000000000
00000000000000000000000001111212121212121212111121212121212121211110000000000000000000002211211111111221121111111100000000000000000011111111111111111111111111111111100000000000000000000000000000000000
00000000000000000000000001111111111111111111111111111111111111111110000000000000000000001112121111111111212111111100000000000000000011112121212121212121212121212111100000000000000000000000000000000000
00000000000000000000000001111212121212121212111121212121212121211110000000000000000000002211212111111221121211111100000000000000000011111111111111111111111111111111100000000000000000000000000000000000
00000000000000000000000001111111111111111111111111111111111111111110000000000000000000001112121211111111212121111100000000000000000011112121212121212121212121212111100000000000000000000000000000000000
00000000000000000000000001111212121212121212111121212121212121211110000000000000000000002211212121111221121212111100000000000000000011111111111111111111111111111111100000000000000000000000000000000000
00000000000000000000000001111111111111111111111111111111111111111110000000000000000000001112121212111111212121211100000000000000000011112121212121212121212121212111100000000000000000000000000000000000
00000000000000000000000001111212121212121212111121212121212121211110000000000000000000002211212121211221121212121100000000000000000011111111111111111111111111111111100000000000000000000000000000000000
00000000000000000000000001111111111111111111111111111111111111111110000000000000000000001112111212121111211121212100000000000000000011112121212121212121212121212111100000000000000000000000000000000000
00000000000000000000000001111212121212121212111121212121212121211110000000000000000000002211111111111221111111111100000000000000000011111111111111111111111111111111100000000000000000000000000000000000
00000000000000000000000001111111111111111111111111111111111111111110000000000000000000001112121212121111212121212100000000000000000011112121212121212121212121212111100000000000000000000000000000000000
00000000000000000000000001111212121212121212111121212121212121211110000000000000000000002211212121211221121212121100000000000000000011111111111111111111111111111111100000000000000000000000000000000000
00000000000000000000000001111111111111111111111111111111111111111110000000000000000000001112121212111111212121211100000000000000000011112121212121212121212121212111100000000000000000000000000000000000
00000000000000000000000001111212121212121212111121212121212121311110000000000000000000002211212121111221121212111100000000000000000011111111111111111111111111111111100000000000000000000000000000000000
00000000000000000000000001111111111111111111111111111111111111111110000000000000000000001112121211111111212121111100000000000000000011112121212121212121212121212111100000000000000000000000000000000000
00000000000000000000000001111111111111111111111111111111111111111110000000000000000000002211212111111221121211111100000000000000000011111111111111111111111111111111100000000000000000000000000000000000
00000000000000000000000001111111111111111111111111111111111111111110000000000000000000001112121111111111212111111100000000000000000011113121212121212121212121212111100000000000000000000000000000000000
00000000000000000000000001111111111111111111111111111111111111111110000000000000000000002211211111111221121111111100000000000000000011111111111111111111111111111111100000000000000000000000000000000000
00000000000011111111111111111111111111111111111111111111111111111111111100000000000000001112111111111111211111111100000000000000000011111111111111111111111111111111100000000000000000000000000000000000
00000000000011111111111111111111111111111111111111111111111111111111111100000000000000002211111111111221111111111100000000000000000011111111111111111111111111111111100000000000000000000000000000000000
00000000000011111111111111111111111111111111111111111111111111111111111100000000000000001111111111111111111111111100000000000000000011111111111111111111111111111111100000000000000000000000000000000000
00000000000011111111111111111111111111111111111111111111111111111111111100000000000000002111111111111211111111111100000000000000000000000000000000000000000000000000000000000000000000000000000000000000
00000000000011111111111111111111111111111111111111111111111111111111111100000000000000001111111131141111111113114100000000000000000000000000000000000000000000000000000000000000000000000000000000000000
00000000000011111111111111111111111111111111111111111111111111111111111100000000000000002111111111111211111111111100000000000000000000000000000000000000000000000000000000000000000000000000000000000000
00000000000011111111111111111111111111111111111111111111111111111111111100000000000000001111111111111111111111111100000000000000000000000000000000000000000000000000000000000000000000000000000000000000
00000000000011111111111111111111111111111111111111111111111111111111111100000000000000002211111111111221111111111100000000000000000000000000000000000000000011111111111111111111111111111111111111110000
00000000000011111111111111111111111111111111111111111111111111111111111100000000000000001112111111111111211111111100000000000000000000000000000000000000000011111111111111111111111111111111111111110000
00000000000011111111111111111111111111111111111111111111111111111111111100000000000000002211211111111221121111111100000000000000000000000000000000000000000011111111111111111111111111111111111111110000
00000000000011111111111111111111111111111111111111111111111111111111111100000000000000001112121111111111212111111100000000000000000000000000000000000000000011111111111111111111111111111111111111110000
00000000000011111111111111111111111111111111111111111111111111111111111100000000000000002211212111111221121211111100000000000000000000000000000000000000000011111111111111111111111111111111111111110000
00000000000011111111111111111111111111111111111111111111111111111111111100000000000000001112121211111111212121111100000000000000000000000000000000000000000011111111111111111111111111111111111111110000
00000000000011111111111111111111111111111111111111111111111111111111111100000000000000002211212121111221121212111100000000000000000000000000000000000000000011111111111111111111111111111111111111110000
00000000000011111111111111111111111111111111111111111111111111111111111100000000000000001112121212111111212121211100000000000000000000000000000000000000000011111111111111111111111111111111111111110000
00000000000011111111111111111111111111111111111111111111111111111111111100000000000000002211212121211221121212121100000000000000000000000000000000000000000011111111111111111111111111111111111111110000
00000000000011111111111111111111111111111111111111111111111111111111111100000000000000001112111212121111211121212100000000000000000000000000000000000000000011111111111111111111111111111111111111110000
00000000000011111111111111111111111111111111111111111111111111111111111100000000000000002211111111111221111111111100000000000000000000000000000000000000000011111111111111111111111111111111111111110000
00000000000011111111111111111111111111111111111111111111111111111111111100000000000000001112121212121111212121212100000000000000000000000000000000000000000011111111111111111111111111111111111111110000
00000000000011111111111111111111111111111111111111111111111111111111111100000000000000002211212121211221121212121100000000000000000000000000000000000000000011111111111111111111111111111111111111110000
00000000000011111111111111111111111111111111111111111111111111111111111100000000000000001112121212111111212121211100000000000000000000000000000000000000000011111111111111111111111111111111111111110000
00000000000011111111111111111111111111111111111111111111111111111111111100000000000000002211212121111221121212111100000000000000000000000000000000000000000011111111111111111111111111111111111111110000
00000000000011111111111111111111111111111111111111111111111111111111111100000000000000001112121211111111212121111100000000000000000000000000000000000000000011111111111111111111111111111111111111110000
00000000000011111111111111111111111111111111111111111111111111111111111100000000000000002211212111111221121211111100000000000000000000000000000000000000000011111111111111111111111111111111111111110000
00000000000011111111111111111111111111111111111111111111111111111111111100000000000000001112121111111111212111111100000000000000000000000000000000000000000011111111111111111111111111111111111111110000
00000000000011111111111111111111111111111111111111111111111111111111111100000000000000002211211111111221121111111100000000000000000000000000000000000000000011111111111111111111111111111111111111110000
00000000000011111111111111111111111111111111111111111111111111111111111100000000000000001112111111111111211111111100000000000000000000000000000000000000000011111111111111111111111111111111111111110000
00000000000011111111111111111111111111111111111111111111111111111111111100000000000000002211111111111221111111111100000000000000000000000000000000000000000011111111111111111111111111111111111111110000
00000000000011111111111111111111111111111111111111111111111111111111111100000000000000001111111111111111111111111100000000000000000000000000000000000000000011111111111111111111111111111111111111110000
00000000000011111111111111111111111111111111111111111111111111111111111100000000000000002111111111111211111111111100000000000000000000000000000000000000000011111111111111111111111111111111111111110000
00000000000011111111111111111111111111111111111111111111111111111111111100000000000000001111111131141111111113114100000000000000000000000000000000000000000011111111111111111111111111111111111111110000
00000000000011111111111111111111111111111111111111111111111111111111111100000000000000002111111111111211111111111101111111111111111111111111111111111111111011111111111111111111111111111111111111110000
00000000000011111111111111111111111111111111111111111111111111111111111100000000000000001111111111111111111111111101111111111111111111111111111111111111111011111111111111111111111111111111111111110000
00000000000011111111111111111111111111111111111111111111111111111111111100000000000000002211111111111221111111111101111111111111111111111111111111111111111011111111111111111111111111111111111111110000
00000000000011111111111111111111111111111111111111111111111111111111111100000000000000001112111111111111211111111101111111111111111111111111111111111111111011111111111111111111111111111111111111110000
00000000000011111111111111111111111111111111111111111111111111111111111100000000000000002211211111111221121111111101111111111111111111111111111111111111111011111111111111111111111111111111111111110000
00000000000011111111111111111111111111111111111111111111111111111111111100000000000000001112121111111111212111111101111111111111111111111111111111111111111011111111111111111111111111111111111111110000
00000000000011111111111111111111111111111111111111111111111111111111111100000000000000002211212111111221121211111101111111111111111111111111111111111111111011111111111111111111111111111111111111110000
00000000000011111111111111111111111111111111111111111111111111111111111100000000000000001112121211111111212121111101111111111111111111111111111111111111111011111111111111111111111111111111111111110000
00000000000011111111111111111111111111111111111111111111111111111111111100000000000000002211212121111221121212111101111111111111111111111111111111111111111011111111111111111111111111111111111111110000
00000000000000000000000000000000000000000000001111111111111111111111111111111111111111001112121212111111212121211101111111111111111111111111111111111111111011111111111111111111111111111111111111110000
00000000000001111111111111111100000000000000001111111111111111111111111111111111111111002211212121211221121212121101111111111111111111111111111111111111111011111111111111111111111111111111111111110000
00000000000001111111111111111100000000000000001111111111111111111111111111111111111111001112121212121111212121212101111111111111111111111111111111111111111011111111111111111111111111111111111111110000
00000000000001311111111111212100000000000000001111111111111111111111111111111111111111001111111111111111111111111101111111111111111111111111111111111111111011111111111111111111111111111111111111110000
00000000000001111111111111111100000000000000001111111111111111111111111111111111111111000000000000000000000000000001111111111111111111111111111111111111111011111111111111111111111111111111111111110000
00000000000001111111111111212100000000000000001111111111111111111111111111111111111111000000000000000000000000000001111111111111111111111111111111111111111011111111111111111111111111111111111111110000
00000000000001111111111111111100000000000000001111111111111111111111111111111111111111000000000000000000000000000001111111111111111111111111111111111111111011111111111111111111111111111111111111110000
00000000000001111111111111212100000000000000001111111111111111111111111111111111111111000000000000000000000000000001111111111111111111111111111111111111111011111111111111111111111111111111111111110000
00000000000001111111111111111100000000000000001111111111111111111111111111111111111111000000000000000000000000000001111111111111111111111111111111111111111011111111111111111111111111111111111111110000
00000000000001111111111111212100000000000000001111111111111111111111111111111111111111000000000000000000000000000001111111111111111111111111111111111111111011111111111111111111111111111111111111110000
00000000000001111111111111111100000000000000001111111111111111111111111111111111111111000000000000000000000000000001111111111111111111111111111111111111111011111111111111111111111111111111111111110000
00000000000001222222222222222100000000000000001111111111111111111111111111111111111111000000000000000000000000000001111111111111111111111111111111111111111011111111111111111111111111111111111111110000
00000000000001111111111111111100000000000000001111111111111111111111111111111111111111000000000000000000000000000001111111111111111111111111111111111111111011111111111111111111111111111111111111110000
00000000000001111111111111111100000000000000001111111111111111111111111111111111111111000000000000000000000000000001111111111111111111111111111111111111111011111111111111111111111111111111111111110000
00000000000001111111111111111100000000000000001111111111111111111111111111111111111111000000000000000000000000000001111111111111111111111111111111111111111011111111111111111111111111111111111111110000
00000000000001111111111111111100000000000000001111111111111111111111111111111111111111000000000000000000000000000001111111111111111111111111111111111111111011111111111111111111111111111111111111110000
00000000000001111111111111111100000000000000001111111111111111111111111111111111111111000000000000000000000000000001111111111111111111111111111111111111111011111111111111111111111111111111111111110000
00000000000001222222222222222100000000000000001111111111111111111111111111111111111111000000000000000000000000000001111111111111111111111111111111111111111011111111111111111111111111111111111111110000
00000000000001111111111111111100000000000000001111111111111111111111111111111111111111000000000000000000000000000001111111111111111111111111111111111111111011111111111111111111111111111111111111110000
00000000000001111111111111212100000000000000001111111111111111111111111111111111111111000000000000000000000000000001111111111111111111111111111111111111111011111111111111111111111111111111111111110000
00000000000001111111111111111100000000000000001111111111111111111111111111111111111111000000000000000000000000000001111111111111111111111111111111111111111011111111111111111111111111111111111111110000
00000000000001111111111111212100000000000000001111111111111111111111111111111111111111000000000000000000000000000001111111111111111111111111111111111111111011111111111111111111111111111111111111110000
00000000000001111111111111111100000000000000001111111111111111111111111111111111111111000000000000000000000000000001111111111111111111111111111111111111111011111111111111111111111111111111111111110000
00000000000001111111111111212100000000000000001111111111111111111111111111111111111111000000000000000000000000000001111111111111111111111111111111111111111011111111111111111111111111111111111111110000
00000000000001111111111111111100000000000000001111111111111111111111111111111111111111000000000000000000000000000001111111111111111111111111111111111111111011111111111111111111111111111111111111110000
00000000000001111111111111212100000000000000001111111111111111111111111111111111111111000000000000000000000000000001111111111111111111111111111111111111111011111111111111111111111111111111111111110000
00000000000001111111111111111100000000000000001111111111111111111111111111111111111111000000000000000000000000000001111111111111111111111111111111111111111011111111111111111111111111111111111111110000
00000000000001411111111111212100000000000000001111111111111111111111111111111111111111000000000000000000000000000001111111111111111111111111111111111111111000000000000000000000000000000000000000000000
00000000000001111111111111111100000000000000001111111111111111111111111111111111111111000000000000000000000000000001111111111111111111111111111111111111111000000000000000000000000000000000000000000000
00000000000001111111111111111100000000000000001111111111111111111111111111111111111111000000000000000000000000000001111111111111111111111111111111111111111000000000000000000000000000000000000000000000
00000000000001111111111111111100000000000000001111111111111111111111111111111111111111000000000000000000000000000001111111111111111111111111111111111111111000000000000000000000000000000000000000000000
00000000000001111111111111111100000000000000001111111111111111111111111111111111111111000000000000000000000000000001111111111111111111111111111111111111111000000000000000000000000000000000000000000000
00000000000001111111111111111100000000000000001111111111111111111111111111111111111111000000000000000000000000000001111111111111111111111111111111111111111000000000000000000000000000000000000000000000
00000000000001311111111111212100000000000000001111111111111111111111111111111111111111000000000000000000000000000001111111111111111111111111111111111111111000000000000000000000000000000000000000000000
00000000000001111111111111111100000000000000001111111111111111111111111111111111111111000000000000000000000000000001111111111111111111111111111111111111111000000000000000000000000000000000000000000000
00000000000001111111111111212100000000000000001111111111111111111111111111111111111111000000000000000000000000000001111111111111111111111111111111111111111000000000000000000000000000000000000000000000
00000000000001111111111111111100000000000000001111111111111111111111111111111111111111000000000000000000000000000001111111111111111111111111111111111111111000000000000000000000000000000000000000000000
00000000000001111111111111212100000000000000001111111111111111111111111111111111111111000000000000000000000000000001111111111111111111111111111111111111111000000000000000000000000000000000000000000000
00000000000001111111111111111100000000000000001111111111111111111111111111111111111111000000000000000000000000000001111111111111111111111111111111111111111000000000000000000000000000000000000000000000
00000000000001111111111111212100000000000000001111111111111111111111111111111111111111000000000000000000000000000001111111111111111111111111111111111111111000000000000000000000000000000000000000000000
00000000000001111111111111111100000000000000001111111111111111111111111111111111111111000000000000000000000000000001111111111111111111111111111111111111111000000000000000000000000000000000000000000000
00000000000001111111111111212100000000000000001111111111111111111111111111111111111111000000000000000000000000000001111111111111111111111111111111111111111000000000000000000000000000000000000000000000
00000000000001111111111111111100000000000000001111111111111111111111111111111111111111000000000000000000000000000001111111111111111111111111111111111111111000000000000000000000000000000000000000000000
00000000000001222222222222222100000000000000001111111111111111111111111111111111111111000000000000000000000000000001111111111111111111111111111111111111111000000000000000000000000000000000000000000000
00000000000001111111111111111100000000000000001111111111111111111111111111111111111111000000000000000000000000000001111111111111111111111111111111111111111000000000000000000000000000000000000000000000
00000000000001111111111111111100000000000000001111111111111111111111111111111111111111000000000000000000000000000001111111111111111111111111111111111111111000000000000000000000000000000000000000000000
00000000000001111111111111111100000000000000001111111111111111111111111111111111111111000000000000000000000000000001111111111111111111111111111111111111111000000000000000000000000000000000000000000000
00000000000001111111111111111100000000000000001111111111111111111111111111111111111111000000000000000000000000000001111111111111111111111111111111111111111000000000000000000000000000000000000000000000
00000000000001111111111111111100000000000000001111111111111111111111111111111111111111000000000000000000000000000001111111111111111111111111111111111111111111111111111111111111111111111111111000000000
00000000000001222222222222222100000000000000001111111111111111111111111111111111111111000000111111111111111111111101111111111111111111111111111111111111111111111111111111111111111111111111111001111100
00000000000001111111111111111100000000000000001111111111111111111111111111111111111111000000111111111111111111112101111111111111111111111111111111111111111111111111111111111111111111111111111001111100
00000000000001111111111111212100000000000000001111111111111111111111111111111111111111000000111111111121111211111100000000000000000000000000000000000000000111111111111111111111111111111111111001121100
00000000000001111111111111111100000000000000001111111111111111111111111111111111111111000000111111111111111212111100000000000000000000000000000000000000000111121212111111777777777777777711111001111100
00000000000001111111111111212100000000000000001111111111111111111111111111111111111111000000111112111112111221312100000000000000000000000000000000000000000111111111111111711111111111111711111001111100
00000000000001111111111111111100000000000000001111111111111111111111111111111111111111000000111112111111111212121100000000000000000000000000000000000000000111112121111111711111111111111711111000000000
00000000000001111111111111212100000000000000001111111111111111111111111111111111111111000000111111111111111211112100000000000000000000000000000000000000000111111111111111711111111111111711111000000000
00000000000001111111111111111100000000000000001111111111111111111111111111111111111111000000111112111121111212111100000000000000000000000000000000000000000111121212111111711111111111111711111000000000
00000000000001111111111111212100000000000000001111111111111111111111111111111111111111000000111111111111111111111100000000000000000000000000000000000000000111111111111111711111111111111711111000000000
00000000000001111111111111111100000000000000001111111111111111111111111111111111111111000000111211212112121122111100000000000000000000000000000000000000000111112121111111711111111111111711111000000000
00000000000001411111111111212100000000000000001111111111111111111111111111111111111111000000111111111111111111411100000000000000000000000000000000000000000111111111111111711111111111111711111000000000
00000000000001111111111111111100000011111111111111111111111111111111111111110000000000000000111111111112121122112100000000000000000000000000000000000000000111121212111111711111111111111711111000000000
00000000000001111111111111111100000011111111111111111111111111111111111111110000000000000000111121111211122111111100000000000000000000000000000000000000000111111111111111711111111111111711111000000000
00000000000000000000000000000000000011111111111111111111111111111111111111110000000000000000111111211112111122122100000000000000000000000000000000000000000111112121111111711111111111111711111000000000
00000000000000000000000000000000000011111111111111111111111111111111111111110000000000000000111211111111122111111100000000000000000000000000000000000000000111111111111111711111111111111711111000000000
00000000000000000000000000000000000011111111111111111111111111111111111111110000000000000000111111111111111112112100000000000000000000000000000000000000000111121212111111711111111111111711111000000000
00000000000000000000000000000000000011111111111111111111111111111111111111110000000000000000111111111111121111311100000000000000000000000000000000000000000111111111111111711111111111111711111000000000
00000000000000000000000000000000000011111111111111111111111111111111111111110000000000000000121111111111112112112100000000000000000000000000000000000000000111112121111111711111111111111711111000000000
00000000000000000000000000000000000011111111111111111111111111111111111111110000000000000000111211111112121121411100000000000000000000000000000000000000000111111111111111711111111111111711111000000000
00000000000000000000000000000000000011111111111111111111111111111111111111110000000000000000111121111111112112111100000000000000000000000000000000000000000111121212111111711111111111111711111000000000
00000000000000000000000000000000000011111111111111111111111111111111111111110000000000000000111111111111112111112100000000000000000000000000000000000000000111111111111111711111111111111711111000000000
00000000000000000000000000000000000011111111111111111111111111111111111111110000000000000000111121211212112122111100000000000000000000000000000000000000000111112121111111711111111111111711111000000000
00000000000000000000000000000000000011111111111111111111111111111111111111110000000000000000111111111211112112112100000000000000000000000000000000000000000111111111111111711111111111111711111000000000
00000000000000000000000000000000000011111111111111111111111111111111111111110000000000000000121111111112111121121100000000000000000000000000000000000000000111121212111111711111111111111711111000000000
00000000000000000000000000000000000011111111111111111111111111111111111111110000000000000000111211112111111112112100000000000000000000000000000000000000000111111111111111711111111111111711111000000000
00000000000000000000000000000000000011111111111111111111111111111111111111110000000000000000121121211211112122121100000000000000000000000000000000000000000111112121111111711111111111111711111000000000
00000000000000000000000000000000000011111111111111111111111111111111111111110000000000000000121111111111111112111100000000000000000000000000000000000000000111111111111111711111111111111711111000000000
00000000000000000000000000000000000011111111111111111111111111111111111111110000000000000000111111111211112122111100000000000000000000000000000000000000000111121212111111711111111111111711111000000000
00000000000000000000000000000000000011111111111111111111111111111111111111110000000000000000111111111111111111111100000000000000000000000000000000000000000111111111111111711111111111111711111000000000
00000000000000000000000000000000000011111111111111111111111111111111111111110000000000000000111111111111111111111100000000000000000000000000000000000000000111112121111111711111111111111711111000000000
00000000000000000000000000000000000011111111111111111111111111111111111111110000000000000000111111111111111111112100000000000000000000000000000000000000000111111111111111711111111111111711111000000000
00000000000000000000000000000000000011111111111111111111111111111111111111110000000000000000111111111121111211111100000000000000000000000000000000000000000111121212111111711111111111111711111000000000
00000000000000000000000000000000000011111111111111111111111111111111111111110000000000000000111111111121111212111100000000000000000000000000000000000000000111111111111111711111111111111711111000000000
00000000000000000000000000000000000011111111111111111111111111111111111111110000000000000000111112111111111221312100000000000000000000000000000000000000000111112121111111711111111111111711111000000000
00000000000000000000000000000000000011111111111111111111111111111111111111110000000000000000111111111111111212121100000000000000000000000000000000000000000111111111111111711111111111111711111000000000
00000000000000000000000000000000000011111111111111111111111111111111111111110000000000000000111112111121111211112100000000000000000000000000000000000000000111121212111111711111111111111711111000000000
00000000000000000000000000000000000011111111111111111111111111111111111111110000000000000000111111111121111212111100000000000000000000000000000000000000000111111111111111711111111111111711111000000000
00000000000000000000000000000000000011111111111111111111111111111111111111110000000000000000111111111111111111111100000000000000000000000000000000000000000111111111111111711111111111111711111000000000
00000000000000000000000000000000000011111111111111111111111111111111111111110000000000000000111211211111121122111100000000000000000000000000000000000000000111112121111111711111111111111711111000000000
00000000000000000000000000000000000011111111111111111111111111111111111111110000000000000000111111111111111111411100000000000000000000000000000000000000000111111111111111711111111111111711111000000000
00000000000000000000000000000000000011111111111111111111111111111111111111110000000000000000111111112112121122112100000000000000000000000000000000000000000111121212111111711111111111111711111000000000
00000000000000000000000000000000000011111111111111111111111111111111111111110000000000000000111111112211122111111100000000000000000000000000000000000000000111111111111111711111111111111711111000000000
00000000000000000000000000000000000011111111111111111111111111111111111111110000000000000000111111111112111122122100000000000000000000000000000000000000000111112121111111711111111111111711111000000000
00000000000000000000000000000000000011111111111111111111111111111111111111110000000000000000111111111111122111111100000000000000000000000000000000000000000111111111111111711111111111111711111000000000
00000000000000000000000000000000000011111111111111111111111111111111111111110000000000000000111111111111111112112100000000000000000000000000000000000000000111121212111111711111111111111711111000000000
00000000000000000000000000000000000011111111111111111111111111111111111111110000000000000000111111111111121111311100000000000000000000000000000000000000000111111111111111711111111111111711111000000000
00000000000000000000000000000000000011111111111111111111111111111111111111110000000000000000121111111111112112112100000000000000000000000000000000000000000111112121111111711111111111111711111000000000
00000000000000000000000000000000000011111111111111111111111111111111111111110000000000000000111211111112121121411100000000000000000000000000000000000000000111111111111111711111111111111711111000000000
00000000000000000000000000000000000011111111111111111111111111111111111111110000000000000000111111111111112112111100000000000000000000000000000000000000000111131114111111777777777777777711111000000000
00000000000000000000000000000000000011111111111111111111111111111111111111110000000000000000111111112111122111112100000000000000000000000000000000000000000111111111111111111111111111111111111000000000
00000000000000000000000000000000000011111111111111111111111111111111111111110000000000000000121121111112112122111100000000000000000000000000000000000000000111111111111111111111111111111111111000000000
00000000000000000000000000000000000011111111111111111111111111111111111111110000000000000000111111111111112112112100000000000000000000000000000000000000000111111111111111111111111111111111111000000000
00000000000000000000000000000000000011111111111111111111111111111111111111110000000000000000121111111112111121121100000000000000000000000000000000000000000111111111111111111111111111111111111000000000
00000000000000000000000000000000000011111111111111111111111111111111111111110000000000000000111211111111121112112100000000000000000000000000000000000000000000000000000000000000000000000000000000000000
00000000000000000000000000000000000011111111111111111111111111111111111111110000000000000000121121111111112122121100000000000000000000000000000000000000000000000000000000000000000000000000000000000000
00000000000000000000000000000000000011111111111111111111111111111111111111110000000000000000121111112111121112111100000000000000000000000000000000000000000000000000000000000000000000000000000000000000
00000000000000000000000000000000000011111111111111111111111111111111111111110000000000000000111111111111112122111100000000000000000000000000000000011111111111111111111111111111111111111111111111111100
00000000000000000000000000000000000011111111111111111111111111111111111111110000000000000000111111111111111111111100000000000000000000000000000000011111111111111111111111111111111111111111111111111100
00000000000000000000000000000000000011111111111111111111111111111111111111110000000000000000000000000000111111100000000000000000000000000001111111011111111111111111111111111111111111111111111111111100
00000000000000000000000000000000000011111111111111111111111111111111111111110000000000000000000000000000111112100000000000000000000000000001111121011111111111111111111111111111111111111111111111111100
00000000000000000000000000000000000011111111111111111111111111111111111111110000000000000000000000000000111121100000000000000000000000000001111211011111111111111111111111111111111111111111111111111100
00000000000000000000000000000000000011111111111111111111111111111111111111110000000000000000000000000000111211100000000000000000111110000001112111011112121212121212121212121212121212121212121212111100
00000000000000000000000000000000000011111111111111111111111111111111111111110000000000000000000000000000112112100000000000000000111210000001121121011111111111111111111111111111111111111111111111111100
00000000000000000000000000000000000011111111111111111111111111111111111111110000000000000000000000000000121121100000000000000000112110000001211211011112111111111111111111111111111111111111111112111100
00000000000000000000000000000000000011111111111111111111111111111111111111110000000000000000000000000000111211100000000000000000121110000001112111011111111111111111111111111111111111111111111111111100
00000000000000000000000000000000000011111111111111111111111111111111111111110000000000000000000000000000112112100000000000000000111110000001121121011112111111111111111111111111111111111111111112111100
00000000000000000000000000000000000011111111111111111111111111111111111111110000000000000000000000000000121121100000000000000000111110000001211211011111111111111111111111111111111111111111111111111100
00000000000000000000000000000000000011111111111111111111111111111111111111110000000000000000000000000000111211100000000000000000111210000001112111011112111111111111111111111111111111111111111112111100
00000000000000000000000000000000000011111111111111111111111111111111111111110000000000000000000000000000112112100000000000000000112110000001121121011111111111111111111111111111111111111111111111111100
00000000000000000000000000000000000011111111111111111111111111111111111111110000000000000000000000000000121121100000000000000000121110000001211211011112141212121212121212121212121212121212121412111100
00000000000000000000000000000000000011111111111111111111111111111111111111110000000000000000000000000000111211100000000000000000111110000001112111011111111111111111111111111111111111111111111111111100
00000000000000000000000000000000000000000000000000000000000000000000000000000000000000000000000000000000112111100000000000000000000000000001121111011112121212121212121212121212121212121212121212111100
00000000000000000000000000000000000000000000000000000000000000000000000000000000000000000000000000000000121111100000000000000000000000000001211111011111111111111111111111111111111111111111111111111100
00000000000000000000000000000000000000000000000000000000000000000000000000000000000000000000000000000000111111100000000000000000000000000001111111011112121212121212121212121212121212121212121212111100
00000000000000000000000000000000000000000000000000000000000000000000000000000000000000000000000000000000111111100000000000000000000000000001111111011111111111111111111111111111111111111111111111111100
00000000000000000000000000000000000000000000000000000000000000000000000000000000000000000000000000000000111112100000000000000000000000000001111121011112121212121212121212121212121212121212121212111100
00000000000000000000000000000000000000000000000000000000000000000000000000000000000000000000000000000000111121100000000000000000000000000001111211011111111111111111111111111111111111111111111111111100
00000000000000000000000000000000000000000000000000000000000000000000000000000000000000000000000000000000111211100000000000000000000000000001112111011112121212121212121212121212121212121212121212111100
00000000000000000000000000000000000000000000000000000000000000000000000000000000000000000000000000000000112112100000000000000000000000000001121121011111111111111111111111111111111111111111111111111100
00000000000000000000000000000000000000000000000000000000000000000000000000000000000000000000000000000000121121100000000000000000000000000001211211011112121212121212121212121212121212121212121212111100
00000000000000000000000000000000000000000000000000000000000000000000000000000000000000000000000000000000111211100000000000000000000000000001112111011111111111111111111111111111111111111111111111111100
00000000000000000000000000000000000000000000000000000000000000000000000000000000000000000000000000000000112112100000000000000000000000000001121121011112121212121212121212121212121212121212121212111100
00000000000000000000000000000000000000000000000000000000000000000000000000000000000000000000000000000000121121100000000000000000000000000001211211011111111111111111111111111111111111111111111111111100
00000000000000000000000000000000000000000000000000000000000000000000000000000000000000000000000000000000111211100000000000000000000000000001112111011112121212121212121212121212121212121212121212111100
00000000000000000000000000000000000000000000000000000000000000000000000000000000000000000000000000000000112112100000000000000000000000000001121121011111111111111111111111111111111111111111111111111100
00000000000000000000000000000000000000000000000000000000000000000000000000000000000000000000000000000000121121100000000000000000000000000001211211011112111111111111111111111111111111111111111112111100
00000000000000000000000000000000000000000000000000000000000000000000000000000000000000000000000000000000111211100000000000000000000000000001112111011111111111111111111111111111111111111111111111111100
00000000000000000000000000000000000000000000000000000000000000000000000000000000000000000000000000000000112111100000000000000000000000000001121111011112111111111111111111111111111111111111111112111100
00000000000000000000000000000000000000000000000000000000000000000000000000000000000000000000000000000000121111100000000000000000000000000001211111011111121212121212121212121212121212121212121211111100
00000000000000000000000000000000000000000000000000000000000000000000000000000000000000000000000000000000111111100000000000000000000000000001111111011112111111111111111111111111111111111111111112111100
00000000000000000000000000000000000000000000000000000000000000000000000000000000000000000000000000000000111111100000000000000000000000000001111111011111121212121212121212121212121212121212121211111100
00000000000000000000000000000000000000000000000000000000000000000000000000000000000000000000000000000000111112100000000000000000000000000001111121011112111111111111111111111111111111111111111112111100
00000000000000000000000000000000000000000000000000000000000000000000000000000000000000000000000000000000111121100000000000000000000000000001111211011111121212121212121212121212121212121212121211111100
00000000000000000000000000000000000000000000000000000000000000000000000000000000000000000000000000000000111211100000000000000000000000000001112111011112111111111111111111111111111111111111111112111100
00000000000000000000000000000000000000000000000000000000000000000000000000000000000000000000000000000000112112100000000000000000000000000001121121011111121212121212121212121212121212121212121211111100
00000000000000000000000000000000000000000000000000000000000000000000000000000000000000000000000000000000121121100000000000000000000000000001211211011112111111111111111111111111111111111111111112111100
00000000000000000000000000000000000000000000000000000000000000000000000000000000000000000000000000000000111211100000000000000000000000000001112111011111121212121212121212121212121212121212121211111100
00000000000000000000000000000000000000000000000000000000000000000000000000000000000000000000000000000000112112100000000000000000000000000001121121011112111111111111111111111111111111111111111112111100
00000000000000000000000000000000000000000000000000000000000000000000000000000000000000000000000000000000121121100000000000000000000000000001211211011111121212121212121212121212121212121212121211111100
00000000000000000000000000000000000000000000000000000000000000000000000000000000000000000000000000000000111211100000000000000000000000000001112111011112111111111111111111111111111111111111111112111100
00000000000000000000000000000000000000000000000000000000000000000000000000000000000000000000000000000000112112100000000000000000000000000001121121011111121212121212121212121212121212121212121211111100
00000000000000000000000000000000000000000000000000000000000000000000000000000000000000000000000000000000121121100000000000000000000000000001211211011112111111111111111111111111111111111111111112111100
00000000000000000000000000000000000000000000000000000000000000000000000000000000000000000000000000000000111211100000000000000000000000000001112111011111131212121212121212121212121212121212121211111100
00000000000000000000000000000000000000000000000000000000000000000000000000000000000000000000000000000000112111100000000000000000000000000001121111011112111111111111111111111111111111111111111112111100
00000000000000000000000000000000000000000000000000000000000000000000000000000000000000000000000000000000121111100000000000000000000000000001211111011111111111111111111111111111111111111111111111111100
00000000000000000000000000000000000000000000000000000000000000000000000000000000000000000000000000000000111111100000000000000000000000000001111111011112111111111111111111111111111111111111111112111100
00000000000000000000000000000000000000000000000000000000000000000000000000000000000000000000000000000000000000000000000000000000000000000000000000011111111111111111111111111111111111111111111111111100
00000000000000000000000000000000000000000000000000000000000000000000000000000000000000000000000000000000000000000000000000000000000000000000000000011112111111111111111111111111111111111111111112111100
00000000000000000000000000000000000000000000000000000000000000000000000000000000000000000000000000000000000000000000000000000000000000000000000000011111111111111111111111111111111111111111111111111100
00000000000000001111111111111111111111111111111111111111111111111111111111111111111111111111111111111111111111111111111111111111111111111111111111111112111111111111111111111111111111111111111112111100
00000000000000001211111111111411111111111212111111111114111111111112121111111111141111111111121211111111111411111111111212111111111114111111111112111111212121212121212121212121212121212121212121111100
00000000000000001121111111111111111111112111211111111111111111111121112111111111111111111111211121111111111111111111112111211111111111111111111121111111111111111111111111111111111111111111111111111100
00000000000000001212111111111111111111121212121111111111111111111212121211111111111111111112121212111111111111111111121212121111111111111111111212111111111111111111111111111111111111111111111111111100
00000000000000001121211111111311111111212111212111111113111111112121112121111111131111111121211121211111111311111111212111212111111113111111112121111111111111111111111111111111111111111111111111111100
00000000000000001212121111111111111112121212121211111111111111121212121212111111111111111212121212121111111111111112121212121211111111111111121212111111111111111111111111111111111111111111111111111100
00000000000000001121212111111111111121212111212121111111111111212121112121211111111111112121211121212111111111111121212111212121111111111111212121111111111111111111111111111111111111111111111111111100
00000000000000001212121211111111111212121112121212111111111112121211121212121111111111121212111212121211111111111212121112121212111111111112121212100000000000000000000000000000000000000000000000000000
00000000000000001121212121111111112121212111212121211111111121212121112121212111111111212121211121212121111111112121212111212121211111111121212121100000000000000000000000000000000000000000000000000000
00000000000000001212121212111111121212121212121212121111111212121212121212121211111112121212121212121212111111121212121212121212121111111212121212100000000000000000000000000000000000000000000000000000
00000000000000001111111111111111111111111111111111111111111111111111111111111111111111111111111111111111111111111111111111111111111111111111111111100000000000000000000000000000000000000000000000000000
00000000000000002121212121211111212121212121212121212111112121212121212121212121111121212121212121212121211111212121212121212121212111112121212121100000000000000000000000000000000000000000000000000000
00000000000000002121212121212121212121212121212121212121212121212121212121212121212121212121212121212121212121212121212121212121212121212121212121100000000000000000000000000000000000000000000000000000
00000000000000001111111111111111111111111111111111111111111111111111111111111111111111111111111111111111111111111111111111111111111111111111111111100000000000000000000000000000000000000000000000000000
00000000000000001211111111111411111111111212111111111114111111111112121111111111141111111111121211111111111411111111111212111111111114111111111112100000000000000000000000000000000000000000000000000000
00000000000000001121111111111111111111112111211111111111111111111121112111111111111111111111211121111111111111111111112111211111111111111111111121100000000000000000000000000000000000000000000000000000
00000000000000001212111111111111111111121212121111111111111111111212121211111111111111111112121212111111111111111111121212121111111111111111111212100000000000000000000000000000000000000000000000000000
00000000000000001121211111111311111111212111212111111113111111112121112121111111131111111121211121211111111311111111212111212111111113111111112121100000000000000000000000000000000000000000000000000000
00000000000000001212121111111111111112121212121211111111111111121212121212111111111111111212121212121111111111111112121212121211111111111111121212100000000000000000000000000000000000000000000000000000
00000000000000001121212111111111111121212111212121111111111111212121112121211111111111112121211121212111111111111121212111212121111111111111212121100000000000000000000000000000000000000000000000000000
00000000000000001212121211111111111212121112121212111111111112121211121212121111111111121212111212121211111111111212121112121212111111111112121212100000000000000000000000000000000000000000000000000000
00000000000000001121212121111111112121212111212121211111111121212121112121212111111111212121211121212121111111112121212111212121211111111121212121100000000000000000000000000000000000000000000000000000
00000000000000001212121212111111121212121212121212121111111212121212121212121211111112121212121212121212111111121212121212121212121111111212121212100000000000000000000000000000000000000000000000000000
00000000000000001111111111111111111111111111111111111111111111111111111111111111111111111111111111111111111111111111111111111111111111111111111111100000000000000000000000000000000000000000000000000000
00000000000000002121212121211111212121212121212121212111112121212121212121212121111121212121212121212121211111212121212121212121212111112121212121100000000000000000000000000000000000000000000000000000
00000000000000002121212121212121212121212121212121212121212121212121212121212121212121212121212121212121212121212121212121212121212121212121212121100000000000000000000000000000000000000000000000000000
00000000000000000000000000000000000000000000000000000000000000000000000000000000000000000000000000000000000000000000000000000000000000000000000000000000000000000000000000000000000000000000000000000000
00000000000000000000000000000000000000000000000000000011111111111111111111111111111111111111111111111111111111111111111111111111111111000000000000000000000000000000000000000000000000000000000000000000
00000000000000000000000000000000000000000000000000000011111111111111111111111111111111111111111111111111111111111111111111111111111111000000000000000000000000000000000000000000000000000000000000000000
00000000000000000000000000000000000000000000000000000011111111111111111111111111111111111111111111111111111111111111111111111111111111000000000000000000000000000000000000000000000000000000000000000000
00000000000000000000000000000000000000000000000000000011111111111111111111111111111111111111111111111111111111111111111111111111111111000000000000000000000000000000000000000000000000000000000000000000
00000000000000000000000000000000000000000000000000000011111111111111111111111111111111111111111111111111111111111111111111111111111111000000000000000000000000000000000000000000000000000000000000000000
00000000000000000000000000000000000000000000000000000011111111111111111111111111111111111111111111111111111111111111111111111111111111000000000000000000000000000000000000000000000000000000000000000000
00000000000000000000000000000000000000000000000000000011111111111111111111111111111111111111111111111111111111111111111111111111111111000000000000000000000000000000000000000000000000000000000000000000
00000000000000000000000000000000000000000000000000000011111111111111111111111111111111111111111111111111111111111111111111111111111111000000000000000000000000000000000000000000000000000000000000000000
00000000000000000000000000000000000000000000000000000011111111111111111111111111111111111111111111111111111111111111111111111111111111000000000000000000000000000000000000000000000000000000000000000000
00000000000000000000000000000000000000000000000000000011111111111111111111111111111111111111111111111111111111111111111111111111111111000000000000000000000000000000000000000000000000000000000000000000
00000000000000000000000000000000000000000000000000000011111111111111111111111111111111111111111111111111111111111111111111111111111111000000000000000000000000000000000000000000000000000000000000000000
00000000000000000000000000000000000000000000000000000011111111111111111111111111111111111111111111111111111111111111111111111111111111000000000000000000000000000000000000000000000000000000000000000000
00000000000000000000000000000000000000000000000000000011111111111111111111111111111111111111111111111111111111111111111111111111111111000000000000000000000000000000000000000000000000000000000000000000
00000000000000000000000000000000000000000000000000000011111111111111111111111111111111111111111111111111111111111111111111111111111111000000000000000000000000000000000000000000000000000000000000000000
00000000000000000000000000000000000000000000000000000011111111111111111111111111111111111111111111111111111111111111111111111111111111000000000000000000000000000000000000000000000000000000000000000000
00000000000000000000000000000000000000000000000000000011111111111111111111111111111111111111111111111111111111111111111111111111111111000000000000000000000000000000000000000000000000000000000000000000
00000000000000000000000000000000000000000000000000000011111111111111111111111111111111111111111111111111111111111111111111111111111111000000000000000000000000000000000000000000000000000000000000000000
00000000000000000000000000000000000000000000000000000011111111111111111111111111111111111111111111111111111111111111111111111111111111000000000000000000000000000000000000000000000000000000000000000000
00000000000000000000000000000000000000000000000000000011111111111111111111111111111111111111111111111111111111111111111111111111111111000000000000000000000000000000000000000000000000000000000000000000
00000000000000000000000000000000000000000000000000000011111111111111111111111111111111111111111111111111111111111111111111111111111111000000000000000000000000000000000000000000000000000000000000000000
00000000000000000000000000000000000000000000000000000011111111111111111111111111111111111111111111111111111111111111111111111111111111000000000000000000000000000000000000000000000000000000000000000000
00000000000000000000000000000000000000000000000000000011111111111111111111111111111111111111111111111111111111111111111111111111111111000000000000000000000000000000000000000000000000000000000000000000
00000000000000000000000000000000000000000000000000000011111111111111111111111111111111111111111111111111111111111111111111111111111111000000000000000000000000000000000000000000000000000000000000000000
00000000000000000000000000000000000000000000000000000011111111111111111111111111111111111111111111111111111111111111111111111111111111000000000000000000000000000000000000000000000000000000000000000000
00000000000000000000000000000000000000000000000000000011111111111111111111111111111111111111111111111111111111111111111111111111111111000000000000000000000000000000000000000000000000000000000000000000
00000000000000000000000000000000000000000000000000000011111111111111111111111111111111111111111111111111111111111111111111111111111111000000000000000000000000000000000000000000000000000000000000000000
00000000000000000000000000000000000000000000000000000011111111111111111111111111111111111111111111111111111111111111111111111111111111000000000000000000000000000000000000000000000000000000000000000000
00000000000000000000000000000000000000000000000000000011111111111111111111111111111111111111111111111111111111111111111111111111111111000000000000000000000000000000000000000000000000000000000000000000
00000000000000000000000000000000000000000000000000000011111111111111111111111111111111111111111111111111111111111111111111111111111111000000000000000000000000000000000000000000000000000000000000000000
00000000000000000000000000000000000000000000000000000011111111111111111111111111111111111111111111111111111111111111111111111111111111000000000000000000000000000000000000000000000000000000000000000000
00000000000000000000000000000000000000000000000000000011111111111111111111111111111111111111111111111111111111111111111111111111111111000000000000000000000000000000000000000000000000000000000000000000
00000000000000000000000000000000000000000000000000000011111111111111111111111111111111111111111111111111111111111111111111111111111111000000000000000000000000000000000000000000000000000000000000000000
00000000000000000000000000000000000000000000000000000011111111111111111111111111111111111111111111111111111111111111111111111111111111000000000000000000000000000000000000000000000000000000000000000000
00000000000000000000000000000000000000000000000000000011111111111111111111111111111111111111111111111111111111111111111111111111111111000000000000000000000000000000000000000000000000000000000000000000
00000000000000000000000000000000000000000000000000000011111111111111111111111111111111111111111111111111111111111111111111111111111111000000000000000000000000000000000000000000000000000000000000000000
00000000000000000000000000000000000000000000000000000011111111111111111111111111111111111111111111111111111111111111111111111111111111000000000000000000000000000000000000000000000000000000000000000000
00000000000000000000000000000000000000000000000000000011111111111111111111111111111111111111111111111111111111111111111111111111111111000000000000000000000000000000000000000000000000000000000000000000
00000000000000000000000000000000000000000000000000000011111111111111111111111111111111111111111111111111111111111111111111111111111111000000000000000000000000000000000000000000000000000000000000000000
00000000000000000000000000000000000000000000000000000011111111111111111111111111111111111111111111111111111111111111111111111111111111000000000000000000000000000000000000000000000000000000000000000000
00000000000000000000000000000000000000000000000000000011111111111111111111111111111111111111111111111111111111111111111111111111111111000000000000000000000000000000000000000000000000000000000000000000
00000000000000000000000000000000000000000000000000000000000000000000000000000000000000000000000000000000000000000000000000000000000000000000000000000000000000000000000000000000000000000000000000000000
00000000000000000000000000000000000000000000000000000000000000000000000000000000000000000000000000000000000000000000000000000000000000000000000000000000000000000000000000000000000000000000000000000000
00000000000000000000000000000000000000000000000000000000000000000000000000000000000000000000000000000000000000000000000000000000000000000000000000000000000000000000000000000000000000000000000000000000
00000000000000000000000000000000000000000000000000000000000000000000000000000000000000000000000000000000000000000000000000000000000000000000000000000000000000000000000000000000000000000000000000000000
00000000000000000000000000000000000000000000000000000000000000000000000000000000000000000000000000000000000000000000000000000000000000000000000000000000000000000000000000000000000000000000000000000000
00000000000000000000000000000000000000000000000000000000000000000000000000000000000000000000000000000000000000000000000000000000000000000000000000000000000000000000000000000000000000000000000000000000

