00000000000000000000000000000000000000000000000000000000000000000000000011111111111001111111111100000000000000000000000000000000000000000000000000000000000000000000000000000000000000011111111111100000
00000000000000000000000000000000000000000000000000000000000000000000000012111311121001211131112100000000000000000000000000000000000000000000000000000000000000000001111111111000000000011111111111100000
00000000000000000000000000000000000000000000000000000000000000000000000011211111211001121111121100000000000000000000000000000000000000000000000000000000000000000001311112111000000000011111111111100000
00000000000000000000000000000000000000000000000000000000000000000000000011121112111001112111211100000000000000000000000000000000000000000000000000000000000000000001111211111000000000011313131313100000
00000000000000000000000000000000000000000000000000000000000000000000000011112121111001111212111100000000000000000000000000000000000000000000000000000000000000000001111112111000000000012121212121100000
00000000000000000000000000000000000000000000000000000000000000000000000014111211131001311121114100000000000000000000000000000000000000000000000000000000000000000001111111111000000000011111111111100000
00000000000000000000000000000000000000000000000000000000000000000000000011112121111001111212111100000000000000000000000000000000000000000000000000000000000000000001211111211000000000012121212121100000
00000000000000000000000000000000000000000000000000000000000000000000000011121112111001112111211100000000000000000000000000000000000000000000000000000000000000000001112111111000000000011212121212100000
00000000000000000000000000000000000000000000000000000000000000000000000011211111211001121111121100000000000000000000000000000000000000000000000000000000000000000001121121111000000000012121212121100000
00000000000000000000000000000000000000000000000000000000000000000000000012111411121001211141112100000000000000000000000000000000000000000000000000000000000000000002111211411000000000011111111111100000
00000000000000000000000000000000000000000000000000000000000000000000000011111111111001111111111100000000000000000000000000000000000000000000000000000000000000000001111111111000000000012121212121100000
00000000000000000000000000000000000000000000000000000000000000000000000000000000000000000000000000000000000000000000000000000000000000000000000000000000000000000000000000000000000000011212121212100000
00000000000000000000000000000000000000000000000000000011111111111111111111111111111111111111111111111111111111111111111111111111111111000000000000000000000000000000000000000000000000012121212121100000
00000000000000000000000000000000000000000000000000000011111111111111111111111111111111111111111111111111111111111111111111111111111111000000000000000111111111111100000000000000000000011111111111100000
00000000000000000000000000000000000000000000000000000011111111111111111111111111111111111111111111111111111111111111111111111111111111000000000000000111111111111100000000000000000000012121212121100000
00000000000000000000000000000000000000000000000000000011111111111111111111111111111111111111111111111111111111111111111111111111111111000000000000000111111111111100000000000000000000011212121212100000
00000000000000000000000000000000000000000000000000000011111111111111111111111111111111111111111111111111111111111111111111111111111111000000000000000113131313131100000000000000000000012121212121100000
00000000000000000000000000000000000000000000000000000011111111111111111111111111111111111111111111111111111111111111111111111111111111000000000000000111111111111100000000000000000000011111111111100000
00000000000000000000000000000000000000000000000000000011111111111111111111111111111111111111111111111111111111111111111111111111111111000000000000000111111111111100000000000000000000012121212121100000
00000000000000000000000000000000000000000000000000000011111111111111111111111111111111111111111111111111111111111111111111111111111111000000000000000111111111111100000000000000000000011212121212100000
00000000000000000000000000000000000000000000000000000011111111111111111111111111111111111111111111111111111111111111111111111111111111000000000000000112121212121100000000000000000000012121212121100000
00000000000000000000000000000000000000000000000000000011111111111111111111111111111111111111111111111111111111111111111111111111111111000000000000000111111111111100000000000000000000011111111111100000
00000000000000000000000000000000000000000000000000000011111111111111111111111111111111111111111111111111111111111111111111111111111111000000000000000111111111111100000000000000000000012121212121100000
00000000000000000000000000000000000000000000000000000011111111111111111111111111111111111111111111111111111111111111111111111111111111000000000000000111111111111100000000000000000000011212121212100000
00000000000000000000000000000000000000000000000000000011111111111111111111111111111111111111111111111111111111111111111111111111111111000000000000000112121212121100000000000000000000012121212121100000
00000000000000000000000000000000000000000000000000000011111111111111111111111111111111111111111111111111111111111111111111111111111111000000000000000111111111111100000000000000000000011111111111100000
00000000000000000000000000000000000000000000000000000011111111111111111111111111111111111111111111111111111111111111111111111111111111000000000000000111111111111100000000000000000000012121212121100000
00000000000000000000000000000000000000000000000000000011111111111111111111111111111111111111111111111111111111111111111111111111111111000000000000000111111111111100000000000000000000011212121212100000
00000000000000000000000000000000000000000000000000000011111111111111111111111111111111111111111111111111111111111111111111111111111111000000000000000112121212121100000000000000000000012121212121100000
00000000000000000000000000000000000000000000000000000011111111111111111111111111111111111111111111111111111111111111111111111111111111000000000000000111111111111100000000000000000000011111111111100000
00000000000000000000000000000000000000000000000000000011111111111111111111111111111111111111111111111111111111111111111111111111111111000000000000000111111111111100000000000000000000012121212121100000
00000000000000000000000000000000000000000000000000000011111111111111111111111111111111111111111111111111111111111111111111111111111111000000000000000111111111111100000000000000000000011111111111100000
00000000000000000000000000000000000000000000000000000011111111111111111111111111111111111111111111111111111111111111111111111111111111000000000000000112121212121100000000000000000000011111111111100000
00000000000000000000000000000000000000000000000000000011111111111111111111111111111111111111111111111111111111111111111111111111111111000000000000000111111111111100000000000000000000011111111111100000
00000000000000000000000000000000000000000000000000000011111111111111111111111111111111111111111111111111111111111111111111111111111111000000000000000111111111111100000000000000000000011111111111100000
00000000000000000000000000000000000000000000000000000011111111111111111111111111111111111111111111111111111111111111111111111111111111000000000000000111111111111100000000000000000000012222222222100000
00000000000000000000000000000000000000000000000000000011111111111111111111111111111111111111111111111111111111111111111111111111111111000000000000000112121212121100000000000000000000011111111111100000
00000000000000000000000000000000000000000000000000000011111111111111111111111111111111111111111111111111111111111111111111111111111111000000000000000111111111111100000000000000000000012222222222100000
00000000000000000000000000000000000000000000000000000011111111111111111111111111111111111111111111111111111111111111111111111111111111000000000000000111111111111100000000000000000000011111111111100000
00000000000000000000000000000000000000000000000000000011111111111111111111111111111111111111111111111111111111111111111111111111111111000000000000000111111111111100000000000000000000012222222222100000
00000000000000000000000000000000000000000000000000000011111111111111111111111111111111111111111111111111111111111111111111111111111111000000000000000112121212121100000000000000000000011111111111100000
00000000000000000000000000000000000000000000000000000011111111111111111111111111111111111111111111111111111111111111111111111111111111000000000000000111111111111100000000000000000000012222222222100000
00000000000000000000000000000000000000000000000000000011111111111111111111111111111111111111111111111111111111111111111111111111111111000000000000000111111111111100000000000000000000011111111111100000
00001111111111111111111111111111111111111111111110000011111111111111111111111111111111111111111111111111111111111111111111111111111111000000000000000111111111111100000000000000000000011111111111100000
00001211211111111111111111111111111111311211111110000011111111111111111111111111111111111111111111111111111111111111111111111111111111000000000000000112121212121100000000000000000000011111111111100000
00001121211311211113112111111111111111113112111110000011111111111111111111111111111111111111111111111111111111111111111111111111111111000000000000000111111111111100000000000000000000000000000000000000
00001211211113112111112114131121111111111111111110000011111111111111111111111111111111111111111111111111111111111111111111111111111111000000000000000111111111111100000000000000000000000000000000000000
00001121121211111111111111111111111111111111111110000011111111111111111111111111111111111111111111111111111111111111111111111111111111000000000000000111111111111100000000000000000000000000000000000000
00001111121211111111111111111111111111111111111110000011111111111111111111111111111111111111111111111111111111111111111111111111111111000000000000000112121212121100000000000000000000000000000000000000
00001112111212111111111111111111111111111111111110000011111111111111111111111111111111111111111111111111111111111111111111111111111111000000000000000111111111111100000000000000000000000000000000000000
00001111111211211111211411111111111111113112111110000011111111111111111111111111111111111111111111111111111111111111111111111111111111000000000000000111111111111100000000000000000000000000000000000000
00001211411121111111111131121111111111111111111110000011111111111111111111111111111111111111111111111111111111111111111111111111111111000000000000000111111111111100000000000000000000000000000000000000
00001111111112312121141111111111111111311214111110000011111111111111111111111111111111111111111111111111111111111111111111111111111111000000000000000112121212121100000000000000000000000000000000000000
00001111111111211111111111111111111111111111111110000011111111111111111111111111111111111111111111111111111111111111111111111111111111000000000000000111111111111100000000000000000000000000000000000000
00001311211111121121111111111111111111111111311210000011111111111111111111111111111111111111111111111111111111111111111111111111111111000000000000000111111111111100000000000000000000000000000000000000
00001111131121112112111111111111111112114111111110000011111111111111111111111111111111111111111111111111111111111111111111111111111111000000000000000111111111111100000000000000000000000000000000000000
00001111111111111211211111113112111111111111311210000011111111111111111111111111111111111111111111111111111111111111111111111111111111000000000000000112121212121100000000000000000000000000000000000000
00001111111111113121111111111111111111131121111110000011111111111111111111111111111111111111111111111111111111111111111111111111111111000000000000000111111111111100000000000000000000000000000000000000
00001111111111311212111111111111211411111111111110000011111111111111111111111111111111111111111111111111111111111111111111111111111111000000000000000111111111111100000000000000000000000000000000000000
00001111111111112111121111111111111111113112111110000011111111111111111111111111111111111111111111111111111111111111111111111111111111000000000000000111111111111100000000000000000000000000000000000000
00001111111111111112112111111111111111111131131120000011111111111111111111111111111111111111111111111111111111111111111111111111111111000000000000000112121212121100000000000000000000000000000000000000
00001111111111111111112111131121111111111111111110000011111111111111111111111111111111111111111111111111111111111111111111111111111111000000000000000111111111111100000000000000000000000000000000000000
00001111311211111111211121111111111111111111111110000011111111111111111111111111111111111111111111111111111111111111111111111111111111000000000000000111111111111100000000000000000000000000000000000000
00001111111111111111211112111111111111111111111110000011111111111111111111111111111111111111111111111111111111111111111111111111111111000000000000000111111111111100000000000000000000000000000000000000
00001111111111211411111211211111111111111111111110000011111111111111111111111111111111111111111111111111111111111111111111111111111111000000000000000112121212121100000000000000000000000000000000000000
00001111111111111111131121211111111211411111111110000011111111111111111111111111111111111111111111111111111111111111111111111111111111000000000000000111111111111100000000000000000000000000000000000000
00001111111111111111113112121111111121141111111110000011111111111111111111111111111111111111111111111111111111111111111111111111111111000000000000000111111111111100000000000000000000000000000000000000
00001111111111111111111113121111111131121111111110000011111111111111111111111111111111111111111111111111111111111111111111111111111111000000000000000111111111111100000000000000000000000000000000000000
00001111111111111111111111131211111111311211111110000011111111111111111111111111111111111111111111111111111111111111111111111111111111000000000000000112121212121100000000000000000000000000000000000000
00001111111111111111131121111211411111111111111110000011111111111111111111111111111111111111111111111111111111111111111111111111111111000000000000000111111111111100000000000000000000000000000000000000
00001111111111111111131121111211411111111111111110000011111111111111111111111111111111111111111111111111111111111111111111111111111111000000000000000111111111111100000000000000000000000000000000000000
00001111111111111111111311211112114111111111111110000011111111111111111111111111111111111111111111111111111111111111111111111111111111000000000000000111111111111100000000000000000000000000000000000000
00001111111111111111111111211121111111111111111110000011111111111111111111111111111111111111111111111111111111111111111111111111111111000000000000000112121212121100000000000000000000000000000000000000
00001113112111111111111111111121111111111111111110000011111111111111111111111111111111111111111111111111111111111111111111111111111111000000000000000111111111111100000000000000000000000000000000000000
00001311211111111111111131121211211111111111111110000011111111111111111111111111111111111111111111111111111111111111111111111111111111000000000000000111111111111100000000000000000000000000000000000000
00001111111111111111311211111111211211111111131120000011111111111111111111111111111111111111111111111111111111111111111111111111111111000000000000000111111111111100000000000000000000000000000000000000
00001111111111111111111111111121112111111111111110000011111111111111111111111111111111111111111111111111111111111111111111111111111111000000000000000112121212121100000000000000000000000000000000000000
00001111111111111111111111111111112112111111111110000011111111111111111111111111111111111111111111111111111111111111111111111111111111000000000000000111111111111100000000000000000000000000000000000000
00001111311211111111131121111111121121111111111110000011111111111111111111111111111111111111111111111111111111111111111111111111111111000000000000000111111111111100000000000000000000000000000000000000
00001111111111111111111111111111111121111111111110000011111111111111111111111111111111111111111111111111111111111111111111111111111111000000000000000111111111111100000000000000000000000000000000000000
00001111111111111111111111111111211111211211111110000011111111111111111111111111111111111111111111111111111111111111111111111111111111000000000000000112121212121100000000000000000000000000000000000000
00001113112111111111111111111111111111211111111110000011111111111111111111111111111111111111111111111111111111111111111111111111111111000000000000000111111111111100000000000000000000000000000000000000
00001111111111111111111111131121111111121121111110000011111111111111111111111111111111111111111111111111111111111111111111111111111111000000000000000111111111111100000000000000000000000000000000000000
00001411111111111111111111111111111111112111121210000011111111111111111111111111111111111111111111111111111111111111111111111111111111000000000000000111111111111100000000000000000000000000000000000000
00001111111111111111111111111111111111111211111110000011111111111111111111111111111111111111111111111111111111111111111111111111111111000000000000000112121212121100000000000000000000000000000000000000
00001111111111111111111111111111111112114121121210000011111111111111111111111111111111111111111111111111111111111111111111111111111111000000000000000111111111111100000000000000000000000000000000000000
00001111111111111111111111111111111111111112111110000011111111111111111111111111111111111111111111111111111111111111111111111111111111000000000000000111111111111100000000000000000000000000000000000000
00000000000000000000000000000000000000000000000000000011111111111111111111111111111111111111111111111111111111111111111111111111111111000000000000000111111111111100000000000000000000000000000000000000
00000000000000000000000000000000000000000000000000000011111111111111111111111111111111111111111111111111111111111111111111111111111111000000000000000112121212121100000000000000000000000000000000000000
00000000000000000000000000000000000000000000000000000011111111111111111111111111111111111111111111111111111111111111111111111111111111000000000000000111111111111100000000000000000000000000000000000000
00000000000000000000000000000000000000000000000000000011111111111111111111111111111111111111111111111111111111111111111111111111111111000000000000000111111111111100000000000000000000000000000000000000
00000000000000000000000000000000000000000000000000000011111111111111111111111111111111111111111111111111111111111111111111111111111111000000000000000111111111111100000000000000000000000000000000000000
00000000000000000000000000000000000000000000000000000000000000000111111111111111111111111111111111111111111110000000000000000011111111111111111111000112121212121100000001111111111111111111100000000000
00000000000000000000000000000000000000000000000000000000000000000111411111111311111111111111111113112111121210000000000000000011111111111111111111000111111111111100000001111111111111111111100000000000
00000000000000000000000000000000000000000000000000000000000000000111111111111111111111111111111111111111212110000000000000000011111111111111111111000111111111111100000001111111111111111111100000000000
00012111111110000000000000000000000000000000000000000000000011111111113111111131111111111111111111111121111110000000000000000011111111111111112111000111111111111100000001111111111111111211100000000000
00011112111310000000011111000000000000000000000000000000000011111111111113111211111111111311111112114111122210000000000000000011111111111111121111000112121212121100000001111111111111112111100000000000
00011211111110000000011111000000000000000000000000000000000011111111111111111111111111111111111131111112211110000000000000000011111111111111212111000111111111111100000001111111111111121211100000000000
00011121111110000000011111000000000000000000000000000000000011311111112111111121111111111111111111111111111110000000000000000011111111111112121111000111111111111100000001111111111111212111100000000000
00012111112110000000011311000000000000000000000000000000000011111111111112111111111111111211111111111222213110000000000000000011111111111121212111000111111111111100000001111111111112121211100000000000
00011211111110000000011111000000000000000000000000000000000011111111111111111111111111111111111121112111111110000000000000000011111111111212121111000112121212121100000001111111111121212111100000000000
00011111121210000000011111000000000000000000000000000000000011111111111111111111111111111111111111121121131110000000000000000011111111112121212111000111111111111100000001111111111212121211100000000000
00014112111110000000011111000000000000000000000000000000000011211111111111111111111111121111131111231211112110000000000000000011111111121212121111000111111111111100000001111111112121212111100000000000
00011111111110000000011211000000000000000000000000000000000011111111111111111111111111111111111112111111111110000000000000000011111111212121212111000111111111111100000001111111121212121211100000000000
00011111111110000000011111111111111111111111111111111111000011111111111111111111111111111111213121121111121110000000000000000011111112121212121111000112121212121100000001111111212121212111100000000000
00000000000000000000011111111212121212121212121212121211000011111111111111111111111111141111121211111111111110000000000000000011111121212121212111000111111111111100000001111112121212121211100000000000
00000000000000000000011111111111111111111111111111111111000011211111111111111111111111111111112112121111111110000000000000000011111212121212121111000111111111111100000001111121212121212111100000000000
00000000000000000000011211111211111111111111111111111121000011111111111111111111111111111112121121111111113110000000000000000011112121212121212111000111111111111100000001111212121212121211100000000000
00000000000000000000011111111111212121212121212121214111000011111111111111113111111111112211111211111211111110000000000000000011121212121212121111000112121212121100000001112121212121212111100000000000
00000000000000000000011111111212121211111111111212111121000011111111111113111111133111311111211111141111111110000000000000000011112121212121212111000111111111111100000001111212121212121211100000000000
00000000000000000000011111111111111111111111111111112111000011211111111111111111111113111122111111111111122110000000000000000011121212121212121111000111111111111100000001112121212121212111100000000000
00000000000000000000011211111211121211111111111212111121000011111111111111112111311111121111111111111411111110000000000000000011112121212121212111000111111111111100000001111212121212121211100000000000
00000000000000000000011111111111111111111111111111112111000011111111111112111311122111211211111111113111111110000000000000000011121212121212121111000112121212121100000001112121212121212111100000000000
00000000000000000000011111111212121211111111111212111121000011111111111111111111111132112111111111111111141110000000000000000011112121212121212111000111111111111100000001111212121212121211100000000000
00000000000000000000011111111111111111111111111111112111000011211111111111111112211111221111111111111111111110000000000000000011121212121212121111000111111111111100000001112121212121212111100000000000
00000000000000000000011211111211121211111111111212111121000011111111131111111211111322111131111111112111131110000000000000000011112121212121211111000111111111111100000001111212121212121111100000000000
00000000000000000000011111111111111111111111111111112111000011111111111111111111111111111111111311111111111110000000000000000011121212121212111111000112121212121100000001112121212121211111100000000000
00000000000000000000011111111211121211111111111212111121000011111111111111111211122211111111111111111111111110000000000000000011112121212121111111000111111111111100000001111212121212111111100000000000
00000000000000000000011111111111111111212121211111112111000011211111121111121122111111111121111111111111121110000000000000000011121212121211111111000111111111111100000001112121212121111111100000000000
00000000000000000000011211111212121211111111111212111121000011111111111111111111211111111111111211111111111110000000000000000011112121212111111111000111111111111100000001111212121211111111100000000000
00000000000000000000011111111111111111211111211111112111000011111111111211112211144111111111121111111111111110000000000000000011121212121111111111000114141414141100000001112121212111111111100000000000
00000000000000000000011111111212121211111111111212111121000011111111111112111111111111111111111111111111111110000000000000000011112121211111111111000111111111111100000001111212121111111111100000000000
00000000000000000000011111111111111111211111211111112111000011211111111111221111411111111111111111111111111110000000000000000011121212111111111111000111111111111100000001112121211111111111100000000000
00000000000000000000011211111212121211111111111212111121000011111111111111112111111111211111141111111111111110000000000000000011112121111111111111000111111111111100000001111212111111111111100000000000
00000000000000000000011111111111111111211111211111112111000011111111111122111111111132111111111111111111111110000000000000000011121211111111111111000000000000000000000001112121111111111111100000000000
00000000000000000000011111111212121211111111111212111121000011111121111111211111111111111111111121111111111110000000000000000011112111111111111111000000000000000000000001111211111111111111100000000000
00000000000000000000011111111111111111211111211111112111000011211111112211111111111311411111111111131111111310000000000000000011121111111111111111000000000000000000000001112111111111111111100000000000
00000000000000000000011211111212121211111111111212111121000011111111121111111111111124111111113111111111111110000000000000000011111111111111111111000000000000000000000001111111111111111111100000000000
00000000000000000000011111111111111111211111211111112111000011111141211111111111111111111111311141111311113110000000000000000011111111111111111111000000000000000000000001111111111111111111100000000000
00000000000000000000011111111212121211111111111212111121000011111112111211111111111211111111111111121111111210000000000000000011111111111111111111000000000000000000000001111111111111111111100000000000
00000000000000000000011111111111111111211111211111112111000011211121121111111111111111111113112111111111111110000000000000000011111111111111111111000000000000000000000001111111111111111111100000000000
00000000000000000000011211111112121211111111111212111121000011111211111111111111111111111111211111141211112110000000000000000011111111111111111111000000000000000000000001111111111111111111100000000000
00000000000000000000011111111211111111211111211111112111000011111111111111111111111111111111111313111111111110000000000000000011111111111111111111000000000000000000000001111111111111111111100000000000
00000000000000000000011111111112121211111111111212111121000011111121211111113111111111111113111111111111111110000000000000000011111111111111112111000000000000000000000001111111111111111211100000000000
00000000000000000000011111111211111111211111211111112111000011211111111111111111111111111111111111111111111110000000000000000011131121211111111111000000000000000000000001113112121111111111100000000000
00000000000000000000011211111112121211111111111212111121000011111121211111111111111111111111111212111111111110000000000000000011112111111212121111000000000000000000000001111211111121212111100000000000
00000000000000000000011111111211111111211111211111112111000011111111111111112111111111111112111111111111111110000000000000000011111111111111212111000000000000000000000001111111111111121211100000000000
00000000000000000000011111111112121211111111111212111121000011111000000000000000000000000000000000000000000000000000000000000011111111111111121111000000000000000000000001111111111111112111100000000000
00000000000000000000011111111211111111212121211111112111000011211000000000000000000000000000000000000000000000000000000000000011111211122112212111000000000000000000000001111121112211221211100000000000
00000000000000000000011211111112121211111111111212111121000011111000000000000000000000000111111111111111111111111111111000000011141111211111112111000000000000000000000001114111121111111211100000000000
00000000000000000000011111111211111111111111111111112111000011111000000000000000000000000111212121212121212121212121211000000011111111111211111111000000000000000000000001111111111121111111100000000000
00000000000000000000011111111112121211111111111212111121000011111000000000000000000000000111111111111111111111111111111000000011111121111111111111000000000000000000000001111112111111111111100000000000
00000000000000000000011111111211111111111111111111112111000011211000000000000000000000000111211111111111111111111111121000000011111111111111111111000000000000000000000001111111111111111111100000000000
00000000000000000000011211111112121211111111111212111121000011111000000000000000000000000111111212121212121212121214111000000011151111221111111111000000000000000000000001115111122111111111100000000000
00000000000000000000011111111211111111111111111111112111000011111000000000000000000000000111212121211111111111212111121000000011111111111211111111000000000000000000000001111111111121111111100000000000
00000000000000000000011111111112121211111111111212111121000011111000000000000000000000000111111111111111111111111112111000000011111111111111111111000000000000000000000001111111111111111111100000000000
00000000000000000000011111111211111111111111111111112111000011211000000000000000000000000111211121211111111111212111121000000011111111111111111111000000000000000000000001111111111111111111100000000000
00000000000000000000011211111111121211111111111212111121000011111000000000000000000000000111111111111111111111111112111000000011111111111111111111000000000000000000000001111111111111111111100000000000
00000000000000000000011111111211212121212121212121212111000011111000000000000000000000000111212121211111111111212111121000000011111111111111111111000000000000000000000001111111111111111111100000000000
00000000000000000000011111111111111111111111111111111121000011111000000000000000000000000111111111111111111111111112111000000011111111111111111111000000000000000000000001111111111111111111100000000000
00000000000000000000011111111112121212121212121212121211000011211000000000000000000000000111211121211111111111212111121000000011111111111111111111000000000000000000000001111111111111111111100000000000
00000000000000000000011211111111111111111111111111111111000011111000000000000000000000000111111111111111111111111112111000000011111111111111111111000000000000000000000001111111111111111111100000000000
00000000000000000000011111111111111111111111111111111111000011111000000000000000000000000111211121211111111111212111121000000011111111111111111111000000000000000000000001111111111111111111100000000000
00000000000000000000011111000000000000000000000000000000000011111000000000000000000000000111111111111212121211111112111000000011111111111111111111000000000000000000000001111111111111111111100000000000
00000000000000000000011111000000000000000000000000000000000011211000000000000000000000000111212121211111111111212111121000000011111111111111111111000000000000000000000001111111111111111111100000000000
00000000000000000000011211000000000000000000000000000000000011111000000000000000000000000111111111111211111211111112111000000011111111111111111111000000000000000000000001111111111111111111100000000000
00000000000000000000011111000000000000000000000000000000000011111000000000000000000000000111212121211111111111212111121000000011111111111111112111000000000000000000000001111111111111111211100000000000
00000000000000000000011111000000000000000000000000000000000011111000000000000000000000000111111111111211111211111112111000000011111111111111121111000000000000000000000001111111111111112111100000000000
00000000000000000000011111000000000000000000000000000000000011211000000000000000000000000111212121211111111111212111121000000011111111111111212111000000000000000000000001111111111111121211100000000000
00000000000000000000011211000000000000000000000000000000000011111000000000000000000000000111111111111211111211111112111000000011111111111112121111000000000000000000000001111111111111212111100000000000
00000000000000000000011111000000000000000000000000000000000011111000000000000000000000000111212121211111111111212111121000000011111111111121212111000000000000000000000001111111111112121211100000000000
00000000000000000000011111000000000000000000000000000000000011111000000000000000000000000111111111111211111211111112111000000011111111111212121111000000000000000000000001111111111121212111100000000000
00000000000000000000011111000000000000000000000000000000000011211000000000000000000000000111212121211111111111212111121000000011111111112121212111000000000000000000000001111111111212121211100000000000
00000000000000000000011211000000000000000000000000000000000011111000000000000000000000000111111111111211111211111112111000000011111111121212121111000000000000000000000001111111112121212111100000000000
00000000000000000000011111000000000000000000000000000000000011111000000000000000000000000111212121211111111111212111121000000011111111212121212111000000000000000000000001111111121212121211100000000000
00000000000000000000011111000000000000000000000000000000000011111000000000000000000000000111111111111211111211111112111000000011111112121212121111000000000000000000000001111111212121212111100000000000
00000000000000000000011111000000000000000000000000000000000011211000000000000000000000000111112121211111111111212111121000000011111121212121212111000000000000000000000001111112121212121211100000000000
00000000000000000000011211000000000000000000000000000000000011111000000000000000000000000111211111111211111211111112111000000011111212121212121111000000000000000000000001111121212121212111100000000000
00000000000000000000011111000000000000000000000000000000000011111000000000000000000000000111112121211111111111212111121000000011112121212121212111000000000000000000000001111212121212121211100000000000
00000000000000000000011111000000000000000000000000000000000011111000000000000000000000000111211111111211111211111112111000000011121212121212121111000000000000000000000001112121212121212111100000000000
00000000000000000000011111000000000000000000000000000000000011211000000000000000000000000111112121211111111111212111121000000011112121212121212111000000000000000000000001111212121212121211100000000000
00000000000000000000011211000000000000000000000000000000000011111000000000000000000000000111211111111211111211111112111000000011121212121212121111000000000000000000000001112121212121212111100000000000
00000000000000000000011111000000000000000000000000000000000011111000000000000000000000000111112121211111111111212111121000000011112121212121212111000000000000000000000001111212121212121211100000000000
00000000000000000000011111000000000000000000000000000000000011111000000000000000000000000111211111111212121211111112111000000011121212121212121111000000000000000000000001112121212121212111100000000000
00000000000000000000011111000000000000000000000000000000000011211000000000000000000000000111112121211111111111212111121000000011112121212121212111000000000000000000000001111212121212121211100000000000
00000000000000000000011211000000000000000000000000000000000011111000000000000000000000000111211111111111111111111112111000000011121212121212121111000000000000000000000001112121212121212111100000000000
00000000000000000000011111000000000000000000000000000000000011111000000000000000000000000111112121211111111111212111121000000011112121212121211111000000000000000000000001111212121212121111100000000000
00000000000000000000011111000000000000000000000000000000000011111000000000000000000000000111211111111111111111111112111000000011121212121212111111000000000000000000000001112121212121211111100000000000
00000000000000000000011111000000000000000000000000000000000011211000000000000000000000000111112121211111111111212111121000000011112121212121111111000000000000000000000001111212121212111111100000000000
00000000000000000000011211000000000000000000000000000000000011111000000000000000000000000111211111111111111111111112111000000011121212121211111111000000000000000000000001112121212121111111100000000000
00000000000000000000011111000000000000000000000000000000000011111000000000000000000000000111112121211111111111212111121000000011112121212111111111000000000000000000000001111212121211111111100000000000
00000000000000000000011111000000000000000000000000000000000011111000000000000000000000000111211111111111111111111112111000000011121212121111111111000000000000000000000001112121212111111111100000000000
00000000000000000000011111000000000000000000000000000000000011211000000000000000000000000111111121211111111111212111121000000011112121211111111111000000000000000000000001111212121111111111100000000000
00000000000000000000011211000000000000000000000000000000000011111000000000000000000000000111211212121212121212121212111000000011121212111111111111000000000000000000000001112121211111111111100000000000
00000000000000000000011111000000000000000000000000000000000011111000000000000000000000000111111111111111111111111111121000000011112121111111111111000000000000000000000001111212111111111111100000000000
00000000000000000000011111000000000000000000000000000000000011111000000000000000000000000111112121212121212121212121211000000011121211111111111111000000000000000000000001112121111111111111100000000000
00000000000000000000011111000000000000000000000000000000000011211000000000000000000000000111111111111111111111111111111000000011112111111111111111000000000000000000000001111211111111111111100000000000
00000000000000000000011211000000000000000000000000000000000011111000000000000000000000000111111111111111111111111111111000000011121111111111111111000000000000000000000001112111111111111111100000000000
00000000000000000000011111000000000000000000000000000000000011111000000000000000000000000000000000000000000000000000000000000011111111111111111111000000000000000000000001111111111111111111100000000000
00000000000000000000011111000000000000000000000000000000000011111000000000000000000000000000000000000000000000000000000000000011111111111111111111000000000000000000000001111111111111111111100000000000
00000000000000000000011111000000000000000000000000000000000011211000000000000000000000000000000000000000000000000000000000000011111111111111111111000000000000000000000001111111111111111111100000000000
00000000000000000000011211000000000000000000000000000000000011111000000000000000000000000000000000000000000000000000000000000011111111111111111111000000000000000000000001111111111111111111100000000000
00000000000000000000011111000000000000000000000000000000000011111000000000000000000000000000000000000000000000000000000000000011111111111111111111000000000000000000000001111111111111111111100000000000
00000000000000000000011111000000000000000000000000000000000011111111111111111111111111111111111111111111111110000000000000000011111111111111111111000000000000000000000001111111111111111111100000000000
00000000000000000000011111001111111111111111111111111110000011211111411111111311111111111111111113112111121210000000000000000011111111111111112111000000000000000000000001111111111111111211100000000000
00000000000000000000011211001111111111111111111111111110000011111111111111111111111111111111111111111111212110000000000000000011131121211111111111000000000000000000000001113112121111111111100000000000
00000000000000000000011111001212121212121212121212121210000011111111113111111131111111111111111111111121111110011111111110000011112111111212121111000000000000000000000001111211111121212111100000000000
00000000000000000000011111001212121212121212121212121210000011111111111113111211111111111311111112114111122210011112111110000011111111111111212111000000000000000000000001111111111111121211111111110000
00000000000000000000011111001121212121212121212121212110000011211111111111111111111111111111111131111112211110011211112110000011111111111111121111000000011111000000000001111111111111112111111121110000
00000000000000000000011211001121212121212121212121212110000011111111112111111121111111111111111111111111111110011121111110000011111211122112212111000000011111000000000001111121112211221211111212110000
00000000000000000000011111001212121212121212121212121210000011111111111112111111111111111211111111111222213110012111121110000011141111211111112111000000011211000000000001114111121111111211112121210000
00000000000000000000011111001212121212121212121212121210000011111111111111111111111111111111111121112111111110011111111110000011111111111211111111000000011111000000000001111111111121111111111212110000
00000000000000000000011111001121212121212121212121212110000011411111111111111111111111111111111111121121131110011111111210000011111121111111111111000000011111000000000001111112111111111111111121110000
00000000000000000000011411001121212121212121212121212110000011111111111111111111111111121111131111231211112110011212111110000011111111111111111111000000000000000000000001111111111111111111111111110000
00000000000000000000011111001212121212121212121212121210000011111111111111111111111111111111111112111111111110011111111110000011151111221111111111000111111100000000000001115111122111111111100000000000
00000000000000000000011111001212121212121212121212121210000011111111111111111111111111111111213121121111121110011111111110000011111111111211111111000111211100000000000001111111111121111111100000000000
00000000000000000000011111001111111111111111111111111110000000000111111111111111111111141111121211111111111110000000000000000011111111111111111111000112121100000000000001111111111111111111100000000000
00000000000000000000000000001111111111111111111111111110000000000111111111111111111111111111112112121111111110000000000000000011111111111111111111000121212100000000000001111111111111111111100000000000
00000000000000000000000000001111111111111111111111111110000000000111111111111111111111111112121121111111113110000000000000000011111111111111111111000112121100000000000001111111111111111111100000000000
00000000000000000000000000001111111111111111111111111110000000000111111111113111111111112211111211111211111110000000000000000011111111111111111111000111211100000000000001111111111111111111100000000000
00000000000000000000000000001212121212121212121212121210000000000111111113111111133111311111211111141111111110000000000000000011111111111111111111000111111100000000000001111111111111111111100000000000
00000000001111100000000000001212121212121212121212121210000000000111111111111111111113111122111111111111122110000000000000000011111111111111111111000000000000000000000001111111111111111111100000000000
00000000001111100000111110001121212121212121212121212110000000000111111111112111311111121111111111111411111110000000000000000011111111111111111111000000000000000000000001111111111111111111100000000000
00000000001121100000111110001121212121212121212121212110000000000111111112111311122111211211111111113111111110000000000000000011111111111111111111000000000000000000000001111111111111111111100000000000
00000000001111100000112110001212121212121212121212121210000000000111111111111111111132112111111111111111141110000000011111111111111111111111000000000000000000000000000000000111110000000000000000000000
00000000001111100000111110001212121212121212121212121210000000000111111111111112211111221111111111111111111110000000011111111111111111111111000000000000111110000000000000000111110000000000000000000000
00000000001413100000111110001121212121212121212121212110000000000111131111111211111322111131111111112111131110000000011111111111111111111111000000000000111110000000000000000111110000000000000000000000
00000000001111100000141310001121212121212121212121212110000000000111111111111111111111111111111311111111111110000000011121212121212121212111000000000000111110000000000000000113110000000000000000000000
00000000001111100000111110001212121212121212121212121210000000000111111111111211122211111111111111111111111110000000011121212121212121212111000000000000113110000000000000000111110000000000000000000000
00000000001121100000111110001212121212121212121212121210000000000111121111121122111111111121111111111111121110000000011121212121212121212111000000000000111110000000000000000111110000000000000000000000
00000000001111100000112110001111111111111111111111111110000000000111111111111111211111111111111211111111111110000000011121212121212121212111000000000000111110000000000000000111110000000000000000000000
00000000001111100000111110001111111111111111111111111110000000000111111211112211144111111111121111111111111110000000011121212121212121212111000000000000111110000000000000000112110000000000000000000000
00000000000000000000111110001111111111111111111111111110000000000111111112111111111111111111111111111111111110000000011121212121212121212111000000000000112110000000000000000111110000000000000000000000
00000000000000000000000000001111111111111111111111111110000000000111111111221111411111111111111111111111111110000000011121212121212121212111000000000000111110000000000000000111110000000000000000000000
00000000000000000000000000001212121212121212121212121210000000000111111111112111111111211111141111111111111110000000011121212121212121212111000000000000111110000000000000000111110000000000000000000000
00000000000000000000000000001212121212121212121212121210000000000111111122111111111132111111111111111111111110000000011121212121212121212111000000000000111110000000000000000112110000000000000000000000
00000000000000000000000000001121212121212121212121212110000000000121111111211111111111111111111121111111111110000000011121212121212121212111000000000000112110000000000000000111110000000000000000000000
00000000000000000000000000001121212121212121212121212110000000000111112211111111111311411111111111131111111310000000011222222222222222222311000000000000111110000000000000000111110000000000000000000000
00000000000000000000000000001212121212121212121212121210000000000111121111111111111124111111113111111111111110000000011121212121212121212111000000000000111110000000000000000111110000000000000000000000
00000000000000000000000000001212121212121212121212121210000000000141211111111111111111111111311141111311113110000000011121212121212121212111000000000000111110000000000000000112110000000000000000000000
00000000000000000000000000001121212121212121212121212110000000000112111211111111111211111111111111121111111210000000011121212121212121212111000000000000112110000000000000000111110000000000000000000000
00000000000000000000000000001121212121212121212121212110000000000121121111111111111111111113112111111111111110000000011121212121212121212111000000000000111110000000000000000111110000000000000000000000
00000000000000000000000000001212121212121212121212121210000000000211111111111111111111111111211111141211112110000000011121212121212121212111000000000000111110000000000000000111110000000000000000000000
00000000000000000000000000001212121212121212121212121210000000000111111111111111111111111111111313111111111110000000011121212121212121212111000000000000111110000000000000000112110000000000000000000000
00000000000000000000000000001111111111111111111111111110000000000121211111113111111111111113111111111111111110000000011121212121212121212111000000000000112110000000000000000111110000000000000000000000
00000000000000000000000000001111111111111111111111111110000000000111111111111111111111111111111111111111111110000000011121212121212121212111000000000000111110000000000000000111110000000000000000000000
00000000000000000000000000001111111111111111111111111110000000000121211111111111111111111111111212111111111110000000011121212121212121212111000000000000111110000000000000000111110000000000000000000000
00000000000000000000000000001111111111111111111111111110000000000111111111112111111111111112111111111111111110000000011121212121212121212111000000000000111110000000000000000112110000000000000000000000
00000000000000000000000000001212121212121212121212121210000000000000000011111111111111111111111111111100000000000000011222222222222222222311000000000000112110000000000000000111110000000000000000000000
00000000000000000000000111111212121212121212121212121210000000000000000011111111111111111111111111111100000000000000011121212121212121212111000000000000111110000000000000000111110000000000000000000000
00000000000000000000000111111121212121212121212121212110000000000000000011111111111111111111111111111100000000000000011121212121212121212111000000000000111110000000000000000111110000000000000000000000
00000000000000000000000112111121212121212121212121212110000000000000000012121121211212112121121211212100000000000000011121212121212121212111000000000000111110000000000000000112110000000000000000000000
00000000000000000000000111111212121212121212121212121210000000000000000011111111111111111111111111111100000000000000011121212121212121212111000000000000112110000000000000000111110000000000000000000000
00000000000000000000000111111212121212121212121212121210000000000000000011111111111111111111111111111100000000000000011121212121212121212111000000000000111110000000000000000111110000000000000000000000
00000000000000000000000141311121212121212121212121212110000000000000000012121121211212112121121211212100000000000000011121212121212121212111000000000000111110000000000000000111110000000000000000000000
00000000000000000000000111111121212121212121212121212110000000000000000011111111111111111111111111111100000000000000011121212121212121212111000000000000111110000000000000000112110000000000000000000000
00000000000000000000000111111212121212121212121212121210000000000000000011111111111111111111111111111100000000000000011121212121212121212111000000000000112110000000000000000111110000000000000000000000
00000000000000000000000112111212121212121212121212121210000000000000000011111111111111111111111111111100000000000000011121212121212121212111000000000000111110000000000000000111110000000000000000000000
00000000000000000000000111111111111111111111111111111110000000000000000011311113111131111311113111131100000000000000011121212121212121212111000000000000111110000000000000000111110000000000000000000000
00000000000000000000000111111111111111111111111111111110000000000000000011111111111111111111111111111100000000000000011222222222222222222311000000000000111110000000000000000112110000000000000000000000
00000000000000000000000000001111111111111111111111111110000000000000000011411114111141111411114111141100000000000000011121212121212121212111000000000000112110000000000000000111110000000000000000000000
00000000000000000000000000001111111111111111111111111110000000000000000011111111111111111111111111111100000000000000011121212121212121212111000000000000111110000000000000000111110000000000000000000000
00000000000000000000000000001212121212121212121212121210000000000000000011111111111111111111111111111100000000000000011121212121212121212111000000000000111110000000000000000111110000000000000000000000
00000000000000000000000000001212121212121212121212121210000000000000000012121121211212112121121211212100000000000000011121212121212121212111000000000000111110000000000000000112110000000000000000000000
00000000000000000000000000001121212121212121212121212110000000000000000011111111111111111111111111111100000000000000011121212121212121212111000000000000112110000000000000000111110000000000000000000000
00000000000000000000000000001121212121212121212121212110000000000000000011111111111111111111111111111100000000000000011121212121212121212111000000000000111110000000000000000111110000000000000000000000
00000000000000000000000000001212121212121212121212121210000000000000000012121121211212112121121211212100000000000000011121212121212121212111000000000000111110000000000000000111110000000000000000000000
00000000000000000000000000001212121212121212121212121210000000000000000011111111111111111111111111111100000000000000011121212121212121212111000000000000111110000000000000000112110000000000000000000000
00000000000000000000000000001121212121212121212121212110000000000000000011111111111111111111111111111100000000000000011121212121212121212111000000000000112110000000000000000111110000000000000000000000
00000000000000000000000000001121212121212121212121212110000000000000000011111111111111111111111111111100000000000000011121212121212121212111000000000000111110000000000000000111110000000000000000000000
00000000000000000000000000001212121212121212121212121210000000000000000011111111111111111111111111111100000000000000011222222222222222222311000000000000111110000000000000000111110000000000000000000000
00000000000000000000000000001212121212121212121212121210000000000000000011111111111111111111111111111100000000000000011121212121212121212111000000000000111110000000000000000112110000000000000000000000
00000000000000000000000000001111111111111111111111111110000000000000000011111111111111111111111111111100000000000000011121212121212121212111000000000000112110000000000000000111110000000000000000000000
00000000000000000000000000001111111111111111111111111110000000000000000012121121211212112121121211212100000000000000011121212121212121212111000000000000111110000000000000000111110000000000000000000000
00000000000000000000000000001212121212121212121212121210000000000000000011111111111111111111111111111100000000000000011121212121212121212111000000000000111110000000000000000111110000000000000000000000
00000000000000000000000000001212121212121212121212121210000000000000000011111111111111111111111111111100000000000000011121212121212121212111000000000000111110000000000000000112110000000000000000000000
00000000000000000000000000001121212121212121212121212110000000000000000012121121211212112121121211212100000000000000011121212121212121212111000000000000112110000000000000000111110000000000000000000000
00000000000000000000000000001121212121212121212121212110000000000000000011111111111111111111111111111100000000000000011121212121212121212111000000000000111110000000000000000111110000000000000000000000
00000000000000000000000000001212121212121212121212121210000000000000000011111111111111111111111111111100000000000000011121212121212121212111000000000000111110000000000000000111110000000000000000000000
00000000000000000000000000001212121212121212121212121210000000000000000011111111111111111111111111111100000000000000011121212121212121212111000000000000111110000000000000000112110000000000000000000000
00000000000000000000000000001121212121212121212121212110000000000000000011311113111131111311113111131100000000000000011121212121212121212111000000000000112110000000000000000111110000000000000000000000
00000000000000000000000000001121212121212121212121212110000000000000000011111111111111111111111111111100000000000000011222222222222222222311000000000000111110000000000000000111110000000000000000000000
00000000000000000000000000001212121212121212121212121210000000000000000011411114111141111411114111141100000000000000011121212121212121212111000000000000111110000000000000000111110000000000000000000000
00000000000000000000000000001212121212121212121212121210000000000000000011111111111111111111111111111100000000000000011121212121212121212111000000000000111110000000000000000112110000000000000000000000
00000000000000000000000000001111111111111111111111111110000000000000000011111111111111111111111111111100000000000000011121212121212121212111000000000000112110000000000000000111110000000000000000000000
00000000000000000000000000001111111111111111111111111110000000000000000012121121211212112121121211212100000000000000011121212121212121212111000000000000111110000000000000000111110000000000000000000000
00000000000000000000000000001212121212121212121212121210000000000000000011111111111111111111111111111100000000000000011121212121212121212111000000000000111110000000000000000111110000000000000000000000
00000000000000000000000000001212121212121212121212121210000000000000000011111111111111111111111111111100000000000000011121212121212121212111000000000000111110000000000000000112110000000000000000000000
00000000000000000000000000001121212121212121212121212110000000000000000012121121211212112121121211212100000000000000011121212121212121212111000000000000112110000000000000000111110000000000000000000000
00000000000000000000000000001121212121212121212121212110000000000000000011111111111111111111111111111100000000000000011121212121212121212111000000000000111110000000000000000111110000000000000000000000
00000000000000000000000000001212121212121212121212121210000000000000000011111111111111111111111111111100000000000000011121212121212121212111000000000000111110000000000000000111110000000000000000000000
00000000000000000000000000001212121212121212121212121210000000000000000011111111111111111111111111111100000000000000011121212121212121212111000000000000111110000000000000000112110000000000000000000000
00000000000000000000000000001121212121212121212121212110000000000000000011111111111111111111111111111100000000000000011222222222222222222311000000000000112110000000000000000111110000000000000000000000
00000000000000000000000000001121212121212121212121212110000000000000000011111111111111111111111111111100000000000000011121212121212121212111000000000000111110000000000000000111110000000000000000000000
00000000000000000000000000001212121212121212121212121210000000000000000011111111111111111111111111111100000000000000011121212121212121212111000000000000111110000000000000000111110000000000000000000000
00000000000000000000000000001212121212121212121212121210000000000000000012121121211212112121121211212100000000000000011121212121212121212111000000000000111110000000000000000112110000000000000000000000
00000000000000000000000000001111111111111111111111111110000000000000000011111111111111111111111111111100000000000000011121212121212121212111000000000000112110000000000000000111110000000000000000000000
00000000000000000000000000001111111111111111111111111110000000000000000011111111111111111111111111111100000000000000011121212121212121212111000000000000111110000000000000000111110000000000000000000000
00000000000000000000000000001212121212121212121212121210000000000000000012121121211212112121121211212100000000000000011121212121212121212111000000000000111110000000000000000111110000000000000000000000
00000000000000000000000000001212121212121212121212121210000000000000000011111111111111111111111111111100000000000000011121212121212121212111000000000000111110000000000000000112110000000000000000000000
00000000000000000000000000001121212121212121212121212110000000000000000011111111111111111111111111111100000000000000011121212121212121212111000000000000112110000000000000000111110000000000000000000000
00000000000000000000000000001121212121212121212121212110000000000000000011111111111111111111111111111100000000000000011121212121212121212111000000000000111110000000000000000111110000000000000000000000
00000000000000000000000000001212121212121212121212121210000000000000000011311113111131111311113111131100000000000000011121212121212121212111000000000000111110000000000000000111110000000000000000000000
00000000000000000000000000001212121212121212121212121210000000000000000011111111111111111111111111111100000000000000011222222222222222222311000000000000111110000000000000000112110000000000000000000000
00000000000000000000000000001121212121212121212121212110000000000000000011411114111141111411114111141100000000000000011121212121212121212111000000000000112110000000000000000111110000000000000000000000
00000000000000000000000000001121212121212121212121212110000000000000000011111111111111111111111111111100000000000000011121212121212121212111000000000000111110000000000000000111110000000000000000000000
00000000000000000000000000001212121212121212121212121210000000000000000011111111111111111111111111111100000000000000011121212121212121212111000000000000111110000000000000000111110000000000000000000000
00000000000000000000000000001212121212121212121212121210000000000000000012121121211212112121121211212100000000000000011121212121212121212111000000000000111110000000000000000112110000000000000000000000
00000000000000000000000000001111111111111111111111111110000000000000000011111111111111111111111111111100000000000000011121212121212121212111000000000000112110000000000000000111110000000000000000000000
00000000000000000000000000001111111111111111111111111110000000000000000011111111111111111111111111111100000000000000011121212121212121212111000000000000111110000000000000000111110000000000000000000000
00000000000000000000000000000000000000000000000000000000000000000000000012121121211212112121121211212100000000000000011121212121212121212111000000000000111110000000000000000111110000000000000000000000
00000000000000000000000000000000000000000000000000000000000000000000000011111111111111111111111111111100000000000000011121212121212121212111000000000000111110000000000000000112110000000000000000000000
00000000000000000000000000000000000000000000000000000000000000000000000011111111111111111111111111111100000000000000011121212121212121212111000000000000112110000000000000000111110000000000000000000000
00000000000000000000000000000000000000000000000000000000000000000000000011111111111111111111111111111100000000000000011121212121212121212111000000000000111110000000000000000111110000000000000000000000
00000000000000000000000000000000000000000000000000000000000000000000000000000000000000000000000000000000000000000000011222222222222222222311000000000000111110000000000000000111110000000000000000000000
00000000000000000000000000000000000000000000000000000000000000000000000000000000000000000000000000000000000000000000011121212121212121212111000000000000111110000000000000000112110000000000000000000000
00000000000000000000000000000000000000000000000000000000000000000000000000000000000000000000000000000000000000000000011121212121212121212111000000000000112110000000000000000111110000000000000000000000
00000000000000000000000000000000000000000000000000000000000000000000000000000000000000000000000000000000000000000000011121212121212121212111000000000000111110000000000000000111110000000000000000000000
00000000000000000000000000000000000000000000000000000000000000000000000000000000000000000000000000000000000000000000011121212121212121212111000000000000111110000000000000000111110000000000000000000000
00000000000000000000000000000000000000000000000000000000000000000000000000000000000000000000000000000000000000000000011121212121212121212111000000000000111110000000000000000112110000000000000000000000
00000000000000000000000000000000000000000000000000000000000000000000000000000000000000000000000000000000000000000000011121212121212121212111000000000000112110000000000000000111110000000000000000000000
00000000000000000000000000000000000000000000000000000000000000000000000000000000000000000000000000000000000000000000011121212121212121212111000000000000111110000000000000000111110000000000000000000000
00000000000000000000000000000000000000000000000000000000000000000000000000000000000000000000000000000000000000000000011121212121212121212111000000000000111110000000000000000111110000000000000000000000
00000000000000000000000000000000000000000000000000000000000000000000000000000000000000000000000000000000000000000000011121212121212121212111000000000000111110000000000000000112110000000000000000000000
00000000000000000000000000000000000000000000000000000000000000000000000000000000000000000000000000000000000000000000011121212121212121212111000000000000112110000000000000000111110000000000000000000000
00000000000000000000000000000000000000000000000000000000000000000000000000000000000000000000000000000000000000000000011222222222222222222311000000000000111110000000000000000111110000000000000000000000
00000000000000000000000000000000000000000000000000000000000000000000000000000000000000000000000000000000000000000000011121212121212121212111000000000000111110000000000000000111110000000000000000000000
00000000000000000000000000000000000000000000000000000000000000000000000000000000000000000000000000000000000000000000011121212121212121212111000000000000111110000000000000000112110000000000000000000000
00000000000000000000000000000000000000000000000000000000000000000000000000000000000000000000000000000000000000000000011121212121212121212111000000000000112110000000000000000111110000000000000000000000
00000000000000000000000000000000000000000000000000000000000000000000000000000000000000000000000000000000000000000000011121212121212121212111000000000000111110000000000000000111110000000000000000000000
00000000000000000000000000000000000000000000000000000000000000000000000000000000000000000000000000000000000000000000011121212121212121212111000000000000111110000000000000000111110000000000000000000000
00000000000000000000000000000000000000000000000000000000000000000000000000000000000000000000000000000000000000000000011121212121212121212111000000000000111110000000000000000114110000000000000000000000
00000000000000000000000000000000000000000000000000000000000000000000000000000000000000000000000000000000000000000000011121212121212121212111000000000000114110000000000000000111110000000000000000000000
00000000000000000000000000000000000000000000000000000000000000000000000000000000000000000000000000000000000000000000011121212121212121212111000000000000111110000000000000000111110000000000000000000000
00000000000000000000000000000000000000000000000000000000000000000000000000000000000000000000000000000000000000000000011121212121212121212111000000000000111110000000000000000111110000000000000000000000
00000000000000000000000000000000000000000000000000000000000000000000000000000000000000000000000000000000000000000000011121212121212121212111000000000000111110000000000000000000000000000000000000000000
00000000000000000000000000000000000000000000000000000000000000000000000000000000000000000000000000000000000000000000011222222222222222222311000000000000000000000000000000000000000000000000000000000000
00000000000000000000000000000000000000000000000000000000000000000000000000000000000000000000000000000000000000000000011121212121212121212111000000000000000000000000000000000000000000000000000000000000
00000000000000000000000000000000000000000000000000000000000000000000000000000000000000000000000000000000000000000000011121212121212121212111000000000000000000000000000000000000000000000000000000000000
00000000000000000000000000000000000000000000000000000000000000000000000000000000000000000000000000000000000000000000011121212121212121212111000000000000000000000000000000000000000000000000000000000000
00000000000000000000000000000000000000000000000000000000000000000000000000000000000000000000000000000000000000000000011121212121212121212111000000000000000000000000000000000000000000000000000000000000
00000000000000000000000000000000000000000000000000000000000000000000000000000000000000000000000000000000000000000000011121212121212121212111000000000000000000000000000000000000000000000000000000000000
00000000000000000000000000000000000000000000000000000000000000000000000000000000000000000000000000000000000000000000011121212121212121212111000000000000000000000000000000000000000000000000000000000000
00000000000000000000000000000000000000000000000000000000000000000000000000000000000000000000000000000000000000000000011121212121212121212111000000000000000000000000000000000000000000000000000000000000
00000000000000000000000000000000000000000000000000000000000000000000000000000000000000000000000000000000000000000000011121212121212121212111000000000000000000000000000000000000000000000000000000000000
00000000000000000000000000000000000000000000000000000000000000000000000000000000000000000000000000000000000000000000011121212121212121212111000000000000000000000000000000000000000000000000000000000000
00000000000000000000000000000000000000000000000000000000000000000000000000000000000000000000000000000000000000000000011121212121212121212111000000000000000000000000000000000000000000000000000000000000
00000000000000000000000000000000000000000000000000000000000000000000000000000000000000000000000000000000000000000000011222222222222222222311000000000000000000000000000000000000000000000000000000000000
00000000000000000000000000000000000000000000000000000000000000000000000000000000000000000000000000000000000000000000011121212121212121212111000000000000000000000000000000000000000000000000000000000000
00000000000000000000000000000000000000000000000000000000000000000000000000000000000000000000000000000000000000000000011121212121212121212111000000000000000000000000000000000000000000000000000000000000
00000000000000000000000000000000000000000000000000000000000000000000000000000000000000000000000000000000000000000000011121212121212121212111000000000000000000000000000000000000000000000000000000000000
00000000000000000000000000000000000000000000000000000000000000000000000000000000000000000000000000000000000000000000011121212121212121212111000000000000000000000000000000000000000000000000000000000000
00000000000000000000000000000000000000000000000000000000000000000000000000000000000000000000000000000000000000000000011121212121212121212111000000000000000000000000000000000000000000000000000000000000
00000000000000000000000000000000000000000000000000000000000000000000000000000000000000000000000000000000000000000000011121212121212121212111000000000000000000000000000000000000000000000000000000000000
00000000000000000000000000000000000000000000000000000000000000000000000000000000000000000000000000000000000000000000011121212121212121212111000000000000000000000000000000000000000000000000000000000000
00000000000000000000000000000000000000000000000000000000000000000000000000000000000000000000000000000000000000000000011121212121212121212111000000000000000000000000000000000000000000000000000000000000
00000000000000000000000000000000000000000000000000000000000000000000000000000000000000000000000000000000000000000000011121212121212121212111000000000000000000000000000000000000000000000000000000000000
00000000000000000000000000000000000000000000000000000000000000000000000000000000000000000000000000000000000000000000011121212121212121212111000000000000000000000000000000000000000000000000000000000000
00000000000000000000000000000000000000000000000000000000000000000000000000000000000000000000000000000000000000000000011222222222222222222311000000000000000000000000000000000000000000000000000000000000
00000000000000000000000000000000000000000000000000000000000000000000000000000000000000000000000000000000000000000000011121212121212121212111000000000000000000000000000000000000000000000000000000000000
00000000000000000000000000000000000000000000000000000000000000000000000000000000000000000000000000000000000000000000011121212121212121212111000000000000000000000000000000000000000000000000000000000000
00000000000000000000000000000000000000000000000000000000000000000000000000000000000000000000000000000000000000000000011121212121212121212111000000000000000000000000000000000000000000000000000000000000
00000000000000000000000000000000000000000000000000000000000000000000000000000000000000000000000000000000000000000000011121212121212121212111000000000000000000000000000000000000000000000000000000000000
00000000000000000000000000000000000000000000000000000000000000000000000000000000000000000000000000000000000000000000011121212121212121212111000000000000000000000000000000000000000000000000000000000000
00000000000000000000000000000000000000000000000000000000000000000000000000000000000000000000000000000000000000000000011121212121212121212111000000000000000000000000000000000000000000000000000000000000
00000000000000000000000000000000000000000000000000000000000000000000000000000000000000000000000000000000000000000000011121212121212121212111000000000000000000000000000000000000000000000000000000000000
00000000000000000000000000000000000000000000000000000000000000000000000000000000000000000000000000000000000000000000011121212121212121212111000000000000000000000000000000000000000000000000000000000000
00000000000000000000000000000000000000000000000000000000000000000000000000000000000000000000000000000000000000000000011121212121212121212111000000000000000000000000000000000000000000000000000000000000
00000000000000000000000000000000000000000000000000000000000000000000000000000000000000000000000000000000000000000000011121212121212121212111000000000000000000000000000000000000000000000000000000000000
00000000000000000000000000000000000000000000000000000000000000000000000000000000000000000000000000000000000000000000011111111111111111111111000000000000000000000000000000000000000000000000000000000000
00000000000000000000000000000000000000000000000000000000000000000000000000000000000000000000000000000000000000000000011111111111111111111111000000000000000000000000000000000000000000000000000000000000
00000000000000000000000000000000000000000000000000000000000000000000000000000000000000000000000000000000000000000000011111111111111111111111000000000000000000000000000000000000000000000000000000000000
00000000000000000000000011111111111111111111111111111111111111111111111111111111111111111111111111111111111111111111111111111111111111111111111111111111111111111111111111111111111111111111100000000000
00000000000000000000000011111111111111111111111111111111111111111111111111111111111111111111111111111111111111111111111111111111111111111111111111111111111111111111111111111111111111111111100000000000
00000000000000000000000011111111111111111111111111111111111111111111111111111111111111111111111111111111111111111111111111111111111111111111111111111111111111111111111111111111111111111111100000000000
00000000000000000000000011111222222222222222222222221111111111222222222221222222222221111111111222221222221222221222221111111111221221221221221221221221111111111222221222221222221222221111100000000000
00000000000000000000000011111222222222222222222222221111111111222222222221222222222221111111111222221222221222221222221111111111221221221221221221221221111111111212121212121212121212121111100000000000
00000000000000000000000011111222222222222222222222221111111111222222222221222222222221111111111222221222221222221222221111111111111111111111111111111111111111111212121212121212121212121111100000000000
00000000000000000000000011111222222222222222222222221111111111222222222221222222222221111111111222221222221222221222221111111111221221221221221221221221111111111212121212121212121212121111100000000000
00000000000000000000000011111222222222222222222222221111111111222222222221222222222221111111111222221222221222221222221111111111221221221221221221221221111111111222221222221222221222221111100000000000
00000000000000000000000011111222222222222222222222221111111111222222222221222222222221111111111111111111111111111111111111111111111111111111111111111111111111111111111111111111111111111111100000000000
00000000000000000000000011111222222222222222222222221111111111222222222221222222222221111111111222221222221222221222221111111111221221221221221221221221111111111222221222221222221222221111100000000000
00000000000000000000000011111222222222222222222222221111111111222222222221222222222221111111111222221222221222221222221111111111221221221221221221221221111111111212121212121212121212121111100000000000
00000000000000000000000011111222222222222222222222221111111111222222222221222222222221111111111222221222221222221222221111111111111111111111111111111111111111111212121212121212121212121111100000000000
00000000000000000000000011111222222222222222222222221111111111222222222221222222222221111111111222221222221222221222221111111111221221221221221221221221111111111212121212121212121212121111100000000000
00000000000000000000000011111222222222222222222222221111111111222222222221222222222221111111111222221222221222221222221111111111221221221221221221221221111111111222221222221222221222221111100000000000
00000000000000000000000011111222222222222222222222221111111111111111111111111111111111111111111111111111111111111111111111111111111111111111111111111111111111111111111111111111111111111111100000000000
00000000000000000000000011111222222222222222222222221111111111222222222221222222222221111111111222221222221222221222221111111111221221221221221221221221111111111222221222221222221222221111100000000000
00000000000000000000000011111222222222222222222222221111111111222222222221222222222221111111111222221222221222221222221111111111221221221221221221221221111111111212121212121212121212121111100000000000
00000000000000000000000011111222222222222222222222221111111111222222222221222222222221111111111222221222221222221222221111111111111111111111111111111111111111111212121212121212121212121111100000000000
00000000000000000000000011111222222222222222222222221111111111222222222221222222222221111111111222221222221222221222221111111111221221221221221221221221111111111212121212121212121212121111100000000000
00000000000000000000000011111222222222222222222222221111111111222222222221222222222221111111111222221222221222221222221111111111221221221221221221221221111111111222221222221222221222221111100000000000
00000000000000000000000011111222222222222222222222221111111111222222222221222222222221111111111111111111111111111111111111111111111111111111111111111111111111111111111111111111111111111111100000000000
00000000000000000000000011111222222222222222222222221111111111222222222221222222222221111111111222221222221222221222221111111111221221221221221221221221111111111222221222221222221222221111100000000000
00000000000000000000000011111222222222222222222222221111111111222222222221222222222221111111111222221222221222221222221111111111221221221221221221221221111111111212121212121212121212121111100000000000
00000000000000000000000011111222222222222222222222221111111111222222222221222222222221111111111222221222221222221222221111111111111111111111111111111111111111111212121212121212121212121111100000000000
00000000000000000000000011111222222222222222222222221111111111222222222221222222222221111111111222221222221222221222221111111111221221221221221221221221111111111212121212121212121212121111100000000000
00000000000000000000000011111222222222222222222222221111111111222222222221222222222221111111111222221222221222221222221111111111221221221221221221221221111111111222221222221222221222221111100000000000
00000000000000000000000011111111111111111111111111111111111111111111111111111111111111111111111111111111111111111111111111111111111111111111111111111111111111111111111111111111111111111111100000000000
00000000000000000000000011111111111111111111111111111111111111111111111111111111111111111111111111111111111111111111111111111111111111111111111111111111111111111111111111111111111111111111100000000000
00000000000000000000000011111111111111111111111111111111111111111111111111111111111111111111111111111111111111111111111111111111111111111111111111111111111111111111111111111111111111111111100000000000
00000000000000000000000000000000000000000000000000000000000000000000000000000000000000000000000000000000000000000000000000000000000000000000000000000000000000000000000000000000000000000000000000000000
00000000000000000000000000000000000000000000000000000000000000000000000000000000000000000000000000000000000000000000000000000000000000000000000000000000000000000000000000000000000000000000000000000000
00000000000000000000000000000000000000000000000000000000000000000000000000000000000000000000000000000000000000000000000000000000000000000000000000000000000000000000000000000000000000000000000000000000
00000000000000000000000000000000000000000000000000000000000000000000000000000000000000000000000000000000000000000000000000000000000000000000000000000000000000000000000000000000000000000000000000000000
00000000000000000000000000000000000000000000000000000000000000000000000000000000000000000000000000000000000000000000000000000000000000000000000000000000000000000000000000000000000000000000000000000000
00000000000000000000000000000000000000000000000000000000000000000000000000000000000000000000000000000000000000000000000000000000000000000000000000000000000000000000000000000000000000000000000000000000
00000000000000000000000000000000000000000000000000000000000000000000000000000000000000000000000000000000000000000000000000000000000000000000000000000000000000000000000000000000000000000000000000000000
00000000000000000000000000000000000000000000000000000000000000000000000000000000000000000000000000000000000000000000000000000000000000000000000000000000000000000000000000000000000000000000000000000000
00000000000000000000000000000000000000000000000000000000000000000000000000000000000000000000000000000000000000000000000000000000000000000000000000000000000000000000000000000000000000000000000000000000

