Board size [mm] 50x200

Stats side 1
  #Components with background 9
  #Components with points 37
  #Components nofly 0
  #Components notouch 0
  #Pins 10153
  #GNDs 360
  #VDDs 314
  #Clock 6
  #NoFly points 0
  #NoTouch points 0
  #Points [total] 10833

Stats side 2
  #Components with background 2
  #Components with points 47
  #Components nofly 4
  #Components notouch 1
  #Pins 10218
  #GNDs 437
  #VDDs 326
  #Clock 4
  #NoFly points 516
  #NoTouch points 232
  #Points [total] 11733

Stats board (side 1 + side 2)
  #Components with background 11
  #Components with points 84
  #Components nofly 4
  #Components notouch 1
  #Pins 20371
  #GNDs 797
  #VDDs 640
  #Clock 10
  #NoFly points 516
  #NoTouch points 232
  #Points [total] 22566
  #Nets 20099
    Net Size: 797 640 10 1 1 1 1 2 2 1 5 2 1 2 2 5 2 2 1 3 1 4 1 1 1 1 1 1 1 2 3 2 2 3 1 1 1 3 2 2 2 1 2 2 3 1 2 3 4 3 1 3 2 2 1 2 3 1 4 1 1 1 3 1 2 1 4 1 1 1 1 6 2 2 1 2 1 3 2 1 5 2 5 1 2 1 3 2 1 1 2 1 2 1 2 1 1 1 2 3 1 2 2 1 4 3 4 2 1 1 4 1 3 2 6 3 1 1 3 3 1 1 3 2 1 3 2 2 1 4 2 1 1 3 4 1 1 2 3 1 3 3 3 5 2 1 2 2 3 1 1 3 1 1 2 3 1 3 3 3 1 1 3 1 2 2 2 3 4 2 3 1 3 1 1 2 1 1 4 1 2 1 1 1 3 2 1 3 3 1 2 2 2 5 1 2 3 3 1 1 3 1 1 3 1 3 2 4 1 1 3 2 2 2 1 1 1 2 8 2 2 2 1 1 1 2 3 2 1 3 2 2 1 1 2 3 4 1 3 3 2 1 1 4 2 1 2 2 1 1 2 1 1 3 2 4 2 1 1 1 1 2 1 6 2 1 1 1 1 4 3 4 1 1 1 3 3 1 1 3 3 2 1 2 2 1 2 2 3 2 2 3 4 2 1 1 1 1 1 1 2 3 3 1 1 2 1 3 1 1 6 2 1 2 1 2 2 3 2 1 1 2 3 1 2 2 2 3 1 3 2 2 2 1 2 1 4 1 2 1 1 4 3 2 1 3 3 1 1 1 2 4 2 3 1 3 1 1 3 1 4 2 2 2 2 2 2 2 1 1 1 4 1 2 1 2 3 1 1 4 3 2 1 2 4 3 1 1 2 1 1 3 3 5 1 1 3 2 4 1 4 2 2 5 3 1 1 1 3 1 1 2 1 1 1 3 1 1 2 3 2 1 2 1 1 1 3 1 5 3 1 3 3 2 3 1 3 3 2 2 1 1 1 2 1 3 4 2 1 2 1 3 1 1 1 3 2 2 2 1 2 1 1 1 1 1 2 1 1 1 2 2 1 1 2 4 2 2 3 3 1 1 3 1 1 2 2 1 2 2 2 2 3 1 1 2 1 3 2 2 2 2 2 2 2 3 1 2 1 3 2 2 3 2 1 2 1 2 1 5 1 3 2 2 2 3 4 2 2 1 2 1 4 1 4 1 1 1 2 1 3 1 2 1 1 1 2 1 3 1 1 1 3 1 1 3 1 2 1 5 1 1 1 4 1 4 2 2 1 1 1 2 1 1 2 3 1 3 1 1 1 1 4 2 1 1 1 3 7 1 4 2 2 2 1 2 2 1 2 1 2 2 2 4 1 4 1 2 1 6 1 1 2 4 1 1 2 1 2 3 2 2 1 1 5 4 2 4 1 3 1 5 1 2 3 1 2 1 2 1 2 3 1 3 3 2 3 2 1 1 1 1 4 3 2 4 4 2 1 2 1 1 2 1 2 4 3 3 2 1 2 2 1 2 1 2 2 2 3 1 3 3 3 2 1 2 2 2 4 2 3 1 1 1 2 1 2 2 3 2 1 1 2 2 1 3 2 1 2 1 5 2 1 2 2 2 2 2 4 1 5 1 1 2 1 1 1 1 2 2 2 2 4 2 1 2 2 3 2 1 2 2 1 3 3 3 4 2 3 1 1 6 2 1 1 1 1 2 2 1 2 2 3 1 1 4 1 1 1 1 1 2 1 2 1 2 1 1 2 4 2 1 2 2 3 3 2 1 4 3 1 2 5 1 4 2 1 2 2 2 1 1 4 1 1 2 4 1 1 2 2 2 3 4 1 2 3 1 2 1 1 1 1 4 3 1 1 1 1 2 2 2 3 3 1 1 1 1 3 1 4 2 1 3 3 3 1 2 2 1 2 1 4 2 3 2 1 1 3 1 2 2 3 1 2 2 1 3 2 1 4 2 2 2 1 1 1 4 1 2 1 1 2 2 1 4 4 1 1 2 3 1 3 3 1 1 2 3 1 4 2 4 2 4 3 4 3 2 1 4 5 3 2 1 1 2 2 3 2 1 5 1 2 2 1 3 1 1 1 2 1 3 2 1 2 2 1 2 2 1 1 1 1 1 1 1 2 2 2 2 2 2 2 4 3 2 2 1 1 2 1 3 1 2 1 2 1 3 2 1 2 5 1 2 1 2 2 3 4 2 2 1 2 2 3 2 1 5 2 4 3 3 2 1 2 2 1 1 1 6 4 1 1 1 2 2 2 1 4 2 1 3 2 2 4 3 2 4 2 1 1 1 1 1 1 3 2 1 1 4 
  #Test Small 1581
  #Test Medium 3290
  #Test Large 5409
