Board size [mm] 300x200

Stats side 1
  #Components with background 33
  #Components with points 289
  #Components nofly 6
  #Components notouch 6
  #Pins 64621
  #GNDs 2990
  #VDDs 2475
  #Clock 22
  #NoFly points 940
  #NoTouch points 1048
  #Points [total] 72096

Stats side 2
  #Components with background 50
  #Components with points 306
  #Components nofly 0
  #Components notouch 0
  #Pins 67394
  #GNDs 2129
  #VDDs 1864
  #Clock 35
  #NoFly points 0
  #NoTouch points 0
  #Points [total] 71422

Stats board (side 1 + side 2)
  #Components with background 83
  #Components with points 595
  #Components nofly 6
  #Components notouch 6
  #Pins 132015
  #GNDs 5119
  #VDDs 4339
  #Clock 57
  #NoFly points 940
  #NoTouch points 1048
  #Points [total] 143518
  #Nets 127111
    Net Size: 5119 4339 57 2 4 5 3 2 2 3 2 1 5 1 2 2 2 3 1 1 2 2 1 5 3 2 1 3 3 2 2 4 4 2 2 1 3 3 2 2 1 2 3 2 1 1 1 1 1 1 1 1 1 2 2 1 1 1 1 1 3 1 2 2 2 1 4 2 1 3 1 2 4 2 2 3 2 3 3 2 1 2 1 3 1 2 2 1 3 1 2 2 1 3 4 2 2 3 5 2 4 1 1 2 2 3 1 2 1 1 3 1 1 1 4 2 1 3 3 2 1 1 1 2 4 2 1 4 3 1 2 2 1 2 2 2 2 2 2 2 2 1 1 1 1 3 1 2 1 1 6 1 2 1 1 2 1 1 2 1 1 1 3 3 1 3 3 2 3 2 1 2 3 2 2 3 2 2 2 1 1 3 2 3 3 2 2 1 1 1 1 2 2 3 1 2 1 1 1 2 2 2 1 1 3 5 2 1 1 3 1 2 2 1 1 1 1 4 1 1 3 2 2 1 1 1 1 1 2 1 2 1 2 3 6 2 2 3 3 4 2 1 3 1 3 1 3 1 1 2 1 2 3 3 2 4 3 2 1 1 4 1 1 1 2 1 1 2 2 1 4 2 2 1 1 1 6 1 2 3 2 2 2 3 1 2 1 1 5 2 2 8 1 1 3 1 2 2 2 4 1 2 1 2 1 1 1 2 2 1 1 3 1 3 1 1 2 5 2 2 2 2 2 1 2 2 1 1 2 2 5 5 3 2 1 2 1 3 1 1 2 1 2 1 1 2 2 3 3 2 2 3 1 1 4 1 1 2 3 1 3 4 3 1 3 1 4 2 1 1 1 2 2 1 2 1 2 1 5 1 2 4 1 2 1 5 1 1 2 2 2 3 3 1 2 3 2 2 1 1 1 3 2 3 4 1 4 3 4 2 3 1 3 2 2 2 3 3 1 1 4 4 5 1 3 2 6 3 2 3 3 1 3 3 1 2 2 2 2 1 1 2 4 1 2 1 1 1 1 1 2 1 2 3 1 1 2 3 2 2 4 2 2 1 1 3 2 1 3 4 2 1 2 1 2 4 1 1 4 1 1 1 1 1 2 5 3 1 3 3 1 4 1 3 3 1 2 1 1 1 2 3 2 1 2 3 2 1 3 1 1 3 1 2 1 2 3 2 1 1 4 3 1 1 2 3 4 2 1 1 4 1 2 1 3 1 3 1 4 3 2 1 1 4 3 4 3 1 2 1 3 2 3 1 3 1 3 5 1 3 3 1 3 1 2 2 1 3 4 2 1 2 2 3 3 4 3 3 3 3 2 1 1 1 1 3 2 2 2 5 3 1 3 3 2 1 1 1 2 2 3 2 1 1 2 2 2 2 1 1 1 2 1 2 2 1 3 1 2 1 2 1 3 1 2 1 3 3 3 2 3 2 2 2 1 1 1 2 2 1 1 3 2 1 2 4 1 1 1 3 1 4 1 3 4 1 1 2 2 2 2 1 2 1 2 1 3 1 1 2 2 1 1 1 2 1 4 2 1 2 2 2 2 4 3 1 1 2 2 1 1 3 3 1 3 2 5 3 2 1 2 1 3 2 1 1 2 3 3 2 6 1 1 2 2 4 3 3 3 1 1 1 1 1 1 3 2 1 4 3 4 1 1 1 2 1 3 1 1 7 2 3 2 2 3 2 2 1 2 1 3 2 1 4 2 3 1 2 2 2 1 3 3 1 1 1 1 3 1 2 5 2 1 2 3 2 2 2 3 2 1 2 1 2 1 2 2 1 4 3 3 2 2 1 3 1 2 1 3 3 2 3 1 3 1 6 2 2 1 3 2 1 1 1 2 1 5 4 1 5 2 1 4 1 2 1 2 1 1 1 2 3 3 3 2 2 6 2 1 2 1 1 2 2 2 1 3 1 3 2 1 1 1 1 2 2 4 3 2 3 1 3 2 3 2 2 3 1 5 2 3 2 2 4 2 2 2 1 1 1 1 1 1 1 2 2 1 1 3 6 1 2 1 1 1 1 3 2 2 1 1 4 1 1 1 3 4 5 1 1 3 3 1 1 2 3 1 2 2 1 2 3 4 3 2 2 3 3 3 1 1 1 3 2 3 2 3 4 1 1 1 2 2 2 2 1 1 1 2 3 4 2 2 1 3 2 3 1 1 1 1 3 3 2 3 2 2 3 2 2 2 1 3 1 4 2 2 5 2 4 2 3 2 3 1 2 1 1 2 1 1 2 3 1 3 2 2 1 3 1 2 2 5 1 2 4 3 1 4 1 1 2 1 3 1 2 2 4 2 1 4 1 1 1 3 1 2 2 3 1 2 1 1 1 2 1 1 2 2 2 3 4 3 1 2 1 3 2 3 1 2 2 1 5 3 2 2 3 1 2 2 2 2 3 1 1 1 1 4 2 3 3 2 3 2 3 2 2 2 3 1 3 1 1 1 1 1 3 1 1 1 2 4 1 1 3 1 2 2 2 4 2 2 1 3 2 2 3 1 2 1 1 1 3 1 2 1 2 2 2 2 1 1 2 1 2 1 2 1 1 4 6 3 1 3 2 2 1 1 2 2 2 2 3 2 1 2 1 1 3 3 1 2 1 4 2 1 3 2 2 4 3 1 1 1 6 2 2 2 6 2 2 3 3 2 2 3 1 3 1 2 2 1 2 3 3 2 3 2 2 1 2 1 2 1 2 3 1 1 6 3 1 3 3 1 3 2 1 1 7 3 2 4 2 3 3 1 1 3 3 1 4 2 1 6 1 1 1 1 2 1 3 1 2 3 3 1 4 2 4 1 2 2 2 1 1 1 3 3 1 3 2 2 5 1 2 1 2 1 4 3 2 2 1 5 1 1 1 2 1 4 2 3 2 2 5 2 3 3 1 3 2 3 4 1 2 4 2 2 2 1 2 2 3 1 2 2 1 3 4 2 1 1 1 1 1 2 2 1 2 1 1 3 2 1 1 1 1 2 1 1 3 3 6 3 3 1 2 1 2 1 4 1 3 1 1 1 1 1 2 3 1 2 1 1 4 5 1 1 1 2 2 3 1 2 2 1 3 2 5 1 2 1 2 2 1 5 1 2 1 3 3 2 3 1 1 2 4 1 1 4 2 1 1 2 3 2 2 2 3 1 1 1 3 2 2 1 5 2 3 1 3 3 3 1 2 1 1 1 3 2 3 4 1 2 2 6 1 2 1 1 2 2 1 4 2 2 1 1 2 4 3 1 2 2 3 1 2 3 1 1 5 2 2 2 3 1 2 1 1 2 2 4 3 2 1 2 1 2 4 1 5 1 1 1 7 5 2 2 2 2 3 2 3 1 2 1 1 1 1 1 1 2 3 2 1 1 6 3 1 2 1 3 1 3 2 6 1 4 2 1 1 1 3 2 2 1 1 1 4 2 3 2 2 1 5 1 4 1 1 1 2 3 1 2 3 1 2 2 2 4 2 2 1 1 1 1 1 3 2 2 2 2 1 1 2 4 2 2 2 3 2 3 1 3 4 1 3 3 3 3 2 4 1 2 1 3 1 1 1 2 1 5 2 2 4 3 1 3 2 3 1 1 1 1 2 5 1 3 3 2 3 3 4 4 2 2 2 2 1 2 4 1 3 1 3 3 1 1 3 2 2 5 1 3 2 2 3 1 1 2 1 1 1 1 1 1 1 2 1 1 2 1 2 4 1 1 1 3 3 3 1 1 2 1 2 2 1 2 5 2 2 1 1 2 1 2 1 4 1 1 1 1 2 1 1 1 2 4 2 1 2 2 1 1 2 1 1 2 2 2 3 2 5 2 4 1 4 1 1 2 2 1 1 1 3 2 1 5 1 1 2 1 3 2 2 3 2 1 3 3 1 3 1 3 3 1 4 2 2 2 2 2 1 2 2 1 1 3 1 2 3 4 2 2 1 2 1 2 3 2 1 1 2 4 2 2 3 2 3 2 1 3 4 1 3 1 1 1 1 2 2 2 1 2 2 2 2 2 2 1 1 4 2 2 4 1 4 2 5 1 1 2 1 1 1 4 1 2 1 1 1 3 1 3 4 3 3 3 1 1 2 4 2 1 2 2 3 1 1 2 1 1 1 2 2 4 1 3 5 2 2 1 1 1 2 2 2 2 1 1 2 2 3 1 3 2 1 1 1 2 3 1 1 3 1 3 1 2 1 2 3 1 3 3 2 1 3 2 3 1 2 1 5 1 2 2 3 2 1 1 2 1 1 2 1 1 2 2 2 2 1 1 1 3 1 1 3 1 1 3 2 2 4 2 2 2 2 1 4 1 1 3 3 1 1 1 2 4 1 1 1 1 2 1 2 1 1 3 1 1 3 3 1 3 2 2 1 2 3 3 2 2 3 2 2 2 5 3 2 2 1 4 1 3 3 4 2 1 1 1 2 3 1 2 1 3 2 2 1 1 3 1 2 1 2 3 1 1 1 1 2 1 4 3 1 3 5 1 2 1 1 1 1 2 2 2 1 2 2 1 1 4 2 1 2 2 1 2 4 2 2 2 2 1 3 5 3 1 4 1 2 3 1 3 1 2 3 1 2 3 2 2 1 3 1 4 1 2 1 2 2 1 3 3 2 1 2 2 1 2 2 3 2 2 1 2 2 2 3 1 5 1 4 1 1 1 1 3 2 4 1 1 1 1 2 2 1 1 1 1 4 2 1 2 1 3 1 1 3 1 1 2 3 3 1 1 2 1 2 1 4 2 1 2 3 2 2 2 1 3 2 2 2 3 4 1 2 2 1 3 1 1 2 1 2 2 1 2 2 1 3 2 1 1 2 1 1 2 3 2 2 7 1 2 1 3 2 1 4 2 3 1 1 4 4 5 2 1 1 2 1 2 1 1 1 1 1 1 2 4 1 3 4 1 2 2 2 2 2 1 1 3 1 1 3 4 3 1 1 3 2 2 1 2 1 2 1 1 1 1 4 2 2 4 4 2 3 3 3 4 3 2 1 3 2 1 2 1 1 4 1 1 1 2 3 1 1 3 3 2 1 4 1 3 2 3 2 2 1 5 2 1 1 2 1 5 4 2 3 1 1 2 2 1 2 4 2 1 1 3 1 1 2 2 4 2 1 1 1 1 2 5 2 4 2 4 2 2 3 3 2 1 1 2 1 1 2 1 2 2 2 2 3 2 2 1 2 1 2 2 1 1 1 2 2 1 1 2 4 1 3 2 1 1 1 5 1 2 3 1 1 1 3 5 1 3 2 2 1 1 2 3 2 2 1 3 1 4 1 2 3 1 1 2 2 4 1 2 2 3 4 2 1 1 2 2 3 5 2 5 2 1 3 1 2 4 4 3 2 1 1 5 1 2 1 1 1 1 4 4 3 1 1 4 4 3 2 4 1 2 3 3 1 2 2 2 3 2 2 2 2 1 2 2 3 1 1 1 2 2 1 3 1 1 2 1 2 3 4 3 1 3 2 3 1 3 3 1 4 3 1 2 2 2 2 1 3 1 3 1 1 1 2 2 1 4 1 3 1 2 2 2 3 3 2 1 5 2 1 1 2 2 1 2 2 5 1 2 4 1 2 2 1 4 3 2 2 3 1 1 1 4 2 4 2 1 3 2 2 1 4 3 2 2 3 6 2 3 2 5 4 2 2 1 1 1 2 2 1 2 2 1 2 2 4 2 2 1 2 3 3 2 3 1 1 1 1 3 2 3 1 1 1 4 1 2 2 1 2 5 3 2 6 1 1 1 3 2 2 2 1 1 1 1 4 2 1 1 1 3 4 2 2 2 3 3 2 2 3 1 1 3 1 2 2 1 1 3 2 2 1 2 4 3 2 1 2 2 4 4 2 3 2 2 1 3 3 1 3 1 3 2 5 1 4 2 3 5 1 3 1 3 2 1 2 2 2 2 2 1 1 1 2 1 2 2 5 2 3 2 2 3 3 6 1 1 2 2 1 2 2 2 4 1 2 1 2 3 2 3 2 3 1 2 4 2 2 2 2 7 1 1 2 1 1 2 2 2 3 3 1 2 3 3 2 1 1 1 2 3 4 2 1 3 1 1 1 3 2 1 2 2 2 1 3 2 1 1 2 3 3 3 2 3 3 3 2 2 2 1 4 2 2 4 2 2 2 1 5 3 3 2 1 1 1 2 1 1 4 7 2 1 5 1 5 2 2 2 3 1 2 2 2 1 2 2 1 1 1 1 4 3 2 2 5 3 1 2 1 2 2 1 2 2 2 2 3 6 1 1 2 1 2 5 2 1 3 2 2 1 1 1 1 4 1 2 1 1 2 3 2 2 1 1 5 1 2 2 1 1 4 2 1 2 1 2 3 2 3 2 2 1 2 1 4 4 1 2 2 1 1 2 1 1 1 3 1 2 3 1 4 1 2 2 1 1 1 2 2 2 1 3 2 3 1 2 1 1 2 1 1 1 4 4 2 1 1 2 2 2 1 4 6 1 2 2 1 1 3 2 1 4 5 1 1 1 1 2 2 2 1 2 4 1 1 4 2 2 1 1 1 2 2 3 3 3 1 2 1 1 4 1 2 2 1 3 2 3 1 1 2 2 3 4 2 1 3 2 2 1 3 1 1 1 1 1 3 2 2 3 3 3 2 3 3 1 2 4 1 4 3 1 2 2 1 4 2 1 2 2 2 2 3 1 4 2 3 2 1 3 3 2 2 3 2 2 2 2 3 3 1 2 3 2 4 2 1 5 1 4 1 1 4 1 2 2 2 3 1 1 1 3 3 1 3 2 1 2 2 1 2 5 1 1 2 2 2 2 4 1 2 2 1 1 3 1 2 1 2 4 3 2 4 1 1 1 2 1 3 1 3 1 1 1 2 4 1 1 4 2 1 3 2 2 3 3 1 2 2 2 1 1 3 2 1 5 2 1 1 1 1 1 2 3 1 2 2 8 2 2 3 3 2 1 3 1 1 2 1 2 2 3 1 2 1 1 3 3 3 1 7 3 1 2 1 2 1 1 3 1 1 1 1 2 1 1 1 2 1 1 1 2 1 1 1 2 5 1 1 1 1 1 1 1 1 2 3 1 1 3 1 2 1 2 2 1 3 1 1 4 2 1 3 1 2 1 3 3 2 1 1 3 2 1 6 2 3 4 1 1 1 1 3 1 2 4 1 3 1 5 1 1 1 1 2 3 2 1 1 4 2 1 1 2 1 2 1 4 1 2 2 1 2 2 2 1 2 2 2 3 3 1 1 2 1 2 2 2 5 1 1 1 3 3 3 1 2 3 1 1 1 1 2 3 3 2 1 2 2 3 1 3 2 6 1 3 1 1 2 3 5 1 1 1 5 3 2 1 1 2 2 1 4 1 1 2 2 2 1 1 2 1 1 1 4 1 3 1 1 2 1 3 1 1 2 1 3 1 5 2 2 1 3 1 3 2 1 2 2 1 2 2 1 1 2 4 2 1 2 1 4 1 4 3 2 2 3 2 4 3 3 1 2 4 4 4 1 4 1 2 1 1 3 2 2 1 1 1 3 2 1 3 2 1 1 3 1 1 1 1 1 1 1 1 3 4 2 1 1 2 1 1 2 1 1 2 3 3 2 2 1 3 2 5 2 2 4 2 3 2 1 1 1 3 3 1 6 2 1 1 1 2 1 1 1 5 3 3 2 3 2 1 1 1 2 1 1 3 1 2 1 1 1 1 1 1 2 2 1 1 2 3 1 1 2 2 1 2 5 1 2 2 1 1 1 2 1 2 4 3 2 2 1 2 2 1 1 1 3 2 3 2 2 1 1 1 1 1 2 3 3 2 2 4 1 2 1 1 1 2 1 5 1 2 2 3 3 2 2 3 1 3 2 1 4 2 1 1 2 1 2 1 2 4 1 2 3 4 2 2 1 1 2 5 2 1 2 6 1 2 1 2 2 3 2 1 2 1 1 4 2 2 1 4 3 2 2 1 2 6 1 3 1 3 2 1 2 1 1 5 3 1 1 3 2 2 3 1 5 4 1 1 3 2 2 3 3 1 1 1 2 1 3 1 6 3 2 1 1 2 3 2 1 1 2 1 1 1 3 2 5 6 1 2 3 1 2 2 1 1 2 2 3 2 2 2 1 1 2 1 1 1 2 3 2 2 2 3 2 1 1 2 3 4 2 6 1 4 6 4 2 1 1 5 1 3 1 3 2 1 2 2 2 2 3 2 4 4 1 1 3 2 1 3 1 1 3 3 3 3 1 2 1 4 1 4 1 2 4 2 1 2 2 1 2 3 3 2 4 4 2 2 2 3 2 2 2 3 2 1 1 1 1 2 2 1 1 1 2 1 1 1 3 2 2 1 5 3 3 3 1 3 4 1 1 3 3 4 4 3 3 3 1 2 3 3 7 2 4 1 1 1 2 2 2 6 1 1 1 1 3 2 1 1 2 2 3 4 1 4 1 2 3 1 5 3 2 1 1 3 1 4 3 1 1 2 3 1 2 2 1 4 2 1 3 4 1 3 3 1 3 5 1 1 4 2 1 4 5 2 1 2 4 1 2 2 1 2 2 2 3 3 4 2 3 1 2 3 2 2 1 2 3 1 2 2 1 2 1 2 2 3 2 1 4 1 2 1 1 4 2 1 2 2 3 3 3 2 5 1 1 1 3 1 1 3 2 2 2 1 1 4 2 2 3 1 1 1 3 1 1 3 1 1 3 2 3 1 2 2 3 2 1 1 1 1 1 1 1 2 2 2 4 3 1 4 1 1 2 1 2 1 4 1 3 1 2 1 2 2 1 4 2 2 1 3 2 1 4 1 1 2 2 1 1 1 6 1 2 1 1 2 2 2 1 1 2 4 1 2 4 3 2 1 2 2 2 3 4 4 2 1 1 1 3 2 1 1 1 3 1 3 3 2 2 1 2 2 4 2 3 3 1 2 1 2 4 3 3 1 2 2 3 4 2 3 1 8 1 2 2 2 1 2 2 3 3 4 3 1 2 1 1 1 2 2 2 3 1 3 2 2 4 1 3 1 5 4 1 3 2 4 2 1 5 1 2 2 3 1 1 1 2 2 1 1 2 2 1 1 3 3 2 3 2 1 2 2 1 5 4 4 3 3 1 1 1 1 2 2 1 1 2 1 2 4 5 1 1 2 1 1 2 3 1 1 2 1 3 1 2 2 2 3 1 3 1 4 1 1 2 1 1 2 1 2 6 2 4 1 1 2 1 2 5 1 1 1 4 1 2 3 1 4 3 2 1 1 1 1 2 5 2 2 4 3 1 2 3 1 1 3 4 1 1 1 3 1 1 1 2 2 2 2 1 2 2 2 2 3 5 1 3 2 3 1 4 2 1 1 3 2 1 1 1 1 2 1 1 1 1 1 4 1 2 3 2 1 1 3 2 1 1 1 2 4 2 4 3 2 1 1 2 7 1 1 3 3 1 1 1 3 3 1 2 4 2 2 1 3 3 2 1 1 1 1 4 2 1 1 1 4 4 1 2 3 1 3 1 3 3 1 2 2 2 1 1 2 3 6 3 4 2 3 1 1 3 2 3 1 2 3 1 1 3 1 1 2 2 2 2 1 2 2 3 2 2 2 1 3 1 1 4 1 1 5 2 5 2 1 4 3 2 4 2 1 1 2 1 2 2 1 2 3 3 1 2 4 4 2 4 5 1 2 1 1 3 2 2 1 4 2 4 4 2 1 2 3 1 1 2 1 2 1 1 1 2 1 2 5 1 5 2 1 4 2 3 2 1 4 2 5 5 4 1 4 3 2 2 2 2 1 2 1 1 3 1 1 4 2 1 1 1 1 3 3 3 1 1 1 3 1 2 3 2 3 4 1 4 2 2 3 1 3 2 1 1 3 1 2 2 3 2 3 2 2 1 2 2 1 2 1 2 2 3 1 3 1 4 2 1 2 1 2 4 1 2 3 2 1 1 3 3 2 1 3 4 1 3 1 2 1 1 1 1 1 2 3 3 1 5 2 2 4 2 2 1 1 2 3 3 1 5 3 2 4 1 1 4 2 3 1 2 1 3 1 2 1 2 2 2 3 2 1 1 1 2 1 1 4 1 3 1 1 1 2 3 2 1 2 7 4 4 1 2 1 1 2 1 1 1 1 2 3 1 6 3 1 2 2 1 3 2 1 1 3 3 2 1 2 3 1 1 3 2 4 3 4 1 2 1 2 1 2 2 2 1 1 2 1 1 1 1 2 1 1 2 3 3 2 3 1 1 2 3 3 4 2 1 1 4 1 2 3 1 1 3 1 2 3 6 2 2 1 3 2 1 1 1 1 1 4 2 2 1 2 1 3 3 2 2 1 1 2 2 1 2 2 3 1 1 3 1 1 2 1 5 1 1 2 4 1 5 1 1 3 1 4 3 3 3 1 3 2 4 2 3 1 2 3 1 2 3 4 3 2 1 2 2 3 1 2 4 1 1 3 3 1 1 5 4 1 2 1 3 1 2 4 3 3 2 2 1 2 1 1 4 1 4 1 1 2 2 2 2 1 6 1 1 3 1 3 2 2 3 5 2 3 2 2 3 2 2 1 2 3 2 5 1 2 1 1 4 3 1 2 2 2 2 3 2 3 2 3 3 1 1 2 1 4 3 2 1 3 2 1 3 3 3 5 3 1 1 1 4 1 1 1 2 1 3 2 4 5 1 1 4 4 1 3 1 1 2 3 3 2 3 1 2 3 1 1 2 1 3 2 3 1 1 3 2 1 2 1 1 3 1 1 2 5 4 2 4 2 2 2 2 1 1 3 4 3 3 3 2 1 3 1 1 1 3 3 1 2 4 5 1 3 1 2 2 1 2 7 3 3 2 1 2 4 1 2 1 5 2 2 2 2 2 1 2 2 2 1 1 2 2 3 1 2 4 2 2 1 1 4 1 3 3 2 4 6 2 3 3 2 1 3 5 4 1 7 1 1 3 2 2 3 2 2 2 1 4 4 3 1 1 2 2 2 1 6 3 3 1 1 7 1 2 1 3 2 2 2 2 1 1 5 1 1 2 1 2 1 2 2 3 3 1 3 2 1 2 2 3 4 1 1 1 3 1 1 4 3 1 1 3 3 4 2 1 1 2 1 2 2 1 1 3 1 1 3 2 3 1 1 4 3 2 2 4 2 2 2 2 1 2 2 1 1 2 2 1 4 2 2 2 1 3 1 1 3 2 1 3 3 2 5 3 2 3 3 1 1 1 4 2 2 1 1 2 1 1 3 2 3 2 2 3 1 5 1 1 3 1 1 1 1 1 2 5 1 3 2 1 1 2 1 5 1 2 1 3 4 4 1 1 3 1 2 1 2 2 3 3 2 2 1 1 1 2 3 1 2 2 1 1 5 2 1 3 6 1 2 2 4 1 3 1 2 1 3 1 2 2 3 1 2 3 1 2 1 3 1 3 1 1 1 1 2 1 2 2 4 1 3 5 2 2 3 2 1 2 4 1 5 2 1 3 3 1 3 1 2 3 1 1 4 1 2 2 2 1 4 3 2 3 4 2 1 3 2 3 1 3 2 2 3 1 3 2 3 2 2 1 2 1 1 1 1 3 2 1 2 1 1 3 4 3 3 1 2 2 2 2 2 3 2 3 1 2 3 3 1 2 3 1 2 1 2 2 3 4 3 2 1 3 3 3 3 4 1 2 2 3 5 1 2 1 2 1 3 1 1 1 4 3 3 3 5 1 2 1 1 3 4 4 4 1 2 2 2 3 1 3 1 1 1 2 1 3 5 1 1 2 2 3 1 3 2 2 3 2 1 3 5 2 5 1 4 1 4 1 1 4 1 2 2 5 2 3 4 2 2 3 2 1 3 3 2 4 2 2 2 1 2 3 1 2 2 5 1 2 2 1 2 2 2 2 2 1 2 1 2 2 2 2 3 3 1 1 1 2 1 1 3 1 2 1 1 1 2 1 1 2 2 1 2 1 1 2 1 2 2 4 1 2 1 1 3 1 2 2 3 2 1 5 1 1 2 3 1 1 3 2 1 1 1 3 3 1 1 1 2 4 2 2 1 2 1 4 1 2 2 1 1 3 3 4 4 3 1 1 2 4 4 1 2 4 1 3 1 2 1 1 3 1 2 2 3 1 2 1 2 1 3 3 2 1 1 3 2 2 1 1 1 1 1 4 3 3 1 1 3 2 3 1 2 1 1 4 2 2 4 1 2 2 1 1 1 3 2 2 2 2 3 2 2 1 2 5 1 1 1 1 1 2 2 3 5 2 2 1 3 3 3 2 1 2 3 2 1 2 3 1 2 3 4 2 1 2 1 3 2 2 1 2 1 1 2 2 1 3 2 4 3 2 1 3 1 2 2 3 2 3 1 1 3 1 1 1 1 5 3 2 2 2 3 5 3 5 1 2 1 1 2 2 3 1 2 2 2 2 1 4 2 1 1 1 2 1 2 2 1 3 1 1 1 1 3 3 4 3 1 1 1 3 2 2 1 3 3 1 4 2 1 2 3 2 2 1 2 2 1 2 2 1 1 3 2 3 2 2 2 1 2 1 2 4 3 1 2 3 1 1 3 1 1 3 1 1 1 1 3 4 1 5 2 2 1 2 1 1 5 3 2 1 1 1 1 2 1 1 4 1 2 2 2 3 3 1 2 3 2 2 3 3 3 3 1 3 3 2 2 2 1 2 2 1 1 1 7 1 4 4 4 1 2 1 2 1 1 1 2 2 1 3 3 1 1 3 4 1 2 2 1 1 1 4 2 1 1 3 2 4 2 2 1 6 2 1 2 1 1 1 2 1 1 1 2 2 2 2 3 2 3 1 1 3 1 3 2 1 2 2 3 3 2 2 2 1 1 6 2 2 3 1 3 1 3 2 2 3 2 2 1 3 2 3 3 1 3 2 3 1 1 1 3 1 2 2 3 2 1 1 2 2 1 4 1 1 2 1 2 2 4 1 1 2 1 1 2 4 5 2 3 2 3 2 1 2 2 3 3 4 5 2 1 3 2 2 2 2 1 2 1 3 1 2 3 1 3 1 2 2 2 1 1 1 3 1 3 1 2 4 3 2 2 2 3 1 3 1 2 2 4 1 1 5 2 3 5 1 3 1 2 4 5 1 3 2 5 2 2 2 1 1 4 2 4 2 1 3 3 2 2 1 1 2 2 4 3 2 1 2 3 1 3 1 2 2 2 2 5 2 1 2 1 1 3 4 2 1 2 1 3 3 1 1 3 1 1 2 2 1 1 5 2 1 5 4 5 4 3 3 2 3 1 1 4 2 1 1 1 3 1 4 3 3 1 1 2 1 4 1 2 3 2 1 4 3 1 6 2 1 2 2 2 3 1 4 1 1 5 5 3 2 2 2 2 1 3 1 3 2 1 2 1 3 1 2 2 2 1 1 4 4 1 2 2 2 3 4 1 2 5 2 3 3 2 2 2 3 2 1 2 2 2 3 1 2 2 2 1 1 1 1 2 1 1 1 2 2 2 3 1 2 3 3 4 2 1 2 3 2 1 2 1 2 1 7 1 1 1 2 2 1 1 1 1 3 1 2 2 1 2 3 2 3 3 3 2 3 1 1 1 1 3 1 2 1 2 4 3 5 3 4 2 1 1 2 1 1 1 3 2 3 3 1 1 1 4 1 4 1 3 2 3 2 3 3 1 3 1 4 3 2 4 2 1 1 3 1 1 1 3 2 1 1 3 4 1 1 2 2 1 1 1 2 2 1 3 1 2 1 1 1 2 1 1 3 1 1 1 3 1 6 1 1 1 1 4 2 1 2 1 2 2 1 1 1 2 1 1 2 2 1 6 1 4 3 2 1 4 2 2 1 1 1 1 2 1 2 3 1 4 1 2 1 3 2 2 1 1 3 2 1 4 1 1 3 1 2 3 4 3 3 1 4 1 6 1 1 2 4 3 4 3 1 3 2 4 3 2 3 1 3 1 1 1 1 3 1 1 2 1 2 3 1 1 1 2 5 1 2 1 2 1 2 1 1 6 2 1 1 1 3 1 3 3 3 1 2 4 1 1 1 2 4 1 2 1 2 1 4 4 2 1 1 4 2 1 2 2 2 2 3 2 1 4 1 1 1 4 2 2 5 1 1 1 1 3 2 3 2 1 2 3 3 1 1 1 3 2 5 1 1 3 4 4 1 3 4 1 3 2 1 2 4 3 3 2 2 1 2 2 2 2 6 2 2 1 2 1 3 1 1 5 3 1 1 3 2 3 2 1 2 3 4 4 1 1 1 2 2 1 1 1 1 1 2 2 1 4 1 2 2 1 1 2 2 1 2 1 3 1 2 2 2 1 3 1 3 1 1 1 1 1 1 1 4 1 2 3 1 2 1 3 2 2 4 1 4 1 3 2 1 1 2 2 1 3 5 3 3 2 4 2 1 3 1 1 3 2 1 1 2 1 2 4 2 4 2 1 2 1 1 3 1 1 5 4 2 2 2 3 2 2 2 3 4 3 1 3 3 3 3 1 2 2 1 3 1 3 3 2 3 1 2 1 3 4 3 2 1 2 1 1 1 4 1 2 2 2 4 9 1 2 1 2 1 2 1 1 2 1 4 3 2 1 1 2 2 1 5 1 1 2 2 1 4 1 2 1 3 3 1 2 2 1 1 1 2 1 3 1 2 2 2 3 1 
  #Test Small 10271
  #Test Medium 21077
  #Test Large 31899
