Board size [mm] 125x125

Stats side 1
  #Components with background 22
  #Components with points 125
  #Components nofly 5
  #Components notouch 2
  #Pins 23597
  #GNDs 398
  #VDDs 341
  #Clock 16
  #NoFly points 802
  #NoTouch points 340
  #Points [total] 25494

Stats side 2
  #Components with background 24
  #Components with points 97
  #Components nofly 0
  #Components notouch 2
  #Pins 18435
  #GNDs 568
  #VDDs 401
  #Clock 7
  #NoFly points 0
  #NoTouch points 244
  #Points [total] 19655

Stats board (side 1 + side 2)
  #Components with background 46
  #Components with points 222
  #Components nofly 5
  #Components notouch 4
  #Pins 42032
  #GNDs 966
  #VDDs 742
  #Clock 23
  #NoFly points 802
  #NoTouch points 584
  #Points [total] 45149
  #Nets 2544
    Net Size: 966 742 23 1 3 1 1 1 1 2 1 1 1 3 1 3 1 3 3 2 1 2 1 2 2 2 2 1 1 1 1 1 1 1 1 1 2 1 1 2 1 1 2 2 3 2 1 3 1 1 5 2 1 1 3 1 2 2 1 2 1 2 1 1 2 1 1 1 1 1 1 1 1 2 1 2 3 1 2 2 3 2 3 1 1 2 1 1 1 1 1 1 1 2 1 1 1 1 5 2 3 1 1 1 2 2 3 3 1 1 2 3 1 1 1 1 3 3 3 1 2 1 1 3 4 1 1 1 1 1 2 1 1 1 3 2 2 1 2 3 1 3 1 1 1 1 1 2 1 2 1 2 1 3 1 3 1 2 3 1 2 3 1 1 3 1 2 1 2 1 1 1 1 1 1 1 3 1 4 1 2 1 1 2 2 2 2 2 1 2 2 2 2 1 2 2 1 1 2 1 2 1 3 2 1 1 3 2 2 1 3 2 1 1 1 1 1 1 1 1 1 1 3 1 1 2 2 1 1 1 1 2 2 2 4 2 3 1 2 1 3 1 1 1 1 2 1 1 4 1 1 1 1 1 1 1 1 2 2 1 1 1 2 2 1 2 1 3 3 1 1 2 5 3 3 1 2 1 1 1 2 2 3 2 1 2 3 1 1 1 3 1 1 3 2 2 1 1 3 1 3 1 2 1 1 1 1 1 1 2 4 2 2 2 1 1 1 1 1 1 1 1 3 2 2 1 3 2 2 1 1 2 1 2 4 1 2 1 4 2 1 2 1 2 2 1 2 1 1 1 1 1 1 1 1 2 1 1 2 1 1 1 1 5 1 1 1 1 1 1 1 4 3 1 2 2 2 1 1 2 1 1 4 1 1 3 3 2 1 2 1 1 2 1 1 2 1 1 3 1 3 1 2 1 1 2 3 1 1 4 2 1 3 2 1 1 2 2 1 1 1 2 1 2 1 2 1 1 1 3 2 1 1 2 2 1 2 1 2 5 1 1 3 1 2 1 1 1 1 1 1 1 1 1 1 1 2 1 1 2 1 1 2 1 1 1 1 2 2 1 1 1 1 1 2 3 3 3 1 3 1 3 2 2 1 3 3 1 1 5 1 2 1 1 1 2 1 2 2 2 1 2 1 2 1 2 3 1 1 1 3 2 1 1 1 1 2 1 1 1 1 1 1 1 2 3 1 2 3 1 2 2 5 2 2 2 1 1 2 2 2 1 1 2 3 1 1 3 2 2 1 1 3 1 1 2 1 2 3 2 2 4 1 2 1 3 1 1 5 2 1 1 3 2 2 1 3 3 3 2 2 1 2 1 1 1 1 1 3 1 1 1 1 1 1 1 2 1 2 3 3 1 1 1 2 2 4 3 1 1 4 3 1 1 1 1 3 1 2 3 2 2 2 1 1 1 1 2 1 1 1 1 1 2 2 2 2 2 2 2 1 1 2 2 1 2 3 2 2 2 1 1 1 3 3 2 1 4 2 2 1 1 1 1 3 2 2 2 3 2 1 2 2 2 1 2 2 1 1 1 1 3 1 1 1 2 3 3 2 1 1 5 1 1 1 1 1 1 1 1 1 1 1 1 1 1 1 1 1 4 2 2 1 2 3 1 1 2 1 1 1 2 1 1 2 1 4 3 2 1 2 2 1 1 1 1 1 2 1 5 1 1 2 2 2 1 2 1 1 1 1 2 2 1 1 1 2 1 2 1 1 2 1 1 1 3 1 1 1 1 2 1 2 2 1 1 1 1 1 1 1 1 1 1 2 1 1 1 2 3 1 2 1 1 2 2 1 2 1 3 1 2 2 1 1 1 1 4 3 1 1 3 1 1 2 1 2 1 1 1 1 2 2 1 2 1 1 1 2 1 1 2 3 1 1 1 2 1 1 3 1 1 2 3 2 3 1 1 1 1 1 1 2 2 1 1 2 3 1 1 2 2 2 4 1 1 3 2 1 1 2 1 1 1 1 2 3 2 1 1 3 3 3 1 2 2 3 1 1 2 1 1 1 1 1 2 2 1 5 4 1 1 3 3 2 3 2 1 1 1 2 2 1 1 2 1 1 2 2 2 2 1 1 1 2 2 4 1 1 1 1 2 1 1 1 1 2 1 2 1 1 1 1 2 1 2 1 2 1 1 1 1 2 4 1 1 4 1 2 1 1 1 1 1 2 2 2 2 1 1 3 3 2 2 2 1 1 1 1 1 2 3 2 1 3 1 1 4 2 1 2 1 2 1 2 3 1 2 1 3 2 1 1 3 1 1 1 1 2 1 1 1 1 1 1 1 2 1 2 2 1 2 2 2 4 2 2 2 2 2 1 2 1 2 1 1 2 2 1 1 3 2 1 5 1 2 2 1 1 1 1 1 1 1 1 1 2 3 1 4 1 2 3 1 1 1 2 1 2 1 1 2 1 1 3 1 1 3 2 2 1 1 2 3 2 1 1 1 1 2 1 2 1 1 1 2 4 2 2 1 1 1 3 1 3 1 1 1 1 1 1 2 2 1 3 2 3 1 1 2 2 2 2 1 3 2 3 1 1 1 1 4 3 2 2 1 2 1 3 2 1 1 1 1 2 1 2 2 2 1 2 1 1 2 2 1 1 1 1 1 2 2 2 2 1 2 2 2 2 1 1 1 1 2 2 1 2 1 2 1 1 1 3 1 1 1 1 1 3 2 2 2 2 1 2 1 3 1 3 1 1 2 4 1 1 1 1 1 1 1 2 2 1 1 2 3 1 1 1 2 3 2 4 2 3 1 2 1 1 1 2 1 2 2 1 2 1 5 1 1 2 1 1 1 1 2 1 1 2 1 1 2 1 1 1 1 1 1 2 1 1 2 1 1 3 1 2 1 1 1 1 2 2 2 1 2 1 2 2 3 1 1 2 1 1 3 2 2 2 3 3 1 1 1 1 1 1 2 1 2 1 3 1 2 1 1 1 3 2 2 3 2 1 3 2 2 1 1 2 1 2 1 1 2 2 2 3 3 1 2 1 1 2 2 2 2 1 1 2 1 1 2 1 1 1 1 3 2 1 1 1 1 1 1 3 3 1 1 1 1 1 1 2 1 4 1 1 1 3 1 2 1 2 2 1 2 1 1 2 3 1 1 1 2 2 1 1 1 1 1 2 2 1 2 1 1 1 1 1 1 4 1 1 1 2 1 1 2 1 3 4 1 1 1 4 2 1 2 1 3 1 1 1 2 2 2 3 3 1 2 1 1 3 2 1 1 1 2 1 4 2 1 2 1 2 3 2 4 1 1 1 1 2 2 1 1 2 1 3 2 2 1 2 2 1 1 3 1 2 1 1 1 2 3 2 2 1 2 2 1 1 3 1 1 2 2 2 3 2 1 1 1 3 2 2 2 1 3 1 1 1 1 2 1 2 1 1 1 1 1 1 2 3 1 1 1 2 2 2 1 1 1 2 2 2 1 1 3 1 1 1 2 1 2 2 1 1 2 2 3 2 1 1 3 2 1 3 3 2 1 1 2 2 2 1 2 1 1 1 1 2 1 2 2 2 3 1 1 2 1 2 1 1 4 1 2 1 1 4 1 3 3 3 2 2 2 3 4 1 2 3 1 3 4 2 1 1 1 2 2 1 1 1 1 1 1 2 3 1 1 1 2 1 2 2 1 1 1 1 1 3 3 2 1 1 2 2 1 1 1 1 3 2 3 1 1 1 2 4 2 1 2 2 2 1 2 1 2 1 3 1 2 2 1 3 1 2 2 1 1 2 1 1 1 1 2 1 1 2 1 1 1 2 3 1 1 2 1 1 1 2 3 1 1 2 2 1 1 1 1 2 1 1 2 2 1 2 1 1 1 1 1 2 2 1 2 1 1 1 4 1 1 1 2 3 2 1 1 3 1 1 1 1 1 5 2 1 1 1 1 2 1 1 2 1 1 2 2 1 2 1 1 1 4 3 1 2 2 2 1 2 1 1 2 2 1 1 1 1 2 2 3 2 1 4 4 1 4 2 1 2 2 1 1 1 2 1 1 1 4 2 1 1 2 1 1 1 1 1 1 1 2 1 3 2 1 1 1 3 2 2 3 3 1 3 1 1 2 3 1 2 1 1 1 1 1 1 2 1 1 3 2 3 1 1 2 1 1 3 1 1 1 1 1 3 2 1 1 3 2 1 1 1 1 2 1 2 2 1 2 2 2 1 1 1 2 1 3 4 1 1 1 1 1 1 1 3 1 1 1 2 1 1 2 1 2 2 1 2 3 2 2 1 1 1 1 1 1 1 1 3 1 1 2 1 4 3 1 1 2 1 2 2 2 2 1 4 2 1 3 1 1 1 1 2 2 1 1 3 2 1 1 2 3 5 1 2 2 2 3 1 1 1 1 2 2 2 3 1 1 1 1 1 2 1 1 3 2 1 2 2 2 1 2 1 1 3 1 2 1 1 1 2 3 1 4 2 2 2 1 1 1 2 1 2 2 1 1 1 2 1 2 1 1 2 1 4 1 1 3 2 1 5 1 2 1 1 1 2 1 1 1 1 1 3 1 1 2 2 2 2 1 3 1 2 2 3 2 1 3 1 1 1 4 1 1 1 1 2 3 3 3 1 1 1 1 1 3 1 4 1 1 2 2 2 1 2 1 3 1 1 1 2 2 3 1 1 1 1 1 3 3 1 1 1 1 1 2 3 1 2 3 4 2 1 1 1 1 2 1 1 1 1 1 1 2 4 1 1 1 1 4 2 1 1 4 2 1 1 1 2 1 1 2 1 3 1 1 1 1 4 2 1 1 1 1 1 2 2 1 1 1 1 1 3 2 1 2 1 2 1 4 1 2 1 1 2 2 1 1 2 1 1 1 1 1 3 3 1 1 2 1 3 5 2 1 2 1 1 1 1 2 1 2 1 4 2 2 3 2 1 2 1 2 2 1 1 1 1 1 2 1 1 2 1 2 1 1 1 2 2 1 1 1 1 1 1 3 1 1 1 1 1 1 1 1 1 2 1 3 2 3 1 2 1 1 2 1 5 1 1 1 1 2 2 1 1 2 1 2 1 1 4 1 2 1 1 1 1 2 1 2 3 2 2 1 1 1 2 3 1 2 1 2 2 1 1 2 1 2 1 2 1 3 1 1 2 1 1 1 1 2 2 1 1 2 1 1 2 1 2 1 1 1 2 1 1 1 1 2 2 1 2 1 2 1 1 1 4 3 1 1 2 2 1 2 2 2 1 1 1 2 2 2 3 1 1 2 4 1 1 1 1 4 1 1 1 1 3 1 2 1 2 1 1 3 3 1 1 1 3 1 5 1 1 3 1 2 1 2 1 1 2 1 2 3 2 2 4 2 1 1 2 2 1 1 1 1 1 1 1 1 1 3 2 3 2 2 1 1 1 2 2 1 1 1 1 2 1 1 1 2 1 1 1 1 2 2 3 2 1 1 2 1 1 4 2 1 1 1 1 1 3 1 3 1 1 2 1 1 3 1 1 1 1 2 1 4 2 1 1 1 1 2 4 1 1 3 1 3 1 1 1 1 2 1 4 1 1 1 2 2 2 1 2 1 1 1 1 1 1 1 2 1 1 6 1 2 2 2 2 1 1 1 1 1 1 2 1 1 1 1 1 1 1 1 2 3 1 1 1 1 1 1 1 1 2 2 1 3 2 2 4 1 1 1 3 2 2 2 1 2 1 1 1 2 1 1 1 3 2 1 2 1 2 2 1 1 3 1 1 1 2 2 2 1 2 1 2 1 4 3 2 3 
  #Test Small 2839
  #Test Medium 7031
  #Test Large 10736
