Board size [mm] 350x350

Stats side 1
  #Components with background 84
  #Components with points 601
  #Components nofly 6
  #Components notouch 6
  #Pins 153831
  #GNDs 4953
  #VDDs 3939
  #Clock 64
  #NoFly points 940
  #NoTouch points 1048
  #Points [total] 164775

Stats side 2
  #Components with background 81
  #Components with points 616
  #Components nofly 0
  #Components notouch 0
  #Pins 161699
  #GNDs 4909
  #VDDs 3889
  #Clock 72
  #NoFly points 0
  #NoTouch points 0
  #Points [total] 170569

Stats board (side 1 + side 2)
  #Components with background 165
  #Components with points 1217
  #Components nofly 6
  #Components notouch 6
  #Pins 315530
  #GNDs 9862
  #VDDs 7828
  #Clock 136
  #NoFly points 940
  #NoTouch points 1048
  #Points [total] 335344
  #Nets 306130
    Net Size: 9862 7828 136 2 2 1 2 1 1 1 2 1 3 1 1 1 2 1 2 4 1 2 1 1 2 2 3 2 1 1 3 2 2 2 2 1 3 1 1 1 2 1 2 3 2 2 1 1 1 1 2 2 2 1 1 4 1 1 1 3 1 1 1 1 3 1 3 1 1 2 1 1 1 1 1 1 1 2 1 3 1 1 1 1 1 1 1 1 1 1 1 2 2 2 3 1 1 1 2 1 1 2 2 1 2 1 1 1 1 2 1 3 1 2 1 1 1 1 1 1 2 3 1 2 2 1 3 1 3 1 1 1 1 3 1 1 1 1 1 1 2 1 1 2 1 2 1 2 1 1 2 2 2 1 1 1 1 1 1 3 2 3 1 1 2 1 1 1 2 1 1 2 1 1 1 3 1 1 2 1 1 2 2 1 1 1 6 2 1 1 1 3 1 3 1 2 2 2 1 3 1 1 3 2 1 2 1 2 1 2 2 2 2 1 1 1 1 2 2 1 1 2 1 4 2 1 2 1 3 2 1 4 2 1 1 1 2 2 1 1 1 1 3 1 2 1 1 5 1 2 3 1 1 2 2 1 2 3 1 3 3 1 4 1 4 2 1 2 2 2 3 2 1 1 1 1 1 1 2 1 2 2 2 1 1 1 2 1 1 1 2 1 2 2 1 4 1 1 1 3 1 1 1 2 1 1 1 3 3 1 1 1 1 1 1 1 1 1 1 1 1 2 2 1 1 1 3 1 1 2 1 1 1 1 2 1 1 1 1 1 1 1 2 1 1 2 1 1 1 2 4 4 3 1 2 1 3 1 1 1 1 1 1 2 1 3 3 1 1 2 2 1 1 1 2 2 2 1 1 2 1 2 1 1 1 2 2 2 1 1 1 1 1 2 3 3 3 1 1 2 1 1 2 1 1 1 1 2 1 1 2 4 1 1 2 2 1 1 1 3 1 2 1 1 1 1 2 4 2 1 1 1 2 1 2 1 2 1 1 2 1 2 1 1 1 1 2 1 1 2 2 1 1 2 1 1 1 1 3 1 2 2 1 1 1 3 2 2 1 1 2 1 1 2 1 1 1 2 3 3 1 2 2 4 3 4 1 1 1 3 3 1 1 1 1 1 1 2 1 3 4 3 3 2 4 3 2 2 1 1 1 1 1 2 2 2 3 1 2 2 1 1 1 1 1 1 1 5 2 1 2 1 2 1 1 1 3 1 1 1 1 2 1 3 2 2 1 1 3 1 1 1 2 1 3 1 1 5 2 1 1 1 1 1 3 1 1 1 1 1 1 3 1 1 1 1 2 3 5 3 2 2 4 2 1 1 2 3 2 1 1 1 1 2 2 1 1 1 1 1 2 3 1 2 1 1 2 3 2 2 1 2 1 3 1 2 3 2 1 1 1 1 2 1 2 1 3 3 2 1 1 1 1 1 1 2 1 1 1 2 1 2 1 1 2 1 1 1 2 1 2 1 3 3 2 1 1 1 2 1 1 1 1 2 1 1 1 3 1 1 1 2 3 2 1 1 3 2 2 2 2 2 1 2 6 1 2 1 3 1 2 3 1 1 1 2 2 1 1 1 1 1 2 3 2 2 1 2 3 1 1 1 1 2 2 2 1 2 1 1 3 1 1 2 1 1 1 3 2 1 2 2 1 2 2 2 2 1 1 2 2 2 2 1 1 2 1 1 2 2 1 1 3 1 2 4 1 1 2 1 1 1 1 2 2 2 1 3 1 3 1 1 1 1 1 1 1 1 1 1 1 1 1 1 1 3 1 1 1 1 2 3 1 3 1 2 1 1 1 1 1 2 1 1 1 1 2 2 1 1 1 2 2 2 2 1 1 1 2 1 3 1 1 1 1 2 1 2 1 1 1 1 1 1 5 1 1 1 1 2 2 2 1 2 1 1 1 1 1 1 1 2 1 2 1 1 2 2 1 3 1 1 3 3 1 1 1 1 1 2 3 1 1 2 2 1 1 1 1 1 2 1 1 1 1 3 1 2 2 1 3 2 1 1 1 4 2 1 1 1 1 1 2 1 1 1 1 2 1 2 1 5 3 1 1 3 1 1 2 1 2 2 1 1 1 1 3 4 2 1 2 2 2 1 1 1 1 1 1 1 3 2 2 2 1 3 1 3 1 3 1 1 2 1 3 2 3 1 3 2 1 2 2 1 2 1 1 2 3 2 1 2 1 1 1 3 3 3 1 1 1 4 1 3 1 1 2 1 3 2 1 2 2 3 1 1 1 3 1 2 1 1 1 1 1 1 2 2 1 1 2 4 2 2 1 1 2 1 1 1 3 2 2 5 2 2 1 1 2 1 2 2 1 2 2 2 1 1 1 2 1 4 2 1 2 2 1 2 3 1 4 3 1 1 3 1 2 2 1 2 2 1 1 1 1 1 1 1 1 1 1 2 1 2 1 1 2 1 1 3 2 1 2 1 1 1 3 3 2 2 1 1 1 3 2 1 1 1 2 1 2 3 2 1 1 1 1 2 2 2 1 1 1 1 2 4 1 1 1 1 2 1 1 1 1 1 1 1 2 1 4 2 1 3 3 1 3 1 1 2 1 2 1 1 2 2 2 2 1 1 1 1 1 1 1 1 1 3 1 1 2 1 1 2 1 2 1 2 2 1 1 4 1 1 1 1 1 2 2 1 1 2 1 1 1 1 2 1 1 1 3 1 3 1 3 2 1 2 2 2 3 1 2 4 1 1 1 1 1 3 2 1 1 1 1 3 1 1 2 2 1 1 1 4 1 3 1 2 1 2 1 2 2 1 1 1 1 2 1 1 1 1 1 2 1 1 1 1 2 4 2 2 1 1 1 1 3 1 1 2 2 2 3 2 2 1 1 1 2 1 1 2 1 1 2 1 2 1 1 1 2 3 1 1 2 1 1 2 1 3 2 3 2 2 5 1 2 2 1 1 1 1 1 1 1 1 1 2 1 1 1 2 3 1 1 1 3 2 1 1 1 2 2 1 2 2 1 1 2 1 2 3 1 1 1 1 2 1 2 1 2 1 2 1 5 2 1 1 1 1 2 2 1 1 2 1 1 1 1 1 1 1 3 2 1 1 2 1 1 1 2 1 1 1 2 1 1 1 2 1 1 2 2 1 1 1 2 1 1 5 1 1 1 3 1 1 3 2 1 1 1 1 1 1 1 2 2 2 1 1 2 1 2 3 1 1 1 1 1 1 1 1 1 1 1 1 2 1 1 1 2 4 1 1 1 1 2 2 1 2 1 1 1 2 1 1 2 2 2 2 3 1 1 1 2 1 1 3 2 1 1 1 2 2 2 2 1 2 3 1 1 2 3 2 2 1 1 1 2 2 2 1 1 1 3 2 1 3 3 2 3 1 4 2 1 2 1 2 1 1 1 2 4 1 2 1 2 5 1 1 1 1 2 2 1 1 2 1 1 1 4 1 1 3 1 1 2 1 2 2 1 1 2 1 1 2 2 5 1 2 1 1 1 3 2 1 1 3 1 2 1 3 2 2 2 2 3 3 1 1 1 2 1 5 1 2 1 2 1 2 2 1 1 1 1 1 2 3 4 1 2 3 2 1 1 2 1 1 1 1 1 1 1 1 1 1 2 2 1 1 2 2 2 1 2 1 2 1 2 1 1 2 3 2 1 1 1 1 3 1 3 2 2 2 1 1 2 2 3 1 1 2 1 1 4 1 3 1 2 1 3 1 1 1 1 3 1 1 1 1 1 1 3 2 2 2 2 2 2 1 1 1 1 2 1 2 1 2 2 1 1 3 3 1 1 2 1 1 3 2 1 1 1 2 1 3 1 1 2 2 1 1 3 2 2 4 2 1 1 1 2 1 1 1 1 2 2 1 2 1 1 1 3 3 1 1 2 2 1 1 3 1 1 2 2 1 2 2 2 3 3 1 2 1 1 1 1 2 2 1 2 3 2 2 2 1 2 2 1 1 2 1 2 1 2 1 2 1 3 1 1 1 1 2 2 1 2 2 3 3 2 1 1 2 1 2 2 1 3 1 1 1 1 1 1 1 3 1 1 1 1 1 1 1 2 1 1 1 1 1 2 2 3 1 2 1 4 3 2 3 1 1 1 1 1 1 1 1 1 1 1 1 2 1 2 3 2 1 1 1 2 2 1 2 1 3 2 1 1 1 1 1 2 3 2 2 1 1 1 3 1 3 2 1 2 2 1 2 2 1 3 2 3 1 3 1 2 2 1 2 1 4 1 2 1 1 2 2 1 2 2 2 2 1 2 1 1 2 1 1 2 1 1 3 1 1 3 1 1 1 2 1 2 1 1 1 3 2 1 1 2 2 1 1 3 2 2 1 1 1 1 2 3 1 1 2 2 2 2 2 2 2 1 1 1 1 1 1 1 1 1 1 1 1 1 2 3 1 3 3 2 2 2 2 2 1 1 1 2 1 1 2 1 1 2 2 1 1 1 2 1 2 2 1 1 1 1 1 1 2 3 1 1 3 1 1 1 1 1 2 1 1 1 1 1 3 1 1 4 2 1 1 1 4 3 5 1 1 2 3 2 2 1 1 2 1 1 4 1 1 1 1 2 5 2 3 1 2 1 4 3 2 1 2 3 1 1 1 1 1 4 1 1 2 1 1 2 3 1 1 4 2 1 2 2 1 1 1 3 3 1 1 1 1 1 1 1 1 2 1 2 1 2 1 2 2 2 3 2 1 2 1 3 1 1 1 1 3 1 1 1 1 1 3 1 2 3 1 3 2 3 2 2 3 1 1 1 1 2 1 1 1 2 3 2 2 1 1 1 1 2 2 1 1 1 1 1 1 2 1 2 1 2 2 1 1 1 1 1 2 1 2 1 2 1 2 1 2 2 1 1 2 1 3 2 1 1 2 1 1 1 3 1 1 2 1 1 2 2 1 2 1 4 5 3 1 1 2 2 1 2 1 1 1 2 1 1 2 1 1 1 1 1 1 1 1 1 1 2 1 1 1 2 1 1 2 2 1 4 4 1 2 2 1 1 3 2 1 3 1 3 1 1 2 2 2 1 1 1 1 1 2 3 1 1 1 1 1 1 1 3 1 1 1 1 1 1 3 2 2 1 1 3 2 1 1 1 1 1 1 2 2 4 1 2 1 3 1 2 3 1 1 3 3 3 1 1 1 2 1 2 1 2 2 2 1 2 2 1 1 1 2 1 1 2 2 1 1 3 1 3 1 1 1 1 2 2 2 3 2 3 3 1 1 2 1 2 1 3 3 1 1 1 1 1 1 1 1 4 2 1 1 2 1 1 1 1 2 1 2 1 1 1 1 3 2 2 1 3 2 1 1 3 2 1 1 3 1 1 2 3 1 1 2 1 1 3 1 1 3 1 1 1 1 2 3 2 1 1 1 1 2 1 2 1 2 3 2 1 1 1 2 1 2 1 2 1 1 2 1 1 1 1 1 1 2 2 3 1 1 1 2 3 1 2 2 2 1 1 2 2 1 1 1 1 2 3 1 1 1 1 3 2 2 1 1 1 3 1 4 4 1 2 1 2 2 1 1 4 1 1 4 2 4 2 1 2 1 1 2 1 2 1 2 1 1 2 1 1 1 2 2 1 1 4 4 3 2 2 1 2 1 2 3 2 2 6 1 2 3 2 2 3 2 1 1 2 2 1 2 1 2 1 1 4 2 3 1 1 1 3 2 2 1 2 3 3 2 1 2 1 1 1 1 4 1 2 1 2 2 2 1 1 1 2 1 2 2 2 1 1 1 2 2 1 1 1 1 1 1 1 2 1 2 1 1 3 1 1 2 2 1 1 1 1 1 1 1 1 3 1 1 1 2 1 2 1 3 1 2 1 1 2 1 2 1 3 2 1 1 1 1 2 2 3 1 1 2 1 2 2 1 2 1 3 3 2 2 1 3 1 1 1 2 1 3 1 2 1 1 1 2 1 4 1 1 1 1 2 1 1 2 1 2 1 1 2 1 1 1 4 1 1 1 1 2 2 1 6 1 1 2 1 2 1 1 1 1 1 1 3 2 5 2 2 1 1 4 3 1 2 1 1 1 2 2 2 1 1 1 1 1 1 2 1 1 3 2 1 1 5 3 1 1 1 1 1 1 1 1 2 2 1 1 2 2 1 1 1 1 1 1 2 1 2 1 3 1 2 1 3 2 1 1 1 1 3 3 3 3 2 1 1 2 2 1 1 2 1 2 1 1 1 3 1 1 2 1 3 1 3 2 1 1 1 2 1 1 3 2 3 1 1 1 1 1 1 1 2 1 1 1 1 1 1 3 3 2 1 2 2 1 2 3 3 1 2 2 2 1 1 3 1 1 2 1 1 1 2 1 1 3 1 1 1 1 1 1 1 1 2 1 1 1 1 1 1 2 2 1 2 2 4 2 1 1 1 2 1 1 1 2 2 1 3 1 3 2 1 1 1 3 2 1 1 2 1 1 1 1 1 1 1 2 1 3 2 1 1 1 1 1 1 2 2 1 2 1 4 1 2 1 2 2 1 2 1 1 1 1 2 1 2 2 4 2 2 1 2 1 1 1 3 1 1 3 1 2 1 1 2 1 2 2 1 3 1 2 1 1 1 2 2 1 1 1 1 1 2 1 3 1 1 1 1 1 3 1 1 2 2 1 1 3 1 1 1 1 2 2 1 2 1 1 2 6 1 1 1 4 1 1 2 4 2 1 1 2 2 2 1 1 2 2 1 3 2 1 1 2 2 2 1 2 5 2 2 1 2 2 1 3 1 1 1 3 1 1 1 2 2 2 1 2 1 1 2 2 1 1 1 1 1 1 1 2 2 1 2 1 1 2 2 1 1 1 2 2 1 1 1 1 2 1 1 1 1 1 2 1 1 1 2 1 1 1 2 1 2 3 1 1 1 3 3 1 1 1 2 1 1 1 3 1 1 3 1 1 1 3 1 1 1 1 1 2 1 2 1 2 1 2 1 3 2 2 3 2 1 4 1 1 3 1 2 2 2 1 2 1 5 1 2 2 1 1 1 1 1 2 1 2 1 1 1 1 1 2 1 2 3 1 1 1 1 2 1 2 1 1 1 1 1 3 1 2 2 1 2 1 2 2 1 1 4 1 1 2 1 1 2 3 1 2 2 1 2 1 1 1 1 1 3 4 1 1 2 2 1 2 3 1 2 1 2 3 1 1 1 1 1 2 1 1 1 1 1 1 1 1 1 1 2 1 2 1 2 1 1 3 1 1 1 1 2 2 1 1 2 3 2 1 4 1 2 1 1 1 2 1 2 1 1 2 1 2 2 1 3 1 1 3 1 4 2 1 2 2 1 3 2 3 2 3 2 2 1 1 3 2 1 1 2 1 2 1 2 3 1 2 1 1 1 1 2 1 1 2 1 2 3 1 2 2 2 1 1 1 1 1 2 4 2 1 2 2 1 1 2 2 1 2 3 1 3 2 1 2 1 2 3 1 1 1 2 1 1 2 1 1 1 1 1 3 1 2 1 1 2 1 1 1 1 1 1 1 2 1 1 2 2 2 1 1 1 1 1 1 2 1 1 1 2 1 3 1 1 2 2 1 1 3 1 1 2 2 1 1 2 2 3 1 1 1 3 2 1 1 2 2 1 1 1 1 2 2 1 1 1 1 4 1 2 1 1 1 1 1 1 2 1 1 1 2 2 3 1 1 1 1 1 1 2 1 2 2 3 3 2 1 3 1 1 1 1 2 2 1 1 3 1 1 2 2 1 3 1 1 1 2 3 2 1 1 1 1 1 1 2 1 1 1 4 2 2 1 1 2 1 1 2 2 1 2 1 1 1 4 2 1 2 2 2 1 1 1 1 1 1 1 1 1 2 1 1 2 1 2 2 2 2 2 1 1 2 2 3 1 3 1 1 1 1 2 2 3 2 2 1 1 2 2 1 2 1 1 1 1 1 1 1 1 2 1 2 1 1 2 1 5 1 2 2 1 1 1 2 1 2 1 1 1 2 1 2 3 1 1 2 2 2 1 1 2 1 3 1 3 1 1 1 1 2 1 1 1 1 2 1 1 1 2 1 2 1 1 1 3 1 3 3 2 2 3 1 2 2 1 1 1 1 2 2 1 3 1 2 2 1 2 1 1 1 2 1 1 1 2 1 3 3 1 3 2 2 1 1 1 1 1 1 3 1 1 1 1 3 4 2 3 2 1 1 1 1 2 2 1 3 1 1 1 3 1 1 1 1 1 2 1 1 1 1 1 2 1 1 1 1 1 1 1 2 1 1 1 4 1 1 1 1 1 1 1 3 2 1 2 2 1 2 1 1 2 1 3 3 2 2 1 1 1 1 2 1 2 1 1 2 1 1 1 1 2 3 3 1 1 3 4 2 1 1 1 1 1 2 2 2 1 3 1 2 2 3 1 1 2 2 3 1 1 1 2 1 1 2 2 4 3 1 2 1 1 2 1 1 2 1 2 2 1 2 1 1 2 1 1 1 2 2 1 1 1 1 3 2 1 2 1 2 1 1 1 2 1 2 1 1 3 1 2 1 1 2 3 1 2 1 3 1 1 1 1 1 2 1 1 1 1 1 2 1 1 1 2 1 1 1 1 2 1 1 2 1 2 2 1 2 1 3 2 1 2 1 2 2 2 2 1 2 1 1 2 1 1 2 1 1 1 2 1 1 1 1 2 1 1 2 1 1 1 1 1 1 1 3 1 1 1 3 1 1 2 2 1 2 2 3 3 1 1 4 2 2 1 3 1 1 2 1 2 1 1 1 2 3 2 3 1 3 1 1 1 1 1 1 1 1 4 2 1 1 3 2 3 3 1 1 1 1 2 2 2 3 2 1 2 3 1 3 1 2 1 1 1 3 1 1 2 1 3 2 1 1 2 1 4 2 1 2 1 1 2 1 2 1 1 2 1 2 1 1 1 1 1 1 2 1 1 4 2 1 3 1 2 2 2 2 1 2 2 1 2 3 1 2 3 2 1 4 2 1 2 1 2 2 2 1 1 1 2 2 2 2 1 1 1 3 1 2 2 1 1 1 1 1 1 1 1 3 2 1 1 2 2 1 1 1 1 3 4 1 3 1 3 1 3 1 2 2 2 3 3 1 1 1 1 1 1 2 1 2 2 2 1 1 2 1 1 1 2 1 1 1 4 1 1 1 1 2 3 2 1 2 1 2 4 1 1 1 1 1 1 2 1 2 2 1 3 1 1 1 2 1 3 2 3 1 2 5 2 3 1 2 1 2 1 2 1 1 2 1 1 2 3 2 1 2 1 2 1 3 1 2 2 4 1 2 2 1 1 3 2 1 1 1 1 1 1 1 1 2 1 2 1 1 1 2 1 1 1 2 1 2 1 2 1 1 2 1 2 2 1 1 1 3 1 1 2 2 1 2 1 1 2 2 1 1 1 1 1 1 1 1 1 2 1 2 1 1 1 1 1 1 1 1 1 2 1 2 1 2 1 1 1 1 1 1 1 1 1 2 1 3 1 3 2 1 2 1 2 3 1 1 3 3 3 1 1 3 2 3 1 1 1 1 2 1 1 1 1 3 4 2 3 3 3 2 2 1 3 2 3 1 1 1 1 2 1 1 1 1 2 1 2 1 1 5 2 5 1 1 1 1 1 1 1 1 1 2 1 1 1 2 1 1 2 2 1 2 2 1 1 3 1 3 1 1 2 1 1 2 1 2 1 2 2 2 2 2 1 2 1 1 1 1 1 1 1 2 2 1 1 2 1 2 2 3 2 1 1 2 1 1 1 1 1 1 1 1 1 2 2 1 1 1 1 1 1 2 1 2 1 1 2 1 2 1 3 1 2 2 1 2 1 2 2 1 1 1 2 1 1 2 1 3 3 1 1 1 1 2 3 1 2 1 1 1 1 3 1 1 2 2 2 2 1 1 1 4 2 2 1 2 1 1 2 2 2 2 1 1 4 2 1 2 1 1 1 2 1 2 3 1 1 2 2 3 2 2 1 1 2 2 1 1 1 1 1 1 1 2 2 1 1 2 2 1 1 1 3 1 2 2 1 1 1 1 1 2 1 1 1 1 1 2 1 4 3 1 1 2 1 1 1 2 1 1 1 1 1 2 1 2 1 1 1 1 1 1 1 2 1 2 1 2 1 1 1 2 1 4 2 1 1 1 2 1 1 1 1 1 1 1 1 3 1 1 1 2 4 1 1 1 1 2 1 2 2 1 1 1 1 1 1 1 1 1 1 2 1 1 1 1 2 1 1 2 1 2 1 1 1 1 2 2 2 2 2 3 1 1 1 2 2 2 1 1 2 2 3 1 2 1 1 2 1 2 5 3 1 1 2 1 1 1 1 1 1 2 1 2 2 1 1 1 3 1 3 2 2 1 2 2 1 3 2 2 1 2 1 1 1 1 2 1 3 2 1 2 1 1 1 3 2 3 3 2 1 4 1 1 1 2 1 2 2 1 1 2 1 1 2 1 1 1 1 1 2 2 1 2 1 2 2 1 1 1 1 2 1 1 1 2 1 2 2 2 2 2 1 1 1 1 1 1 1 2 1 2 1 2 1 1 1 2 1 1 1 2 1 2 2 1 1 1 2 1 1 1 3 1 4 2 1 1 1 1 1 1 2 1 3 1 1 3 4 1 2 2 1 1 1 2 1 1 1 1 1 1 1 1 1 2 1 5 1 1 1 1 1 1 1 1 1 1 2 2 2 1 1 2 1 1 1 1 1 3 5 3 1 1 3 3 3 2 2 1 4 2 2 1 2 1 1 3 1 1 2 2 1 1 1 1 2 1 1 1 2 4 1 1 1 1 2 3 1 1 1 1 1 3 3 1 3 1 2 1 1 3 1 1 2 2 2 1 2 1 2 1 2 1 2 1 3 1 4 1 4 1 3 2 1 1 1 1 1 1 1 1 4 2 1 1 2 1 1 1 1 1 1 1 2 2 2 2 1 2 1 2 2 3 1 2 2 2 2 1 1 3 4 2 1 2 2 1 2 1 1 1 1 1 3 1 2 1 1 1 3 3 1 3 1 1 1 1 1 3 1 2 1 1 1 1 2 1 1 2 1 1 1 1 2 2 2 3 1 1 1 2 1 4 1 1 1 1 2 3 1 3 2 1 1 1 2 2 2 1 1 1 2 2 2 3 1 1 1 2 2 1 1 4 1 1 1 1 4 5 1 1 1 1 1 1 1 2 1 2 1 4 1 1 2 2 3 3 2 3 1 2 1 2 1 4 1 1 2 1 3 1 4 1 2 1 1 1 1 1 1 1 1 1 2 1 2 2 1 2 1 1 2 1 1 1 1 1 2 2 3 1 1 1 1 3 1 1 1 4 2 3 1 1 1 2 1 1 3 1 1 1 1 2 1 1 1 2 2 2 2 2 2 2 1 4 1 1 1 1 1 1 1 1 1 2 2 2 3 2 1 2 1 1 2 2 1 1 2 1 3 3 1 1 1 2 1 1 2 2 2 1 1 2 1 1 1 1 1 2 1 1 1 1 1 1 2 1 1 1 1 2 1 1 2 1 2 1 2 2 2 4 1 1 1 1 1 2 1 1 4 1 2 1 3 1 1 2 1 1 3 1 2 4 1 2 1 1 2 1 1 1 2 2 1 1 1 1 1 2 1 3 1 1 2 1 2 3 3 2 1 4 1 3 4 1 2 1 2 1 1 3 1 2 1 1 1 2 2 1 1 1 2 2 3 1 1 2 1 1 1 2 1 1 1 1 1 1 5 2 2 1 1 1 1 3 1 1 3 2 1 2 3 1 1 1 1 1 1 3 1 2 2 1 2 3 2 1 1 1 1 2 2 1 2 2 1 1 2 2 1 4 2 1 1 2 1 1 4 1 1 1 1 2 2 1 1 1 1 2 1 1 3 2 1 1 1 2 3 2 1 1 1 1 1 2 1 2 1 1 1 1 1 2 2 1 1 1 1 1 1 1 1 2 2 1 2 1 2 1 1 2 2 1 1 2 1 3 1 1 1 1 1 2 1 1 1 2 1 1 1 2 3 1 1 1 1 1 2 1 1 2 1 1 2 1 1 1 1 1 2 1 1 1 1 2 2 2 1 1 1 2 2 1 1 1 2 2 1 1 1 2 1 2 2 1 1 1 2 1 1 1 2 3 1 2 1 1 4 1 1 2 1 1 2 2 1 1 1 4 2 2 1 1 1 1 2 2 1 1 1 5 1 1 1 2 3 1 1 1 1 2 1 1 1 1 1 1 2 2 2 1 1 1 3 2 2 2 1 1 4 1 1 1 1 1 1 1 1 3 1 1 1 1 3 1 1 3 2 1 2 1 1 3 4 2 1 2 1 2 1 1 1 1 1 3 1 2 1 1 1 2 1 1 2 1 1 1 3 1 1 1 1 1 2 1 1 3 1 2 3 1 2 1 1 2 1 1 1 1 1 1 2 4 2 1 2 1 1 1 2 1 1 1 1 4 2 1 1 3 1 1 2 1 1 1 1 1 2 2 2 1 2 2 1 2 1 2 2 2 2 2 1 1 2 1 2 1 3 2 2 2 3 1 1 1 1 1 1 3 2 1 2 1 1 1 1 1 2 1 3 4 1 2 1 2 1 2 1 3 1 2 1 1 2 1 2 1 3 2 1 1 2 1 1 2 3 2 1 2 1 3 2 1 1 1 1 1 1 1 1 1 1 1 1 2 2 1 2 1 2 3 1 1 1 1 2 2 2 2 2 2 2 2 3 1 3 1 1 4 2 2 1 1 1 2 1 2 2 1 1 1 1 1 1 1 1 2 1 2 2 1 2 1 1 1 2 1 2 3 1 2 1 1 1 1 3 2 2 1 1 1 2 2 1 2 2 1 1 1 2 1 3 3 5 1 2 2 1 1 1 1 3 1 1 1 2 1 2 2 1 2 4 1 1 1 3 3 1 1 1 1 1 2 2 2 1 2 1 1 2 1 4 1 2 1 1 1 2 1 2 1 1 1 1 3 1 1 1 1 1 2 2 2 2 1 2 1 1 1 1 1 1 2 2 2 2 1 3 2 1 1 2 1 2 1 1 1 2 1 1 1 1 2 3 2 1 1 3 1 2 2 1 2 1 2 2 1 4 2 2 2 1 1 1 2 2 2 2 1 3 1 4 2 1 2 1 1 1 3 1 1 1 1 3 2 2 1 1 2 1 3 2 1 1 1 2 1 2 2 2 3 3 1 2 2 5 1 1 1 1 1 1 2 2 2 1 1 4 1 1 1 2 1 1 1 2 1 1 2 1 2 1 1 1 1 1 2 1 1 1 2 1 2 2 1 2 1 2 1 1 1 1 2 2 2 2 1 3 1 1 1 4 1 1 1 1 1 3 1 2 1 1 1 2 1 4 1 1 1 1 2 1 1 3 1 2 1 3 1 3 2 3 1 2 1 1 1 1 1 2 1 4 1 1 2 1 1 1 2 1 1 1 2 1 1 4 1 1 1 1 1 2 2 1 1 5 1 1 1 1 3 2 1 1 2 1 1 2 2 2 1 1 1 2 2 4 1 1 1 1 3 1 1 1 1 1 1 2 2 1 1 1 1 2 1 1 1 1 1 2 1 1 1 2 1 3 1 1 2 2 1 1 3 1 3 2 2 1 1 1 2 1 2 1 2 2 2 2 1 1 2 2 1 1 3 1 1 1 1 1 1 2 3 2 1 1 3 1 1 2 2 2 1 2 1 2 1 1 4 1 2 1 1 2 3 3 1 5 1 2 3 2 3 2 2 1 1 1 3 1 2 3 1 1 1 1 2 2 1 1 1 2 1 1 1 1 1 1 1 3 1 2 3 1 1 3 1 3 2 1 3 2 1 1 1 3 2 1 1 1 1 1 2 1 1 1 1 1 1 1 2 1 1 1 1 3 3 1 1 2 2 1 1 1 1 3 2 2 1 2 1 3 2 1 2 2 1 3 1 1 1 1 1 2 2 1 1 1 1 4 2 2 2 1 1 2 1 2 4 2 2 2 1 1 1 1 1 1 3 1 1 2 1 1 3 1 2 3 1 1 1 1 2 3 1 1 1 1 1 1 1 2 1 1 3 1 2 2 1 3 3 2 3 3 1 1 1 2 2 2 1 2 1 3 4 2 1 1 1 2 3 3 1 1 1 1 2 2 2 1 1 3 2 2 1 3 1 2 1 1 1 1 1 2 1 1 4 2 1 2 1 2 1 2 3 3 1 2 1 1 2 1 1 1 1 1 1 1 1 1 2 3 2 1 1 1 3 1 4 2 3 1 5 1 2 1 1 1 1 1 1 1 1 2 3 1 2 1 2 2 1 2 2 1 3 1 1 1 1 1 1 1 2 1 2 1 1 3 1 2 1 1 1 2 1 1 1 1 2 2 1 1 2 2 1 1 1 2 1 2 2 2 3 1 2 3 4 2 1 1 1 1 2 4 1 1 1 1 2 2 2 1 1 3 1 1 2 1 2 3 2 1 1 1 1 3 2 1 3 1 4 1 2 2 1 1 1 1 2 1 1 2 1 3 3 1 2 1 1 1 2 3 1 1 2 2 1 2 2 1 1 1 2 2 1 2 1 3 1 1 1 1 1 3 1 3 2 1 1 1 1 2 1 1 1 1 1 1 2 2 1 1 3 2 1 2 2 4 1 1 1 1 1 1 2 2 1 2 2 1 2 1 2 1 1 3 2 1 2 1 2 1 1 1 1 1 1 1 1 2 2 1 3 1 3 2 1 1 2 1 1 1 2 1 1 1 1 3 3 1 1 1 1 1 1 2 3 2 1 1 1 1 3 2 4 1 1 1 1 1 1 3 1 3 1 1 1 2 2 2 1 1 1 1 2 3 4 2 1 1 2 2 1 2 2 1 3 2 2 1 2 2 1 1 1 2 2 2 4 1 2 1 1 1 2 2 3 1 1 2 2 1 2 1 2 1 2 2 2 1 2 2 3 1 2 1 2 1 2 1 3 1 3 1 1 2 1 2 3 2 2 1 1 1 2 2 2 1 1 1 4 2 1 3 1 2 1 3 1 3 1 3 1 4 4 1 1 1 2 1 2 1 2 1 2 2 2 3 2 1 1 1 2 1 1 1 1 1 1 1 1 1 2 1 1 3 1 1 1 1 2 2 1 1 1 1 2 1 2 1 1 1 1 4 1 2 2 1 3 1 1 2 2 3 2 3 1 2 1 4 2 1 2 1 1 5 4 1 2 2 2 1 1 3 2 1 3 1 1 1 2 1 5 1 3 1 2 1 1 2 1 1 1 1 1 2 2 1 1 1 1 2 2 2 1 1 2 1 1 1 1 3 1 1 1 1 2 1 1 1 2 2 1 1 1 1 1 2 1 1 3 3 2 1 1 1 1 3 1 1 2 1 2 2 1 3 1 2 1 2 3 1 1 1 1 1 1 1 2 2 3 1 1 1 1 3 2 1 1 1 2 1 1 1 1 1 1 1 2 2 1 1 1 3 1 1 1 4 1 2 1 1 1 2 1 1 1 1 2 1 1 1 1 1 2 1 1 1 2 2 1 1 4 1 2 2 3 1 2 2 1 1 2 3 1 1 1 1 2 1 2 2 4 1 2 1 1 1 1 3 1 2 1 2 1 2 2 1 2 1 2 2 3 2 1 2 1 1 2 3 2 1 2 2 1 2 2 1 1 1 3 3 3 3 1 1 1 1 1 2 3 1 1 2 4 1 2 1 1 3 1 2 1 1 1 1 2 1 1 2 1 1 1 1 2 2 1 3 2 1 5 3 2 1 1 1 1 1 1 1 1 1 1 1 1 2 2 1 2 2 2 2 1 1 1 1 2 1 2 1 1 1 1 1 1 1 1 1 1 1 1 2 2 1 2 2 1 1 1 2 2 2 1 1 2 2 1 1 2 2 1 3 1 1 4 1 2 1 2 3 2 1 1 2 2 1 1 1 2 1 1 3 1 1 2 1 2 1 1 3 1 1 1 2 1 4 1 3 1 2 1 3 1 1 1 3 2 1 2 1 3 3 2 2 1 1 1 1 1 1 1 1 3 2 1 3 2 1 1 1 1 1 1 1 1 3 2 2 3 1 1 1 3 1 2 2 1 1 3 2 1 1 1 2 2 2 1 3 3 1 2 1 1 1 2 1 2 1 1 2 2 1 2 1 1 1 1 1 2 2 1 1 1 1 1 3 1 1 1 3 2 2 2 2 1 2 4 1 1 1 2 2 1 1 3 2 1 1 2 1 1 2 1 1 1 2 3 1 1 2 2 1 1 1 1 3 3 1 2 1 2 1 1 5 2 1 1 1 2 1 2 1 1 1 2 1 1 1 1 1 4 1 2 4 1 1 1 1 3 1 4 3 1 1 5 1 1 1 1 1 2 1 1 3 1 1 1 1 1 1 2 1 1 3 2 1 2 1 2 1 1 3 1 1 1 1 1 1 1 2 1 4 1 4 1 1 1 1 2 1 1 1 2 1 1 2 1 2 1 3 1 2 1 1 3 2 2 1 1 2 2 1 1 1 3 1 2 1 2 2 1 2 1 3 1 1 3 1 1 1 3 2 2 1 1 1 2 2 1 2 1 1 1 2 2 1 2 2 3 1 1 1 1 1 1 2 1 2 1 1 3 1 2 1 1 1 1 1 3 2 1 1 2 2 2 1 2 3 1 2 2 3 1 1 1 2 2 1 1 1 1 1 1 1 3 1 3 1 3 2 1 2 2 2 1 1 1 3 2 1 1 4 3 1 1 1 2 1 1 1 1 1 1 3 1 2 2 1 1 1 2 1 1 1 1 1 1 1 3 2 1 2 1 2 3 1 1 3 2 1 2 2 1 3 1 1 4 1 1 1 1 1 2 1 3 3 1 1 1 1 5 4 1 1 3 1 1 2 1 2 1 1 1 2 3 1 1 1 1 2 1 1 1 3 2 1 1 1 3 1 2 1 1 2 1 2 1 1 1 1 1 2 1 1 1 4 2 1 2 1 1 1 2 1 2 1 2 1 2 1 2 3 2 1 2 1 1 3 2 1 1 1 1 2 1 1 1 1 3 1 2 1 1 2 1 1 1 4 1 2 2 1 1 1 1 3 2 1 1 1 2 1 1 3 2 2 1 1 1 1 1 2 2 1 1 1 1 1 1 1 1 1 2 3 2 2 2 1 1 2 1 2 2 1 2 2 2 3 2 1 2 3 1 3 1 2 1 2 1 3 1 1 2 2 1 1 1 1 1 1 1 1 1 1 2 1 1 1 2 1 1 2 5 1 1 3 1 1 2 3 1 1 4 2 1 1 2 2 1 1 1 2 2 2 2 1 3 2 2 2 2 2 1 3 1 1 2 1 2 1 1 2 1 1 1 1 1 2 1 1 1 1 3 1 1 1 1 1 1 1 1 3 2 4 1 1 1 1 1 2 1 2 1 1 1 1 1 1 2 1 2 2 1 3 1 1 2 2 1 1 1 1 5 2 1 1 4 1 3 3 1 1 1 3 2 2 2 2 2 1 1 2 2 1 2 2 2 1 2 1 2 3 1 2 1 2 3 2 1 2 3 3 2 1 1 2 1 2 1 1 1 1 3 1 3 2 1 1 1 1 1 1 1 2 1 1 3 1 2 1 1 1 2 1 2 3 1 2 1 3 1 1 1 1 1 1 1 1 2 1 2 3 3 2 1 1 2 1 4 2 1 2 2 2 1 1 1 1 1 3 4 1 2 3 4 1 4 2 2 1 1 1 1 2 2 2 1 1 1 4 3 1 2 2 1 1 2 1 4 1 1 1 2 2 1 5 1 1 1 2 2 2 3 4 1 1 2 2 2 1 1 2 3 2 1 1 1 3 2 2 2 1 1 1 2 1 1 2 1 1 2 3 1 1 3 1 1 2 2 2 3 1 1 1 1 1 4 1 1 3 1 1 1 1 1 1 2 1 1 2 1 1 1 1 3 1 1 1 1 2 3 4 3 1 1 2 3 2 1 1 1 1 2 3 2 1 1 3 1 2 3 2 5 2 1 2 2 1 2 1 2 2 3 1 2 3 2 1 3 3 1 1 2 1 1 2 2 1 1 2 1 1 1 2 2 1 1 4 3 1 1 1 5 2 1 1 1 1 1 1 1 2 2 1 1 1 1 2 1 1 2 1 1 1 1 1 4 1 1 1 1 2 2 1 1 2 1 1 1 2 3 2 2 1 3 1 2 2 1 1 1 2 1 1 2 1 1 1 1 2 1 1 3 2 1 2 5 3 1 1 2 1 2 1 2 1 1 3 1 3 1 2 6 1 2 1 2 4 1 2 1 1 1 1 1 1 2 3 2 2 1 2 2 2 2 2 1 1 1 4 2 1 2 4 2 1 1 1 1 1 3 3 1 1 3 2 2 2 1 1 2 1 1 1 1 1 1 1 1 1 1 1 3 1 1 2 7 2 1 3 2 1 1 1 3 1 3 1 1 3 1 1 1 1 1 1 1 1 2 1 2 1 2 4 2 1 1 2 3 4 3 1 2 2 1 2 1 1 1 1 2 3 2 3 1 1 2 1 2 1 1 1 4 1 2 1 1 1 2 1 4 1 1 1 2 2 1 3 2 1 1 1 3 2 1 2 2 3 1 1 1 1 3 2 1 1 1 2 2 1 1 1 1 1 1 1 1 2 1 5 1 3 4 1 2 2 1 2 3 1 4 2 4 2 1 1 1 1 1 2 3 2 1 1 2 1 2 2 1 1 1 1 1 1 1 1 2 1 1 2 1 1 1 3 2 1 1 2 2 1 1 2 2 1 2 2 1 3 1 2 1 1 1 3 1 2 3 2 3 1 1 2 1 2 1 1 1 1 1 2 1 1 1 1 3 1 1 2 1 1 1 1 2 1 1 1 1 1 1 3 4 1 1 1 1 1 1 1 2 1 1 1 2 1 3 2 1 1 2 2 2 1 2 1 1 1 4 1 1 2 1 2 1 2 1 1 1 3 1 1 1 1 1 3 1 1 2 2 1 1 1 1 2 1 3 1 2 2 1 1 2 3 1 4 3 1 1 2 3 2 2 1 1 1 1 2 1 2 1 1 2 1 1 1 1 1 2 1 1 1 1 1 1 1 3 1 1 1 2 1 1 2 1 2 1 1 1 1 3 1 3 1 2 3 1 3 2 1 1 1 3 1 2 1 2 2 1 1 2 3 1 3 1 1 2 4 1 3 2 2 2 1 1 2 1 3 1 2 1 1 1 1 1 1 1 1 1 2 1 2 1 1 2 2 1 1 1 1 1 3 2 1 1 1 3 1 2 1 3 1 2 1 1 2 2 3 2 1 2 3 4 1 1 1 1 3 1 1 1 1 1 1 1 1 2 1 2 2 1 1 1 4 1 2 1 3 2 1 1 1 2 2 1 2 2 1 1 2 2 1 1 1 1 1 1 1 1 2 1 1 2 1 1 2 1 2 2 1 2 2 1 1 2 1 1 2 1 2 2 1 2 1 1 2 1 1 1 2 1 1 2 3 2 2 3 4 1 1 1 2 2 3 2 1 3 1 1 3 1 1 3 2 1 1 3 1 3 1 1 2 2 1 1 2 1 2 1 4 1 1 3 1 1 1 1 3 1 2 2 2 1 1 1 1 2 2 3 1 1 2 1 1 1 1 2 1 3 1 2 1 3 1 1 2 1 1 1 2 1 1 1 1 3 1 1 1 2 1 1 2 2 1 2 2 1 1 2 1 3 3 1 2 2 1 1 1 1 1 2 1 1 1 1 1 2 3 1 3 2 1 3 1 2 1 1 2 1 2 1 1 1 1 2 3 1 1 1 2 2 1 1 1 1 1 1 2 1 1 1 1 2 1 2 2 1 1 2 1 1 1 1 1 3 1 2 1 1 2 2 1 2 3 2 1 2 2 1 1 1 1 1 1 1 1 2 1 1 1 2 1 1 1 1 2 2 2 3 2 2 1 1 2 5 1 2 1 2 1 1 1 1 1 1 1 1 1 3 1 1 2 2 1 1 3 1 1 4 1 4 1 2 1 2 1 2 1 1 2 3 2 4 1 1 2 1 1 3 2 2 1 2 2 2 1 1 1 1 1 3 2 2 2 2 2 1 1 1 2 2 2 1 1 3 1 1 1 3 1 1 1 4 1 1 2 1 2 1 1 3 1 1 2 3 2 1 2 3 2 2 1 1 1 1 2 1 1 2 1 2 1 1 1 3 1 2 1 1 1 1 1 1 1 1 1 1 1 2 3 2 1 1 1 1 3 1 1 1 1 1 2 1 1 1 1 3 1 1 1 1 1 3 1 2 1 2 1 1 1 4 1 1 1 1 1 2 1 2 4 1 1 2 1 2 2 3 1 3 1 1 4 1 2 1 1 3 3 1 3 3 2 1 1 1 1 4 1 1 1 1 3 2 2 2 4 1 1 1 1 3 1 2 2 3 2 1 1 2 1 1 1 1 1 1 1 2 3 2 1 2 1 1 1 1 1 1 1 2 2 1 2 1 1 1 1 1 1 1 1 1 1 1 1 1 2 2 1 1 4 4 2 1 1 1 2 3 2 1 2 2 1 2 1 1 1 1 1 1 1 1 2 1 3 3 3 1 2 1 1 1 2 1 1 1 1 2 1 1 3 1 5 1 2 2 1 2 1 1 2 1 1 2 2 2 1 2 3 1 2 1 2 1 3 1 2 3 1 1 1 1 3 4 2 2 1 2 1 2 1 1 3 1 2 1 1 1 1 1 1 2 2 1 1 2 4 2 3 2 1 1 3 3 2 2 1 3 2 1 3 1 2 1 1 1 2 1 1 2 3 1 2 1 1 2 1 1 1 1 1 1 1 1 2 3 1 2 1 2 2 3 1 1 2 2 3 1 2 4 1 1 1 2 1 1 2 1 2 2 3 1 2 1 1 1 1 1 1 2 2 2 1 1 1 1 1 1 2 2 2 1 1 2 3 3 1 2 4 2 2 1 1 2 3 4 3 1 2 1 1 1 3 1 2 1 2 2 1 1 2 1 2 1 1 1 1 2 2 1 1 1 1 2 1 1 3 1 2 2 1 3 2 3 2 2 2 1 1 2 3 1 1 2 1 3 3 2 1 1 2 1 1 1 2 2 1 2 1 4 1 4 1 1 1 2 3 5 3 3 1 2 1 1 1 2 3 1 1 2 1 2 2 2 2 1 3 1 1 1 3 1 1 2 3 2 1 1 3 2 1 1 1 1 1 1 1 1 1 1 1 1 2 1 2 3 1 1 4 1 2 1 2 1 2 3 1 2 2 1 2 2 1 1 1 1 3 1 1 1 3 2 1 1 2 1 1 2 1 2 1 1 1 1 1 1 1 1 1 3 1 1 1 1 1 1 1 1 2 2 2 1 4 2 1 2 2 1 1 4 1 1 1 2 1 1 1 2 2 1 1 1 2 1 1 1 1 1 4 3 1 1 1 1 2 2 1 4 1 2 1 1 1 3 1 3 1 1 2 2 1 1 1 2 1 1 1 1 1 1 1 1 1 1 1 1 1 1 1 3 1 2 2 2 2 1 1 3 3 1 1 2 1 2 1 1 2 1 1 1 1 2 1 2 2 1 1 1 1 1 2 1 1 2 1 3 1 2 1 1 2 1 1 1 2 1 2 1 1 1 1 1 1 2 2 2 1 1 2 2 1 2 1 2 3 1 2 1 1 1 1 1 2 1 2 2 2 1 2 2 1 2 1 2 1 1 2 2 2 4 1 1 2 1 1 1 2 3 2 3 1 2 1 1 1 1 1 1 1 3 1 5 1 1 1 3 1 3 3 1 2 1 2 2 1 2 1 3 2 1 1 1 1 4 1 1 1 1 2 1 1 1 1 1 1 3 1 2 1 1 2 2 2 1 2 1 1 2 2 1 1 3 1 1 2 1 1 1 1 1 3 1 1 3 2 2 1 1 1 2 1 1 2 1 1 1 1 1 1 3 2 2 1 1 1 2 2 1 1 1 2 1 3 1 5 3 1 1 1 1 3 2 2 1 3 2 2 1 1 1 1 2 1 3 1 1 2 2 4 3 3 1 1 2 3 3 2 1 3 1 1 1 1 2 1 2 2 1 2 2 1 2 2 1 1 1 1 1 2 3 2 1 2 1 1 2 1 2 3 1 1 2 2 1 1 2 1 1 2 2 1 1 1 1 1 1 1 1 2 3 2 1 1 1 2 2 1 2 2 1 1 1 1 1 2 2 1 1 1 1 1 3 2 1 2 1 1 1 4 1 2 2 2 2 1 1 4 3 1 3 1 1 1 1 2 2 1 1 1 1 1 1 3 1 1 3 1 2 1 1 2 1 2 1 1 2 1 2 1 2 4 2 1 2 3 2 1 2 3 1 1 1 2 1 2 2 1 2 4 2 1 1 1 2 2 4 1 2 2 1 1 1 1 3 1 2 1 1 2 3 1 1 1 1 2 2 1 1 1 1 3 1 1 1 1 1 4 1 1 2 3 2 2 3 1 1 3 1 2 2 1 1 1 3 4 2 1 2 1 1 1 1 1 1 2 1 1 2 1 1 1 3 1 1 3 5 1 1 1 1 3 2 3 3 2 1 2 1 2 1 2 5 3 1 2 1 1 1 1 1 1 2 1 2 1 3 2 1 1 2 2 2 1 1 1 1 1 1 1 1 1 3 3 1 2 1 2 1 3 3 1 1 2 1 2 1 2 1 1 1 1 2 1 2 1 1 1 2 1 1 1 1 1 1 2 1 1 2 2 1 1 1 2 1 2 2 1 1 1 1 1 1 1 1 2 1 1 2 1 1 2 1 1 1 2 2 2 1 2 2 1 1 2 1 1 1 1 3 1 1 3 2 3 1 1 3 1 1 2 1 3 1 4 2 1 1 1 1 1 1 1 2 1 2 2 2 1 2 1 1 3 2 4 1 2 2 3 2 1 1 1 2 2 2 1 1 2 1 2 1 1 1 1 1 1 1 4 1 1 1 1 2 1 3 4 2 2 2 2 2 1 1 1 2 2 2 4 2 1 3 1 3 1 2 2 1 2 2 3 1 1 3 2 3 1 1 2 2 1 2 1 1 1 3 4 1 3 1 2 1 2 1 3 1 1 1 1 2 1 1 1 3 4 3 3 1 3 2 1 1 2 4 1 2 1 1 1 1 1 1 1 1 2 1 2 2 2 1 3 1 1 1 2 1 1 2 2 1 1 3 2 1 1 1 2 5 4 1 1 1 1 1 2 1 1 1 2 3 1 4 1 3 1 2 2 2 1 1 1 3 1 1 1 1 2 1 1 2 1 1 2 1 1 4 1 1 1 1 2 1 1 2 1 1 2 1 4 1 1 1 1 1 1 3 1 2 1 2 2 1 1 3 2 1 1 2 1 3 1 1 2 1 2 1 2 2 1 3 2 1 2 1 1 1 2 1 1 1 1 1 1 3 2 2 1 2 1 1 1 1 1 1 1 1 2 1 2 1 1 2 1 1 1 4 2 1 2 3 1 2 1 1 3 2 1 4 1 1 2 1 1 2 2 1 1 4 2 1 1 1 1 1 2 2 1 1 3 2 2 2 1 2 2 1 2 3 1 1 3 1 1 1 1 2 1 1 2 2 1 2 1 1 2 1 2 2 3 2 1 4 3 1 2 2 2 3 1 1 1 1 3 2 1 1 3 1 1 2 1 1 1 2 2 1 1 2 1 1 1 1 1 2 2 2 1 2 2 1 3 1 1 2 1 1 3 1 1 1 1 1 2 1 1 1 1 1 2 1 4 1 1 2 1 2 1 1 3 3 2 2 1 1 4 4 1 2 1 1 2 2 3 2 2 1 1 1 3 2 2 1 2 2 1 4 2 1 1 2 1 3 1 2 1 1 1 2 2 3 2 1 3 2 1 1 1 2 1 1 1 2 1 1 2 2 3 1 1 4 1 1 1 1 1 1 2 4 1 2 1 2 1 2 3 1 1 1 2 1 1 1 1 1 3 1 1 2 2 3 1 1 2 1 1 1 1 1 2 1 2 1 2 1 2 2 1 2 2 2 3 2 2 1 1 2 2 2 1 1 1 1 1 2 2 1 1 2 1 2 3 1 1 2 1 3 1 2 3 1 1 1 1 1 1 1 1 1 1 1 2 2 1 2 1 1 1 2 2 1 3 1 1 1 2 3 2 1 1 1 2 2 1 1 1 2 1 1 1 1 2 1 1 1 2 1 1 1 1 1 1 1 1 1 2 3 1 2 1 1 1 2 1 1 1 1 1 1 1 2 1 1 1 2 2 1 2 1 2 2 1 2 1 1 1 2 1 1 1 2 1 1 2 2 2 2 1 1 1 2 2 2 1 1 3 1 1 1 2 1 3 3 1 1 2 1 2 1 3 2 1 2 1 1 3 1 1 2 2 3 2 1 1 2 1 2 1 1 1 2 3 1 1 2 2 1 1 1 1 1 1 1 1 1 2 1 2 1 1 4 2 4 2 3 2 1 1 4 2 1 1 3 1 1 2 2 1 2 2 2 2 1 1 1 1 1 1 1 2 2 2 1 1 2 1 1 2 2 1 1 2 3 1 3 1 1 1 2 1 1 1 1 1 2 3 1 1 1 1 1 1 2 3 1 4 1 2 1 1 2 1 1 1 1 1 1 3 2 1 3 1 2 2 1 1 1 3 1 3 1 1 1 2 2 1 2 2 1 1 2 1 3 1 3 1 2 1 1 2 2 3 2 2 1 1 1 1 1 1 1 3 3 1 1 1 3 1 1 1 2 1 2 1 2 1 1 1 1 1 1 1 1 1 1 1 2 1 2 2 4 3 2 1 1 2 3 1 2 2 1 3 2 1 2 2 1 2 1 1 4 2 3 1 2 1 3 2 2 2 1 1 2 2 1 1 2 1 5 1 1 1 1 2 1 2 2 1 1 1 3 2 1 1 4 1 3 2 1 3 2 1 3 1 1 3 2 2 1 1 1 3 2 2 1 2 2 3 2 1 2 4 1 1 1 1 2 3 3 1 1 1 2 2 1 1 1 1 2 2 1 1 1 1 2 2 1 1 1 3 1 1 1 1 1 2 1 1 2 1 2 1 1 2 1 1 1 1 1 2 1 2 1 1 1 1 2 1 1 1 1 1 1 1 1 1 2 2 1 2 5 1 1 1 1 2 1 1 1 2 2 2 2 1 1 1 2 2 1 1 3 1 2 1 1 1 2 2 1 3 3 3 1 1 1 2 1 1 1 2 1 3 2 1 1 2 2 1 1 1 1 1 2 2 1 2 1 1 1 1 1 2 1 2 2 1 1 1 1 3 1 2 3 2 3 1 1 1 2 3 1 1 3 1 1 1 1 1 2 1 1 2 1 1 2 2 2 2 1 1 3 1 2 3 1 1 1 1 2 1 1 2 1 3 2 1 1 1 1 1 3 2 2 2 1 1 2 3 2 2 3 3 1 2 1 1 2 1 1 1 1 2 2 1 1 1 1 1 1 4 2 1 1 1 2 2 1 1 2 2 3 1 1 1 1 1 1 1 2 2 2 2 1 1 2 1 1 3 1 3 1 2 1 1 1 1 2 1 1 4 4 1 2 1 1 1 1 1 1 2 1 2 1 3 2 3 1 2 2 1 1 1 2 1 1 1 2 1 2 1 1 2 2 1 1 1 1 1 1 2 4 1 2 2 3 2 2 1 1 2 2 3 1 1 1 2 2 3 1 1 3 1 1 1 2 1 2 1 1 2 1 1 1 2 2 1 1 3 1 1 2 2 1 1 1 1 2 1 1 1 2 1 1 2 2 2 1 1 3 2 1 1 1 2 1 1 3 1 1 1 2 3 1 1 1 1 1 3 1 1 1 1 3 1 1 2 1 2 3 2 2 2 1 1 1 1 1 2 1 1 1 3 1 2 1 3 2 2 1 1 1 2 1 1 1 2 3 2 1 1 3 1 1 3 1 1 2 1 2 2 1 1 1 3 1 1 1 2 3 2 1 2 1 1 1 1 1 1 1 2 1 1 2 1 1 1 4 2 3 1 2 1 1 1 2 3 1 1 1 2 2 2 1 2 4 2 2 2 1 1 1 1 1 1 4 2 1 2 1 1 1 1 1 2 2 2 1 1 1 2 2 4 1 1 2 1 2 1 1 1 1 2 1 1 1 1 1 1 1 2 1 1 2 1 1 1 1 1 3 2 2 3 3 3 1 1 1 1 1 1 2 2 1 1 1 1 2 1 1 1 1 3 2 2 1 3 1 3 1 1 3 1 3 1 1 1 1 2 2 2 2 1 2 2 1 3 2 2 1 1 2 2 1 1 1 1 1 2 1 1 1 1 1 1 1 1 1 2 3 1 1 3 1 1 3 1 1 1 1 1 1 1 1 3 1 1 2 3 1 1 1 1 1 2 2 2 2 1 1 1 2 2 1 1 1 1 2 1 1 1 1 2 1 2 1 3 2 1 2 3 1 1 1 1 2 2 1 1 1 3 1 5 1 2 1 3 2 1 2 2 2 1 4 1 2 1 3 2 2 1 1 2 2 1 1 1 3 1 1 2 1 1 1 3 1 1 1 4 4 1 1 2 1 1 1 2 1 1 1 1 2 1 1 3 1 2 2 4 3 1 1 1 4 2 3 2 1 1 1 1 1 3 1 1 2 1 1 1 2 2 3 1 1 1 1 1 1 1 2 3 1 1 1 2 2 1 2 1 1 1 2 2 1 1 2 1 1 1 1 1 2 2 2 1 1 3 1 4 3 1 2 1 2 1 1 2 1 1 2 1 5 2 1 1 2 3 1 1 1 3 1 1 1 1 2 3 1 1 1 2 3 1 1 1 1 1 1 1 2 1 2 1 2 3 1 1 1 2 1 1 3 2 1 3 3 1 2 1 1 1 1 1 3 1 1 1 1 3 2 1 2 1 1 1 4 1 1 2 1 3 1 2 1 1 2 1 3 1 1 1 1 1 1 2 2 1 1 3 3 1 1 1 3 1 1 3 2 1 1 1 1 1 3 2 1 1 2 1 3 1 1 2 1 1 2 1 3 1 2 1 1 1 1 2 1 3 1 5 1 1 3 2 1 2 1 1 2 1 1 1 1 1 2 1 1 2 1 1 1 1 1 2 1 1 1 4 2 1 2 3 4 1 1 2 2 1 1 1 1 2 2 2 1 2 2 1 2 2 1 5 1 1 3 1 1 2 2 1 3 1 1 1 2 1 2 2 1 1 5 2 1 1 2 1 1 1 2 2 1 1 3 1 2 1 4 1 3 3 1 3 3 3 1 1 1 1 1 5 2 1 1 2 1 1 2 2 2 1 1 2 2 1 3 2 1 3 1 1 2 2 1 1 1 1 1 3 1 1 1 1 1 1 1 2 1 1 1 1 1 1 1 1 1 2 1 1 1 3 1 2 1 1 1 1 2 2 1 2 1 1 1 1 3 2 2 1 3 3 2 1 4 1 2 1 1 3 1 1 3 1 1 1 1 1 1 1 1 2 4 1 1 1 1 1 1 1 1 2 3 1 1 1 1 4 1 1 1 1 3 1 1 1 1 2 1 1 1 2 4 1 2 2 2 1 1 2 2 1 1 2 3 1 2 1 1 5 1 1 1 1 1 1 1 1 1 3 2 1 1 1 1 1 1 1 2 1 2 1 3 1 1 1 1 1 1 2 1 1 1 2 1 1 1 1 1 2 3 1 2 1 1 1 1 1 2 2 2 1 1 1 1 2 1 1 1 2 1 1 1 1 2 2 3 1 2 1 1 1 2 2 1 1 3 1 1 1 2 1 2 3 2 1 1 1 1 1 1 2 1 1 2 1 1 1 2 1 1 1 1 1 1 1 1 1 1 1 1 4 2 1 1 2 1 1 2 2 2 1 1 5 2 1 4 1 1 2 2 2 2 2 4 1 2 2 1 1 1 1 1 1 2 2 1 1 2 1 2 1 1 1 3 2 1 2 1 1 1 1 1 1 1 4 2 1 1 1 1 1 2 1 2 1 1 1 4 2 3 2 3 1 3 1 1 1 2 2 2 1 2 1 1 1 1 1 3 3 2 2 2 1 2 1 1 1 3 2 1 2 1 1 1 1 1 1 1 1 3 1 1 3 2 1 2 1 2 1 1 1 1 3 1 1 3 2 1 2 2 1 1 1 2 3 1 3 1 1 1 1 3 3 2 1 2 3 2 2 2 1 2 1 1 1 1 3 1 1 2 1 1 1 3 1 1 1 2 1 2 1 1 1 1 1 1 1 2 1 1 3 2 1 2 1 3 1 1 1 1 1 1 1 1 1 1 1 1 2 2 2 1 1 2 1 1 1 1 2 1 1 1 4 1 1 2 1 1 3 2 1 1 3 1 1 1 2 4 2 1 2 1 1 3 3 1 1 1 2 2 2 1 1 1 1 4 1 3 3 1 2 2 1 3 1 1 1 1 2 2 1 1 1 1 1 1 1 1 1 2 2 1 2 2 2 1 1 4 2 1 1 2 2 1 1 1 2 1 1 1 2 3 1 1 4 2 1 1 2 1 3 3 1 2 2 1 1 2 1 1 2 1 1 1 2 3 1 4 1 1 2 1 3 1 3 1 1 2 2 2 2 1 1 2 3 1 1 1 2 1 1 2 1 1 1 1 1 2 1 2 2 2 3 2 1 1 1 1 1 1 1 1 2 1 1 3 1 1 1 1 2 1 1 1 4 1 1 4 3 1 1 1 1 1 1 1 3 1 3 1 1 2 1 3 2 2 2 2 1 2 1 1 2 1 2 2 1 2 2 1 2 1 1 1 1 1 2 2 2 1 1 1 1 3 1 3 3 3 2 1 2 1 2 1 1 2 1 1 1 1 2 1 4 1 3 1 1 2 3 2 2 1 2 2 1 1 1 1 1 1 1 1 1 2 1 4 1 1 1 1 2 1 4 2 1 2 3 2 1 3 2 1 1 1 3 1 1 1 1 5 1 1 1 3 1 1 2 2 1 5 2 1 1 2 1 1 2 1 2 3 1 2 1 2 1 2 5 2 1 1 1 1 1 1 3 1 1 1 1 1 1 1 1 1 1 3 1 2 1 2 1 2 1 1 1 2 2 3 1 2 1 1 1 3 3 1 1 1 2 1 4 1 2 1 1 1 3 2 2 2 2 1 2 1 1 1 1 1 1 1 1 1 2 2 1 1 2 1 2 1 1 1 2 2 2 1 1 1 2 2 2 1 1 1 1 1 1 2 2 1 1 2 1 3 2 1 1 2 1 2 1 2 2 1 3 1 1 1 1 2 1 1 2 1 3 1 1 1 3 1 1 1 1 2 2 1 4 1 1 1 1 1 2 2 3 1 1 3 2 1 1 3 1 1 1 2 1 1 1 3 1 2 1 1 1 1 4 1 1 3 3 1 1 1 1 2 1 3 1 1 1 3 2 1 2 1 2 1 1 1 2 1 1 4 2 3 1 1 1 1 1 1 2 1 2 1 2 2 1 1 1 1 4 1 1 1 1 2 2 2 1 1 2 1 1 1 1 1 2 1 1 1 1 2 1 3 1 3 1 2 1 1 1 1 1 3 2 1 1 2 1 2 1 1 1 2 1 1 2 3 1 1 2 1 2 1 1 1 1 1 2 2 3 3 1 1 1 1 1 1 2 1 1 3 1 2 3 1 1 1 2 1 4 1 1 2 1 1 1 2 1 4 2 2 1 1 1 1 1 1 1 1 1 1 1 2 2 2 2 1 3 2 2 1 1 3 2 2 1 1 2 1 1 1 1 1 3 2 2 1 2 1 4 1 4 1 1 1 1 1 1 1 2 1 1 1 2 1 3 1 2 1 1 3 1 1 1 1 1 1 1 1 1 1 2 1 1 1 3 2 2 2 3 3 1 2 1 1 1 1 2 2 2 1 2 1 1 3 1 1 1 1 1 2 1 1 1 1 1 1 1 4 2 2 2 2 1 1 2 2 1 2 1 2 2 2 2 1 1 4 1 1 2 2 1 1 1 2 3 1 1 1 3 1 1 4 2 1 1 1 1 1 2 1 1 1 1 1 3 1 1 1 2 3 1 1 1 2 1 1 1 1 1 2 3 1 3 1 1 1 1 1 1 1 1 1 1 3 1 1 1 1 2 1 2 1 1 1 1 2 1 1 2 1 2 1 1 1 1 1 1 2 2 1 2 1 2 1 1 1 2 2 2 1 1 1 1 1 1 1 1 1 1 2 2 1 1 1 2 2 1 1 4 1 1 1 1 2 2 2 2 1 1 2 1 1 1 2 1 1 2 1 3 1 1 4 3 1 1 1 2 1 3 2 2 1 1 1 3 2 1 1 3 3 3 2 1 1 2 2 2 1 1 2 3 1 3 1 1 1 1 2 2 1 1 1 1 2 1 3 1 3 1 1 3 2 1 1 1 1 1 1 1 3 3 3 1 2 1 2 2 1 1 1 1 2 1 4 2 1 2 2 2 3 1 1 1 1 1 2 1 1 1 3 5 1 4 1 3 2 1 1 1 1 1 1 1 2 2 1 1 1 1 2 2 1 2 1 1 1 1 1 1 2 1 1 2 1 3 5 1 1 1 2 2 2 1 1 1 2 1 3 1 1 1 2 1 1 1 1 2 4 1 2 2 1 1 1 1 2 1 1 2 1 2 2 1 1 1 1 1 1 1 1 2 1 1 3 1 3 1 1 1 1 2 1 2 1 1 1 3 1 1 1 4 4 1 2 2 1 2 1 2 2 1 1 1 2 1 2 4 1 1 1 1 4 1 1 1 2 1 1 1 2 1 1 1 1 3 1 1 1 3 1 1 1 2 1 1 2 1 2 2 1 1 1 2 1 2 1 1 1 2 2 1 2 3 3 2 2 2 1 1 4 1 1 2 1 2 1 4 1 1 1 2 2 1 2 1 1 2 3 1 1 1 2 1 1 2 1 1 1 1 1 1 1 1 1 2 1 1 4 1 1 1 1 1 1 1 1 1 2 1 2 1 2 1 3 1 2 1 1 1 1 3 1 2 1 1 1 1 3 2 2 1 1 1 1 1 1 1 1 1 1 2 1 1 1 1 1 4 1 2 1 1 1 1 3 1 2 2 2 1 1 1 1 5 1 1 1 4 2 1 1 2 2 1 2 2 1 2 4 1 2 3 3 1 1 1 2 3 1 1 2 4 1 2 2 2 2 1 2 2 1 1 1 3 4 2 1 1 2 1 1 1 2 3 2 1 4 1 1 2 2 1 1 3 2 3 1 1 1 1 2 1 3 1 1 1 1 3 1 1 1 3 2 1 1 1 2 1 1 2 2 2 2 1 1 5 3 1 1 3 1 1 1 1 2 1 2 2 3 1 4 1 2 2 3 1 2 1 1 1 1 2 3 1 1 1 1 1 1 3 1 1 1 1 1 1 2 2 1 1 2 1 1 1 1 1 1 1 1 1 3 1 1 3 4 3 2 3 1 1 1 2 1 1 3 1 1 1 1 1 1 1 1 1 1 1 1 2 2 1 1 1 2 2 1 1 2 2 1 2 2 1 1 2 1 1 2 2 2 1 1 2 2 1 1 3 1 3 1 1 4 1 1 1 3 4 2 2 2 1 1 1 1 2 3 1 2 3 1 2 1 1 3 1 1 1 1 1 1 1 2 1 1 2 1 1 1 1 1 1 2 3 1 2 1 1 1 2 1 1 2 2 1 1 2 1 3 1 1 3 2 2 1 1 3 1 2 1 1 2 1 1 1 2 1 1 3 1 2 1 1 1 2 1 1 1 1 2 3 1 2 2 1 2 1 1 2 1 1 3 2 3 3 2 3 1 2 1 1 2 2 1 1 1 1 3 2 2 1 1 1 1 1 2 1 1 1 1 1 1 1 1 1 1 1 1 1 3 1 1 1 1 1 3 2 1 1 1 1 2 1 3 2 1 2 1 1 1 1 1 2 2 1 1 1 1 2 1 1 1 1 1 1 1 2 1 1 3 1 4 1 2 1 1 5 2 1 2 1 2 2 1 1 2 1 1 1 1 3 1 1 1 1 1 1 3 1 3 2 1 4 1 1 1 3 3 3 2 1 2 1 2 1 1 2 1 1 1 1 1 1 3 2 4 1 1 2 2 1 1 2 1 2 2 1 1 2 2 1 1 2 1 1 1 2 1 1 1 2 1 1 1 3 1 3 2 1 2 1 3 2 3 4 2 1 1 1 1 1 2 1 1 1 1 2 1 2 2 1 2 1 1 1 1 1 2 1 1 1 2 1 2 1 1 1 3 1 1 2 1 1 2 2 2 2 1 3 2 1 1 1 2 2 1 1 1 1 2 2 2 1 1 1 2 1 1 1 1 1 1 1 2 1 1 1 1 1 1 2 2 3 2 1 1 1 3 1 2 2 1 2 2 1 2 2 1 1 1 3 2 2 1 1 2 1 2 1 1 1 2 1 2 1 1 1 1 1 1 4 1 1 1 2 1 2 1 2 2 1 1 1 1 1 1 2 1 1 2 2 1 1 2 1 1 1 1 2 3 1 1 1 3 3 2 1 2 1 2 1 1 2 1 3 2 1 1 1 2 1 3 1 1 1 1 1 1 2 3 1 3 2 1 2 2 1 2 1 1 1 2 1 1 1 1 1 3 3 2 2 1 2 1 2 1 1 2 5 1 1 2 1 1 1 1 2 1 1 1 1 2 1 1 2 1 2 1 1 3 2 1 1 3 2 2 3 1 1 2 1 1 1 1 1 1 1 1 3 3 1 1 1 1 1 2 1 1 1 2 1 2 1 2 1 2 1 2 3 1 1 1 2 1 2 2 2 2 1 1 3 2 1 2 1 1 1 1 1 2 2 1 2 1 2 1 2 1 2 2 1 1 1 1 1 1 1 3 1 1 1 2 2 1 2 1 3 1 2 1 1 2 1 2 1 1 1 1 1 2 2 1 2 4 1 1 3 2 1 1 3 5 1 5 1 1 2 2 2 1 3 1 1 2 2 1 1 2 2 1 2 2 1 1 1 2 1 1 1 2 1 2 2 1 1 2 2 2 2 1 1 2 3 1 3 1 2 1 1 2 2 1 2 2 1 2 1 2 1 2 1 1 1 2 1 2 1 3 1 1 1 1 2 3 2 1 3 2 1 1 1 2 2 2 2 3 1 1 1 1 1 1 3 2 2 2 1 2 1 2 2 3 2 1 3 2 1 1 2 1 1 1 2 1 1 1 1 1 1 1 1 3 2 1 1 2 1 1 1 1 1 1 1 2 2 1 2 1 1 1 1 2 2 1 1 3 1 3 1 1 1 1 1 1 1 1 2 1 1 2 2 3 1 1 1 2 1 1 2 1 2 2 2 2 1 1 1 1 2 3 2 1 1 1 2 1 1 3 1 1 1 1 1 3 1 2 2 1 1 3 1 2 1 2 1 1 1 2 1 1 1 1 1 1 3 1 2 1 1 3 1 1 2 1 3 2 3 2 1 2 2 1 2 4 1 3 1 1 1 1 2 2 3 1 2 2 1 3 1 2 1 1 4 1 1 2 3 1 1 1 1 1 2 1 1 1 2 1 1 2 1 2 1 3 2 1 4 1 1 1 1 4 1 2 3 1 1 1 4 1 1 3 1 2 1 2 2 1 2 2 2 1 2 1 2 1 1 3 2 2 1 1 1 1 1 2 1 2 1 2 2 4 4 1 1 2 2 1 2 1 1 1 1 2 1 1 1 1 5 2 1 1 1 1 2 3 1 2 3 3 1 2 2 1 1 1 2 2 1 2 2 2 4 1 1 1 1 1 2 2 1 1 1 1 1 2 1 4 1 2 2 1 1 1 1 1 2 1 2 1 1 1 1 1 1 1 1 1 1 1 2 1 2 1 3 2 2 1 1 2 1 1 3 3 1 1 1 1 1 1 1 1 1 1 1 2 2 1 1 2 2 1 3 1 4 3 1 1 1 2 3 1 1 2 1 2 1 2 2 2 1 2 2 2 1 3 2 1 1 3 1 1 1 1 4 3 1 1 1 1 2 2 2 1 2 2 1 2 2 1 1 2 3 3 2 2 2 2 2 5 3 2 1 1 2 3 2 1 3 1 1 3 1 1 1 1 2 5 1 2 1 1 3 3 2 1 2 1 1 1 1 1 2 2 1 1 1 1 1 2 1 2 1 2 1 1 1 1 2 1 1 1 2 2 3 2 2 1 1 1 4 2 1 1 3 2 1 2 2 1 2 1 1 2 1 1 3 2 1 1 1 1 1 2 2 1 3 1 2 1 1 2 1 2 1 1 1 1 2 2 2 1 2 1 1 1 1 4 1 1 1 2 1 1 2 1 1 1 1 3 2 2 2 1 1 2 2 2 2 1 2 3 2 1 1 1 1 2 1 3 1 2 1 1 2 3 1 1 1 2 4 2 2 3 1 2 1 3 1 1 1 1 1 2 2 1 2 1 1 1 1 2 2 1 1 1 2 1 3 2 2 1 2 1 2 1 1 1 1 1 1 1 1 2 1 1 2 2 1 1 2 4 1 1 2 1 1 2 3 2 1 4 1 1 1 2 1 1 1 1 1 2 1 4 4 1 1 1 1 1 1 1 1 2 2 1 1 1 1 1 1 1 2 1 1 2 2 1 1 2 1 1 2 1 2 2 1 3 3 4 1 1 2 1 3 1 2 2 1 1 1 2 1 1 1 2 1 1 4 1 2 1 2 2 1 1 2 2 1 2 2 1 1 1 1 1 1 2 2 1 2 1 1 2 2 1 1 1 2 1 1 1 1 1 4 1 1 1 1 4 1 1 2 1 2 1 1 1 2 1 2 2 1 1 1 1 1 3 1 1 3 1 1 1 3 3 1 2 1 1 2 1 1 1 1 3 1 2 1 1 2 1 1 1 1 2 1 2 1 1 3 2 3 1 2 1 1 1 1 1 1 2 4 2 1 2 2 1 2 1 2 1 1 1 1 1 1 1 2 2 2 1 2 2 3 1 2 2 1 3 1 1 1 2 1 1 1 1 4 1 1 5 3 1 1 3 2 2 1 2 3 2 5 2 2 1 1 2 1 1 3 1 2 3 3 3 2 4 1 1 2 1 1 1 1 2 3 2 1 1 2 1 1 2 1 1 1 1 3 2 1 4 2 2 2 1 1 3 1 1 2 1 1 3 1 2 2 3 2 2 2 1 1 1 1 1 1 2 1 2 1 1 1 1 3 2 3 2 2 1 1 2 2 2 2 1 1 1 1 1 1 1 1 4 1 2 1 2 1 2 1 1 3 3 1 1 3 2 1 1 2 2 2 1 1 2 2 2 2 3 1 1 1 1 1 1 2 4 1 1 1 1 1 1 1 2 1 2 1 2 1 1 2 1 1 2 1 2 1 1 2 1 2 2 1 1 1 2 2 2 2 2 1 2 1 1 1 2 1 1 1 1 3 1 3 1 1 1 1 1 2 2 1 2 1 1 3 2 1 1 1 1 2 1 1 1 2 2 2 3 2 2 1 1 2 1 1 2 1 3 1 2 2 1 1 2 1 2 1 2 1 2 2 1 3 1 1 2 1 2 3 1 1 1 2 2 1 1 2 1 1 1 2 1 3 1 2 2 1 1 2 1 1 1 1 1 1 1 3 2 2 2 2 2 1 1 2 3 1 1 3 2 1 1 1 3 2 2 1 1 2 2 1 3 1 1 2 2 2 1 4 1 1 2 2 2 2 2 1 1 1 1 1 5 1 2 2 4 1 1 1 2 1 1 1 1 1 2 1 2 1 1 1 2 3 1 1 4 1 2 2 1 1 1 2 1 1 1 1 1 1 2 1 1 1 2 1 1 2 1 2 2 1 1 2 1 2 1 2 2 1 1 1 1 2 1 1 1 3 2 2 3 1 1 1 2 3 1 3 1 2 1 2 1 2 1 2 1 1 1 1 1 1 3 1 1 1 1 1 1 1 1 2 1 1 1 1 1 1 1 1 3 1 1 1 2 3 1 2 1 1 2 2 1 2 1 1 3 1 1 1 1 1 1 2 1 2 2 3 2 2 1 1 2 2 1 1 1 1 1 1 3 1 1 2 1 1 1 2 1 1 1 1 1 1 1 2 1 1 2 2 1 1 1 1 1 1 3 1 3 1 2 2 2 1 1 1 1 1 1 1 2 3 1 1 1 3 2 2 1 1 1 1 2 1 4 1 2 1 1 1 1 2 2 1 2 1 1 1 2 1 2 1 2 3 1 3 1 1 2 4 2 2 1 1 2 1 2 3 2 1 3 1 2 1 2 1 1 1 1 1 2 3 2 1 2 1 1 1 2 2 1 1 2 2 1 2 1 1 1 2 2 3 1 1 1 4 2 2 1 1 1 1 2 2 1 1 2 2 1 1 1 2 2 2 3 1 1 1 2 1 1 3 1 2 1 1 1 2 2 1 1 1 1 1 1 1 1 3 3 2 3 1 2 2 3 1 2 2 3 1 1 1 3 3 2 3 1 1 1 1 1 1 1 1 2 2 1 2 1 1 2 1 1 2 1 1 1 1 1 1 1 1 2 1 1 1 2 2 1 4 1 2 3 2 4 1 2 1 1 1 3 2 3 4 3 2 2 2 1 1 1 1 2 1 1 1 1 2 1 1 1 1 1 1 1 3 1 1 3 1 4 6 1 2 2 2 1 1 2 1 1 2 1 1 1 2 2 1 1 1 1 2 1 4 2 1 3 1 5 1 1 1 2 1 1 4 2 1 1 1 1 1 2 2 2 1 1 2 2 2 2 1 2 1 1 1 2 2 1 1 1 1 1 1 1 1 1 1 2 2 2 1 1 1 1 2 1 3 1 2 1 2 1 1 2 2 3 2 3 1 1 1 1 2 1 3 2 1 3 1 1 2 1 1 3 2 1 1 1 3 3 1 4 4 1 1 2 1 2 2 3 1 1 1 1 1 2 2 1 1 1 1 1 2 2 1 1 3 1 2 1 1 1 2 1 1 5 1 2 1 1 1 2 1 1 2 1 2 1 1 1 1 1 1 1 1 1 2 1 1 1 1 2 1 1 4 2 4 3 4 1 2 1 2 1 3 2 1 2 4 1 1 1 2 2 1 1 1 1 2 1 1 1 2 2 1 2 5 2 2 1 1 1 1 2 2 1 3 1 1 1 2 1 2 2 3 1 1 1 2 2 1 1 1 2 4 1 1 1 1 1 1 2 1 1 1 2 2 2 2 2 1 1 2 1 3 2 2 2 1 2 3 2 2 1 1 1 2 1 1 1 3 1 3 1 2 1 1 2 2 1 1 2 2 1 2 1 1 1 3 1 1 1 1 1 1 1 3 3 2 1 4 2 2 1 1 1 2 1 1 3 1 2 2 1 1 1 1 2 2 1 1 1 1 2 2 2 3 2 3 1 1 1 1 1 2 1 3 1 1 2 2 1 2 3 1 3 1 1 1 1 2 3 1 1 1 3 2 1 1 2 2 3 1 1 1 1 1 3 2 2 2 1 1 1 2 2 2 1 1 1 2 1 2 2 3 2 1 3 1 1 1 1 2 1 1 1 2 1 2 1 1 2 1 2 1 1 1 1 3 1 1 3 2 2 4 1 1 6 1 1 1 1 1 1 2 1 3 1 2 2 1 1 2 2 1 2 2 1 1 3 2 1 2 1 5 1 1 1 1 2 3 1 1 1 1 2 1 2 1 3 2 2 3 3 1 3 1 1 1 1 1 2 2 2 1 2 2 2 1 1 2 1 1 3 1 4 2 1 1 2 1 2 1 2 1 1 1 2 1 2 2 3 1 1 2 2 1 1 1 1 1 2 1 1 3 1 1 1 3 2 1 1 2 1 1 1 1 4 4 2 2 2 1 2 2 1 1 2 1 1 1 2 1 1 1 2 1 2 1 1 2 3 1 1 4 4 4 1 1 3 1 1 1 3 2 1 1 1 3 1 2 1 1 1 2 1 2 3 1 1 1 1 1 2 1 2 1 4 2 1 1 1 2 4 1 3 4 1 1 2 2 1 1 3 1 1 1 2 2 2 2 1 1 1 1 2 1 1 1 2 1 1 1 2 1 3 1 1 1 3 1 1 1 1 3 4 1 2 1 1 1 1 2 1 1 2 2 2 3 1 1 1 1 1 1 1 3 1 1 1 2 1 1 3 2 1 1 1 1 1 1 3 1 2 1 1 1 1 1 1 2 1 1 3 1 1 1 4 1 2 4 2 1 2 1 1 1 1 1 3 1 1 1 1 2 2 2 1 1 2 3 2 1 2 4 1 1 3 3 2 1 1 1 2 2 1 4 2 2 1 2 2 1 1 1 2 3 1 1 1 2 1 1 1 1 1 1 2 1 2 2 2 1 2 1 2 1 2 2 1 2 2 1 5 1 3 1 2 1 2 1 2 2 1 1 2 2 3 1 3 1 1 2 4 3 1 3 1 1 1 1 1 1 1 2 1 4 1 1 2 1 2 1 3 3 1 2 2 1 3 2 2 1 1 2 1 2 3 1 1 2 1 2 2 2 2 2 1 1 1 1 1 1 1 2 1 1 2 2 1 2 1 1 2 2 1 2 2 1 3 2 2 1 1 1 1 1 1 1 1 1 3 1 1 1 1 1 3 2 1 4 1 1 1 1 1 2 1 2 1 1 3 2 1 2 1 1 1 1 1 4 2 1 2 2 1 2 1 1 2 1 1 2 1 1 1 1 1 1 3 2 1 2 2 1 1 1 1 1 1 2 1 1 3 3 2 1 1 2 2 3 1 3 1 1 1 2 2 1 2 1 3 2 1 2 1 1 1 1 2 2 1 1 2 1 1 3 3 1 3 2 2 1 3 1 2 1 1 1 1 2 3 3 1 1 2 4 2 2 1 1 2 3 3 1 1 3 2 1 3 1 1 1 1 1 3 1 2 1 1 2 1 2 2 1 1 3 1 1 1 1 1 2 2 1 2 2 1 3 1 1 1 1 1 1 1 2 2 1 1 1 2 1 3 2 2 2 1 1 1 2 1 2 1 2 2 1 1 1 1 1 2 4 5 1 1 1 1 1 2 1 2 1 1 1 2 2 1 1 1 2 2 1 1 2 1 1 1 1 1 1 1 2 2 1 1 1 2 1 1 2 2 1 2 3 1 2 1 2 3 2 1 1 1 1 2 1 1 1 2 1 3 4 1 1 1 1 1 1 1 2 1 2 1 2 3 2 2 3 2 1 1 1 1 2 1 3 1 2 3 1 1 2 1 2 1 1 2 1 1 1 2 1 1 1 1 1 1 2 2 1 1 1 2 1 1 1 1 1 2 2 1 2 1 2 2 1 1 1 1 2 1 2 1 1 1 1 1 1 1 1 2 2 1 2 2 1 1 1 1 2 1 1 1 2 3 2 2 2 3 2 2 1 1 1 2 1 1 2 2 2 1 1 1 2 1 1 2 2 2 2 3 1 1 1 1 1 2 2 1 1 2 1 2 2 1 2 2 2 1 1 1 1 1 2 1 1 2 1 1 1 2 2 3 1 1 2 3 2 1 1 1 2 1 1 1 1 1 1 2 1 1 1 3 1 1 2 2 2 2 1 2 1 3 2 1 1 1 1 1 2 1 1 1 1 2 2 2 1 2 1 1 2 1 1 1 1 2 1 3 1 1 2 1 2 1 1 1 1 1 3 2 3 2 2 2 2 2 1 3 1 1 2 1 1 2 1 2 1 2 1 1 3 2 1 1 2 1 1 3 1 4 4 2 2 3 3 1 1 2 1 1 3 2 1 1 1 1 1 1 1 2 1 2 1 1 1 1 2 1 1 2 2 2 2 2 2 1 3 3 3 1 2 2 1 2 1 2 2 1 1 2 3 1 1 2 3 1 3 1 1 1 1 2 2 1 1 2 1 1 1 1 1 2 2 2 1 1 2 3 1 1 1 2 2 1 1 1 3 1 1 1 1 1 1 1 2 1 1 4 1 2 1 2 2 1 1 1 1 1 1 1 1 1 1 3 4 2 1 3 3 1 1 1 1 2 1 3 1 1 2 1 2 2 1 1 2 1 1 2 1 1 2 2 2 2 2 1 1 1 4 1 2 1 1 1 1 2 1 1 1 1 1 1 3 3 1 3 3 3 1 1 1 4 2 1 3 3 1 2 2 3 1 1 2 1 3 2 2 1 2 2 1 1 1 4 1 2 1 1 1 2 2 1 4 3 2 1 1 1 2 1 2 1 3 1 1 1 1 1 2 2 1 2 1 1 1 1 3 2 1 2 3 1 2 1 2 1 1 3 3 2 1 2 1 3 1 1 2 1 2 2 1 2 1 1 1 3 1 3 1 1 2 4 2 3 1 2 1 2 1 1 1 1 1 1 3 1 1 2 1 2 3 2 1 1 1 2 3 1 1 1 2 1 1 1 1 2 1 1 2 2 4 3 1 1 3 1 1 3 2 1 1 1 3 1 1 1 2 2 1 1 3 1 1 3 2 2 2 1 2 1 2 1 3 2 1 3 1 2 1 1 1 1 2 1 2 3 3 2 1 1 1 2 1 1 2 1 1 1 1 1 1 1 2 1 1 1 2 1 1 1 3 1 1 3 1 1 1 2 2 3 1 2 1 1 1 1 1 1 2 1 1 1 1 1 1 1 2 1 1 2 1 1 1 3 1 2 1 2 2 2 3 1 1 1 1 1 1 1 1 2 1 2 3 4 3 2 3 1 2 1 1 2 1 1 1 2 2 1 1 2 3 1 1 3 3 2 1 1 1 2 1 1 1 2 2 1 1 2 2 2 2 1 2 1 1 2 1 1 3 1 2 3 3 1 1 2 1 2 2 1 2 1 1 2 1 1 1 2 2 3 1 1 1 3 1 1 1 2 1 2 2 3 3 1 1 2 1 4 1 2 4 1 2 2 1 1 1 1 1 1 1 1 1 3 2 3 1 1 2 2 1 2 2 1 1 1 1 1 1 1 1 1 1 2 1 1 2 1 2 2 3 3 1 1 1 2 3 2 1 2 3 1 2 2 4 3 1 1 2 1 1 1 1 1 1 2 4 1 2 1 2 2 1 1 4 1 1 2 1 1 1 1 1 1 1 2 3 1 5 2 2 1 1 3 2 1 1 3 2 2 2 1 2 1 1 1 1 2 3 1 1 2 2 1 2 3 2 2 2 1 1 1 3 1 1 1 1 2 2 1 1 5 1 2 1 3 1 1 1 2 1 3 2 1 1 1 3 2 1 1 1 1 1 1 2 4 1 1 2 1 3 1 1 1 2 5 3 1 1 2 1 3 2 2 2 2 3 1 1 2 1 1 1 2 1 1 1 1 1 2 1 1 1 1 4 1 2 1 2 3 3 2 1 2 1 2 2 3 1 2 1 1 1 3 1 1 2 3 1 3 1 3 2 2 1 2 2 1 1 1 1 1 2 1 2 3 1 2 1 2 1 1 1 4 1 1 1 1 1 1 1 1 2 1 1 2 1 5 1 1 1 2 3 2 1 2 1 2 1 1 1 1 2 1 1 2 2 1 3 1 2 1 3 1 1 1 2 1 2 3 2 1 2 1 1 2 2 2 1 3 2 1 1 1 2 1 1 1 1 2 2 1 1 1 3 2 1 1 1 2 1 1 1 2 2 1 1 1 1 2 1 1 2 1 1 2 1 2 3 1 2 1 1 1 1 1 2 1 2 2 1 2 2 2 1 1 1 4 4 4 1 2 2 1 1 2 4 1 1 1 2 1 3 1 2 1 1 2 1 3 1 1 3 2 1 2 2 1 3 1 1 1 1 2 1 1 3 1 1 1 1 1 1 1 1 1 3 2 2 1 1 3 1 3 1 1 2 3 2 1 1 1 2 2 1 2 2 1 1 1 2 1 2 2 1 1 2 1 1 1 1 1 2 1 3 1 1 1 2 1 1 1 2 2 2 1 1 1 1 1 1 2 1 1 1 1 3 2 2 1 2 3 1 1 2 4 2 3 4 2 1 1 1 1 1 1 3 1 2 1 2 1 2 2 1 2 2 1 3 2 2 2 1 1 1 1 2 2 2 2 1 1 1 1 1 1 2 1 2 1 2 1 1 1 2 1 1 3 1 1 3 1 2 3 1 1 1 2 1 3 3 2 1 1 1 1 2 1 2 2 1 5 3 3 1 1 1 1 2 1 1 3 5 2 2 1 2 1 2 3 1 1 4 2 1 1 1 2 3 1 1 1 2 2 2 1 1 1 1 1 1 2 1 1 1 1 1 1 1 2 2 1 3 3 1 3 4 1 1 2 1 1 3 1 1 2 1 1 1 2 1 2 1 3 2 1 1 1 1 2 1 1 3 2 3 1 1 1 1 1 4 1 1 3 1 3 3 1 1 1 2 1 5 1 1 2 1 1 1 1 1 1 1 1 1 1 2 3 2 2 2 1 1 1 1 1 1 2 1 1 1 2 1 2 1 4 1 1 2 1 1 1 2 1 1 2 1 4 1 1 1 2 1 1 1 3 1 1 1 1 1 1 1 2 1 1 1 1 1 1 2 3 3 2 1 1 1 2 1 1 1 2 2 1 1 2 2 2 1 1 1 1 1 1 1 1 2 1 1 2 2 1 3 2 4 2 2 3 2 1 1 1 3 3 2 1 2 3 2 4 1 1 4 1 1 2 2 1 6 1 2 1 1 1 1 1 1 1 2 2 1 1 1 2 2 1 3 3 1 1 1 2 1 3 4 1 2 1 1 4 1 1 1 2 2 1 2 1 1 2 1 2 2 2 1 1 1 1 1 1 3 2 2 1 1 2 2 1 1 1 1 1 2 1 2 5 1 1 2 2 2 1 1 1 2 1 1 1 2 1 2 1 1 2 2 1 1 1 1 2 1 1 2 1 1 1 1 3 1 1 1 1 2 3 1 2 2 1 1 1 2 1 1 2 1 2 1 2 1 2 1 1 3 3 1 2 1 1 1 1 2 1 2 3 1 1 1 2 1 1 2 1 2 1 1 3 1 2 2 2 1 2 1 2 1 1 1 1 1 1 1 4 1 1 1 1 1 1 2 1 1 2 1 2 2 1 1 1 1 2 2 1 2 1 2 1 2 1 1 1 1 1 3 1 1 2 1 1 1 1 1 2 1 2 1 2 1 1 1 2 1 2 1 4 1 1 2 1 1 2 2 1 1 1 1 3 3 1 1 1 1 1 2 2 2 1 2 1 1 1 1 2 1 2 1 3 2 1 1 1 1 1 4 3 1 2 1 1 1 1 3 1 1 1 1 2 2 1 1 2 1 1 1 2 1 1 2 2 1 2 1 1 1 1 1 2 1 1 1 1 1 2 1 1 1 1 1 1 1 1 1 2 2 1 1 2 1 1 1 2 2 1 2 1 1 2 3 2 1 1 3 1 1 2 1 2 1 2 2 1 3 1 2 2 1 1 1 1 3 1 1 1 6 1 1 1 2 4 1 1 2 1 1 2 1 2 1 2 2 1 1 1 1 1 3 2 1 1 1 1 2 1 2 2 1 2 1 1 2 1 1 1 1 1 1 3 2 1 2 1 1 1 2 1 1 4 3 2 1 1 2 1 1 1 1 2 1 4 2 2 4 1 1 1 1 2 1 3 1 4 1 1 2 1 1 1 2 2 2 4 1 3 2 2 1 3 1 1 1 2 1 2 2 1 1 1 2 2 2 2 2 1 2 1 2 2 1 1 2 3 2 2 3 2 1 3 2 2 1 1 2 1 2 1 2 2 1 2 3 3 1 1 1 1 2 2 1 1 2 1 1 2 1 1 2 1 1 1 2 1 1 2 1 1 1 1 5 2 1 6 2 5 2 2 4 1 1 1 2 2 2 2 2 1 1 1 2 1 1 1 1 1 2 1 2 1 1 1 1 3 3 3 1 1 1 3 1 1 1 1 2 1 1 2 1 2 1 2 1 2 1 2 1 1 1 1 3 3 2 1 1 3 3 2 1 1 3 1 2 1 1 1 1 2 1 2 1 1 2 4 2 1 2 1 1 1 2 1 1 2 1 1 1 1 2 1 2 1 2 1 1 2 1 1 3 1 3 1 2 1 2 1 1 2 1 1 1 1 1 1 1 2 1 2 1 1 1 1 1 1 1 1 1 3 1 1 2 1 1 1 1 2 2 2 1 2 2 1 1 1 2 1 1 2 1 1 2 1 1 2 1 1 2 2 2 1 1 3 1 1 2 3 2 1 1 2 1 2 1 1 1 1 1 1 1 1 2 2 1 2 1 1 1 1 3 1 1 1 1 4 1 2 3 1 1 1 1 1 1 2 1 2 1 2 1 1 2 2 1 2 4 2 2 2 1 1 1 2 2 2 1 5 1 1 2 1 1 2 1 3 1 2 3 2 2 1 1 2 4 3 1 2 2 1 1 1 2 1 2 1 2 1 2 1 1 2 3 1 1 1 2 1 4 1 1 2 1 2 3 2 1 1 1 1 1 1 1 3 2 2 2 5 1 1 1 1 1 1 3 1 2 1 1 2 1 2 1 1 2 3 4 4 1 1 3 2 2 1 2 3 1 1 2 1 1 2 1 1 1 1 2 2 1 3 2 1 1 1 1 2 3 2 3 1 1 1 2 1 1 2 3 4 2 2 1 1 3 1 1 1 1 1 2 1 1 1 1 1 1 2 1 2 3 1 1 1 1 1 1 1 1 3 2 3 1 2 3 2 1 1 1 1 1 1 1 1 1 1 3 1 1 2 1 1 1 3 1 5 1 1 1 1 3 2 1 2 3 1 1 1 1 1 2 1 2 3 1 2 1 1 3 1 4 1 1 1 1 1 3 2 1 1 1 1 2 2 1 1 1 1 2 2 1 2 2 1 1 3 1 1 2 1 1 3 2 1 3 1 2 2 1 2 1 1 1 1 3 1 1 1 1 1 2 1 1 2 1 1 1 1 1 1 1 1 3 1 2 1 1 1 1 1 1 1 3 1 1 1 2 1 1 1 1 1 1 1 1 1 1 3 3 2 2 1 1 2 1 1 2 1 2 2 2 1 2 1 1 2 1 3 1 1 1 3 3 1 1 1 2 1 2 2 4 1 2 2 1 1 1 4 2 2 1 3 2 2 1 1 2 1 1 2 2 3 1 1 1 1 1 1 3 3 2 1 1 2 1 3 2 2 1 2 2 2 1 2 1 1 3 2 1 1 2 1 1 1 2 1 4 2 2 2 1 1 1 1 2 1 1 1 1 1 1 1 1 2 2 2 1 2 1 1 2 3 
  #Test Small 20412
  #Test Medium 44896
  #Test Large 80033
