Board size [mm] 125x375

Stats side 1
  #Components with background 65
  #Components with points 325
  #Components nofly 4
  #Components notouch 5
  #Pins 62675
  #GNDs 2115
  #VDDs 1497
  #Clock 37
  #NoFly points 700
  #NoTouch points 878
  #Points [total] 67902

Stats side 2
  #Components with background 78
  #Components with points 320
  #Components nofly 2
  #Components notouch 1
  #Pins 56398
  #GNDs 1696
  #VDDs 1336
  #Clock 54
  #NoFly points 240
  #NoTouch points 170
  #Points [total] 59894

Stats board (side 1 + side 2)
  #Components with background 143
  #Components with points 645
  #Components nofly 6
  #Components notouch 6
  #Pins 119073
  #GNDs 3811
  #VDDs 2833
  #Clock 91
  #NoFly points 940
  #NoTouch points 1048
  #Points [total] 127796
  #Nets 7162
    Net Size: 3811 2833 91 2 2 2 1 1 2 2 2 1 1 1 1 2 4 1 1 2 1 1 1 2 1 1 1 1 2 2 1 1 2 2 1 2 1 1 4 2 3 3 1 3 1 4 1 2 1 4 1 1 1 3 1 2 2 1 1 3 1 2 4 2 1 1 1 2 1 5 7 2 1 1 5 2 2 2 1 2 1 1 1 3 2 1 1 1 2 2 1 4 1 1 2 1 4 1 2 1 1 1 1 1 1 1 3 1 2 3 2 2 3 1 2 1 1 1 1 2 2 2 1 2 1 2 2 3 1 4 1 3 1 1 1 1 2 2 1 3 1 4 2 1 2 2 1 1 1 1 3 2 2 2 1 1 2 3 1 1 4 1 2 1 2 1 1 1 1 1 1 3 1 1 2 2 5 2 1 3 1 1 1 2 2 1 2 1 1 1 1 1 1 2 1 1 1 2 1 1 3 1 1 1 1 3 1 1 2 1 1 1 1 1 4 2 1 1 1 1 1 1 1 1 1 1 3 2 2 1 1 1 1 1 4 1 1 2 4 3 2 2 3 2 2 2 3 1 1 2 2 1 1 2 1 2 1 3 1 1 1 1 1 1 1 2 2 1 2 3 1 2 1 1 1 1 2 1 3 4 3 3 3 1 1 1 2 1 2 2 1 4 2 1 1 3 1 1 1 1 3 2 3 1 1 2 2 2 1 1 3 1 1 1 2 1 2 2 2 2 1 2 2 1 1 1 1 1 2 1 3 1 5 1 1 2 2 3 1 1 1 1 1 1 4 1 1 1 3 2 3 1 1 2 2 1 2 4 1 1 2 1 2 1 3 1 1 3 1 1 4 2 1 4 1 1 1 3 3 3 1 2 3 4 1 1 1 1 2 1 1 2 1 1 1 1 2 3 1 1 1 1 3 1 2 2 1 4 2 1 1 2 1 2 5 3 2 1 1 1 5 1 1 1 2 3 1 3 1 3 3 1 2 1 2 2 2 2 2 1 2 3 1 2 2 1 1 3 1 1 2 1 1 3 2 1 2 2 1 2 1 2 1 2 1 1 3 2 1 1 2 2 2 5 4 4 3 3 2 1 1 1 3 3 2 1 1 2 3 1 2 4 1 1 3 1 3 1 4 1 3 4 1 1 1 3 3 1 4 2 1 1 2 1 2 2 1 2 1 1 1 2 1 1 1 3 3 1 1 2 3 1 2 1 3 1 1 1 2 1 3 1 1 1 2 1 2 2 1 3 2 1 2 4 2 3 1 2 1 1 1 2 2 1 2 2 1 2 3 2 3 1 1 1 1 1 2 2 2 1 2 1 2 3 3 1 3 1 3 1 1 2 1 1 3 2 2 1 1 1 1 1 1 1 1 2 1 2 1 2 2 1 1 1 2 2 1 2 1 1 2 1 3 1 2 1 2 1 2 2 1 1 1 1 4 2 3 3 1 1 2 1 1 1 1 1 2 3 1 1 2 2 1 1 2 2 1 2 3 2 1 2 2 1 2 3 1 2 2 1 1 3 1 2 3 1 1 3 2 3 1 2 1 1 3 2 1 2 1 1 2 1 2 3 1 3 1 2 1 2 1 1 2 1 1 2 2 4 2 2 1 2 2 2 1 1 3 1 1 1 2 1 2 2 2 1 1 1 2 1 2 1 1 1 2 3 1 1 1 1 2 1 1 4 1 1 2 1 3 1 1 2 1 1 2 1 1 2 2 1 1 2 1 1 2 1 3 1 2 1 2 3 1 2 1 1 1 2 2 1 1 1 1 4 1 4 1 2 1 2 1 2 2 2 2 1 3 1 1 3 2 1 1 1 1 1 2 1 1 1 1 1 1 3 1 1 1 1 1 1 2 3 2 4 1 1 1 1 2 3 1 1 1 1 1 1 3 1 1 2 5 3 2 1 2 2 2 2 1 2 3 1 1 3 1 3 2 1 2 2 3 1 3 1 3 2 1 1 1 1 1 3 2 1 1 1 1 1 1 1 2 1 1 4 1 1 2 2 2 3 1 2 3 2 1 1 1 1 1 1 1 1 2 2 1 1 5 1 1 1 1 2 1 2 4 1 2 2 2 2 2 1 2 1 1 1 3 4 1 1 1 1 1 1 2 2 1 1 1 1 1 3 1 2 1 2 1 1 1 1 3 1 2 1 2 1 1 2 1 3 4 1 2 3 1 2 1 1 1 1 1 4 3 1 1 2 1 3 1 2 1 4 1 3 1 1 2 1 1 1 1 1 2 1 3 3 1 3 2 1 2 3 1 2 1 3 3 1 1 1 1 1 1 2 1 2 1 1 2 1 1 1 2 1 2 2 3 1 1 1 1 1 2 1 1 1 1 1 1 2 1 2 2 1 2 1 3 1 4 3 2 2 1 2 1 2 2 2 2 1 3 1 2 1 1 1 1 1 1 2 1 1 2 2 1 1 1 2 2 1 1 2 2 1 1 2 2 1 1 1 2 1 2 1 2 2 1 1 1 1 2 1 3 1 4 2 2 1 2 1 1 1 1 3 1 1 1 2 1 1 1 1 2 2 1 1 3 1 2 2 1 2 1 1 1 3 2 1 2 3 3 2 1 1 1 2 2 2 3 4 1 1 1 1 1 1 1 1 1 1 1 4 1 1 1 1 2 2 6 1 2 1 2 3 1 3 2 4 4 2 1 1 3 1 1 1 2 2 1 2 1 1 1 1 2 1 2 3 1 2 1 1 1 2 1 2 2 2 2 1 4 1 1 1 2 1 1 1 1 3 1 3 1 2 1 1 1 2 1 1 3 1 2 3 1 3 1 1 1 3 2 1 1 2 1 2 1 2 1 2 1 1 1 2 3 1 2 2 1 3 2 1 1 4 2 2 1 2 1 1 1 2 1 3 2 1 2 2 1 1 3 2 1 1 1 3 1 2 1 1 3 2 2 1 1 4 2 1 5 2 1 1 2 1 1 2 1 2 2 1 3 1 1 4 1 2 1 1 2 1 1 1 1 1 2 3 1 1 3 1 1 1 1 1 1 1 1 1 3 2 2 2 1 1 3 2 1 2 1 1 1 1 1 2 1 3 2 1 1 2 1 2 1 1 2 1 1 1 1 1 2 1 2 3 1 2 2 2 2 1 2 1 2 1 2 3 2 1 3 1 2 1 4 1 1 1 1 3 2 1 1 1 1 2 1 2 1 1 1 1 1 1 2 1 1 1 3 2 1 1 1 1 2 2 2 1 3 3 4 2 1 1 1 1 2 1 1 1 2 3 1 4 1 2 1 2 2 1 2 1 1 1 2 1 1 5 1 3 2 2 1 2 2 1 3 2 2 1 1 1 3 1 2 2 3 1 2 2 1 2 2 2 1 2 1 1 1 1 2 2 1 2 1 2 1 1 1 1 3 1 1 2 1 2 1 1 1 3 1 1 4 1 2 1 2 1 3 1 4 1 3 1 1 3 1 1 2 1 2 1 1 1 1 1 1 2 1 4 3 1 2 2 1 3 1 2 3 3 1 2 2 1 2 1 1 2 2 2 1 2 2 1 1 2 1 1 1 1 2 1 2 1 1 2 2 2 4 2 2 1 4 1 2 1 3 1 4 1 1 2 3 1 1 1 2 2 2 3 2 2 2 1 2 3 3 2 2 2 1 1 1 3 1 1 1 2 1 1 2 2 2 1 2 3 1 2 2 1 2 1 1 2 1 2 2 2 1 2 2 1 2 2 1 2 2 1 4 2 2 3 2 2 1 1 4 1 1 1 1 1 1 2 2 1 1 2 1 3 2 1 1 1 1 2 1 2 1 2 1 1 3 1 2 1 1 2 3 2 1 1 2 1 1 1 2 2 1 2 1 1 3 1 1 1 2 1 3 1 1 1 2 1 1 2 1 1 1 2 3 1 3 1 2 1 1 3 2 2 2 1 1 2 2 1 1 1 1 1 1 2 1 1 1 3 1 2 1 1 2 1 1 1 1 1 1 2 2 2 3 1 1 4 2 2 3 3 2 2 1 1 2 3 3 3 2 3 3 1 3 2 2 1 2 1 1 1 1 1 1 2 1 1 1 1 1 3 2 2 5 1 1 1 1 1 2 1 2 1 1 2 2 3 1 1 3 1 2 2 1 1 1 2 3 3 2 1 1 1 1 1 1 1 1 1 5 1 1 2 2 1 2 2 3 2 2 2 1 1 1 2 1 2 1 1 3 4 2 3 1 2 1 1 3 1 2 1 2 1 1 4 1 2 2 1 3 2 1 2 1 3 1 2 1 2 1 1 1 1 1 2 3 1 1 1 1 1 1 3 1 2 2 1 1 2 1 2 1 1 2 1 1 1 4 1 1 1 1 1 3 1 2 1 1 2 1 3 2 4 1 1 1 2 1 1 2 1 1 4 2 3 1 1 1 2 1 1 1 1 2 2 2 1 1 2 3 1 1 4 1 1 1 1 1 2 1 2 1 2 1 1 2 1 1 1 2 2 2 1 2 1 2 1 1 1 2 1 3 1 1 1 2 3 2 2 2 1 1 3 1 2 1 3 1 2 1 3 1 3 1 1 1 2 1 2 3 1 4 3 4 2 2 1 1 2 2 1 2 5 4 2 1 1 2 3 1 1 2 1 2 3 1 1 1 1 3 2 2 1 1 1 1 1 2 1 1 1 2 1 1 1 1 1 2 1 1 2 2 2 1 1 3 4 3 1 2 3 2 2 1 2 1 1 1 1 1 2 1 1 3 2 1 2 1 2 2 1 1 1 3 3 2 1 2 1 1 1 2 1 1 1 1 2 1 3 2 1 3 1 3 2 2 4 1 2 1 1 1 1 1 1 2 3 2 1 1 1 1 2 2 2 1 1 2 1 2 1 2 3 2 1 1 1 2 1 1 1 1 1 2 1 1 1 1 1 2 1 4 2 1 1 1 3 1 1 3 2 2 2 1 1 1 1 1 3 1 1 2 2 1 1 1 1 1 2 2 2 2 1 1 1 2 1 3 1 1 2 2 5 2 1 3 1 2 2 1 1 1 4 1 2 1 1 2 1 1 3 3 2 3 1 2 1 2 1 2 1 1 1 2 2 1 1 1 2 1 3 2 3 3 1 1 1 1 4 2 1 2 1 1 1 2 1 2 1 1 2 1 1 1 1 1 1 5 3 2 1 3 2 1 2 1 1 1 2 2 1 1 1 3 1 1 1 2 3 1 1 2 1 2 3 1 1 1 1 2 2 2 1 1 1 2 3 1 3 2 4 2 1 1 3 3 1 1 1 1 1 3 6 1 1 3 2 1 2 1 3 3 3 2 1 1 2 1 1 3 3 1 1 2 1 1 1 2 1 2 1 3 2 2 1 2 2 1 2 1 1 1 3 2 2 1 2 2 3 2 2 3 1 1 1 2 1 1 1 2 1 1 2 3 2 1 1 2 1 1 1 2 1 4 1 1 2 1 2 3 1 2 2 2 1 1 1 1 2 2 1 1 1 1 4 1 2 2 1 1 2 1 2 1 1 1 1 3 2 3 1 1 1 1 2 2 1 1 1 2 3 1 1 1 1 2 1 2 1 1 1 1 1 2 1 2 1 3 2 1 3 2 1 2 3 4 2 2 3 3 1 2 2 1 6 3 1 2 1 1 1 2 1 2 1 2 1 2 1 1 3 1 4 1 2 1 2 1 1 3 1 2 2 3 2 1 2 3 1 2 3 2 2 1 1 1 1 1 1 2 2 1 1 2 1 1 2 1 2 1 1 2 2 2 1 1 1 3 1 1 2 1 1 3 4 3 4 1 2 1 1 3 1 3 3 1 1 2 1 1 1 2 2 2 1 1 2 3 1 2 4 1 1 2 2 1 1 1 1 1 1 3 1 3 2 2 3 3 2 1 2 1 3 2 2 2 3 1 1 1 1 1 2 2 2 3 2 1 1 1 1 1 2 1 4 2 1 1 1 1 2 1 1 1 1 1 2 1 1 3 1 2 5 1 1 2 2 1 1 2 1 2 2 1 1 1 1 2 1 1 1 3 3 5 2 1 3 1 1 1 1 3 2 1 2 1 1 2 1 1 1 3 1 2 4 2 2 3 2 1 1 2 2 2 1 3 5 1 1 1 1 1 1 1 2 2 1 1 1 2 1 1 1 1 1 1 1 2 1 3 1 3 1 1 1 2 2 4 1 1 1 2 2 5 1 1 2 1 1 1 2 1 3 1 1 1 2 1 1 1 2 1 3 1 3 1 1 1 1 2 1 1 2 2 1 1 1 1 3 2 1 1 3 1 1 1 1 1 1 2 1 3 1 1 4 2 1 1 2 3 3 2 1 2 2 1 1 2 2 1 1 2 1 1 2 2 1 1 1 1 2 1 2 3 3 3 1 4 2 2 4 1 2 2 2 2 1 1 1 1 1 2 1 1 3 1 1 1 1 1 1 1 2 2 1 2 1 2 1 3 5 1 1 3 4 2 1 2 1 2 1 1 1 2 1 2 2 3 1 2 1 1 2 1 1 1 2 1 1 3 1 1 1 1 1 4 1 4 3 2 2 2 4 1 2 2 1 1 4 1 1 1 3 2 3 1 1 1 1 1 1 2 1 1 2 1 2 2 2 1 1 1 1 2 1 3 1 1 1 1 1 1 2 1 1 2 1 3 1 1 1 1 3 1 2 2 2 2 1 2 1 1 2 2 1 1 1 3 2 2 3 1 1 1 2 1 1 2 3 1 1 2 1 3 2 1 2 1 2 2 1 1 2 2 1 1 1 3 2 2 3 1 1 2 1 1 2 1 2 1 3 1 1 2 2 2 1 2 1 3 3 2 3 1 2 2 2 1 1 2 2 1 3 1 3 3 1 3 1 2 1 3 3 1 1 1 1 1 1 1 4 1 1 2 2 2 1 1 3 1 1 2 1 2 1 2 1 3 2 2 1 1 1 2 1 1 1 1 1 1 1 1 2 2 1 1 3 2 2 1 3 1 1 2 1 1 2 3 1 1 2 2 1 1 1 4 2 6 1 1 1 1 1 2 1 3 1 5 1 3 3 1 1 3 1 1 1 2 2 1 1 1 1 1 1 4 3 3 1 2 2 1 2 2 2 1 1 1 1 2 1 2 3 1 1 1 1 2 3 3 1 2 1 2 1 1 1 3 1 2 1 2 2 1 2 1 1 2 1 2 1 1 1 3 2 1 1 2 2 1 1 2 1 2 1 2 1 1 2 2 4 1 2 1 1 2 1 1 3 3 3 1 1 2 1 4 1 2 2 3 2 3 1 1 2 1 1 1 1 1 2 1 1 3 1 4 3 4 2 1 2 1 2 3 1 2 2 2 1 1 1 1 4 2 1 1 1 1 2 1 1 1 1 1 1 2 2 1 2 3 1 1 1 1 2 1 1 1 1 2 1 3 3 2 1 2 2 1 1 4 1 1 1 1 3 1 1 1 1 1 1 1 1 1 2 1 1 1 1 2 3 1 1 2 1 1 2 1 1 3 1 2 1 2 1 2 2 3 1 3 2 1 2 2 2 2 1 2 1 1 1 2 3 1 2 2 3 1 1 1 1 1 4 3 1 3 1 1 1 1 4 2 2 1 1 1 3 1 1 2 3 1 1 1 2 1 4 2 1 2 1 1 2 1 1 1 2 2 2 3 2 1 2 1 2 1 1 1 1 2 2 3 2 1 1 2 1 3 1 2 3 2 1 2 4 1 1 1 1 1 3 1 2 2 1 1 1 1 1 2 2 2 1 1 2 1 3 1 1 1 1 3 2 2 1 2 3 1 2 1 2 1 4 2 1 1 3 2 2 1 1 2 1 1 1 1 1 1 1 3 2 2 1 2 1 2 3 1 1 3 1 2 2 1 1 1 2 1 1 1 1 2 1 2 1 1 1 1 1 1 3 1 2 3 1 3 2 1 1 2 1 2 1 2 1 2 1 2 2 1 1 1 1 1 4 4 1 3 3 1 2 4 1 1 1 2 3 2 2 2 3 1 1 2 1 1 2 1 1 1 2 1 1 2 1 1 1 1 3 2 2 3 1 1 1 1 3 2 1 1 1 1 2 1 2 1 1 1 1 1 3 1 1 2 2 4 1 2 1 1 2 3 2 2 1 2 1 1 2 1 2 1 3 1 1 3 2 1 2 1 3 1 1 1 1 1 1 2 3 1 1 3 1 1 1 2 2 2 1 2 1 2 2 1 1 2 1 1 1 1 4 2 1 3 1 1 1 2 1 2 2 2 3 3 2 2 2 2 3 1 4 2 2 2 1 3 3 1 1 3 1 1 3 2 1 2 2 1 1 1 1 1 3 2 1 1 1 2 1 1 2 1 3 1 2 2 1 3 1 2 2 1 1 1 1 2 3 1 1 2 2 1 2 2 2 3 1 2 4 2 1 2 2 1 2 3 1 2 1 2 3 2 2 1 2 3 2 3 1 1 1 2 1 1 1 1 2 1 1 1 1 1 2 3 3 2 2 2 2 4 3 1 4 1 1 1 2 4 1 1 2 1 1 2 1 1 3 2 2 1 1 1 3 1 1 1 3 2 3 2 1 1 1 2 2 1 1 1 2 1 1 1 1 2 1 1 1 1 2 1 2 1 1 2 2 1 3 2 1 2 1 1 1 1 1 1 1 4 1 1 2 1 1 2 1 2 1 3 1 2 1 1 1 2 3 5 1 2 1 2 2 1 1 1 1 2 3 3 2 2 2 1 2 1 3 1 1 1 1 1 2 4 1 3 2 1 1 4 2 2 4 2 3 1 1 1 3 1 2 3 3 2 1 2 2 3 2 1 2 1 1 2 3 1 2 2 1 2 2 1 2 1 1 1 1 2 3 2 2 2 2 1 3 1 2 1 1 2 2 2 2 2 2 1 1 2 1 1 1 1 3 2 2 1 2 2 3 1 2 2 1 2 2 1 1 1 1 5 6 1 1 4 2 1 3 1 2 2 1 1 2 2 1 1 2 2 2 1 1 1 2 1 1 1 1 1 2 5 1 2 1 1 1 1 1 1 1 3 1 1 1 1 2 1 1 2 1 2 2 3 3 3 1 2 1 2 1 2 1 1 1 4 1 4 2 5 1 5 2 1 1 2 1 1 4 1 3 2 1 1 1 1 1 3 1 2 2 1 2 2 2 3 2 1 1 2 2 2 2 2 1 2 3 1 2 2 2 1 1 1 1 1 1 1 2 1 2 1 3 2 2 2 2 4 1 1 1 1 3 2 1 2 1 1 1 1 1 1 2 1 2 2 1 1 4 2 1 2 1 2 1 2 5 2 4 3 1 1 2 2 2 2 1 2 3 1 2 1 2 1 1 1 1 1 1 3 1 1 1 1 2 1 1 2 4 1 1 1 1 2 1 1 2 3 2 1 4 2 1 3 1 1 1 1 1 1 1 1 5 1 5 1 1 1 1 2 2 1 1 2 3 2 2 1 1 1 1 1 1 1 1 1 2 2 1 4 2 3 2 2 2 1 2 2 1 1 1 1 2 1 1 1 1 2 1 1 2 1 2 1 4 1 1 1 2 1 2 1 1 1 1 2 1 2 1 1 1 3 1 1 1 1 2 1 2 1 1 2 3 1 1 1 2 1 3 2 1 2 1 1 1 1 2 2 1 1 1 1 2 2 1 1 1 4 1 1 3 1 1 1 1 2 1 2 2 5 1 2 1 1 1 2 1 1 2 2 1 1 2 2 2 2 1 3 1 2 1 1 1 4 3 1 2 2 1 1 1 1 1 1 1 2 1 2 1 1 2 2 1 1 1 4 3 1 2 2 2 1 3 2 1 1 1 1 1 1 2 1 1 1 1 3 3 2 2 2 1 3 2 3 3 4 1 1 2 3 1 1 1 1 1 1 3 1 2 4 1 1 2 2 2 1 1 3 1 4 2 2 2 1 2 1 2 2 1 2 1 3 1 1 1 2 2 1 2 1 1 1 1 1 1 2 1 4 1 2 1 1 3 1 2 1 3 2 1 1 2 2 1 4 1 3 2 1 2 1 3 1 5 3 1 2 2 1 1 2 1 1 1 2 2 1 1 1 1 2 2 1 1 1 1 1 1 3 3 1 2 3 2 2 2 1 1 1 3 2 2 3 3 1 1 1 2 2 4 1 2 2 1 2 1 1 1 1 1 3 2 3 5 1 1 2 2 1 2 2 1 1 1 1 1 1 4 1 1 1 1 1 1 1 3 1 1 3 1 1 1 1 2 1 1 1 2 2 2 2 1 1 3 2 1 1 1 3 1 1 1 2 1 3 1 3 1 3 2 2 1 1 3 1 1 1 1 1 3 4 1 2 1 3 1 2 3 1 4 2 1 1 1 1 2 3 1 1 1 1 2 2 1 4 2 1 1 2 1 2 2 1 2 1 1 3 1 1 1 2 2 3 2 1 2 2 1 2 3 1 3 2 1 2 2 2 1 2 4 1 1 2 2 1 2 1 3 2 2 1 2 1 1 2 1 2 2 1 2 1 1 2 2 1 1 3 1 2 1 1 3 1 2 1 1 4 1 5 3 1 1 1 1 1 1 1 1 1 4 1 1 1 2 2 3 1 1 1 1 1 1 1 1 2 1 1 1 3 1 1 1 1 3 3 1 1 1 2 3 3 2 3 2 1 2 1 1 2 1 1 2 1 2 1 1 2 2 1 1 4 1 1 1 1 3 4 1 2 1 1 3 1 4 1 1 2 1 1 1 3 2 1 1 2 3 1 1 1 1 1 2 1 1 1 2 2 3 2 3 2 1 1 1 1 4 1 2 1 2 1 1 1 3 1 1 1 2 2 1 3 2 1 1 1 2 1 1 2 2 1 1 1 2 1 2 2 2 2 1 1 1 1 3 1 1 2 1 2 1 1 3 2 2 3 2 2 1 1 2 1 1 2 1 2 1 3 1 1 2 3 2 1 1 1 1 1 3 1 1 2 1 1 2 2 2 1 1 1 2 2 2 1 1 2 2 1 2 1 2 2 1 1 2 1 3 1 1 1 3 1 2 2 3 1 1 2 1 1 1 2 1 1 1 1 3 1 4 1 2 1 1 1 2 1 5 1 2 1 1 1 1 1 2 1 1 2 3 1 1 1 2 3 1 1 2 2 2 1 2 3 1 2 2 4 2 1 3 1 2 1 1 2 1 1 1 2 1 1 1 2 2 3 1 2 2 2 2 1 1 2 4 1 2 1 3 1 3 3 2 1 2 1 2 2 2 1 4 1 1 1 2 1 1 1 3 1 4 3 3 1 2 1 2 2 2 2 2 1 1 4 4 1 3 2 1 1 2 2 3 2 1 1 1 1 1 2 1 1 1 1 2 1 1 2 2 1 3 1 1 1 1 1 3 1 3 1 1 1 2 1 1 1 3 1 2 2 2 1 3 1 1 1 3 1 1 2 1 1 1 3 2 1 3 2 1 2 2 1 2 1 2 1 1 1 1 4 1 4 1 1 3 3 1 1 1 1 2 1 3 1 2 1 2 1 2 1 1 2 1 2 1 1 1 1 3 1 2 1 2 1 1 1 1 1 1 1 2 1 2 1 1 2 1 1 1 1 1 2 2 2 1 1 1 1 4 2 2 2 1 2 2 1 1 1 2 2 2 1 1 1 1 1 3 1 1 3 2 1 2 2 2 1 1 2 1 1 2 1 1 1 3 2 2 1 2 1 1 1 2 3 2 4 1 2 3 1 2 2 2 1 1 1 1 3 1 1 3 3 2 1 3 2 1 1 1 1 1 1 1 1 1 1 3 1 1 1 3 2 3 1 1 1 1 2 2 1 2 3 1 1 1 1 2 2 2 1 1 3 2 5 1 2 2 1 1 3 1 1 1 1 3 1 3 2 3 1 1 2 1 1 1 1 3 1 2 3 1 1 1 1 1 1 2 1 5 1 1 1 1 2 2 1 1 2 1 1 1 2 1 2 1 1 3 1 3 1 2 1 1 2 1 1 2 1 2 2 1 1 3 2 1 1 1 1 1 1 1 2 2 2 1 1 2 2 2 1 1 1 1 1 1 1 1 2 2 1 2 1 1 3 1 1 2 3 1 1 1 2 2 2 1 1 2 2 4 1 1 1 1 3 2 2 4 1 1 2 1 2 3 1 2 2 1 1 4 1 1 1 2 1 2 1 1 1 1 1 1 1 1 3 2 3 1 2 1 2 1 1 2 1 1 1 2 1 1 1 3 1 2 1 2 1 2 2 2 1 1 4 2 3 2 1 2 1 1 2 1 1 1 2 3 2 3 1 3 3 1 3 1 2 1 1 3 3 1 1 1 1 1 1 2 2 1 2 1 2 1 1 1 3 2 1 2 1 2 2 2 2 2 1 3 2 1 1 1 1 1 1 1 1 1 2 1 1 1 1 4 1 1 2 2 3 1 1 1 2 1 3 1 1 3 2 1 1 2 2 1 3 1 2 1 1 4 1 2 2 1 2 1 3 1 3 2 1 1 2 2 2 1 2 1 2 1 1 3 1 2 1 3 1 3 3 2 1 1 1 1 2 1 1 1 2 2 2 3 2 1 3 1 2 2 1 1 1 2 1 2 1 2 1 1 1 2 2 2 2 2 1 3 4 1 1 1 3 2 1 1 2 2 1 3 2 1 1 1 2 1 3 3 1 1 1 1 2 1 1 1 2 2 1 1 2 1 1 2 2 2 1 1 1 1 2 1 1 2 3 1 1 2 4 2 1 2 2 1 1 1 1 2 1 3 2 1 2 1 3 1 3 1 1 1 3 2 1 2 1 3 2 1 1 2 1 4 1 1 2 1 2 1 2 2 1 2 1 3 1 1 4 1 1 1 3 1 2 1 1 1 2 2 1 1 2 1 2 1 1 2 1 3 2 1 1 1 1 2 1 1 2 4 2 1 3 1 2 1 1 1 1 3 2 2 1 3 1 1 1 3 2 4 1 2 3 1 1 1 2 1 4 3 2 2 2 3 1 1 1 2 4 1 3 1 1 3 1 1 1 3 1 2 2 1 1 2 2 1 2 2 4 2 1 1 2 3 2 1 1 2 1 3 1 1 3 1 2 2 2 1 2 2 2 3 1 2 2 3 1 2 1 1 1 3 3 1 1 2 2 1 3 1 1 3 3 3 1 1 2 1 1 2 2 1 1 1 1 3 3 2 1 1 1 1 1 1 2 2 3 1 1 5 1 1 3 1 1 1 4 3 2 1 1 1 1 1 3 1 1 3 1 3 2 1 2 1 1 1 2 3 2 4 1 3 1 3 1 1 1 1 2 3 1 1 2 1 1 1 1 2 1 2 1 1 1 1 1 3 2 1 2 2 1 3 1 1 1 1 1 2 1 3 1 4 1 1 3 1 4 2 1 1 2 2 2 2 5 1 1 1 1 1 1 1 3 1 2 1 1 1 1 2 3 3 3 2 2 4 1 2 1 1 3 2 2 1 1 4 4 2 1 2 1 2 1 1 1 2 1 1 3 3 1 2 1 1 1 1 1 1 2 1 1 2 3 1 1 2 1 2 3 1 2 1 1 1 2 2 1 1 2 2 2 2 2 2 4 1 3 2 1 1 3 1 3 1 1 1 1 3 1 2 1 2 2 1 1 2 1 3 1 5 3 1 1 2 2 1 1 1 2 1 3 2 5 3 2 1 1 2 1 2 1 2 3 1 1 1 1 3 2 1 4 2 1 1 2 2 1 2 4 1 1 1 2 1 2 1 2 3 2 1 1 3 1 2 3 2 2 1 1 1 1 1 2 1 1 1 2 1 1 1 4 2 2 1 1 2 3 3 1 1 3 3 1 2 1 2 1 2 3 1 2 2 2 1 2 1 2 1 3 2 1 1 1 1 1 1 2 1 1 1 2 1 2 1 1 2 3 1 1 2 3 1 4 1 2 2 3 2 1 2 2 2 1 3 3 3 1 3 1 2 2 2 2 2 1 3 1 1 1 2 1 1 1 1 1 2 1 1 2 1 2 2 2 1 1 1 2 1 1 1 2 3 2 1 1 2 4 1 1 3 1 2 2 2 1 2 1 1 1 2 3 1 2 2 3 2 3 2 1 1 1 2 2 2 1 1 2 1 2 2 1 3 2 1 2 1 1 3 1 2 1 2 2 2 1 3 1 4 2 1 1 1 2 2 3 1 2 3 1 1 4 1 2 1 2 2 3 1 1 3 2 3 3 1 2 3 2 1 1 2 2 1 1 2 1 3 3 2 1 1 2 2 2 1 1 2 1 3 1 1 1 3 2 2 1 3 1 2 2 2 1 1 3 3 2 4 2 2 2 1 1 2 4 1 3 1 2 3 2 1 2 1 1 2 1 1 1 2 2 2 1 1 3 2 2 1 1 2 2 1 1 1 1 1 1 1 3 2 3 3 3 1 1 2 1 2 2 1 2 1 1 1 3 2 2 2 1 3 2 2 1 2 2 1 3 4 1 2 1 1 2 2 2 1 2 3 3 1 4 2 1 2 1 4 2 1 1 5 1 1 1 1 4 1 1 2 4 1 2 2 2 1 1 2 1 2 2 1 1 1 2 1 1 2 1 2 1 3 2 1 3 1 2 2 1 2 2 2 2 1 1 1 1 2 1 2 2 1 2 2 1 2 1 2 1 3 1 2 4 2 3 3 2 1 1 1 1 2 2 2 2 1 1 1 2 4 1 1 1 3 1 2 1 2 1 1 1 1 2 1 1 2 1 2 2 2 2 1 2 1 1 1 2 2 3 2 1 2 2 2 1 1 1 1 1 2 3 1 3 1 3 1 1 1 2 1 3 1 1 2 1 1 2 1 1 1 2 1 2 1 1 1 1 2 2 1 1 1 1 3 1 1 2 1 2 2 3 2 1 1 3 2 3 1 3 2 1 1 3 1 1 2 1 1 1 1 1 3 2 3 1 4 2 1 1 3 1 2 1 1 1 3 1 1 1 1 1 2 1 1 1 1 3 3 2 1 2 1 1 2 2 1 1 1 1 3 5 1 2 2 1 1 1 2 1 2 2 3 3 3 1 1 2 1 1 2 1 1 2 1 2 1 2 2 1 1 1 1 1 1 3 1 1 2 2 2 1 1 4 1 1 2 2 2 2 1 1 2 2 2 1 1 2 2 3 1 1 3 2 2 2 2 1 2 1 1 1 1 2 2 1 1 1 1 1 1 3 1 1 2 1 1 1 2 1 1 1 2 1 1 2 3 5 1 1 1 3 2 3 3 1 1 2 1 1 2 2 2 3 1 1 1 1 2 2 3 2 1 1 2 1 1 1 2 2 2 1 2 1 1 1 1 5 1 1 1 2 3 1 2 2 1 1 1 2 2 2 1 2 1 2 1 1 2 1 3 1 2 2 1 2 2 3 3 1 3 2 1 1 1 1 1 3 1 1 1 2 2 2 1 1 2 1 1 2 2 1 3 2 2 1 1 2 1 1 1 1 1 1 3 1 2 1 2 3 1 2 1 1 2 1 2 1 1 1 3 1 1 2 2 1 2 1 2 3 2 2 1 1 2 2 2 2 1 1 4 1 2 2 1 1 2 2 1 1 1 1 1 2 1 2 1 1 1 2 4 2 1 2 2 2 2 2 2 1 1 1 1 1 2 1 1 2 3 1 2 1 1 1 1 2 3 3 1 2 2 1 1 1 1 3 1 3 4 3 2 1 2 1 1 3 1 2 1 1 1 2 1 1 2 2 4 4 2 4 2 2 1 1 3 1 2 1 3 1 1 1 1 1 1 2 1 1 2 1 1 1 2 1 3 1 1 1 1 1 2 2 1 1 1 2 3 3 2 3 2 1 2 2 2 1 2 3 1 2 1 1 1 3 1 1 2 1 1 1 2 1 2 2 1 1 2 3 2 4 2 2 2 2 1 1 1 3 1 1 1 1 1 2 1 2 2 1 1 1 1 2 2 2 1 1 2 2 4 2 1 2 1 1 1 1 2 1 1 1 1 1 2 2 2 1 3 3 3 2 1 1 2 2 2 2 2 1 1 2 1 2 1 3 1 2 3 1 1 1 2 3 2 1 1 1 1 1 2 1 2 1 2 2 3 1 2 2 1 1 1 2 2 4 1 1 3 2 2 2 2 1 2 3 2 1 2 3 1 3 1 3 2 2 3 3 1 2 2 4 1 3 1 1 1 1 4 2 1 2 1 1 2 1 2 3 2 3 2 1 1 1 1 1 2 2 1 1 3 1 1 3 2 1 2 3 1 
  #Test Small 9376
  #Test Medium 18827
  #Test Large 31542
