Board size [mm] 350x50

Stats side 1
  #Components with background 6
  #Components with points 83
  #Components nofly 3
  #Components notouch 1
  #Pins 28927
  #GNDs 738
  #VDDs 670
  #Clock 2
  #NoFly points 488
  #NoTouch points 122
  #Points [total] 30947

Stats side 2
  #Components with background 16
  #Components with points 93
  #Components nofly 0
  #Components notouch 1
  #Pins 20714
  #GNDs 450
  #VDDs 260
  #Clock 4
  #NoFly points 0
  #NoTouch points 122
  #Points [total] 21550

Stats board (side 1 + side 2)
  #Components with background 22
  #Components with points 176
  #Components nofly 3
  #Components notouch 2
  #Pins 49641
  #GNDs 1188
  #VDDs 930
  #Clock 6
  #NoFly points 488
  #NoTouch points 244
  #Points [total] 52497
  #Nets 48233
    Net Size: 1188 930 6 1 1 2 2 1 2 1 1 2 1 1 2 2 1 2 1 1 1 2 2 1 1 3 2 1 3 2 2 2 1 2 1 1 2 1 1 3 2 1 3 3 1 1 1 4 3 1 2 2 1 3 1 1 1 2 1 3 4 1 1 1 1 3 3 2 2 1 1 1 2 2 1 2 3 1 1 1 2 2 2 1 1 3 1 1 1 1 1 1 2 2 2 1 1 2 1 2 1 1 3 1 4 1 1 2 2 1 2 1 1 1 3 3 1 2 2 2 2 2 2 1 2 2 1 1 2 2 1 2 2 1 1 2 1 1 2 1 1 3 3 1 1 1 2 1 1 1 1 1 1 3 3 1 3 2 3 3 2 2 1 3 2 1 1 2 2 2 2 1 2 1 1 5 1 3 1 2 1 2 1 2 1 1 1 1 5 1 3 2 1 1 1 1 2 1 2 1 2 1 1 3 1 1 1 2 1 2 2 2 1 1 1 1 1 2 1 1 2 2 1 1 2 1 1 1 1 3 2 3 2 2 1 1 3 2 2 2 1 1 1 1 1 2 1 2 1 1 1 1 1 1 1 1 2 2 2 2 2 1 2 2 3 2 4 1 2 3 2 1 2 3 1 1 2 4 1 3 1 2 4 1 4 1 1 2 1 1 3 2 2 1 1 3 1 1 3 2 2 1 1 1 2 3 1 2 2 1 1 2 2 1 2 2 3 2 3 3 2 2 4 2 2 2 1 4 1 1 4 1 1 1 4 2 2 1 1 5 2 2 1 1 1 3 2 1 3 1 3 4 3 1 2 1 1 1 2 1 2 4 1 3 1 1 2 1 1 1 2 3 1 1 2 1 2 1 2 1 3 3 1 2 3 2 1 1 2 2 2 1 2 4 1 1 3 1 1 2 1 3 3 2 1 3 2 1 3 1 1 2 4 4 1 1 2 1 1 3 2 3 3 3 2 2 1 1 2 1 1 4 1 3 1 1 2 2 2 3 1 5 3 4 2 2 2 1 2 1 2 4 3 2 1 2 1 1 2 1 3 2 3 1 1 1 1 2 3 3 1 1 1 2 1 1 1 2 1 1 2 2 1 2 1 1 1 1 1 1 3 1 3 1 1 1 3 3 3 3 2 1 1 3 5 1 4 1 3 1 1 1 3 2 2 3 1 1 2 2 1 2 1 1 1 4 3 3 1 3 1 3 2 1 1 1 1 3 1 2 1 2 1 2 2 1 1 1 3 4 1 1 2 2 2 3 2 2 1 1 1 1 4 4 1 3 2 2 2 1 2 2 1 1 1 1 1 3 3 3 3 1 1 2 3 3 1 2 1 1 3 1 6 1 1 1 2 1 3 2 2 2 2 2 1 2 1 3 3 1 2 1 2 1 2 1 1 2 2 2 2 1 2 1 2 1 1 1 4 3 2 1 1 2 3 2 4 2 2 2 2 1 3 1 1 3 1 1 2 1 1 2 1 1 1 1 2 2 1 2 1 2 3 1 3 1 1 1 1 3 1 1 1 1 2 2 3 1 3 1 2 1 4 1 1 1 1 2 1 2 3 3 3 3 4 1 2 3 2 1 1 1 2 1 2 1 1 1 1 1 2 1 3 4 2 4 1 2 1 1 4 2 2 1 1 2 1 1 1 2 2 1 1 2 3 1 1 2 1 2 3 1 1 1 1 2 1 4 1 3 2 2 2 1 2 3 1 2 7 1 1 1 1 1 1 2 1 2 3 3 1 2 2 1 3 2 1 3 4 1 3 1 1 1 1 2 2 1 1 2 3 1 2 1 1 3 2 2 2 2 1 1 2 2 3 1 1 4 1 4 2 3 4 2 2 3 2 1 1 2 1 2 2 2 1 2 4 3 1 2 1 2 1 2 1 1 2 1 1 2 2 3 1 2 2 1 1 1 2 2 3 1 2 3 1 2 2 1 5 2 3 1 1 2 1 1 1 2 2 5 2 1 1 4 2 1 1 4 3 2 1 3 1 1 1 4 1 4 1 2 1 3 2 3 2 3 2 2 1 4 2 2 1 1 1 2 1 1 1 1 1 1 3 4 4 2 1 1 2 3 1 2 1 2 3 1 1 1 1 1 2 4 1 2 2 2 2 3 1 1 1 1 1 3 3 2 1 2 2 1 1 1 1 1 1 2 3 2 1 3 1 1 1 1 2 2 1 1 2 1 1 1 2 2 1 2 1 5 2 2 1 2 1 1 3 2 1 4 1 1 1 2 2 4 2 1 1 4 3 1 3 1 1 1 2 1 3 1 4 1 1 3 2 2 2 1 1 3 1 2 1 3 2 1 2 3 4 3 1 1 2 1 1 3 1 2 2 1 4 1 1 1 2 2 1 2 2 1 2 3 2 1 2 2 1 1 2 1 1 1 1 4 1 1 1 3 1 2 1 2 2 1 1 1 1 1 3 1 2 2 1 3 3 1 1 3 1 1 2 1 1 1 2 2 1 1 3 1 2 3 1 2 1 1 1 2 1 1 1 1 2 1 3 3 2 2 3 1 2 1 1 1 1 1 2 2 2 4 3 3 1 1 2 3 1 1 1 1 1 1 1 1 3 3 1 1 1 1 2 1 1 2 2 1 2 1 2 2 3 1 3 3 4 1 4 1 1 1 1 1 1 1 3 3 1 1 1 2 2 1 1 2 3 1 1 1 2 1 2 3 2 3 1 2 1 2 1 1 4 1 3 1 3 3 1 2 3 1 1 2 2 1 1 3 3 2 5 1 1 1 1 2 1 1 4 2 2 2 3 1 1 1 1 2 3 2 2 2 1 1 2 2 1 2 2 2 3 1 2 2 2 2 1 1 3 1 3 1 1 1 1 3 1 3 1 2 1 1 1 1 1 2 2 2 2 4 2 1 1 1 2 1 1 2 4 3 1 3 1 2 1 1 1 1 3 5 1 1 3 1 2 1 1 1 1 1 1 1 2 1 3 1 1 2 1 4 3 2 1 2 1 2 1 3 2 1 2 2 1 1 1 1 1 2 2 5 1 4 2 2 3 2 1 1 1 4 1 3 1 1 3 1 4 1 1 3 1 1 1 2 3 2 3 1 3 1 2 1 2 4 1 1 1 1 1 1 1 3 2 1 2 1 2 1 2 3 4 1 1 1 1 2 1 2 3 1 1 1 1 1 2 2 1 1 2 2 1 2 4 3 2 1 2 1 1 1 2 2 1 1 3 2 1 1 2 1 1 3 1 2 3 2 1 1 2 2 2 1 2 1 1 1 3 1 2 3 1 1 2 2 1 4 1 1 2 1 5 3 2 1 1 1 1 2 2 1 1 2 1 1 2 3 3 1 2 2 1 2 1 1 1 3 2 1 1 1 2 2 1 2 1 3 1 1 1 1 1 1 2 1 2 2 3 2 1 1 2 3 1 1 1 2 3 1 2 2 3 1 1 1 4 1 1 1 1 1 3 1 1 3 1 1 1 2 1 1 4 2 4 3 2 2 2 1 3 2 4 2 1 2 3 4 1 3 1 1 2 1 2 1 2 1 1 2 1 1 2 1 2 1 2 2 2 3 1 2 2 1 3 2 1 2 2 2 2 1 1 1 2 1 3 1 1 1 1 2 1 2 2 3 1 1 1 5 1 2 1 1 3 2 5 1 3 1 1 1 2 1 3 2 3 1 3 1 1 1 3 1 6 2 1 5 1 1 1 1 1 3 2 1 1 2 1 3 2 1 1 1 2 2 1 1 1 2 1 2 1 2 1 3 1 2 3 1 2 1 3 2 2 3 3 4 1 2 2 1 1 2 2 1 1 1 1 4 1 1 2 1 1 1 1 1 2 1 1 2 2 1 1 3 3 1 1 3 2 1 1 3 2 1 1 1 1 1 1 2 2 2 1 4 1 4 1 1 1 2 2 2 3 2 3 2 2 2 3 1 3 2 5 1 1 3 1 2 1 3 1 1 3 3 2 1 4 1 2 1 2 4 1 1 3 4 1 1 2 5 2 1 4 1 2 2 3 1 3 2 1 1 1 2 2 1 2 1 2 1 2 2 1 3 1 1 1 1 1 3 1 2 4 1 2 1 1 2 2 2 1 1 1 2 2 1 2 3 3 1 2 1 3 2 1 2 1 1 3 1 1 2 3 1 1 2 2 2 2 2 1 1 1 1 2 1 4 1 1 1 2 2 3 2 1 4 1 1 1 1 1 1 2 1 2 3 2 2 1 4 2 4 1 2 2 1 1 1 1 1 1 3 1 1 4 1 2 2 2 2 2 1 2 1 1 1 1 1 1 3 1 1 1 2 2 1 2 1 4 1 3 1 1 2 1 1 3 2 2 1 1 1 2 1 1 2 1 1 1 1 2 1 1 1 1 2 2 1 1 2 2 3 1 2 4 3 1 1 1 2 2 2 2 2 1 1 1 2 1 2 1 1 1 1 3 1 2 2 2 1 5 1 1 2 1 2 2 4 3 1 2 1 2 2 1 1 2 4 1 2 1 1 3 2 1 1 1 2 1 1 1 1 2 1 3 1 1 2 1 3 4 2 1 2 1 3 1 2 1 1 2 1 3 2 3 1 2 2 1 2 2 2 1 2 2 3 2 1 1 2 2 1 1 3 1 1 1 1 1 3 2 1 1 2 1 1 4 2 1 1 1 2 2 1 1 1 3 1 1 1 1 3 1 2 1 1 2 1 2 2 3 1 5 2 1 3 1 2 1 2 1 1 3 1 1 1 2 2 2 1 2 2 1 2 1 2 2 1 1 1 1 1 2 1 3 1 1 1 1 2 1 2 1 1 1 1 1 1 1 3 1 1 3 1 1 2 2 3 4 2 5 1 2 2 1 1 2 5 2 1 1 1 4 1 3 2 2 1 2 1 3 1 2 5 1 1 3 2 1 1 3 1 1 2 2 1 1 1 1 1 2 2 1 2 1 1 2 1 2 1 2 1 2 1 5 3 1 1 1 1 2 1 1 1 1 3 3 1 1 2 1 3 1 2 1 2 1 1 2 1 2 5 1 1 4 1 2 1 1 1 2 1 1 1 1 2 2 1 2 1 5 2 1 2 3 2 1 3 1 1 2 1 2 4 3 1 1 1 2 1 2 2 2 1 3 1 3 1 1 1 1 1 2 1 2 3 2 1 1 1 4 1 1 1 2 1 2 2 2 2 4 1 1 1 2 5 4 3 1 1 1 2 3 3 1 1 1 2 2 2 2 2 1 3 2 1 5 3 1 2 5 1 1 1 1 1 2 1 1 1 1 5 1 1 1 1 1 2 1 1 1 2 1 1 1 1 1 2 1 1 1 1 1 1 1 1 2 1 1 2 2 1 1 2 2 1 5 1 1 1 1 5 1 2 1 1 1 1 1 3 1 1 1 1 2 2 2 2 3 4 3 2 2 1 1 2 2 3 2 1 1 2 4 4 4 2 2 1 2 2 2 3 3 2 5 1 4 3 1 2 1 1 2 1 2 2 2 3 2 1 1 3 3 1 2 2 1 3 1 1 2 1 4 3 1 4 2 4 1 2 1 3 3 1 3 1 1 3 2 2 1 1 1 1 2 4 1 3 1 4 3 1 2 4 3 1 1 1 1 1 1 2 4 1 2 2 1 2 1 1 1 3 1 1 1 2 1 3 4 1 3 1 1 1 2 2 2 1 1 5 1 1 2 2 2 1 2 1 1 5 3 3 1 2 2 1 4 1 1 1 2 1 2 1 2 2 4 1 2 1 1 1 2 4 2 1 3 1 1 1 3 1 1 2 1 2 2 3 1 1 2 3 1 2 1 1 2 2 3 1 5 1 1 3 1 1 1 2 3 1 2 1 4 2 1 1 2 1 1 2 2 3 1 2 4 2 3 1 1 2 1 1 2 1 1 2 1 2 4 3 2 2 1 1 3 2 2 2 2 1 3 1 2 2 2 2 2 2 2 1 1 1 1 1 3 2 3 1 1 1 2 2 3 1 2 1 1 2 1 1 6 1 1 3 1 1 1 3 1 2 4 2 1 2 2 4 2 1 1 1 1 1 1 1 1 4 1 2 1 1 1 1 2 3 1 1 1 1 2 2 2 2 1 3 3 2 2 2 2 2 1 1 4 2 1 4 2 3 2 1 2 1 3 1 2 1 1 2 2 3 1 1 1 2 1 1 2 3 4 4 1 1 3 3 2 2 1 2 1 3 1 1 2 2 1 2 3 1 2 2 3 2 3 3 2 3 1 4 2 1 2 4 3 1 2 1 1 1 1 2 1 1 1 3 1 1 2 1 1 1 1 1 2 2 2 3 1 1 3 3 1 3 2 
  #Test Small 3380
  #Test Medium 7681
  #Test Large 12451
