Board size [mm] 200x400

Stats side 1
  #Components with background 46
  #Components with points 371
  #Components nofly 6
  #Components notouch 6
  #Pins 110756
  #GNDs 3735
  #VDDs 3095
  #Clock 31
  #NoFly points 940
  #NoTouch points 1048
  #Points [total] 119605

Stats side 2
  #Components with background 54
  #Components with points 343
  #Components nofly 0
  #Components notouch 0
  #Pins 87512
  #GNDs 3408
  #VDDs 2826
  #Clock 24
  #NoFly points 0
  #NoTouch points 0
  #Points [total] 93770

Stats board (side 1 + side 2)
  #Components with background 100
  #Components with points 714
  #Components nofly 6
  #Components notouch 6
  #Pins 198268
  #GNDs 7143
  #VDDs 5921
  #Clock 55
  #NoFly points 940
  #NoTouch points 1048
  #Points [total] 213375
  #Nets 191615
    Net Size: 7143 5921 55 1 2 3 3 1 1 2 1 1 2 1 1 1 4 2 2 2 2 2 1 1 3 3 1 1 1 2 1 1 1 1 3 2 1 1 1 1 1 4 1 2 1 2 1 3 4 1 2 2 1 1 2 2 3 2 1 2 1 2 1 5 3 1 4 1 2 1 1 5 3 2 1 1 1 2 1 1 2 1 4 1 1 2 2 3 4 3 3 2 3 1 4 2 1 2 2 2 3 3 2 1 2 1 2 1 2 1 3 1 3 1 2 1 2 1 1 1 2 1 1 2 2 3 2 1 1 1 3 2 1 1 1 1 1 2 2 1 1 2 1 2 2 2 1 2 4 2 2 1 4 1 2 1 1 2 2 1 1 1 1 1 2 2 3 1 2 2 2 3 2 2 1 1 1 1 1 3 2 1 1 1 3 1 1 2 1 2 2 3 1 2 1 4 2 2 3 1 1 1 3 2 2 2 2 1 1 2 1 1 2 3 2 1 3 2 3 1 1 2 2 2 2 1 1 2 3 1 2 4 1 2 1 2 1 3 4 2 2 4 1 8 2 2 1 2 1 2 2 1 1 2 1 1 2 3 1 1 2 2 1 1 1 1 1 2 3 2 1 1 1 1 1 1 1 1 1 2 1 1 1 1 1 1 4 2 4 2 1 4 1 1 1 1 2 2 1 2 2 1 3 2 1 2 1 1 1 4 2 2 3 4 1 1 3 1 2 1 1 1 1 1 2 4 1 3 1 2 3 1 1 3 1 1 1 3 1 2 1 1 1 1 1 2 1 1 2 2 2 1 3 3 1 1 2 3 1 1 2 1 2 1 1 1 2 1 1 1 1 1 3 1 2 1 1 2 2 1 1 1 1 1 4 1 1 2 3 1 2 3 2 1 1 2 1 3 1 1 1 1 2 2 2 4 4 2 1 3 2 2 2 3 1 1 1 1 5 2 1 3 1 1 3 2 1 1 1 1 2 1 1 2 1 3 1 2 1 1 1 1 2 3 1 1 1 1 1 2 1 1 1 4 3 2 2 1 1 2 4 1 1 4 1 2 2 2 4 2 1 1 2 2 3 1 3 1 3 3 1 1 1 1 2 2 1 2 4 3 1 2 1 5 1 1 3 1 1 3 1 1 1 1 2 3 2 2 1 3 1 1 1 2 2 1 4 3 2 2 2 1 2 1 3 1 1 1 2 1 1 1 1 1 2 2 1 1 1 2 2 3 3 3 2 1 1 2 3 5 4 3 2 1 1 2 1 2 1 1 1 2 4 3 2 1 1 2 1 1 1 1 1 2 1 1 5 1 1 1 3 2 1 1 2 3 4 2 1 1 2 1 2 2 2 3 1 2 1 1 1 2 3 1 1 1 1 1 1 1 1 2 1 1 1 2 2 1 1 1 2 1 2 1 1 1 2 1 1 4 2 2 2 2 2 3 2 4 1 2 2 1 1 2 1 1 1 1 4 3 1 1 1 4 1 3 2 1 2 3 1 1 2 1 2 4 2 2 1 1 1 2 1 3 1 1 1 1 2 6 2 4 1 1 1 1 5 5 1 1 2 2 1 2 1 3 2 1 1 1 1 3 1 2 4 2 1 1 3 1 1 1 1 1 1 1 2 1 2 1 1 2 1 1 2 1 1 1 2 2 1 1 1 4 1 2 2 2 3 1 2 2 1 1 1 1 3 2 2 2 1 1 1 2 2 2 1 2 1 1 2 2 3 3 1 1 1 1 1 2 1 2 1 3 1 2 2 1 2 2 1 4 1 3 1 1 1 3 1 3 1 1 1 1 1 2 2 4 3 1 2 2 1 1 3 1 1 1 2 1 2 1 4 1 1 1 1 1 1 1 4 1 1 1 1 3 3 2 1 2 3 3 2 3 1 1 2 2 3 2 2 1 2 2 1 3 1 2 3 1 1 2 1 2 3 2 3 2 2 1 2 1 2 4 2 1 1 1 3 1 1 1 2 3 1 1 2 1 1 2 2 3 3 2 3 1 1 4 1 1 1 1 1 1 1 2 1 5 3 3 1 1 2 1 1 4 1 1 2 1 1 1 1 1 1 2 2 1 1 1 2 2 2 1 3 1 2 3 1 1 1 2 3 2 2 3 2 5 1 1 3 1 4 5 2 1 2 1 3 1 1 1 2 2 1 2 3 2 1 2 1 2 2 1 1 2 1 3 1 2 1 3 1 1 1 1 1 2 2 2 3 2 1 3 2 1 2 1 1 1 3 1 1 1 1 4 2 1 3 1 3 1 2 1 2 1 2 2 2 1 2 3 1 1 1 1 1 1 3 1 2 3 3 3 2 2 2 3 2 2 3 2 1 1 4 1 2 4 1 1 1 1 2 1 2 4 2 1 2 1 4 1 1 1 2 1 3 1 2 2 2 1 2 2 3 5 3 2 1 1 2 1 1 1 2 1 1 1 3 2 2 1 1 1 1 3 1 2 1 3 2 1 3 2 1 2 1 2 1 2 1 1 5 3 1 2 2 1 1 2 1 2 1 1 1 1 3 2 1 2 3 2 2 2 1 2 2 1 2 1 1 2 2 3 1 1 1 1 2 1 2 1 3 1 1 4 3 1 2 1 1 2 1 2 2 1 2 2 4 2 1 2 2 2 2 2 3 2 1 1 3 3 2 2 2 5 3 5 2 2 1 2 1 2 4 1 4 3 5 3 1 2 1 1 1 3 1 1 1 2 1 1 1 3 2 2 1 4 4 1 2 1 2 1 3 1 1 1 3 1 2 1 1 2 1 2 1 2 1 1 3 3 1 2 3 1 1 3 3 1 2 2 2 1 1 1 1 1 1 1 1 4 2 1 3 2 3 2 1 1 2 1 1 2 1 2 2 4 1 1 5 4 1 4 1 2 1 1 5 3 1 3 1 1 2 4 2 6 2 1 2 1 1 2 1 2 3 2 1 1 2 1 1 3 2 3 1 2 1 1 1 1 3 3 3 1 1 1 4 3 1 1 3 3 2 2 1 6 1 2 1 1 1 3 1 1 2 1 1 1 1 1 2 1 1 1 2 2 2 1 1 4 3 1 3 2 2 2 2 4 1 2 2 1 3 2 4 2 4 2 1 3 2 2 1 1 2 2 2 2 2 1 4 2 3 3 1 2 1 3 4 5 2 1 1 2 2 1 1 3 3 3 2 2 2 1 2 2 1 1 2 3 2 2 1 1 2 1 2 1 1 4 1 1 2 1 1 3 1 1 2 4 1 1 2 2 2 1 1 1 3 2 3 1 2 1 1 1 2 1 1 3 1 1 1 1 2 1 2 2 3 1 4 1 2 3 2 2 1 1 1 2 1 3 2 1 4 1 2 2 1 1 4 1 2 1 1 3 1 1 3 1 1 4 1 2 3 1 3 1 3 3 1 1 1 1 2 3 3 3 1 2 1 1 2 2 2 6 2 1 1 3 1 2 3 1 3 3 1 3 1 3 1 3 1 1 1 2 1 2 2 1 1 1 2 1 3 2 1 2 4 2 5 1 3 1 1 2 1 1 3 1 1 3 1 1 2 2 3 2 1 1 2 3 1 1 2 3 1 1 1 1 1 2 3 4 2 1 2 6 3 1 2 4 1 1 1 1 1 1 1 1 3 3 1 4 1 3 2 1 1 1 1 1 1 1 1 2 1 3 2 1 1 2 1 1 2 2 3 2 1 2 2 1 1 1 3 4 2 1 3 4 2 1 1 2 1 1 3 1 2 5 3 2 1 3 4 4 1 2 1 2 1 1 1 1 1 1 1 4 1 1 1 2 1 4 1 3 2 1 2 3 2 3 2 1 1 2 1 1 4 1 1 1 3 1 3 2 3 2 4 1 1 1 1 3 2 2 1 2 2 1 1 2 1 5 1 1 1 2 4 1 2 1 1 1 2 3 2 3 3 1 1 2 1 3 1 3 1 1 6 1 1 1 3 1 1 3 1 2 1 2 1 1 1 3 1 1 1 1 4 3 1 3 1 1 5 1 1 5 1 1 4 2 1 2 1 1 2 1 3 1 1 2 1 1 3 1 1 2 4 2 1 1 2 2 3 3 3 2 1 1 3 1 2 1 3 1 1 1 2 1 2 2 1 1 2 3 1 1 1 3 3 1 1 2 1 3 1 5 1 1 1 1 1 2 1 3 1 2 1 2 1 1 1 2 4 2 2 1 1 4 3 1 1 1 1 1 1 3 1 3 2 2 3 2 2 1 1 3 1 2 1 2 2 2 1 1 2 2 2 3 1 1 1 2 2 1 1 3 1 4 1 2 1 4 1 2 2 1 1 5 2 5 3 1 2 1 1 2 1 1 1 1 2 2 2 4 3 5 3 1 1 1 1 2 3 1 2 1 1 2 1 2 1 1 1 1 2 1 1 1 2 1 2 2 1 2 1 2 2 1 2 2 3 1 1 4 2 2 1 2 4 1 3 4 2 3 3 2 4 1 1 2 2 1 2 1 1 1 2 1 3 1 2 1 1 2 3 3 2 1 2 1 1 3 3 3 2 1 2 3 2 3 2 1 3 2 2 1 2 4 1 2 2 1 2 3 1 4 1 1 2 3 3 1 1 2 2 2 2 3 1 2 3 1 2 1 1 4 1 2 4 2 2 1 1 1 3 2 2 1 1 2 2 2 2 3 2 2 2 3 2 1 2 2 2 2 1 3 1 1 2 2 2 1 2 4 2 1 3 2 2 3 1 2 1 2 2 1 2 1 1 3 1 1 3 1 1 1 1 3 2 2 2 1 1 1 2 2 1 2 1 2 1 2 3 1 1 6 1 2 2 1 1 1 1 1 1 1 4 1 1 4 2 1 3 1 2 1 2 1 1 2 2 3 3 1 1 3 3 1 3 4 3 3 1 1 1 2 3 5 1 1 2 3 2 1 1 2 1 1 2 2 2 2 3 1 1 4 1 1 3 1 1 1 1 2 4 1 3 3 1 1 3 2 3 2 3 2 1 1 2 3 2 2 1 2 2 3 3 2 2 1 3 1 2 2 1 3 1 2 1 2 3 2 3 1 1 1 2 1 1 2 1 2 1 1 2 1 2 1 5 1 4 2 3 1 2 2 1 1 2 1 3 1 4 1 2 3 2 3 1 3 2 1 1 1 1 1 1 1 2 2 1 3 2 1 2 2 2 2 1 1 1 1 3 2 2 2 1 1 2 1 2 2 3 2 2 2 4 2 1 1 1 1 1 1 1 1 2 4 3 1 3 2 2 1 1 1 2 1 2 1 1 3 1 1 1 2 4 1 1 2 2 1 5 2 1 1 5 3 3 4 3 1 5 2 2 1 1 1 1 1 2 2 2 2 6 3 3 4 2 1 1 1 3 1 1 3 1 4 1 2 3 1 3 1 2 2 3 1 3 2 1 1 4 2 2 1 3 4 1 3 1 1 4 1 1 3 2 2 2 3 1 1 2 1 3 1 3 1 1 1 1 1 3 1 1 2 4 1 1 1 2 3 3 2 4 1 3 1 3 2 1 2 1 3 1 2 2 3 1 1 1 3 3 2 1 1 2 1 3 4 4 2 2 2 1 2 6 1 1 1 2 2 1 3 2 1 4 2 2 1 1 1 1 2 1 1 2 2 2 3 2 1 2 2 1 1 2 2 1 2 1 1 1 4 2 2 2 2 3 1 1 1 1 5 1 1 3 1 1 1 1 1 1 2 1 1 4 1 3 1 1 2 2 2 2 1 1 3 1 2 2 1 3 1 2 2 2 1 1 3 1 1 2 1 1 3 1 2 3 2 1 2 3 1 1 1 3 3 3 4 3 3 3 3 2 2 1 1 4 3 2 5 2 1 4 5 5 2 1 1 2 2 2 2 4 2 1 2 1 1 2 2 3 2 1 1 1 1 2 2 2 2 1 4 1 1 1 1 1 2 2 2 1 1 2 2 1 1 1 1 1 4 2 1 3 1 2 1 1 1 1 1 1 3 1 1 2 1 1 2 4 2 1 1 2 1 1 1 2 2 3 2 1 1 3 1 1 2 2 2 2 1 3 2 1 1 5 1 1 1 4 1 2 2 2 1 3 2 2 3 1 4 3 2 3 4 2 2 1 3 2 1 1 2 1 1 1 1 3 3 1 1 1 1 2 4 2 1 2 3 1 2 1 1 1 1 1 1 1 2 1 1 1 2 4 1 4 2 1 2 2 3 1 3 2 2 1 3 1 1 1 3 1 4 1 2 1 3 1 1 1 2 4 1 2 2 5 2 1 3 1 2 1 1 1 1 3 1 5 1 3 2 3 1 5 1 1 2 1 1 2 1 1 3 3 1 1 1 1 1 1 1 1 3 1 1 1 2 1 1 1 2 2 1 1 2 1 3 3 3 1 2 1 3 1 2 3 1 2 2 2 2 3 2 3 7 2 1 2 1 1 1 1 2 2 2 1 3 2 5 1 1 1 2 2 3 3 1 1 2 2 1 1 2 3 1 1 4 2 5 1 1 1 2 2 2 3 2 2 1 1 2 2 2 1 4 1 2 1 2 1 1 1 1 2 1 4 2 1 1 1 1 1 3 2 1 2 1 1 3 1 1 1 1 1 1 2 1 2 2 1 2 1 1 4 1 1 3 2 1 4 2 1 1 2 2 1 2 2 1 1 2 2 2 1 1 2 1 2 2 1 1 3 1 1 2 3 2 3 1 1 1 2 1 2 1 2 1 1 2 2 4 1 1 1 1 1 2 1 1 1 3 1 3 1 2 1 1 1 1 1 2 1 1 1 1 1 1 2 2 2 1 2 1 2 1 1 1 2 2 1 3 1 1 1 1 3 1 2 1 2 2 1 1 1 1 1 1 3 1 1 1 2 1 1 1 1 1 2 2 1 2 1 2 1 1 1 2 1 3 1 3 1 1 3 1 1 1 1 1 2 2 1 1 2 2 4 1 1 2 1 2 2 3 4 2 1 2 2 1 2 2 2 3 3 2 3 1 1 1 2 3 1 1 2 1 1 2 1 1 1 1 1 1 1 3 3 1 2 1 1 2 1 2 2 3 3 2 1 1 4 2 2 1 1 2 1 1 1 2 3 2 2 2 3 3 1 2 2 3 2 2 1 2 2 2 2 5 2 2 2 2 1 2 1 4 2 3 1 1 1 1 2 1 1 2 1 1 1 1 1 1 1 1 2 1 4 2 2 1 2 3 3 1 1 3 1 2 1 2 1 1 2 3 1 1 1 4 1 2 1 2 3 2 1 1 2 1 1 3 2 1 1 3 1 1 2 2 1 3 1 1 2 1 2 3 1 4 1 2 1 1 2 1 2 3 2 2 2 1 3 1 4 1 2 1 1 1 1 1 2 2 4 2 1 1 1 1 1 2 2 2 1 2 1 4 1 3 1 4 1 1 1 2 1 3 2 2 3 1 1 4 1 1 1 2 2 2 1 1 1 2 1 1 1 3 5 1 1 1 1 2 2 2 1 3 2 1 1 2 1 1 1 2 2 2 1 1 1 1 2 3 2 2 2 2 1 1 4 1 2 1 1 1 1 1 1 1 2 1 1 2 5 1 1 2 1 2 3 2 2 1 2 3 2 1 1 3 2 1 2 1 1 3 1 1 4 1 1 1 2 2 1 2 2 1 2 2 1 3 1 1 5 1 1 1 2 3 1 1 2 2 1 1 2 1 2 2 4 1 2 1 1 1 2 3 1 2 1 4 3 1 2 1 2 3 2 1 2 2 2 1 3 2 2 3 1 1 1 4 2 1 3 2 2 1 1 1 1 1 3 1 3 1 1 1 2 4 2 1 1 1 3 1 2 3 3 2 3 3 1 3 2 1 4 1 3 2 1 1 1 1 4 1 1 2 1 1 1 2 1 1 1 3 1 2 1 1 1 2 2 2 2 3 1 3 3 1 2 1 1 1 2 2 1 1 3 2 1 1 3 1 1 2 3 1 1 1 3 1 1 2 4 2 3 1 1 2 2 1 1 2 2 2 2 2 1 2 1 2 2 2 4 1 3 1 2 1 2 1 1 1 3 2 3 2 1 2 1 2 5 2 1 1 2 1 2 1 3 1 1 1 1 3 1 1 1 1 2 2 2 1 4 1 2 1 2 3 3 4 4 1 1 2 1 3 1 4 2 2 1 1 1 1 1 1 2 1 3 2 5 5 3 1 1 1 1 2 1 2 1 2 2 1 1 1 1 1 2 2 1 1 2 2 1 1 1 1 2 2 4 3 1 3 1 1 2 2 1 1 1 3 1 1 1 2 2 3 1 1 3 1 1 2 3 1 1 3 2 2 1 2 1 3 1 1 1 1 1 1 2 1 1 1 1 1 1 1 3 2 1 1 1 1 2 1 2 1 1 3 2 2 1 2 3 1 2 3 3 2 2 2 4 2 1 2 2 2 2 3 2 2 1 1 2 4 1 1 1 2 1 1 2 2 1 1 1 4 1 2 2 3 1 1 2 1 2 1 1 3 1 2 3 1 1 2 1 2 1 2 2 2 4 1 1 3 2 2 2 1 1 3 1 2 1 4 1 3 2 2 1 1 1 2 3 2 5 2 1 1 1 2 1 2 1 3 1 1 1 4 1 3 3 2 1 1 1 3 3 3 2 4 1 3 3 1 2 2 1 1 1 3 2 2 1 3 2 1 1 2 1 1 3 2 2 1 1 1 1 1 1 2 2 2 2 2 1 2 3 1 1 3 3 1 1 2 2 1 2 2 2 1 2 2 2 2 1 1 1 1 2 2 3 1 3 1 2 1 2 1 1 2 2 1 2 1 2 2 4 1 1 1 1 1 1 2 3 1 2 1 1 2 3 1 1 3 1 2 1 1 1 2 1 1 1 2 1 2 3 2 2 1 1 1 1 2 1 2 1 3 1 1 2 2 2 2 1 1 1 2 1 1 1 2 1 3 2 3 1 1 1 1 2 1 2 1 1 1 1 2 2 1 1 2 4 1 3 2 1 1 2 1 1 1 1 2 2 2 1 2 1 3 1 1 3 1 5 2 2 1 2 2 2 2 2 2 1 1 1 1 3 2 1 2 2 1 2 1 2 1 2 3 4 1 3 2 1 3 1 2 1 1 1 1 2 1 1 1 1 5 1 3 1 1 1 1 1 2 1 1 1 1 3 1 4 3 1 1 3 2 2 1 3 1 4 2 4 2 2 1 1 5 2 1 1 1 2 1 1 2 1 2 4 1 1 1 2 1 1 1 3 3 2 2 1 2 1 1 3 2 3 2 2 3 2 1 2 1 3 1 2 3 1 1 1 1 3 1 2 1 2 2 2 1 1 1 1 1 1 1 2 2 1 1 2 1 1 1 1 4 3 2 3 2 3 2 1 2 2 1 1 1 2 1 3 1 3 4 1 3 2 1 2 1 2 1 3 1 2 2 2 3 2 1 3 1 1 4 2 1 1 1 3 2 1 3 2 1 1 1 1 1 1 2 1 3 1 2 2 1 3 1 1 2 1 4 1 2 2 1 2 2 2 2 1 2 1 1 2 2 2 1 3 1 1 2 3 1 1 3 1 1 2 2 2 1 1 1 2 1 3 1 2 2 2 2 1 1 1 4 2 1 3 1 1 2 3 2 4 1 1 2 1 1 1 1 2 2 4 3 1 3 1 3 2 1 3 1 1 2 2 1 3 1 1 2 1 1 3 2 4 1 1 2 2 2 1 1 3 3 2 1 3 2 5 3 1 2 2 2 1 1 2 1 1 4 2 1 1 2 1 2 1 2 3 3 1 1 2 1 2 1 2 1 1 2 2 2 1 1 1 1 2 2 1 2 1 2 1 1 1 2 1 1 1 1 1 1 1 2 3 1 1 1 1 3 1 2 1 5 2 1 1 1 1 3 1 1 1 1 1 2 2 1 1 3 3 1 1 1 2 2 3 3 2 4 1 1 2 1 1 3 1 1 1 1 2 1 1 1 2 5 1 2 1 1 1 1 1 2 2 2 1 2 2 2 1 1 1 1 1 1 3 1 2 1 3 4 2 1 1 1 1 1 2 1 1 1 2 1 4 1 2 3 2 1 1 2 3 1 2 3 1 3 2 1 1 5 1 1 2 2 2 4 1 2 3 2 1 1 1 3 1 1 3 2 3 2 5 2 1 1 2 1 2 1 4 1 2 1 2 1 1 3 1 4 1 1 1 2 1 1 2 1 1 4 2 3 3 1 2 2 1 3 2 1 2 1 1 2 2 3 5 2 2 2 1 2 1 1 2 1 3 1 2 2 4 1 2 1 2 1 3 2 1 1 1 3 2 3 1 2 2 1 2 1 2 4 1 3 1 1 1 1 3 1 1 2 1 3 1 2 4 1 1 1 2 2 1 1 2 3 1 1 1 2 1 2 2 1 3 2 1 2 1 1 2 3 1 2 3 1 2 1 1 1 3 5 3 3 3 4 1 2 4 1 4 3 4 1 1 1 1 1 2 1 2 1 1 1 3 2 3 1 3 1 2 3 1 2 1 3 2 1 2 2 2 1 1 1 1 2 1 4 3 1 1 1 2 3 3 2 5 4 1 2 2 1 3 1 2 2 1 2 2 1 1 2 1 1 2 2 3 1 2 2 1 1 3 3 2 2 2 2 2 2 1 1 2 1 2 4 5 1 2 5 2 2 1 3 1 2 2 2 1 1 1 1 1 1 1 2 3 1 3 1 2 3 1 2 1 2 1 1 3 2 1 2 2 2 1 1 2 3 1 1 2 2 2 1 2 2 4 1 1 1 4 2 2 2 1 1 2 1 1 1 1 1 1 1 1 3 1 1 1 1 2 2 1 3 1 2 1 1 3 1 2 2 3 2 1 3 1 1 1 6 1 1 1 3 4 3 1 2 1 3 2 2 1 3 1 3 1 3 3 2 2 3 1 1 3 3 4 1 2 3 1 1 1 1 2 3 1 1 1 2 3 2 2 1 1 1 1 1 1 1 2 1 2 1 2 2 3 3 1 1 2 3 2 3 2 1 1 4 3 1 1 3 1 1 1 1 1 1 2 6 1 3 3 1 1 2 2 3 1 2 3 1 1 3 1 2 4 1 3 3 3 2 1 2 4 2 3 2 1 1 2 2 1 1 3 2 1 1 2 1 3 2 1 3 1 1 1 3 2 1 2 1 1 1 1 1 1 1 2 3 2 2 2 2 2 1 1 1 1 1 1 3 1 3 4 1 3 2 2 1 3 3 1 1 1 3 1 1 2 4 3 1 1 2 1 1 1 1 1 1 2 1 2 1 2 1 2 5 2 3 1 3 2 2 4 1 1 3 1 2 1 1 5 1 1 1 2 2 2 1 2 1 2 4 3 3 1 1 1 3 1 2 2 2 2 1 1 1 1 1 2 1 3 3 1 3 2 1 3 3 1 1 1 1 1 2 1 3 1 2 3 1 1 1 3 5 1 2 2 3 1 3 2 3 3 1 1 1 2 2 2 2 1 1 1 2 2 2 1 1 2 1 1 2 1 2 1 2 2 2 3 1 3 1 2 1 1 1 1 3 3 2 3 1 1 1 2 1 1 1 3 1 3 3 1 2 4 2 1 2 1 2 1 2 1 2 1 4 1 1 1 1 2 2 1 3 3 2 1 4 1 2 1 1 1 3 1 1 2 3 1 1 2 2 3 4 2 2 2 5 1 1 1 2 1 1 1 3 1 1 1 3 2 1 1 1 1 2 1 2 4 1 1 2 2 3 1 1 2 3 1 3 1 1 1 2 2 1 3 2 2 2 1 2 4 1 4 2 1 1 4 1 2 1 1 3 2 1 1 1 2 1 2 2 2 3 3 3 2 2 1 2 1 2 2 1 2 1 3 3 1 3 1 1 2 1 1 2 2 3 2 2 1 3 2 2 1 1 1 1 1 2 1 3 4 1 2 1 2 2 3 1 1 5 2 2 2 1 3 1 1 2 3 2 1 2 1 1 3 1 1 2 3 3 3 1 2 1 2 2 4 1 1 2 2 1 1 1 2 1 1 1 1 3 1 3 3 1 1 1 3 2 1 4 4 1 1 5 3 1 1 2 2 2 1 1 1 1 2 1 2 4 4 2 1 3 5 3 3 1 2 1 2 1 1 4 1 3 2 1 2 1 1 2 1 2 3 1 2 1 2 4 3 1 1 2 1 2 1 1 1 2 1 2 1 2 1 1 1 2 4 2 1 2 2 2 3 3 3 2 5 5 2 1 1 3 1 1 1 1 2 2 3 2 1 1 1 1 1 2 3 1 1 1 3 2 1 3 2 4 7 1 1 3 1 2 1 3 1 3 2 1 1 3 1 2 4 1 1 1 1 2 3 1 1 4 1 1 2 1 2 1 1 1 3 3 2 2 2 2 2 2 3 2 1 1 2 1 1 1 1 1 2 1 1 1 1 3 3 1 1 1 3 1 2 1 1 1 2 1 1 4 2 2 1 1 2 2 2 2 7 1 1 2 4 3 3 2 2 1 1 2 2 2 2 3 1 2 1 1 1 2 2 3 1 1 1 2 2 2 1 2 2 1 2 3 1 1 2 2 4 1 2 2 1 1 2 1 3 2 1 1 1 1 3 2 1 2 2 1 1 1 2 3 4 1 3 1 1 1 1 1 2 1 4 5 3 2 1 1 2 1 2 3 3 3 3 1 2 2 1 2 1 1 2 1 3 3 2 1 2 2 1 2 3 1 2 1 1 2 1 2 2 1 2 1 2 1 1 1 2 1 2 2 1 2 2 4 1 2 1 3 1 2 1 2 1 2 2 2 4 1 2 1 1 3 2 3 2 1 1 1 1 3 2 1 1 1 2 1 4 1 2 3 1 1 1 1 2 3 2 1 1 2 1 1 1 1 1 1 1 2 1 1 1 1 1 2 1 2 1 1 3 2 2 2 3 2 1 1 1 3 2 3 2 2 2 2 1 3 1 1 1 1 1 1 2 1 3 1 1 1 1 3 1 2 2 1 2 2 1 3 4 1 2 2 2 2 1 1 1 1 1 1 2 2 1 2 2 2 1 1 2 2 1 1 1 2 2 1 1 1 5 1 2 1 1 1 1 1 4 2 1 1 1 3 2 2 1 1 2 2 2 3 2 1 3 1 1 1 1 3 3 2 1 1 1 1 1 3 1 1 1 1 1 2 1 2 2 2 1 3 1 3 1 3 2 1 1 1 3 1 1 2 1 2 3 1 2 1 1 1 1 1 2 3 1 1 1 3 2 1 3 2 2 1 3 1 1 2 1 2 2 2 2 1 2 1 2 1 2 3 1 1 3 1 3 1 1 3 1 2 1 3 1 4 1 3 1 2 3 1 4 1 6 1 1 2 1 1 3 2 2 2 2 5 1 1 1 1 2 2 1 1 2 1 1 1 1 4 3 3 2 1 1 1 1 2 2 1 2 1 2 4 2 1 1 2 2 1 2 1 2 2 1 2 2 3 1 1 1 1 2 4 2 2 1 1 2 3 1 2 4 1 2 1 3 1 5 1 2 2 1 1 1 2 1 1 1 1 2 1 2 3 1 1 2 2 1 1 3 1 2 2 5 1 2 1 1 1 2 1 2 2 3 2 2 2 3 2 1 1 1 3 2 1 1 1 3 1 2 1 4 5 2 2 1 3 1 1 3 3 1 2 2 1 2 1 1 3 1 1 1 1 2 1 1 4 2 1 2 1 1 1 1 1 1 1 1 2 2 1 2 1 3 1 2 2 1 1 2 4 4 3 2 1 1 1 1 1 1 1 1 2 2 2 3 2 2 1 2 1 1 3 4 2 2 1 3 1 2 2 1 3 3 2 2 1 1 1 3 1 2 3 1 1 1 1 1 1 2 1 2 1 2 3 3 3 1 2 3 2 1 2 1 1 1 1 1 3 2 1 2 2 2 1 2 1 1 2 1 1 1 2 2 2 1 2 2 3 1 1 1 3 1 1 1 1 2 1 1 2 1 3 2 1 1 1 2 2 3 2 1 2 2 2 1 1 1 2 2 3 2 2 4 1 1 1 2 1 2 1 2 3 3 1 3 2 1 3 1 1 1 1 1 1 1 2 1 4 3 1 2 1 3 2 2 3 1 1 4 2 1 3 2 1 3 4 1 3 2 1 1 1 2 1 1 1 2 3 2 3 1 1 1 1 2 2 2 3 2 2 2 2 2 1 1 1 2 3 5 1 2 3 1 2 1 2 2 1 1 1 1 1 2 2 1 1 1 2 1 1 2 1 1 3 2 2 1 1 2 2 1 3 1 1 3 1 3 2 1 1 4 3 1 1 1 1 1 2 2 1 2 2 2 2 1 2 3 3 1 1 2 3 1 1 3 1 2 5 1 1 1 3 1 2 2 2 4 1 2 1 1 1 2 1 1 1 3 1 2 1 3 4 1 1 3 3 2 2 2 1 2 2 1 1 1 3 3 1 3 1 1 2 3 2 1 2 3 1 2 1 4 3 1 3 2 1 1 1 3 1 1 2 4 1 1 1 3 2 2 5 2 2 2 1 3 3 1 1 5 1 1 1 2 2 2 2 1 1 1 1 2 6 1 4 3 3 2 1 3 2 3 1 1 1 2 1 1 2 2 1 2 1 2 2 1 2 2 1 3 3 3 1 3 1 1 2 1 1 1 1 1 2 2 2 1 1 1 2 1 2 4 1 4 2 1 1 1 2 2 1 5 2 1 1 2 2 3 1 4 2 1 1 1 2 3 1 1 2 2 1 2 2 4 2 1 1 1 2 1 2 1 5 1 1 3 1 3 1 2 1 4 3 1 3 2 1 4 2 2 4 2 1 2 2 1 1 2 2 1 3 4 3 1 2 2 2 2 1 2 2 4 1 1 1 1 1 1 1 1 5 2 1 3 1 2 1 1 1 2 2 1 1 1 2 3 1 2 2 2 1 1 1 3 3 2 4 5 1 1 1 5 1 1 4 1 1 1 1 3 2 1 3 1 2 3 1 1 1 2 1 4 2 3 3 2 4 3 1 2 1 1 1 1 2 2 1 2 3 3 2 1 1 3 1 1 4 1 1 1 1 2 1 1 1 1 1 1 4 1 1 3 2 1 1 2 1 1 2 1 1 1 3 1 1 2 5 1 2 2 1 1 2 1 1 1 2 2 2 1 2 1 3 1 3 2 1 1 2 3 2 2 1 1 5 2 2 2 2 1 2 1 2 1 1 2 3 2 2 1 3 2 1 6 2 1 2 2 2 1 1 1 2 1 3 2 2 3 2 2 1 1 3 1 3 1 1 3 1 2 1 2 1 2 2 1 1 2 1 2 1 1 3 2 2 1 1 3 3 1 2 1 1 1 2 1 4 2 1 2 1 1 2 1 1 2 3 1 4 2 2 2 1 1 4 1 1 2 1 1 1 2 1 1 3 1 3 1 2 3 1 1 1 1 2 1 4 1 2 1 1 1 3 6 1 2 1 4 2 1 4 2 1 2 2 2 2 3 2 1 1 1 1 2 1 2 1 1 1 2 1 1 2 1 2 1 1 1 2 1 1 1 2 1 1 3 1 3 2 1 2 1 1 1 3 1 4 1 4 3 3 1 2 2 2 1 1 1 1 2 1 2 1 2 1 2 2 1 2 1 1 1 3 3 1 1 2 3 1 2 4 1 2 1 3 1 2 2 1 1 1 1 1 1 2 3 1 1 1 2 2 1 3 1 1 2 1 2 2 1 1 1 1 2 1 3 4 1 1 1 1 1 1 2 1 2 1 1 1 1 3 1 3 1 1 1 4 3 1 3 1 2 2 1 1 2 1 1 5 3 2 1 2 3 1 2 2 2 2 2 2 3 2 4 1 1 1 2 2 4 1 1 3 1 4 2 3 1 1 1 3 1 1 1 1 1 2 3 3 1 3 2 4 2 1 2 1 2 3 1 1 2 3 3 1 2 1 1 1 1 1 3 2 1 1 2 1 1 1 2 1 3 2 2 1 1 2 1 2 1 1 1 1 1 2 1 3 3 1 1 1 2 1 1 1 1 1 4 1 4 3 3 1 1 1 2 2 4 3 1 1 1 1 2 2 1 1 2 1 1 1 1 2 1 1 1 2 1 1 1 3 3 3 1 1 4 1 1 1 1 2 1 1 2 2 1 2 3 1 1 1 1 2 2 2 1 1 1 2 1 2 2 1 2 1 2 1 1 1 2 1 1 1 1 1 3 3 3 2 2 1 2 1 1 1 1 1 1 7 1 1 2 1 3 2 1 1 2 1 1 1 4 1 3 1 1 1 3 2 1 2 3 2 1 1 2 1 2 1 2 1 1 1 1 1 2 2 2 5 2 1 1 2 1 2 1 3 1 2 1 2 3 1 4 5 2 2 1 1 3 1 1 2 1 2 2 3 1 2 2 5 1 2 1 1 1 1 1 1 4 2 1 2 2 1 2 3 2 3 1 1 2 1 2 2 2 2 2 2 1 2 1 1 1 1 3 1 1 3 2 6 3 1 2 2 1 4 1 3 2 3 1 3 1 2 2 1 1 3 1 2 3 4 1 1 1 1 2 1 3 1 1 2 2 2 3 2 3 1 2 1 1 2 1 2 4 1 3 1 2 1 2 1 2 1 2 2 1 1 1 2 2 2 2 6 1 1 2 2 2 2 2 3 2 5 2 2 2 4 3 4 2 3 2 2 2 1 1 1 2 2 1 1 1 2 1 1 2 1 1 2 1 3 1 1 1 1 2 2 2 4 1 1 2 3 1 4 1 1 1 3 2 2 2 2 4 2 4 1 1 2 4 2 1 2 2 1 1 1 1 2 1 2 1 3 2 2 1 2 2 1 1 2 1 1 2 3 1 3 3 1 1 1 2 1 1 3 2 1 2 1 3 2 2 2 2 2 2 1 3 2 2 1 1 1 3 1 1 1 1 3 3 2 1 1 2 2 2 1 1 3 3 1 2 2 1 2 2 3 2 1 3 1 2 3 2 1 2 1 1 1 2 1 1 1 1 1 1 2 1 1 2 1 1 1 1 3 2 3 3 2 2 1 4 1 1 3 2 3 1 5 1 4 2 2 2 2 1 1 1 1 2 1 2 2 3 1 2 4 2 4 1 2 2 1 1 1 2 1 3 2 1 2 1 3 1 1 2 2 2 2 2 1 2 1 2 3 1 1 2 1 2 2 1 1 1 2 1 1 2 3 1 1 1 3 1 1 6 2 2 3 2 1 3 2 1 1 1 4 3 3 2 2 1 1 2 2 1 1 4 2 3 4 1 1 1 1 1 2 2 4 2 1 2 1 2 1 1 1 1 2 1 2 2 1 1 1 1 1 3 3 2 2 2 1 3 1 1 2 2 1 3 2 5 1 1 1 1 3 2 1 3 2 3 1 1 1 2 1 2 1 3 1 2 3 2 3 1 2 2 1 1 1 4 3 3 1 4 1 1 1 2 1 2 1 3 2 1 2 2 1 1 2 3 2 2 5 1 4 5 1 2 2 1 2 1 1 2 1 3 1 1 4 1 2 1 1 3 1 2 2 1 2 2 2 1 1 2 1 5 2 1 2 1 1 2 1 1 2 1 3 1 1 1 2 1 1 1 1 1 2 3 1 5 1 3 1 2 2 1 1 1 1 1 1 1 2 5 1 2 3 2 1 1 1 1 4 1 1 3 1 1 1 4 1 1 3 2 2 1 2 2 1 1 4 1 2 3 2 3 3 2 1 1 5 3 2 1 1 2 4 1 2 2 1 2 1 2 1 4 1 1 2 4 1 2 1 4 2 2 2 3 5 3 2 1 1 1 1 1 2 1 3 1 1 3 3 4 2 1 2 1 2 1 4 2 1 3 3 3 1 2 2 1 1 1 1 3 3 1 1 1 4 2 2 1 2 1 2 2 1 5 2 1 1 1 1 2 2 3 1 6 1 3 1 3 3 3 2 2 1 1 1 1 3 1 2 2 5 1 2 1 3 2 3 1 1 2 3 1 3 2 1 2 1 3 2 2 1 3 2 1 2 1 1 1 2 2 1 1 2 1 1 1 3 1 1 2 3 1 1 1 1 1 3 1 2 1 2 6 1 1 1 2 2 1 2 1 2 1 1 2 2 1 1 1 1 1 1 1 2 1 1 3 2 3 4 3 1 1 2 2 1 1 1 2 2 3 2 1 1 2 1 4 2 2 2 2 3 1 2 1 2 2 3 1 1 1 1 1 1 2 6 1 1 1 1 1 1 2 1 2 2 1 1 1 1 1 2 3 1 1 1 1 2 1 2 2 1 3 1 5 2 1 1 1 2 1 2 3 2 2 2 2 1 1 3 3 2 1 2 1 3 2 1 2 1 2 2 2 3 1 3 3 1 2 2 1 3 2 2 1 1 4 1 2 1 2 1 1 1 1 2 1 3 1 1 4 1 1 1 2 1 3 1 1 3 2 3 1 1 1 2 2 1 2 1 2 3 2 1 1 1 2 1 1 2 1 3 1 2 1 2 3 2 2 2 2 3 3 4 1 1 1 1 1 2 2 1 2 2 3 4 1 1 2 1 3 4 3 3 2 1 1 2 3 2 2 2 2 2 1 2 2 2 1 1 2 2 1 2 1 4 1 2 1 2 2 3 3 1 1 2 1 1 1 1 1 3 4 3 1 1 2 2 2 1 1 2 1 1 3 1 2 1 2 2 1 2 1 1 2 4 1 1 1 5 3 1 2 3 1 6 2 1 2 2 1 3 1 2 2 4 3 3 3 2 4 2 1 1 1 1 1 1 5 2 3 1 1 1 1 2 2 1 2 2 5 3 2 1 1 2 2 2 1 1 2 2 1 1 3 2 2 2 1 2 2 1 1 1 1 1 2 1 3 2 2 1 1 1 2 2 1 3 1 2 4 2 1 1 5 2 1 1 2 4 2 1 2 1 2 2 2 1 1 1 2 2 1 2 3 4 1 2 1 1 3 1 1 1 1 1 1 1 1 1 3 5 2 2 1 1 1 1 2 1 1 1 1 1 2 2 1 4 1 1 1 2 2 2 2 2 1 1 2 1 2 4 2 1 2 1 1 3 1 1 1 1 1 1 2 2 3 1 3 2 1 2 3 3 2 3 1 2 1 2 2 3 1 2 2 1 2 3 1 3 4 1 2 2 1 2 1 1 1 1 3 1 4 1 1 1 3 1 2 1 1 3 3 1 1 2 1 1 3 3 4 1 1 1 1 4 3 1 1 1 2 1 2 1 4 1 1 1 2 3 1 2 1 2 3 2 1 1 2 3 1 1 1 3 1 1 1 3 1 2 1 1 2 1 2 1 2 2 1 4 2 1 1 4 1 1 2 1 2 1 2 1 1 1 1 4 3 1 3 2 1 1 1 4 2 1 1 1 3 4 1 1 1 2 1 2 1 3 1 3 2 1 2 2 2 1 1 1 1 1 2 2 2 1 3 1 1 2 4 2 2 2 2 1 2 2 1 2 1 2 1 1 1 2 2 1 2 2 2 1 1 4 2 2 1 1 2 1 2 1 2 1 1 1 1 5 2 1 2 1 1 2 2 3 2 2 1 3 1 1 4 3 2 3 1 1 2 1 3 2 1 4 1 3 2 3 1 4 2 1 4 2 2 1 1 1 1 1 2 3 1 2 1 1 2 1 4 1 1 1 2 3 1 3 2 2 2 1 1 1 1 1 3 1 1 1 2 1 2 1 1 2 1 1 1 1 2 2 1 1 2 2 1 1 1 2 3 3 1 5 1 1 2 3 1 2 3 1 2 2 3 1 3 1 1 1 1 1 1 2 1 3 1 1 1 1 1 1 3 1 2 3 1 2 3 2 1 1 2 1 4 2 1 2 3 2 1 2 1 1 1 2 1 1 1 2 3 3 3 3 3 1 1 1 2 1 4 3 1 3 2 2 1 1 1 2 1 1 1 2 2 2 2 1 1 1 1 1 1 1 1 1 2 1 1 1 1 1 4 1 2 1 3 1 2 1 2 1 1 1 3 3 2 2 1 2 2 1 4 3 4 1 2 1 1 1 1 1 2 4 1 1 1 3 2 4 3 2 2 3 4 1 2 4 2 1 1 1 3 5 2 1 1 1 1 2 1 1 1 1 2 3 1 1 1 1 2 2 1 3 3 1 2 1 1 1 1 4 2 1 2 2 2 1 3 3 1 2 1 3 1 3 1 3 2 1 1 2 4 1 1 3 2 1 1 1 2 1 2 2 1 1 2 2 1 1 1 1 4 2 2 2 1 2 2 2 2 3 2 2 3 2 1 2 3 5 2 3 2 2 2 1 2 1 2 1 2 1 2 1 1 4 2 1 4 3 2 3 4 2 1 2 1 2 1 1 1 2 3 3 3 1 4 4 2 2 1 2 1 3 2 2 1 3 1 1 3 1 2 1 3 1 3 4 2 2 1 1 1 4 1 2 1 1 2 2 2 3 1 3 2 1 1 2 1 1 2 2 2 2 2 1 1 1 1 1 3 2 1 2 1 2 2 1 2 1 3 1 2 2 1 1 2 2 1 1 2 3 1 1 1 2 3 3 1 2 2 3 2 1 3 3 2 1 1 2 2 1 1 3 1 1 1 2 1 1 1 1 3 1 2 2 2 1 1 2 2 1 1 1 1 1 2 1 1 2 2 3 4 3 1 3 2 1 1 1 2 1 2 1 2 1 2 1 1 1 1 2 2 1 1 1 2 1 1 1 3 1 1 3 2 1 2 1 2 2 1 2 1 2 1 4 2 1 2 1 3 1 1 3 2 4 3 1 1 1 2 2 1 1 2 1 1 3 1 3 4 1 1 1 2 1 1 2 2 2 2 1 1 2 1 1 3 1 1 3 4 1 2 2 2 2 1 1 5 1 3 1 1 2 1 1 3 2 4 1 1 2 1 3 1 2 1 1 2 1 1 2 2 2 3 1 2 4 2 2 2 3 2 3 2 1 1 1 2 1 1 2 1 1 1 2 2 1 1 2 2 2 2 4 1 5 1 1 1 1 5 2 1 2 1 2 1 2 1 2 1 1 4 1 2 2 2 1 4 2 2 3 1 2 1 3 6 2 1 1 3 1 1 1 1 3 4 2 1 4 2 1 2 2 2 2 3 1 3 2 3 1 2 1 1 1 1 2 3 2 1 2 4 1 1 2 2 1 1 2 2 1 1 2 1 3 1 1 2 2 2 2 1 3 1 4 3 3 1 2 1 3 2 1 1 2 3 1 2 1 1 1 1 2 1 2 3 2 1 1 2 1 1 1 1 3 1 1 4 2 1 4 1 1 1 1 1 2 1 3 4 1 1 1 1 3 3 1 1 2 2 4 3 3 2 2 3 1 1 3 1 1 2 1 2 1 1 1 1 2 2 1 1 2 2 2 2 1 2 1 1 2 1 2 2 1 1 2 1 1 2 1 2 4 3 2 1 2 1 1 3 1 1 3 3 1 2 2 1 4 1 4 1 1 1 1 3 1 4 2 1 3 1 2 1 1 2 3 2 1 3 1 1 2 2 2 1 2 1 2 1 3 4 1 5 2 1 2 2 3 2 1 1 1 1 1 3 4 1 1 4 1 1 2 1 1 1 1 1 1 2 3 2 4 1 1 1 1 1 4 1 4 3 3 1 2 2 1 1 1 1 2 3 1 4 3 3 2 2 2 1 1 3 2 4 2 1 1 1 2 2 2 2 2 3 2 2 3 4 2 1 1 1 2 3 2 5 3 1 2 2 1 1 1 1 2 2 1 1 1 1 2 1 2 2 2 1 2 1 1 2 4 1 1 2 2 3 2 1 2 2 1 1 1 2 1 2 2 2 1 3 2 2 1 2 2 1 1 2 2 2 3 4 2 3 3 2 1 1 1 2 1 1 1 3 2 3 2 1 2 1 1 1 1 2 1 2 2 3 2 1 1 2 1 2 1 1 3 4 2 2 3 4 1 2 2 1 1 2 1 2 3 1 2 1 2 3 2 1 3 2 2 1 1 1 1 3 2 1 1 1 1 2 1 2 3 2 2 2 1 2 2 1 3 2 1 1 1 1 2 1 1 1 3 2 2 1 1 1 1 1 1 2 1 1 1 1 3 3 1 1 2 1 1 2 1 1 1 3 1 1 2 3 2 2 2 2 1 1 2 4 2 3 2 1 3 4 2 1 1 2 3 2 1 1 3 1 2 1 1 1 1 1 1 3 2 2 3 3 3 2 1 2 2 3 1 2 1 1 3 4 1 2 1 2 2 1 1 2 1 2 1 2 3 1 1 2 3 2 4 1 1 5 1 2 1 2 1 1 3 1 2 2 5 5 2 3 3 1 3 1 3 1 2 1 1 1 1 2 1 1 2 4 3 1 4 3 1 1 2 2 2 1 4 2 3 3 1 1 2 2 2 1 1 1 2 1 1 1 2 1 2 1 1 2 3 1 2 3 2 2 1 1 3 2 1 2 1 1 2 1 1 3 1 3 1 1 1 1 2 1 2 2 2 1 1 1 3 3 4 1 1 2 1 1 3 3 1 1 2 1 1 2 3 1 1 1 2 1 2 2 1 1 1 1 2 1 1 2 5 2 1 1 1 2 1 3 1 3 1 1 3 1 1 1 1 2 2 3 1 2 1 2 1 1 1 2 2 2 1 2 3 2 1 1 1 1 2 1 2 2 3 1 2 2 4 3 1 2 1 2 6 2 2 2 1 2 2 2 1 2 1 2 2 4 1 2 1 2 2 1 1 2 2 1 1 3 2 2 2 2 3 1 4 2 1 1 1 2 2 3 1 1 1 1 2 1 3 3 1 1 1 2 1 2 2 4 4 3 2 2 2 3 1 4 1 2 1 1 1 1 3 2 3 2 2 2 3 1 2 1 1 1 2 1 3 2 1 3 1 1 2 1 2 3 1 1 1 1 2 1 1 1 1 2 3 3 1 1 2 2 1 1 2 1 2 1 1 2 2 4 1 1 3 1 2 1 3 1 2 2 5 1 2 1 1 1 1 2 1 1 4 3 1 1 2 2 5 2 1 1 2 1 1 2 1 1 3 1 1 1 2 2 1 1 4 2 2 3 3 1 1 1 1 4 1 1 3 1 1 3 1 1 2 2 2 1 2 4 1 1 3 2 3 1 1 2 5 3 1 1 1 3 1 1 3 2 1 1 4 1 3 2 1 1 2 4 3 1 1 2 1 1 2 4 1 2 2 1 1 3 1 1 1 2 2 3 2 1 2 1 1 1 1 2 1 1 1 1 1 4 2 1 1 1 2 1 1 2 2 1 1 1 1 2 1 1 3 3 1 1 4 2 1 2 2 2 1 3 2 1 4 1 1 1 1 1 1 1 2 1 1 1 1 1 4 2 1 1 5 3 1 1 2 1 2 1 1 1 1 1 2 1 1 1 3 1 4 2 1 1 1 3 2 1 1 2 1 1 1 1 3 1 1 2 4 1 1 2 1 2 1 1 1 1 3 1 3 1 1 1 2 1 2 1 3 2 3 2 1 1 3 1 1 1 1 3 3 1 2 1 2 2 4 1 3 2 1 1 2 2 1 2 2 1 1 5 1 4 4 2 2 3 1 4 2 1 3 2 2 1 1 1 1 1 2 1 1 1 1 3 1 3 1 2 3 1 3 2 1 1 2 1 2 2 3 1 4 4 1 2 1 3 3 1 2 1 1 1 1 1 2 1 3 1 1 1 2 3 1 3 3 1 1 1 1 1 3 1 2 1 2 2 1 3 1 1 2 1 1 1 2 2 2 1 2 1 1 3 1 1 1 2 1 1 1 3 1 1 1 2 4 2 1 1 2 1 1 2 1 4 1 1 3 1 2 1 2 1 2 2 3 1 2 2 1 2 3 3 2 2 2 4 3 3 2 1 3 1 2 1 3 1 4 2 3 1 2 4 2 3 1 2 3 1 1 1 1 1 1 2 1 3 1 1 1 2 1 1 3 1 1 3 1 1 2 1 4 1 3 3 1 3 1 1 2 1 1 1 1 2 3 1 3 3 2 1 1 1 2 1 1 1 4 2 1 2 1 2 2 1 1 1 3 2 1 5 2 4 1 3 2 1 3 1 2 3 1 1 1 1 1 1 2 2 1 1 1 3 2 1 1 2 1 3 3 2 1 1 1 1 1 1 3 2 2 3 3 2 1 2 2 1 1 2 2 1 2 1 1 2 1 3 1 1 3 2 3 2 1 1 3 1 1 1 4 3 2 2 2 1 2 1 1 3 2 1 1 1 1 1 2 1 4 3 1 2 3 1 3 2 1 1 1 1 2 3 1 2 1 1 2 2 2 1 2 2 4 4 3 1 1 1 1 1 2 1 1 1 1 1 2 1 3 2 1 5 1 1 1 2 2 3 2 1 1 2 1 1 1 1 1 1 2 3 2 1 1 1 1 1 1 6 2 4 2 1 2 1 3 1 4 1 2 3 2 1 3 3 4 1 1 2 3 3 5 1 1 2 1 1 2 1 1 3 1 1 1 3 1 1 1 3 1 1 2 2 1 1 2 2 1 3 1 4 1 1 1 1 2 1 2 1 2 4 4 1 2 1 1 2 2 1 3 1 1 2 2 1 1 2 2 1 4 3 3 1 1 1 1 3 2 3 2 1 4 3 2 1 1 1 1 3 1 1 3 1 1 2 1 3 1 2 1 1 1 1 2 1 1 1 3 1 2 3 1 1 3 3 5 4 3 1 1 2 2 1 1 2 1 2 1 2 2 2 1 2 1 1 1 3 4 2 2 1 1 1 1 1 2 2 1 1 1 2 2 2 3 1 3 2 3 1 1 2 1 3 1 1 3 2 2 2 2 3 1 2 1 3 2 3 1 3 2 1 1 2 2 2 1 2 4 5 2 2 1 3 2 3 2 2 1 1 1 3 1 3 1 3 2 1 1 2 
  #Test Small 18573
  #Test Medium 32356
  #Test Large 50867
