Board size [mm] 100x350

Stats side 1
  #Components with background 27
  #Components with points 172
  #Components nofly 4
  #Components notouch 2
  #Pins 44078
  #GNDs 1306
  #VDDs 1103
  #Clock 23
  #NoFly points 516
  #NoTouch points 340
  #Points [total] 47366

Stats side 2
  #Components with background 12
  #Components with points 190
  #Components nofly 0
  #Components notouch 2
  #Pins 55217
  #GNDs 913
  #VDDs 707
  #Clock 17
  #NoFly points 0
  #NoTouch points 464
  #Points [total] 57318

Stats board (side 1 + side 2)
  #Components with background 39
  #Components with points 362
  #Components nofly 4
  #Components notouch 4
  #Pins 99295
  #GNDs 2219
  #VDDs 1810
  #Clock 40
  #NoFly points 516
  #NoTouch points 804
  #Points [total] 104684
  #Nets 95532
    Net Size: 2219 1810 40 1 1 2 1 1 2 2 3 1 2 1 2 4 1 1 2 2 1 1 1 2 1 2 4 2 3 1 1 3 2 1 3 2 1 1 1 1 3 2 2 2 1 1 1 2 1 1 2 2 5 4 3 1 2 3 3 3 1 2 1 1 4 1 3 1 4 1 1 1 2 3 3 1 1 1 1 4 2 3 2 1 1 1 2 2 4 2 2 3 3 1 3 3 2 1 4 3 2 3 1 1 2 2 3 1 1 3 1 1 5 1 1 2 1 1 1 5 1 2 2 2 2 1 1 1 3 1 1 2 2 1 5 2 1 1 1 3 3 1 1 3 2 1 6 3 2 1 2 2 2 1 1 2 4 2 1 1 2 1 1 2 1 2 4 1 1 1 2 2 2 1 1 3 1 2 1 2 1 2 3 1 1 1 1 2 2 1 2 1 1 2 1 3 2 4 2 1 1 3 2 1 1 2 1 3 2 1 2 1 3 4 1 2 1 2 4 1 5 2 2 2 2 3 2 2 1 4 1 2 2 3 1 2 2 2 2 3 1 1 3 2 2 2 1 1 2 1 4 1 2 1 3 1 1 2 2 3 1 1 1 3 1 3 1 2 1 3 1 1 1 5 1 2 2 3 2 1 1 2 1 1 1 1 1 1 1 3 1 3 2 1 4 2 2 2 3 2 2 1 2 1 2 2 1 2 2 2 1 2 1 3 1 2 1 2 1 3 2 1 3 1 2 2 3 2 3 1 1 1 1 1 1 1 2 2 2 1 3 2 1 1 1 2 1 3 2 1 1 1 2 4 2 3 2 2 1 2 1 3 1 3 1 3 1 1 2 1 4 1 1 1 2 2 4 3 1 1 2 2 3 3 2 1 1 1 2 2 1 2 2 1 1 1 1 1 3 3 5 1 2 3 2 2 2 1 1 4 2 2 1 3 2 3 3 3 3 1 3 2 3 3 1 1 1 1 3 1 3 3 1 2 2 1 1 3 3 1 3 2 1 4 2 1 2 1 2 2 1 2 1 2 1 3 3 1 2 1 1 3 2 5 3 1 1 2 1 2 3 1 2 4 2 1 4 3 2 2 3 1 2 3 1 2 3 2 1 2 1 1 2 2 1 3 4 3 2 1 1 3 1 1 3 6 1 2 1 1 1 1 2 1 2 3 1 2 1 3 1 3 1 3 4 6 2 2 2 1 3 1 1 1 4 1 1 1 2 2 2 3 1 4 2 1 3 1 1 1 1 1 5 1 2 2 1 1 1 3 2 2 1 2 3 3 1 2 1 1 6 3 3 2 2 2 3 2 2 2 2 1 4 3 2 2 2 2 1 2 1 2 1 2 2 1 2 3 1 2 2 2 1 1 1 3 5 2 4 1 3 2 2 1 3 1 1 4 1 1 1 1 3 1 4 2 1 4 1 4 1 1 2 2 2 3 1 1 1 4 1 2 3 1 1 1 2 2 4 2 3 3 1 2 2 1 2 2 1 2 2 1 1 5 2 4 2 1 2 1 2 1 4 2 3 1 3 2 3 3 1 3 2 4 1 3 1 3 3 3 2 2 3 1 2 1 2 2 3 1 3 2 2 3 4 2 1 2 1 3 2 1 2 4 1 1 5 2 1 2 2 1 2 3 1 3 3 3 4 1 2 1 2 1 5 1 2 1 2 3 2 2 1 4 2 4 2 5 1 3 2 2 4 1 3 2 1 1 3 5 1 4 1 2 3 1 1 1 3 3 1 2 2 1 3 3 3 3 2 1 1 1 1 5 1 2 3 1 1 2 1 1 8 1 4 1 1 1 1 2 4 2 2 1 3 2 2 1 2 3 2 1 2 1 1 1 4 2 3 1 1 1 1 1 1 2 1 1 2 3 2 1 3 2 1 1 4 1 1 2 2 3 2 2 1 1 5 2 1 2 2 3 1 1 1 3 1 3 3 3 1 2 2 2 1 1 1 1 1 2 4 1 3 1 2 3 3 2 1 1 1 1 2 2 2 3 2 2 1 1 4 1 1 1 3 1 1 5 3 1 3 2 1 4 2 2 4 1 1 2 2 3 2 2 2 2 1 1 1 1 2 1 2 2 1 1 2 2 4 1 5 2 2 3 4 1 3 1 1 2 3 1 1 1 1 3 3 1 5 1 1 1 3 3 2 2 1 2 1 2 2 3 1 2 2 3 1 3 2 4 6 1 2 2 3 2 1 1 3 3 3 3 2 2 2 1 2 1 2 1 3 1 1 2 3 1 2 2 2 3 2 5 1 4 2 1 1 3 1 1 1 2 1 2 1 1 1 1 3 1 2 1 3 1 1 2 1 2 2 2 2 2 1 3 2 2 2 2 3 1 2 2 1 2 2 1 4 1 1 1 2 3 1 2 2 4 3 5 3 1 2 3 3 5 3 2 3 1 1 2 1 3 2 3 1 2 1 2 2 1 1 2 2 1 1 4 1 2 1 4 2 2 1 2 1 1 3 2 2 2 2 3 1 2 2 3 4 5 1 1 1 1 5 3 2 1 4 3 3 2 1 2 2 1 2 2 3 3 2 1 1 2 1 2 2 2 1 1 1 1 2 3 3 4 3 2 3 2 2 1 2 2 2 1 2 4 2 3 7 1 1 2 1 2 1 1 2 1 4 3 3 2 4 1 1 3 2 3 5 1 2 5 2 1 2 2 1 1 2 2 1 1 2 1 3 1 1 1 1 2 2 2 3 2 2 1 2 2 2 1 2 4 2 2 2 2 1 3 1 1 1 2 2 2 1 1 5 3 2 2 4 1 3 1 1 1 1 2 2 2 3 1 2 2 1 3 1 1 2 2 1 2 2 2 1 3 1 4 1 1 3 2 1 3 1 1 2 2 1 1 3 1 1 1 3 1 1 2 3 4 3 1 1 1 2 3 2 3 1 2 1 3 5 3 1 2 3 4 1 2 3 1 3 5 3 1 1 1 1 1 2 5 2 1 3 1 2 1 2 1 2 1 1 1 1 1 2 2 2 2 1 1 1 4 3 1 1 1 2 3 1 2 1 3 1 3 1 3 2 1 3 2 2 1 1 2 3 2 3 1 1 1 2 2 1 2 3 3 1 1 2 4 1 3 1 2 1 2 1 3 2 2 2 3 1 5 4 1 4 1 1 1 1 2 2 1 1 2 1 1 3 1 3 3 2 2 2 1 1 2 1 2 2 1 2 2 2 2 2 5 1 1 1 1 3 2 1 2 1 1 2 2 2 1 2 1 2 2 1 5 4 2 5 3 2 2 2 3 1 4 1 1 1 2 1 3 3 2 2 1 2 2 2 3 2 3 3 4 3 2 2 1 1 1 3 1 4 5 1 3 3 4 2 3 3 1 1 2 3 2 3 1 2 1 1 1 1 2 1 1 3 1 2 2 3 1 1 1 3 1 3 3 3 1 2 2 1 2 5 1 2 1 1 2 3 3 2 2 1 2 3 2 2 4 1 1 1 1 1 5 2 2 3 2 2 2 1 1 2 2 2 2 2 1 2 1 3 2 1 1 1 1 3 1 2 1 2 1 2 2 1 3 2 2 1 1 1 1 1 1 3 2 4 2 3 1 2 2 1 2 3 1 2 4 2 4 2 2 1 1 1 2 1 3 1 2 2 1 2 1 1 1 2 2 1 3 2 3 2 1 3 3 1 4 3 2 1 1 1 2 2 1 1 3 3 4 1 2 1 3 4 3 1 1 1 3 3 4 1 1 3 3 5 2 2 1 1 1 1 1 1 1 1 4 1 1 2 1 2 4 1 5 3 1 1 4 3 1 2 5 1 3 2 1 3 2 1 3 2 1 2 1 2 1 1 1 1 3 2 1 1 1 1 4 1 1 1 3 3 2 1 1 4 2 2 4 3 1 4 2 2 3 1 1 3 3 3 1 2 2 2 1 4 1 2 1 1 1 1 2 2 2 1 4 5 2 5 1 2 2 1 1 3 1 1 1 2 3 3 1 3 4 1 2 1 1 2 2 2 1 3 1 3 2 1 2 2 1 1 3 1 1 1 1 3 2 2 1 1 1 2 1 3 2 5 3 3 4 4 1 4 3 1 1 3 2 3 1 1 3 1 1 1 2 1 4 2 3 1 3 3 3 2 2 3 4 3 4 2 1 3 1 1 1 2 1 2 1 1 1 1 1 1 2 2 6 3 2 3 3 2 1 3 4 1 1 2 2 2 1 2 1 2 1 1 1 2 3 3 2 1 6 2 1 1 1 1 1 4 1 2 3 2 3 1 2 1 1 1 1 1 2 1 1 1 2 2 1 1 2 1 2 3 2 2 4 4 3 1 2 2 2 1 3 2 3 2 2 2 1 3 2 2 1 1 3 2 2 4 1 4 2 2 5 2 1 2 1 3 1 3 1 1 2 2 2 2 2 1 1 3 2 4 5 1 2 3 1 2 1 1 2 2 2 3 2 3 3 1 1 1 1 4 2 3 2 1 2 2 4 2 3 1 1 3 1 1 1 2 1 2 1 2 1 1 2 3 1 2 1 2 1 3 2 1 2 1 1 5 1 1 2 3 1 2 1 3 2 2 2 5 2 1 1 3 1 3 5 1 2 1 3 2 1 5 1 2 1 3 3 2 1 2 4 3 3 1 3 2 2 1 4 2 1 3 1 8 1 1 4 2 1 1 1 1 4 1 3 5 2 2 2 4 1 1 4 2 2 1 2 1 1 2 1 1 1 2 3 1 1 4 2 3 2 2 3 2 4 2 2 3 3 2 1 2 7 1 2 2 4 1 1 3 2 2 3 2 2 2 2 2 1 3 3 1 2 3 2 3 2 3 1 2 2 1 2 1 1 3 1 5 2 1 2 1 3 4 2 2 1 1 2 3 1 4 3 2 6 3 3 3 2 2 2 1 3 1 3 1 2 2 2 4 2 1 3 2 4 1 1 2 1 3 4 4 2 1 2 4 6 1 2 1 1 2 1 3 2 1 4 1 1 1 1 1 1 3 3 2 2 2 2 1 1 4 1 1 4 1 1 2 2 2 3 3 2 2 2 1 3 2 1 1 1 5 1 4 2 2 3 2 1 2 2 4 2 2 2 1 2 1 2 3 1 2 1 3 1 1 1 1 1 4 1 2 5 2 3 2 2 1 2 2 1 1 1 2 4 2 4 2 2 2 3 1 1 1 3 2 4 3 4 1 2 1 1 4 3 2 2 3 1 3 1 1 3 3 3 2 4 2 3 3 1 1 1 3 1 1 2 1 1 2 3 2 2 2 2 3 1 2 2 1 5 2 1 2 1 1 1 4 1 2 2 1 2 1 4 2 2 1 3 2 1 3 2 3 1 2 1 1 3 2 1 2 1 1 2 3 4 2 1 2 2 2 3 2 4 1 1 2 1 1 2 1 2 6 1 1 1 1 3 3 1 1 5 2 1 1 1 2 2 1 1 2 1 1 1 5 1 1 1 2 1 3 3 3 2 2 1 1 1 2 4 1 2 5 1 1 1 2 4 1 1 1 3 2 2 3 2 1 2 1 1 4 1 3 2 2 2 2 1 2 4 2 4 6 3 1 2 1 3 1 3 2 1 3 3 1 2 5 2 3 1 1 3 1 4 3 3 1 1 1 1 1 1 2 2 2 2 1 3 3 1 4 3 2 2 3 2 4 6 3 2 4 3 4 2 1 1 3 1 2 2 1 1 2 1 2 1 1 1 1 2 2 4 1 2 2 3 2 1 2 3 2 2 1 3 3 2 2 3 2 3 2 2 5 2 4 1 1 2 3 2 4 4 1 1 2 1 2 1 1 2 2 3 3 1 2 1 1 3 1 2 1 3 1 2 3 2 3 3 1 2 1 2 2 1 1 1 2 2 2 4 1 1 1 2 3 4 4 2 2 1 1 3 1 3 2 1 3 2 3 1 4 1 2 2 2 2 1 2 1 1 1 1 1 1 1 1 1 3 4 1 2 5 3 1 1 2 2 2 1 2 3 1 3 3 3 2 2 3 4 1 1 2 2 3 3 1 2 2 1 5 2 6 3 1 2 1 1 1 4 4 1 2 4 2 1 3 3 1 1 1 2 1 1 6 1 3 2 6 2 5 2 2 5 1 1 1 1 3 1 1 2 1 2 1 3 6 3 1 2 2 3 2 2 3 2 1 2 1 1 1 1 3 3 1 2 2 1 2 1 3 1 1 2 1 4 1 1 1 1 1 2 1 3 1 1 3 1 1 3 1 1 2 2 1 3 5 2 3 1 1 3 1 1 2 1 2 1 4 1 1 2 1 2 5 1 1 3 2 1 2 1 3 4 2 2 2 4 1 1 5 2 1 3 2 2 3 2 2 1 1 1 1 1 3 2 1 4 4 2 3 1 4 2 2 4 2 1 2 1 1 3 6 4 3 5 2 2 1 1 2 1 1 1 4 2 1 1 2 1 2 3 2 3 2 1 3 1 2 1 3 6 6 1 1 2 7 1 3 2 2 1 1 2 3 2 1 1 1 3 2 3 1 1 1 3 3 1 3 1 1 1 2 4 1 1 1 2 3 2 3 1 1 4 2 2 1 1 1 4 4 2 2 3 1 1 1 3 2 1 2 1 1 1 1 4 6 4 2 1 5 2 3 2 1 2 1 4 2 1 1 2 3 3 1 1 2 2 1 3 2 4 2 2 2 3 3 1 1 1 1 2 1 1 1 2 3 1 3 7 1 3 2 2 2 1 2 1 2 1 4 1 2 3 4 1 1 2 2 3 3 1 2 3 3 2 2 1 2 2 5 3 4 2 4 2 2 1 2 1 1 1 1 5 3 2 2 3 2 2 5 1 1 1 1 4 2 7 1 1 2 1 3 4 1 2 3 3 1 3 3 1 2 2 1 2 1 2 1 1 3 3 4 1 2 2 1 4 3 2 3 2 1 1 3 1 5 1 2 3 1 1 1 2 2 1 2 1 2 3 1 2 3 1 4 2 2 2 2 2 2 2 1 3 3 1 2 3 3 4 3 3 3 2 3 2 2 1 2 1 1 3 2 4 1 2 3 1 3 5 3 3 2 1 2 2 3 1 2 3 3 2 3 2 2 1 4 2 6 2 2 1 3 2 2 1 1 2 2 2 1 1 2 1 3 2 4 1 2 1 3 3 1 2 1 3 2 4 2 2 1 2 1 3 2 1 3 3 1 2 1 4 1 4 2 1 3 1 3 1 2 1 1 1 2 2 2 1 1 1 2 1 1 1 3 3 5 2 2 2 2 2 3 3 3 4 2 3 2 3 2 3 4 3 2 1 2 1 1 1 4 1 2 3 1 1 2 1 2 2 2 1 3 2 2 1 2 1 3 2 1 1 1 3 3 2 1 1 4 1 1 1 1 3 1 2 3 1 3 3 4 1 2 4 1 2 2 3 2 1 1 3 1 1 2 2 3 3 2 1 1 1 3 1 1 1 1 5 1 4 1 1 2 2 1 2 2 3 1 2 4 2 2 1 2 1 1 3 4 1 2 2 1 1 1 1 5 1 3 1 3 3 5 1 1 3 3 2 2 1 2 3 4 1 2 2 2 2 1 1 4 1 2 1 1 1 3 1 2 4 1 2 1 2 4 3 3 1 1 4 3 3 2 2 1 1 1 1 6 1 2 3 2 4 1 2 3 2 1 3 1 1 1 2 1 2 2 3 2 1 1 2 1 2 3 1 2 1 3 2 1 3 1 2 2 1 2 1 4 5 3 2 1 1 3 5 3 1 1 3 2 2 3 3 3 1 2 3 2 1 1 1 2 2 1 3 2 2 4 1 1 2 1 2 1 1 2 3 2 1 4 2 1 3 2 7 3 3 1 1 1 1 2 1 1 2 3 2 2 1 4 3 1 1 1 2 1 3 1 2 2 3 2 4 5 1 1 1 5 4 3 1 2 2 2 1 1 3 3 1 2 5 2 1 2 1 4 1 1 2 5 1 1 1 2 1 3 1 2 3 1 3 1 1 2 4 2 1 2 1 1 4 3 1 2 1 2 1 3 3 3 2 2 3 1 2 2 1 4 1 1 1 4 2 1 1 2 2 2 2 1 2 1 2 1 1 5 3 1 2 3 1 1 2 2 2 3 1 1 1 1 3 2 2 2 1 1 1 2 1 1 2 1 1 3 1 2 1 1 1 2 2 2 2 1 1 2 2 3 1 1 4 2 1 1 2 1 3 1 1 2 1 2 3 1 3 1 2 2 1 4 1 2 2 1 1 1 2 1 3 1 2 1 1 2 2 1 4 1 2 2 1 1 5 3 1 2 1 2 1 2 1 3 3 2 1 4 1 1 2 2 3 1 4 1 1 1 1 1 2 6 1 1 4 3 1 4 2 1 3 2 3 2 2 1 1 2 5 1 1 3 2 2 1 2 2 1 2 1 2 1 2 1 2 1 3 1 2 2 1 1 4 1 1 1 1 2 2 4 2 2 1 1 7 2 2 1 4 3 1 4 1 1 4 1 5 1 1 1 1 2 4 3 3 2 2 4 1 3 3 2 2 2 4 2 1 1 1 1 4 1 5 5 4 3 2 1 1 3 1 3 1 1 1 1 3 2 2 2 2 1 2 2 1 1 2 2 1 1 2 3 2 1 1 3 2 2 3 2 3 3 3 3 2 3 1 1 3 2 2 5 3 1 2 4 3 2 2 2 2 2 1 2 3 2 3 2 2 1 3 2 1 2 1 3 2 4 1 2 2 1 4 2 4 1 1 4 2 2 2 1 2 3 2 1 3 1 2 1 1 1 5 1 2 1 2 4 1 1 5 2 1 1 1 1 2 5 2 1 1 2 1 2 3 1 1 2 3 3 4 1 1 1 1 1 3 1 1 1 1 5 4 3 1 1 1 3 4 1 2 4 3 2 2 3 3 1 4 1 3 2 2 5 1 6 1 2 3 1 1 1 2 1 1 2 3 1 1 1 3 3 2 2 3 3 2 2 2 2 1 4 3 1 1 1 2 2 1 2 4 2 1 1 1 2 2 1 3 4 4 3 2 2 1 4 2 7 1 4 3 3 2 5 1 2 4 2 3 2 2 2 1 1 2 1 3 1 1 2 2 3 1 1 1 1 2 2 2 2 3 1 1 3 7 2 5 1 2 2 5 2 1 6 2 2 4 2 3 1 3 6 2 2 3 4 3 1 1 3 2 2 2 5 1 1 3 2 2 4 1 2 1 2 1 2 2 3 1 2 1 1 3 2 2 1 1 1 2 3 5 2 1 2 3 2 4 1 2 3 1 1 1 1 2 2 2 1 2 3 5 1 1 1 1 1 2 2 3 2 2 2 3 3 2 1 5 3 1 1 3 3 2 2 1 2 1 1 2 5 4 2 2 3 5 4 1 1 2 4 3 2 3 3 2 3 1 1 1 1 1 1 1 1 2 3 3 1 3 5 1 2 1 2 2 1 2 3 1 3 5 2 2 1 2 5 1 1 3 1 2 3 4 1 2 1 1 1 1 2 5 3 1 2 2 3 4 2 1 2 1 1 2 3 3 1 3 1 2 4 3 1 3 1 1 1 1 3 1 3 2 2 1 2 1 2 3 2 3 3 1 3 3 2 2 3 1 4 3 1 1 1 2 1 1 1 3 3 1 1 2 1 2 3 1 1 1 2 3 3 2 2 1 1 2 1 1 1 3 1 2 4 3 1 3 2 5 3 4 3 2 1 3 3 6 1 2 3 3 1 2 3 1 4 3 1 1 3 3 1 1 2 2 1 2 3 3 2 2 2 2 1 3 2 3 1 1 2 3 2 4 2 1 2 4 1 2 1 2 1 1 4 1 2 1 4 2 2 2 1 2 2 2 2 4 1 3 2 1 1 1 2 2 1 4 2 1 2 2 1 1 1 2 2 2 2 3 1 2 2 6 1 2 4 1 1 5 2 5 2 4 3 3 1 2 4 1 1 3 4 1 4 1 1 5 2 1 2 4 1 1 2 1 3 3 3 3 3 3 2 1 2 1 2 2 1 2 5 4 2 1 1 2 3 1 2 1 1 1 2 4 2 1 1 1 2 4 4 1 3 1 1 1 4 4 2 2 2 1 2 3 2 2 2 1 4 1 2 1 3 1 1 2 4 2 3 3 1 3 2 4 3 1 1 1 1 2 1 1 1 3 1 2 3 1 3 2 1 1 4 3 3 4 2 2 1 4 1 2 3 1 1 2 2 1 1 3 2 4 2 2 1 2 1 2 1 2 2 2 1 2 2 3 2 3 2 1 1 2 1 3 1 3 1 5 2 2 3 1 2 1 2 1 1 4 3 1 1 3 1 2 3 1 2 4 2 1 1 3 2 3 2 1 1 2 4 3 2 2 1 1 1 1 2 2 1 4 1 2 2 1 2 1 1 2 2 1 2 1 1 2 2 2 5 1 1 2 5 3 1 3 1 1 1 1 1 1 3 1 2 1 3 1 1 3 1 2 5 2 2 2 3 1 1 2 1 4 3 1 2 3 3 2 2 1 1 4 1 3 3 1 3 2 2 2 2 4 1 2 1 1 2 1 2 3 1 1 2 2 1 2 2 4 1 2 4 2 3 2 2 1 1 4 4 1 2 4 1 1 4 1 1 1 1 3 1 1 5 4 1 4 2 2 2 1 1 3 4 2 1 1 1 2 1 2 2 3 2 1 3 1 4 1 3 3 2 4 1 1 4 3 3 1 1 4 1 2 2 2 2 1 4 2 1 1 1 2 2 1 2 1 3 2 2 4 1 1 1 1 2 5 2 3 2 3 1 1 3 2 6 1 2 2 1 2 2 3 2 1 3 1 1 3 1 1 2 1 3 3 3 2 1 1 3 2 1 3 1 1 1 2 2 1 6 1 2 1 1 1 4 1 3 2 2 2 3 2 1 1 3 2 2 1 3 1 2 1 1 3 1 2 2 1 2 3 2 2 2 2 1 2 1 2 2 4 1 1 1 1 1 1 2 2 1 2 1 3 1 1 1 2 2 4 1 1 2 1 4 1 2 3 4 3 1 2 1 2 1 3 2 1 3 2 1 2 1 1 6 3 2 4 2 4 2 2 1 3 1 1 1 2 2 3 4 1 1 1 2 2 1 2 1 2 4 4 3 2 2 2 1 2 2 2 2 2 3 3 1 1 1 3 4 2 2 2 2 1 5 3 2 3 5 1 4 1 2 4 2 2 2 1 2 1 3 2 1 
  #Test Small 7502
  #Test Medium 17130
  #Test Large 23202
