.c
1111111111111111111111111111111111111111111111111111111111111111111111111111111111111111111111111111
1211212131112112112112141312121121111211111411212121121211411212121121112131131211121211111114131211
1111111111111111111111111111111111211111211111111111111111111111111111211111111112111112111311111111
1312112121121112121112112141212121111311111212131114131121211211211111111121113111111111121114131211
1111111111111111111211111111111111111111211111111111111111111111111211211111211114112111111211111111
1212141212111211111111212121114112114111112111312111131211212112111111112121111411111121211112121121
1111111111121113121211111111411111111121311141111121111111111111111212111111121111211111112111111111
1111121121111211111114112121111121311111111111211111112121121111211111112111111211112121111112121211
1121111111131112121111111111211111111212111121112121111111111211111114111112111111111111413111111111
1111212112111111111213131211111212111111131111311111211211121111121111111211121121121211111111111111
1311111111131212121111111111111111121211111111111211111111111111111131211111111111111112121112121211
1111211211111111111112121411211112111112111212111111412111211111212111111111212111212111111211111111
1211111111121112121211111111112111112111111111113111111111111211111111211211111121111111211112121111
1111211212111211111111111112111112111111112112111121312121211111211211111112121111212111111211111211
1211111111111111121121212111111111112121111111112111111111112121111111211111111211111121211113111111
1111212121213113111111111121311213111111212121211141311212111111212121112112111111212111112111121121
1211111111111111121211211111111111121211111111112111111111121111111111211111112111111121111111111111
1111112121212111111111114111212111111112131211111121413121111211211131111214111111212111311214111211
1212111111111111121311211121111111121211111112121111111111121111112111111111111311111121111111121111
1111121311112121111111114111112112111112111311111121212131111111111121111311111111213111121111111111
1131111112111111111212111114111111112111111112121111111111121211121111211112121311111112111121121111
1111111211112131131111111211112112111131212111111211121211111113111111112111111111121211111111111211
1112111112111111111121211112111111112111111121211111111111121211121212111141211111111111112121211111
1111111111131111212111111411121112111121121111112121311213111111111111111111112112111312111111111411
1211211121111121111111111112111111121111111211211111111111121131211121111111111111121111111121211111
1111112111312111112113111211121212111121211111113112111121111111111111213121212121111212121111112121
1121211111111111211111121112111111112111111121111111111111112131121211111111111111311111111112111111
1111112121121211112121111211112121211121112111111112111212111111111111212111112111113112121111111111
1211111111111112111111111111211111111111111111311211121111121114121121111114111121211111111121212111
1111211211121111121211211111112111211121111121111112111412111111111111111211121111112111112111111141
1121111111111211111111111121211141114111111111212111111111111121211111211112111211211121111141111111
1111313113121111313112141111112111111111211211111112112112121111114121112111111111111111411111311121
1111111111111211111111111112111121121121111111312111111111111211211111111121111212112131111411111111
1111312112121111212112121211121111111111211211111121121111211111111111111111211111111111111111212121
1111111111111211111111111112111211121111111111312111111211111111112121214121112141211211212121111111
1212114112111112121311211211111112111121121211111111211113121111111111111111111111111111111111212111
1111111111121311111111111112121211112111111111121211111111111211211314121213111111112112121111111111
1211121211111114111112111111111112111141121121111112112112111111111111111111111211211111111212112111
1111111113112111113111121111111111121111111111312111111111111212112121211121211111111211111111111121
1141111211111111211121111121121121111211111311111112121211411111111111112111111212111111211211211111
1111211111121211111111211111111111111111211113121111111111112112121311111121111111113111111111111211
1121112121111112121211111314111211121211112111111121212141111111111111114111212121411112121111111111
1111111111112111111112121111111111111111211112111111111111211111412114111111111111112111111112121211
1212111121211111411111111212112131212111112111111212131111112121111111121112121211111141211111111111
1111131111113121111121111111111111111112111121121111111113111111121214111111111111212111112111212111
1212111121111111211111121131121212111111111111111111211311131121111111121112114121111111211131111121
1111121111121111112121111111111111112121111111311211111112111111141121111411111111214111111111211111
1112111112111312111111121312113121111111212121111111121211112111111111121114113111111111212111111131
1111121411111111121141111111111111111211111111211212111112111141211411111111111111131121111111111111
1121111112121211111111211111311213121114131211111111111111121111111111111121212111111111212131211411
1111212111111111212121112121111111111211111112121412121212111212111212112111111112111121111111111111
1111111121111311111111211111121121211111111111111111111111111111111111111121211211111111121121211211
1121312111211112121111111212111111113112111312111121111211112112121211211111111112121211111111111111
1111111111112111111211311111121412111111131111111111111112111111111111113112131111111111111212121111
1141212121111121211111112121111111112121111111411121114111112111121111111111111211212121211111111211
1111111111214111111112111111111214111111113111112111111112111121111212112121121111111111111112121111
1111211141111111411111121212141111111212111114111121211111141111111111111111111212121131111111111121
1121112111111111112121111111111112121111121111121111112111111211212111212111121111111111212121211111
1111211114121111211111212121212111111211111121111211211121211111111111111121111212111111111111112141
1121112111111121111111111111111121211114111111111111113111113112121121121111121111112121312141111111
1111111111112111213121112121121111111211111211111121211111211111111111111212111131111111111111112111
1311212121211111111111211111111211211111211112112111111311112111211121111111112111121211112121111111
1111111111111211211211112111211111112111114111111112111114111141111111121212111112111112111111112121
1211121212121111111111211121112111211121211112121111121111112111212111111111111211131111141214111111
1111111111111111211211112111111111112111111311111212111211211111111121121212131112111211111111121111
1112111212112121111114111141212121211121131111121111111111111212121111111111111211111112111121111211
1211111111111111121111112111111111111111111211111211314111111111111212121211211113121211111111121111
1112121111112111111111111121212121111312141112111111111121111113111111111111112111111111121211111111
1211111212111111112121212111111111121111111111121121112111112111121141211121111131131111111112111121
1112131111111121211111111121141312111211211214111111111141311112111111111111211111111312121111111111
1111111121141111111111312111111111111111111111112121212111112111121121212121111211211111111312111121
1111211111111211411211111121212111121111211411411111111131211114111111111111211111113112111111141111
1311111121111111111111312111111121111111111111111212112111112111112121112111111212111111111214111111
1112111111111212112111111121121111212111412111411111111113111111211111111112121111121112111111141121
1211121111121111111121212111111131111141111111111311121111111111111212121211111111111211121212111111
1112111121111111111111111111412111211111112112111112111121411121121111111112141111111112111111121211
1111121111212111212121411121111111111212111111111111114111114111111111211111111121111111111314111111
1121111111111121111111111111121121111111121111121311211111111112112121111211312111121121121111111411
1111111121112111212113141211111111211111111112111111112121213111111111111111111111111111111121121111
1111411111411141111111111111312111112131111111111113111111111111111131211112112121121212111111111121
1121111211111111131111121211111121211111141212121211111211211112121111111111111111111111121113112111
1111111112121211111111111112121111112111111111111114111111111211111112121111121214121111111211111141
1412111411111111121211212111111211211111211121121111112111211113112111111212111111111412111111121111
1111111111131211111111111112131111111121112111111121411121111111111111411111112121121111121141111211
1211412121111111212112121211111212121111211121211111111111211112113121112131111111111111111111211111
1111111111211111111111111112111111111111113111112111121211111111111111211111212111211211141211111211
1131121211112121121211141211121141112121111112111121111112121211121211111211111111111112111111121111
1111111111211111111113111111111111211111212111112111211111111111111111211112131121212111131111111121
1212121211112112121211111213121211111111111121411131111212121212112131112111111111111112111111212111
1111111112111111111111211111111113112121414111114111411111111111111111211131314121121111112121111111
1211212111112112121211111121112111111111111111211131111212121121211111112111111111111121111111212111
1111111111211111111112121111111121312111213141111111211111111111112121211121211112112111121111111141
1112112111111121111111111131412111111121111111211211112121121111111111112111111211111121111121112111
1111111141311111112111131111111121211111112121111111111111111121212111211112111111114111212111111111
1111312111111121211111111112121111112111111111211211141112111111111121111111111111211111111121112121
1121111121121111112121212111111121111121111211111111111211121121121111111212111311112141112111111111
1111411111111111111111111121211111141111411111121111211112111111111212121111111111111111111121312141
1211114111121211411131112111111212111111112121111311112111111213111111111121111121311312111111111111
1112111121111111111111111131411111111121211111121112111111211111121212131111141111111111114121213121
1111111111111111111111111111111111111111111111111111111111111111111111111111111111111111111111111111
