126000	61100
126000	152099
54999	152099
54999	61100
126000	60900
54999	60900
126000	151899
54999	151899
125850	82500
123357	84264
57943	129144
106950	111700
125850	85899
96099	63149
74299	127949
62534	130534
101076	111900
123985	70599
126000	61100
115524	89074
61999	122050
74099	121050
119450	89000
61588	127561
123949	78850
78571	88628
58949	126350
73022	139672
83699	82099
70215	139915
80782	134445
94660	131200
121899	111800
83199	142500
103773	133142
62149	143900
82576	138683
103000	129049
72349	136722
59121	133428
128300	87105
123500	93100
68590	130900
71200	130356
126899	91550
83575	132075
55849	138500
59293	136899
67799	134680
72400	134099
91800	89300
99400	80350
94549	86149
87479	92750
100450	77199
105149	68450
93899	90899
103349	78499
57350	107850
73449	103000
104999	74050
66724	101525
70299	97700
88599	86154
95149	76300
89799	83050
79244	91255
97879	75260
84299	92800
102749	66548
100975	70425
93299	83150
87438	89688
117749	63099
73399	114400
111850	80300
109699	81950
105949	89300
109899	90150
89749	111600
116263	84043
112549	89100
75045	116499
116599	78600
113849	68235
81380	88569
106199	78150
91999	93400
91299	78499
68549	106399
73399	107250
103100	85550
103050	88449
99350	89100
86199	84250
95283	93499
130121	144478
115249	155949
91800	164599
74049	168950
77800	168250
112100	158349
126000	152099
75459	173699
69299	70949
56399	173581
63099	173581
126299	143199
72111	163440
74799	164200
95513	156204
105705	150849
111049	147950
101099	155999
87450	162750
103599	157299
115850	149000
84145	162645
95277	159441
65549	68700
129419	169630
127840	171936
120620	174779
124049	171500
116807	176742
120811	177566
65449	57500
54999	61100
126549	178350
123264	178978
68409	55750
126649	169250
104250	171149
122472	162230
118360	162700
102549	168200
119949	159350
129249	158249
124188	166738
114799	172359
103905	175945
125037	163337
120519	167570
107149	140250
93859	148540
79449	149700
71200	152600
106549	142900
122449	132899
83299	77299
98399	147650
110084	141460
72624	150425
129249	112200
98799	137899
64049	147500
94399	138900
70926	148369
54999	152099
64199	151600
82850	146200
68938	149950
112653	140745
126034	133716
121031	139016
107946	148196
109742	145007
77009	81190
123009	137362
128849	131849
67500	160965
96750	151600
126669	136469
129556	128800
121437	135367
104975	146625
76450	157950
88549	58950
117173	139323
101650	149050
54999	151899
126000	60900
126000	151899
54999	60900
126090	116200
79513	93813
124600	122799
124149	114300
104733	125383
83804	117572
129207	104692
107172	115804
82049	94000
123350	127849
118543	122350
129305	79024
83943	123850
100355	66050
83943	116250
74778	138022
129305	97874
118543	114750
74778	129172
100355	73650
125199	76307
125199	66092
129700	76307
129700	66092
104326	58503
119872	66123
119872	63075
119872	67647
104326	75267
104326	64542
119872	61551
104326	70695
104326	67647
119872	58503
119872	60027
104326	69171
104326	66123
104326	63075
119872	75267
104326	73743
119872	64542
104326	61551
119872	70695
119872	72219
119872	73743
104326	60027
119872	69171
104326	72219
125235	131819
125235	133089
125235	134359
130765	131819
125235	135629
130765	134359
125235	136899
130765	133089
130765	136899
130765	135629
88016	74285
94382	71745
88016	75555
88016	73015
88016	71745
94382	73015
94382	74285
94382	75555
100416	58800
100416	52799
100416	60300
100416	55800
86582	54299
86582	55800
100416	51300
86582	51300
86582	52799
86582	60300
86582	58800
86582	57300
100416	54299
100416	57300
91600	61767
89949	61767
122105	119800
96793	68600
122105	117300
122105	118550
125743	87824
125743	86574
125743	85324
125743	89074
125743	92824
125743	91574
125743	90324
125743	84074
87505	118800
96793	69850
96793	71100
87505	120050
125743	82824
125743	81574
87505	121300
78340	132972
125743	95325
78340	134222
78340	135472
78340	131722
125743	94074
110199	138005
109250	134495
111149	138005
110199	134495
111149	134495
109250	138005
129326	114801
103942	124453
129326	113150
127437	114801
100243	125150
114143	113250
105831	124453
112255	113250
127437	111499
98355	125150
129326	111499
127437	113150
129326	124961
127437	124961
105593	156400
103705	156400
125900	126244
124550	106606
124550	108494
92900	91306
111099	89993
84699	88106
125900	124356
124299	126244
91299	89993
106099	91306
111099	88106
92850	88106
106099	93194
112649	88106
119299	93194
119299	91306
119249	89993
84699	89993
86249	88106
92850	89993
86249	89993
112699	93194
112699	91306
112649	89993
119249	88106
117699	89993
117699	88106
124550	113506
99499	91306
99449	89993
124299	123093
99499	93194
86299	91306
84749	106606
104500	88106
97900	89993
124299	121205
97900	88106
99449	88106
86299	93194
92900	93194
91299	88106
106049	88106
104500	89993
124550	115393
106049	89993
84749	108494
124299	124356
127407	117708
102978	127575
102978	126925
106221	127575
106221	128875
106221	128225
102978	128225
102978	128875
106221	126925
128056	117708
127407	122308
129356	122308
128707	122308
128707	117708
129356	117708
128056	122308
108394	75200
97293	58800
106506	75200
68356	129400
70244	129400
95405	58800
129343	117450
129343	126549
129343	124950
109949	135205
128381	120951
109949	137093
129199	115094
129199	113206
128381	119064
127455	117450
127455	126549
125856	114800
127455	124950
125856	113150
127743	114800
127743	113150
125950	117306
125950	119193
124349	119193
130286	107594
84749	115343
130286	105706
124349	117306
130286	110791
130286	108904
84749	113456
98155	170046
109585	170046
95995	166995
111746	166995
107655	173425
105775	163696
110195	174946
97546	173425
108315	163696
100086	174946
81919	157800
84459	157800
107045	161156
92079	157800
103235	163696
89539	157800
101965	161156
104505	161156
100695	163696
86999	157800
99425	161156
67099	167199
67099	169200
63099	167199
59099	167199
61100	167199
57099	169200
57099	167199
65100	167199
61100	169200
59099	169200
63099	169200
65100	169200
88034	171791
87233	170591
85634	170591
88833	170591
86433	171791
68700	170600
55499	170600
83583	175641
90883	175641
91099	122274
112499	117725
91099	117725
112499	122274
107899	103094
94699	103094
114500	103094
121099	103094
88099	103094
101299	103094
113865	97800
94064	97800
120464	97800
100664	97800
107264	97800
87464	97800
108534	97800
88099	105634
121734	97800
88099	106907
91099	126124
121099	104364
95334	97800
101299	104364
112499	126124
88099	104364
121099	105634
121099	106907
115135	97800
107899	106907
101934	97800
94699	105634
107899	104364
107899	105634
94699	104364
101299	105634
114500	105634
114500	106907
94699	106907
101299	106907
114500	104364
88734	97800
95615	121215
95615	117785
54249	95075
54249	86824
105647	141090
102348	141090
119349	109500
89949	111950
122150	109500
87149	109500
119349	111950
87149	111950
122150	111950
89949	109500
74914	159629
74914	162429
108599	143350
110899	143350
108599	145849
110899	145849
94699	91684
66064	159749
121099	93815
116834	99899
103635	99899
129700	169985
70464	159749
105764	101950
114500	91684
90434	99899
81314	106149
68334	159749
116834	101950
81314	108250
80300	160985
97034	99899
110234	99899
88099	93815
114500	93815
63934	152250
92564	101950
101299	93815
92564	99899
79184	108250
118965	99899
129700	172115
66064	152250
90434	101950
107899	93815
118965	101950
101299	91684
110234	101950
122699	71564
112364	101950
97034	101950
121099	91684
107899	91684
103635	101950
99164	101950
94699	93815
84999	76835
88099	91684
122699	69435
112364	99899
80300	163115
74684	148700
84999	78964
76814	148700
63934	159749
99164	99899
79184	106149
105764	99899
92399	95250
110299	95250
116900	95250
104649	97449
91450	97449
112199	95250
98999	95250
111249	97449
85749	95250
105600	95250
118799	95250
114949	153199
90500	95250
115900	155400
117849	97449
98050	97449
103699	95250
116850	153199
83850	95250
97099	95250
84799	97449
88749	166032
94359	80250
113909	109500
102960	81049
120760	83449
88339	128650
85390	162382
98589	123550
95390	125150
112489	111549
115690	109500
100009	109500
92940	80250
96810	123550
100009	111549
109290	109500
70359	152250
83659	162382
94359	81900
100009	113785
98589	115436
82239	162382
100009	115436
103033	113531
89759	81049
86809	162382
104454	113531
92940	81900
110710	111549
112489	109500
88339	81049
114739	79450
95390	123550
98589	113785
88339	79450
68940	152250
110710	109500
96790	79450
98589	111549
114739	81049
101539	81049
109290	111549
70859	142650
93609	111549
96810	109500
69439	142650
88339	82650
69439	144449
92940	83499
116159	82650
119339	81850
120760	80250
89439	162400
116159	81049
95390	111549
107559	80250
92189	109500
69439	141050
70859	141050
112159	140549
89759	82650
93609	109500
98209	79450
106760	134850
110740	140549
92189	111549
105339	134850
95390	109500
106139	80250
101539	82650
70859	144449
109039	128550
110459	128550
70859	146050
119339	80250
69439	146050
120760	81850
112489	114950
66270	137300
102960	82650
98589	109500
101539	79450
70909	137300
102960	79450
69489	137300
114739	82650
96810	125150
100009	123550
113909	111549
89759	128650
96810	111549
64850	137300
115690	111549
116159	79450
117110	109500
119339	83449
117110	111549
94359	83499
113909	114950
89759	79450
96758	113964
115900	89759
120850	86560
122749	73990
120850	85140
87850	89759
93456	113964
115406	149147
114249	88340
122749	67109
95107	115383
89499	88340
115149	135439
113882	150567
115406	150567
115900	88340
125549	143139
80549	165140
64049	101910
122649	128290
99849	82560
117399	149147
113499	135439
119249	86560
122749	75410
93456	115383
119249	85140
114249	89759
62199	126140
117699	91540
95107	113964
68850	100490
67249	100490
94449	86560
109204	124019
101499	150040
126222	106852
129499	168060
129499	166640
126222	108271
124550	110039
72799	158640
72799	160060
109204	120844
55449	161940
119650	140390
84699	91540
101499	151460
83449	82560
109204	122600
115149	136859
103100	150040
53749	161940
116699	136859
116499	126589
89499	89759
92850	86560
68850	101910
118250	135439
67249	101910
116499	128009
106499	143540
72049	100490
94449	85140
72049	101910
106499	144960
98249	81140
124550	111459
119849	136859
119849	135439
83449	81140
70449	101910
118250	136859
64049	103889
109204	119425
94449	88340
122649	126509
62199	131310
62199	129890
85049	82560
98499	120439
65649	101910
99849	81140
91299	91540
111900	149140
64049	100490
86650	81140
113499	136859
120850	88340
62199	127560
117699	92960
122649	129710
113882	149147
111900	150560
96758	115383
120850	89759
55449	163359
53749	163359
109204	117669
119650	141809
87850	88340
98249	82560
84699	92960
103100	151460
122649	125090
85049	81140
65649	100490
116699	135439
62250	134840
98499	121860
70449	100490
100099	120439
109204	116250
92850	85140
64049	105310
100099	121860
62250	136260
106049	85140
113050	81140
127200	144559
118799	153660
102699	89759
106049	81940
91299	92960
117399	150567
107599	83359
111099	91540
94449	89759
68850	111459
107649	89759
68850	110039
104500	92960
84749	110039
127200	143139
102699	88340
125549	144559
107649	88340
106049	83359
107599	81940
101049	88340
128799	144559
109849	82560
97900	91540
84749	111459
107649	85140
113050	82560
111449	82560
111099	92960
104500	91540
65649	110089
107649	86560
65649	111509
128799	143139
118799	152240
111449	81140
106049	86560
97900	92960
122749	65689
86650	82560
109849	81140
80549	166560
101049	89759
66499	104600
67450	104600
66499	107399
68399	107399
68399	104600
106950	120824
106950	109975
90336	84712
103536	84712
116736	84712
85736	86012
116736	85362
106950	111275
106950	111924
90336	86012
98936	84712
106950	122124
103536	85362
112136	86662
116736	86012
106950	121475
98936	86012
112136	86012
103536	86012
102349	111275
85736	86662
112136	84712
102349	120824
102349	111924
102349	121475
98936	85362
102349	122775
102349	109975
85736	85362
103536	86662
102349	122124
102349	110624
90336	86662
112136	85362
116736	86662
85736	84712
106950	122775
106950	110624
98936	86662
90336	85362
90949	166982
90949	165082
90859	162400
115499	170939
115499	172359
117549	167990
117549	169410
93099	165321
92900	162560
93099	166741
71400	168639
71400	170060
92900	161140
74099	124664
57350	111515
120800	141935
96449	138365
96449	136234
124234	175150
111800	135135
118327	144064
115800	68235
120800	144065
57979	131515
98536	141520
111800	137264
59549	98685
108150	136535
108150	138664
115800	70365
93499	144715
55849	131515
93499	142584
113499	142434
59549	100815
118327	141934
59750	111515
126365	175150
59750	109384
74099	122535
98536	139389
113499	144565
57350	109384
99999	85889
121699	85899
106599	85899
119799	85899
62199	134550
64099	134550
108399	73000
101900	85889
108499	85899
114149	88090
106499	73000
120750	88100
63149	136749
100949	88090
107449	70799
113200	85889
107549	88100
115099	85889
119899	90800
108899	91750
100099	92690
89799	80650
100099	90790
121199	80650
106700	92700
115499	91740
113999	79699
105799	81600
87599	79699
100799	79699
113300	92690
116199	80650
106700	90800
66250	122999
64049	122050
122100	91750
64049	123949
105799	79699
118999	79699
103000	80650
113300	90790
100799	81600
102299	91740
94799	80650
119899	92700
87599	81600
118999	81600
113999	81600
92599	81600
92599	79699
108000	80650
101199	64200
97699	64200
107859	64200
111359	64200
65389	132150
66809	132150
118360	161099
116890	157600
95109	149850
98759	154749
118310	154350
114590	147400
100289	83690
67340	148249
93689	149850
100039	137250
63510	132150
101459	137250
91660	61749
125639	129600
68760	148249
101459	135649
62089	132150
89214	134105
87289	71350
65110	144499
63690	144499
102089	150550
118310	157600
118310	159300
63690	141100
97339	153199
67340	144549
103509	150550
68760	139100
87793	134105
93909	74649
98259	149850
78910	156600
67340	142750
116890	154350
68760	142750
91660	60150
65110	142700
116890	159300
119259	174899
63690	142700
68409	57500
68760	140699
67340	140699
65110	141100
74039	175150
117839	174899
90240	61749
75459	175150
67340	139100
97339	154749
101459	134050
90160	128900
93909	73000
65110	146100
127060	129600
89289	91099
108310	83700
74339	156600
100039	135649
90709	89300
68760	146650
75469	176760
88739	128900
67340	146650
94509	61749
98759	153199
66989	68700
116940	161099
77490	156600
90240	60150
90709	91099
68760	144549
108160	76800
63690	146100
68409	68700
75759	156600
74049	176760
100039	134050
106890	83700
96840	149850
92489	76300
101382	141090
102389	144499
114909	83690
105978	141090
103809	144499
66090	119900
62889	119900
113489	83690
121509	83700
104557	139439
116009	147400
64309	119900
87289	73000
101382	139439
104557	141090
102803	139439
88709	73000
93089	61749
116890	155949
92489	73000
89289	89300
87489	149800
93909	76300
67510	119900
118310	155949
66989	57500
88910	149800
102803	141090
92489	74649
106740	76800
110042	154679
101710	83690
105978	139439
108621	154679
120089	83700
88709	71350
66200	135840
112299	150560
103799	154960
120049	136859
86700	138370
74874	112377
67799	135840
116850	135439
95149	64589
111099	86059
86700	146760
93549	70410
120049	135439
68499	127710
86799	74890
111099	90979
74874	107257
96700	134060
70100	127710
97900	92399
106599	68460
95149	68990
97900	90979
101099	153339
70899	63810
104500	86109
97900	86059
95149	70410
104500	90989
89949	74890
70899	62390
117699	87840
74874	110957
120232	145972
67799	137260
111099	89250
108200	67039
95649	154310
94050	154310
66200	137260
105400	154960
104500	87840
118581	147392
111099	87830
97900	84639
106599	67039
97900	89250
117699	90989
113899	150560
115249	135439
117699	89260
68499	126290
85799	149190
95300	143860
117699	86109
85799	150609
84699	84639
70100	126290
113649	136859
88299	138360
84699	86059
108200	68460
117699	92409
118450	136859
98536	143555
105899	128960
104500	89260
95300	142440
118581	145972
105400	153540
98536	144974
74874	108677
104500	84689
113649	135439
86700	136951
111699	144910
86700	145340
96700	132640
89949	76310
111099	84639
74549	153439
73750	149509
116850	136859
104500	92409
73750	148089
94050	152890
118450	135439
112299	149140
95649	152890
88399	74890
111699	143490
74549	154860
113899	149140
97900	87830
101099	154759
95149	66010
117699	84689
115249	136859
104999	75290
86799	76310
93549	68990
88299	136939
111099	92399
103799	153540
120232	147392
88399	76310
104999	76710
125860	124950
104073	112896
104073	114547
124439	124950
103899	122510
103899	121090
103870	118431
103870	117012
102652	114547
102652	112896
105902	121090
102299	122510
102299	117012
105902	114367
105899	127540
105902	122510
102299	121090
105902	117012
105902	112948
102299	118431
105902	118431
127699	55000
117599	161450
98536	141520
130299	161450
98536	139389
68700	75882
68700	92042
127699	55000
53400	131799
53450	131749
127699	55000
83599	102499
125599	102499
117599	161450
130299	161450
127699	55000
125599	102499
83599	102499
76946	154552
67400	155849
58550	105149
68700	87892
68700	80392
115914	142999
83299	96750
98536	141520
98536	139389
101549	94100
107117	157981
103705	158000
112181	157981
110292	157981
105593	158000
109006	157981
85049	75550
61824	133250
69535	154399
74899	157900
119340	155659
123899	133250
97950	133149
53149	105500
85300	155050
63850	111249
71949	142950
104841	83649
66300	142450
80344	140544
119924	137865
66200	143471
128550	129600
110199	138900
72949	152900
123200	164400
128224	168475
90350	73050
72049	99450
121072	164272
57574	102750
93647	151899
74646	152153
129800	120600
118350	137949
70535	154399
71400	171099
98999	132899
114849	176850
79246	152102
63850	108250
90240	63350
95600	90350
54399	105500
79449	151050
115549	168350
122549	172850
115949	139570
78099	142100
72889	176460
77797	140740
107149	146050
103549	131000
104200	128750
93199	77650
129139	105940
100099	132849
101449	132100
115249	133600
72320	154164
68409	58710
109039	127350
84349	153449
115099	163800
97549	65499
119949	133550
103999	82650
76894	145955
80499	145200
118699	168200
63934	157385
74181	147068
125399	165300
104521	81600
68700	72600
98899	69850
116599	170939
123899	131649
71949	146550
90549	71350
74599	99075
85341	153429
67350	150949
118150	128009
66200	150949
80099	97199
102749	134900
126224	120475
115800	164799
102729	135958
126199	164200
128149	116200
80999	153750
129092	115900
88849	151636
53149	104000
70899	61150
63850	109750
69535	156450
67199	149850
108599	141849
104150	136500
100187	138804
101756	138375
115199	137949
64449	149000
124149	165000
110199	133550
61349	103550
70535	156450
105112	136699
94300	58800
124029	120050
72650	148099
104170	135479
65649	149170
104350	80650
122472	165400
129524	119298
75446	151000
78381	143059
118150	133750
120950	127899
95344	81805
105750	131000
104521	79699
116639	172359
68149	145599
100648	145044
106410	138296
104599	131350
81020	141799
86049	154274
104999	82700
107199	128800
77363	151035
71999	144050
74874	105550
66150	97850
113200	134199
117849	171800
94323	151207
62599	145849
115750	165899
69535	155450
61349	108050
102900	133900
53149	102499
70359	150949
68940	151150
63934	156350
127799	164550
96299	75100
125449	121439
86949	153015
126699	158249
76570	145057
111359	65639
115600	169600
114350	158549
93399	94100
80306	143233
116699	138199
100932	147766
67450	103200
73750	150729
78063	143958
70535	155450
91750	86400
91149	80650
61349	109550
88149	152996
110800	150050
124724	90324
92900	163700
128020	84074
103939	159150
127899	82824
78016	163208
64049	63099
57979	133019
65649	99200
70849	163700
85799	64800
97059	56599
72740	130945
115800	72049
122955	141300
124774	91574
54249	97200
95849	158108
111833	154952
96356	86215
129700	73800
98349	83656
108949	88150
91949	83499
124484	86574
124484	87824
68549	165050
75849	103699
94824	158240
124700	89074
71849	129349
111449	83549
84050	83531
83950	125499
112493	148156
127946	135629
102219	119881
75643	132972
113046	146784
87149	165800
73670	162429
73800	133049
103100	152500
82049	131100
115800	66300
76049	101450
86199	79900
116449	63075
116299	108050
79014	160985
62149	163499
103743	119500
81899	129700
128300	85949
126499	137899
124800	92824
102629	153429
78149	162049
85350	127220
112699	79400
108562	112515
57300	164699
80799	99200
101850	95250
82055	92755
124774	94074
71849	132254
56249	164699
91049	82650
117399	151923
79301	126200
113200	94100
96020	88250
106499	155050
67600	123875
85049	83549
91199	76300
74960	117689
83599	84712
91299	79699
89150	163850
91790	161140
70499	166300
63263	126100
84749	112549
121849	79549
61349	106550
67199	124900
71400	167650
117478	81029
99306	83690
111549	93950
124349	144559
117649	82099
117150	83050
86350	163599
121292	73743
79249	165450
122699	72850
117499	79379
123985	69435
129724	139650
118250	83349
91805	112613
123373	145524
107849	95550
122100	82667
71728	127174
97199	67350
129700	68550
125649	140850
129299	137899
122150	87600
83301	98063
82625	91149
102599	155350
117349	146899
119700	94050
104454	111753
77299	163850
122299	89200
55199	166450
107960	156711
104949	93950
113871	153299
54399	107000
82550	163499
127200	140499
62889	118790
120197	148700
106599	94100
83804	121300
104300	108050
101750	61400
112459	83690
81613	166500
99400	157205
118150	93950
73249	165350
53149	107000
73449	104350
125149	78850
102299	123553
104922	123250
114799	154749
86400	131950
129099	145599
78167	139182
101677	124275
87249	78499
86799	94100
96099	130171
79849	137500
78910	158200
128074	95325
120783	140721
81449	135499
57350	112799
80549	136600
104549	150849
99999	94100
100450	129650
91550	129349
68850	112499
89699	131649
112299	145900
72799	161300
96909	129660
111947	156700
61729	139199
102149	128200
97349	77049
98699	130299
127995	133089
105849	125750
118310	176699
81400	137650
85799	71695
98759	152049
65649	112649
66200	162349
108300	79250
76999	100350
99499	129750
72049	140599
100550	78575
61349	105049
99567	130727
125714	173499
109500	76800
98349	93950
64149	64050
108699	82550
66300	140699
123825	172924
97781	130044
79000	136649
84599	73950
68700	95450
106399	119500
61849	137250
62674	142725
126100	172503
103278	148950
92800	127600
127600	173599
99899	151700
101199	127899
107050	125349
58149	98685
95199	129750
106970	124019
92309	70410
96830	84779
70024	135900
62599	141100
91315	81588
85799	66100
74049	170450
65899	138550
126249	130800
86999	128750
66064	160965
95999	77500
122899	80500
96299	75100
107050	125349
96499	80749
83299	112549
77149	102449
101999	77199
83299	79350
95149	78600
109849	83700
76999	100350
130099	103799
89399	78000
109984	85350
66150	103050
115113	143799
116713	142199
116713	143799
115113	142199
101750	61400
85799	71695
129299	137899
99400	157205
126699	158249
105349	142568
113871	153299
85300	155050
124349	128900
70535	155450
92950	58950
91149	80650
127200	140499
129099	145599
69535	155450
73249	165350
98759	152049
81613	166500
74899	157900
128550	129600
119518	149549
69649	63099
106410	156330
71400	167650
69535	154399
103278	148950
123373	145524
110199	138900
77500	166600
124949	127350
63934	155350
129724	139650
70535	154399
78910	158200
86350	163599
119293	157700
121072	164272
90240	63350
77964	157785
124349	144559
79246	152102
119924	137865
58264	100815
113549	151580
79249	165450
93199	77650
124700	161500
66150	97850
71400	171099
130049	141050
120197	148700
60849	100815
115750	165899
117224	148099
118150	133750
101299	68600
82550	163499
100648	145044
66064	160965
94350	174899
86199	73000
119340	155659
106499	155050
91315	81588
72320	154164
84599	73950
107149	146050
96999	146387
89150	163850
70499	166300
114350	158549
95450	73000
91790	161140
77206	173856
57300	164699
115099	163800
56249	164699
85049	75550
117399	151923
67350	162349
102629	153429
82055	92755
115800	158100
85799	64800
120783	140721
84349	153449
104549	150849
53149	102499
126499	137899
115199	137949
112493	148156
70535	156450
70899	61150
72799	161300
102398	145799
70849	163700
68700	72600
114799	154749
63934	157385
72799	157350
111947	156700
78149	162049
66200	162349
68409	70040
58149	98685
79014	160985
69535	157485
65649	99200
76649	68750
113046	146784
91299	79699
62149	163499
77149	176349
88149	152996
70535	157485
91049	82650
85799	66100
104150	145799
85341	153429
113963	146380
103100	152500
123899	131649
119550	142800
87149	165800
73670	162429
100932	147766
127946	135629
84999	58900
119650	150550
86949	153015
116699	138199
109199	149150
126249	130800
93647	151899
118350	137949
74049	170450
77299	163850
75749	170650
59549	102100
115800	164799
91949	83499
117499	163649
115949	139570
95849	158108
72889	176460
119949	133550
127995	133089
72550	155350
125649	140850
77155	171356
102599	155350
110650	151150
98899	69850
63934	156350
122200	143600
107960	156711
117349	146899
95114	148420
55199	166450
56649	161950
99899	151700
87489	151250
86049	154274
117453	145950
62250	162400
88849	151636
127200	127799
106449	152900
78016	163208
119899	161500
94323	151207
122955	141300
92900	163700
112299	145900
110800	150050
103939	159150
78964	163115
68549	165050
108599	141849
123899	133250
80999	153750
97549	157249
97349	77049
111833	154952
69535	156450
94824	158240
108569	160267
113933	140850
73502	155552
82625	91149
96550	148450
116299	108050
82049	131100
75643	132972
103743	119500
75549	134449
92800	127600
76049	101450
104886	117689
59309	134840
87850	127274
73800	133049
86999	128750
102219	119881
123450	177150
70024	135900
102299	123553
86400	131950
91550	129349
87249	78499
65899	138550
117991	110737
101677	124275
61849	137250
105400	120050
86199	79900
106399	119500
128074	95325
71300	136236
96830	84779
57979	133019
128020	84074
124724	90324
103702	115690
124774	91574
72740	130945
126549	176750
71849	129349
124484	87824
96356	86215
83950	125499
59399	132250
127899	82824
124700	89074
81066	128600
97059	56599
71849	132254
74099	131450
124774	94074
67799	133524
75643	131722
81899	129700
85350	127220
61824	133250
104649	115584
108562	112515
124800	92824
80799	99200
128300	85949
86799	94100
72049	140599
105849	125750
78167	139182
100450	129650
87932	135933
88784	135507
99499	129750
126100	172503
81400	137650
118310	176699
98699	130299
102149	128200
85148	136648
64149	64050
54399	105500
61349	105049
85649	137479
90350	73050
71999	141849
122549	172850
78549	140106
95636	132750
104649	127200
68049	141749
62674	142725
66300	142450
123825	172924
99567	130727
64049	63099
95199	129750
81449	135499
79000	136649
127600	173599
71699	138550
100550	78575
63149	139050
89699	131649
88000	132400
61729	139199
104922	123250
129309	173444
102768	124383
83950	135349
101199	127899
66300	140699
125714	173499
86049	135549
87049	135549
97781	130044
106970	124019
96909	129660
122309	176600
80549	136600
96099	130171
62599	141100
92309	70410
79849	137500
84050	83531
101850	95250
53149	108500
103150	93000
112699	79400
75899	113400
67949	115650
115800	72049
54399	108500
108699	82550
109849	80150
116449	63075
68700	95450
73690	112377
115800	66300
109984	85350
73449	104350
112459	83690
69199	116900
62889	118790
91849	107800
106599	94100
67949	118150
75849	103699
111449	83549
69199	115650
108949	88150
67949	116900
104949	93950
97199	67350
63850	109750
104350	80650
108899	70400
97549	65499
111359	65639
103999	82650
104521	81600
74874	105550
63850	108250
95600	90350
104521	79699
65599	108849
61349	109550
93399	94100
61349	108050
74974	109967
72949	110350
98349	93950
65649	112649
99999	94100
68850	112499
73800	110957
63850	111249
94649	95574
104999	82700
104841	83649
109500	76800
108300	79250
57350	112799
67199	127000
59459	127560
54399	107000
125149	78850
83301	98063
118150	93950
53149	107000
85582	119627
61349	106550
63263	126100
116349	93000
83804	121300
104300	108050
122100	82667
122150	87600
104454	111753
119700	94050
89949	93000
79301	126200
129700	73800
98349	83656
124484	86574
103703	111100
71728	127174
91099	74890
129700	68550
105394	110483
122299	89200
59359	129890
98299	59100
107849	95550
117499	79379
117478	81029
117150	83050
57024	122625
99306	83690
54249	97200
69199	118150
117416	75267
84749	112549
56974	121375
74960	117689
96020	88250
117649	82099
113200	94100
83599	84712
85049	83549
67600	123875
101076	109467
67199	124900
121849	79549
91805	112613
111549	93950
121292	73743
118250	83349
123985	69435
91199	76300
122699	72850
114849	176850
53149	104000
72650	148099
124029	120050
104150	136500
126199	164200
128149	116200
94399	140549
125399	165300
102729	135958
65649	149170
104170	135479
64449	149000
105112	136699
101756	138375
129092	115900
88576	145250
110199	133550
85161	146131
67199	149850
88606	144297
100187	138804
124149	165000
96700	140979
95699	141350
74181	147068
93149	139199
86556	141894
102900	133900
85309	142648
116599	170939
76570	145057
71953	145400
78063	143958
85153	141688
127799	164550
90200	140100
118462	170787
70050	147500
76894	145955
92043	140793
61349	103550
80499	145200
114709	127274
71949	146550
80099	97199
66150	103050
90549	71350
118649	169410
102749	134900
74646	152153
115249	133600
100899	142350
72049	99450
94346	178200
79449	151050
95344	81805
113200	134199
120950	127899
67350	153050
77363	151035
95300	144850
115549	168350
96449	145599
57574	102750
125699	161450
127644	123800
103743	142106
72949	152900
94699	146000
129800	120600
127749	161378
123200	164400
63934	154300
129524	119298
125449	121439
74599	99075
94300	58800
70359	150949
68940	151150
115600	169600
118150	128009
66200	150949
118699	168200
67350	150949
103743	138296
126224	120475
106410	138296
125890	122809
122472	165400
75446	151000
83149	148800
96999	143400
84399	147850
91750	86400
85350	147350
67350	152049
127318	120717
73750	150729
81020	141799
71999	144050
88199	139449
86199	78850
97800	135000
103549	131000
78099	142100
94899	135900
107199	128800
109039	127350
116639	172359
78381	143059
90400	139150
105750	131000
68149	145599
126603	111499
117849	171800
62599	145849
104599	131350
86546	140320
80344	140544
128224	168475
97950	133149
68409	58710
53149	105500
104200	128750
84185	138707
77797	140740
66200	143471
85629	138453
127350	109138
123899	169675
100099	132849
124550	112649
101449	132100
128049	167149
71949	142950
129139	105940
84201	139660
98999	132899
89250	139950
67450	103200
80306	143233
123550	116000
84199	141678
117224	148099
63934	155350
117416	75267
70050	147500
71300	136236
124349	128900
68049	141749
94346	178200
70535	157485
59459	127560
95999	77500
106449	152900
63934	154300
65599	108849
109849	83700
106410	156330
75643	131722
110650	151150
108569	160267
119293	157700
69199	116900
75549	134449
109849	80150
101999	77199
58264	100815
119650	150550
89949	93000
122899	80500
89399	78000
77149	102449
77500	166600
62250	162400
59549	102100
109199	149150
116349	93000
83299	79350
103150	93000
113933	140850
67350	152049
117453	145950
67949	115650
72550	155350
117499	163649
60849	100815
125890	122809
124550	112649
113549	151580
67949	118150
95149	78600
59359	129890
98299	59100
102768	124383
67949	116900
74099	131450
77964	157785
105349	142568
96499	80749
126603	111499
127350	109138
69199	118150
92950	58950
130049	141050
103702	115690
78549	140106
54399	108500
100899	142350
104150	145799
103743	138296
53149	108500
124949	127350
86199	73000
113963	146380
59399	132250
78964	163115
76649	68750
59309	134840
73502	155552
56649	161950
130099	103799
95450	73000
81066	128600
127200	127799
83299	112549
91099	74890
88000	132400
123550	116000
118462	170787
69535	157485
119550	142800
104886	117689
127644	123800
108899	70400
101076	109467
115800	158100
128049	167149
118649	169410
117991	110737
129309	173444
104649	115584
69199	115650
94350	174899
101299	68600
71699	138550
119518	149549
68409	70040
104649	127200
67350	153050
84999	58900
105400	120050
94649	95574
127318	120717
87850	127274
86199	78850
97549	157249
75749	170650
114709	127274
95636	132750
91849	107800
63149	139050
69649	63099
85582	119627
72799	157350
103743	142106
67350	162349
87489	151250
122200	143600
55950	116325
75946	168806
55950	127675
55950	135725
75946	178906
55950	142075
130249	161450
117649	161450
120309	178704
128310	178704
126309	178704
122309	178704
118310	178704
124309	178704
129199	160050
129199	162850
118699	162850
118699	160050
78696	175106
78696	173856
58700	120125
58700	118875
58700	138275
58700	125125
78696	171356
78696	172606
58700	122625
58700	139525
78696	176356
58700	121375
58700	123875
127310	175103
125309	175103
123310	175103
121309	175103
129309	175103
119309	175103
122200	162850
125699	160050
125199	162850
121199	162850
126199	162850
122699	160050
120700	160050
126699	160050
123200	162850
127200	162850
121699	160050
120199	162850
119700	160050
123699	160050
127699	160050
124199	162850
128199	162850
124700	160050
98662	149979
82663	133978
72299	57500
72299	68700
102135	144065
104335	144065
104335	147766
102135	147766
69850	120900
71749	120900
120499	125650
118599	125650
70799	123100
119550	127849
66250	128450
64049	129400
64049	127500
101049	155935
70150	127174
70150	133524
64850	125904
64850	128444
70150	132254
95749	155935
70150	125904
70150	129714
101049	153395
101049	157205
64850	127174
70150	130984
64850	129714
64850	130984
70150	128444
70150	134794
64850	133524
64850	134794
95749	154665
101049	154665
64850	132254
95749	157205
95749	153395
72420	107866
73690	107866
73690	115567
76230	107866
76230	115567
72420	115567
74960	115567
74960	107866
64249	147500
64249	144700
65199	144700
66150	147500
65199	147500
66150	144700
110604	153729
82959	164882
58099	162550
85759	164882
107804	155628
58099	161600
68399	62150
65599	64050
68399	63099
60899	161600
107804	154679
107804	153729
85759	166781
82959	166781
60899	162550
68399	64050
58099	163499
65599	63099
60899	163499
82959	165832
110604	154679
110604	155628
85759	165832
65599	62150
126100	167175
98512	140979
82812	146979
98512	140479
82812	147978
98512	141478
82812	147479
98512	139479
82812	145478
98512	138978
82812	146478
98512	139979
82812	145979
98512	145979
98512	145478
98512	144979
98512	147479
98512	146979
98512	146478
98512	142979
98512	142479
98512	141979
98512	144479
98512	143978
98512	143479
98512	138479
82812	139979
82812	139479
82812	138978
82812	141478
82812	140979
82812	140479
82812	136979
82812	136478
82812	135979
82812	138479
82812	137979
82812	137479
98512	137479
82812	143978
98512	136979
82812	144979
98512	137979
82812	144479
98512	135979
82812	142479
82812	141979
82812	143479
98512	136478
82812	142979
98512	147978
90662	134129
85662	149829
96663	134129
85163	149829
94662	149829
91162	134129
86662	149829
95163	134129
84662	134129
86162	149829
96162	134129
95662	134129
84662	149829
89162	134129
87162	134129
86662	134129
88662	134129
88162	134129
87663	134129
89662	134129
95662	149829
95163	149829
90163	134129
96663	149829
96162	149829
86162	134129
94662	134129
92663	134129
91162	149829
91663	149829
93162	134129
90163	149829
90662	149829
94163	149829
92162	134129
93162	149829
91663	134129
92663	149829
93662	149829
92162	149829
85662	134129
88162	149829
88662	149829
89162	149829
93662	134129
87162	149829
87663	149829
94163	134129
85163	134129
89662	149829
106950	115575
113963	143249
117863	142748
113963	142249
113963	141749
117863	144249
117863	143249
113963	144249
117863	141749
113963	142748
117863	143749
113963	143749
117863	142249
114664	141049
115663	141049
115163	141049
116164	141049
116164	144949
117164	144949
116663	144949
115663	144949
114664	144949
115163	144949
116663	141049
117164	141049
79047	156651
77446	152252
75446	156852
75946	156852
77947	152252
75946	152252
75446	152252
76946	152252
76447	152252
78446	152252
77446	156852
78446	156852
77947	156852
76447	156852
76946	156852
74646	153552
74646	153052
79246	153052
74646	154051
74646	156052
74646	155052
79246	156052
79246	154552
79246	154051
79246	153552
79246	155052
74646	155552
74646	154552
79246	155552
70999	141849
72999	141200
70999	141200
72999	141849
72999	144750
70999	144750
72999	142500
70999	145400
72999	146050
70999	146050
72999	145400
70999	142500
68149	154449
67149	157249
67149	154449
67650	154449
68149	157249
67650	157249
66649	154449
66649	157249
57574	106550
58874	103749
58224	106550
59524	103749
57574	103749
59524	106550
58224	103749
58874	106550
106950	116225
106950	116875
106950	117525
102349	117525
102349	115575
102349	116225
102349	116875
120199	169775
120199	170424
120199	171075
120199	169124
120199	167175
120199	167824
120199	168475
126100	167824
126100	170424
126100	171075
126100	171724
126100	169775
120199	171724
126100	168475
126100	169124
208500	61100
208500	152099
137499	152099
137499	61100
208500	60900
137499	60900
208500	151899
137499	151899
208350	82500
205857	84264
140443	129144
189450	111700
208350	85899
178599	63149
156799	127949
145034	130534
183576	111900
206485	70599
208500	61100
198024	89074
144499	122050
156599	121050
201950	89000
144088	127561
206449	78850
161071	88628
141449	126350
155522	139672
166199	82099
152715	139915
163282	134445
177160	131200
204399	111800
165699	142500
186273	133142
144649	143900
165076	138683
185500	129049
154849	136722
141621	133428
210800	87105
206000	93100
151090	130900
153700	130356
209399	91550
166075	132075
138349	138500
141793	136899
150299	134680
154900	134099
174300	89300
181900	80350
177049	86149
169979	92750
182950	77199
187649	68450
176399	90899
185849	78499
139850	107850
155949	103000
187499	74050
149224	101525
152799	97700
171099	86154
177649	76300
172299	83050
161744	91255
180379	75260
166799	92800
185249	66548
183475	70425
175799	83150
169938	89688
200249	63099
155899	114400
194350	80300
192199	81950
188449	89300
192399	90150
172249	111600
198763	84043
195049	89100
157545	116499
199099	78600
196349	68235
163880	88569
188699	78150
174499	93400
173799	78499
151049	106399
155899	107250
185600	85550
185550	88449
181850	89100
168699	84250
177783	93499
212621	144478
197749	155949
174300	164599
156549	168950
160300	168250
194600	158349
208500	152099
157959	173699
151799	70949
138899	173581
145599	173581
208799	143199
154611	163440
157299	164200
178013	156204
188205	150849
193549	147950
183599	155999
169950	162750
186099	157299
198350	149000
166645	162645
177777	159441
148049	68700
211919	169630
210340	171936
203120	174779
206549	171500
199307	176742
203311	177566
147949	57500
137499	61100
209049	178350
205764	178978
150909	55750
209149	169250
186750	171149
204972	162230
200860	162700
185049	168200
202449	159350
211749	158249
206688	166738
197299	172359
186405	175945
207537	163337
203019	167570
189649	140250
176359	148540
161949	149700
153700	152600
189049	142900
204949	132899
165799	77299
180899	147650
192584	141460
155124	150425
211749	112200
181299	137899
146549	147500
176899	138900
153426	148369
137499	152099
146699	151600
165350	146200
151438	149950
195153	140745
208534	133716
203531	139016
190446	148196
192242	145007
159509	81190
205509	137362
211349	131849
150000	160965
179250	151600
209169	136469
212056	128800
203937	135367
187475	146625
158950	157950
171049	58950
199673	139323
184150	149050
137499	151899
208500	60900
208500	151899
137499	60900
208590	116200
162013	93813
207100	122799
206649	114300
187233	125383
166304	117572
211707	104692
189672	115804
164549	94000
205850	127849
201043	122350
211805	79024
166443	123850
182855	66050
166443	116250
157278	138022
211805	97874
201043	114750
157278	129172
182855	73650
207699	76307
207699	66092
212200	76307
212200	66092
186826	58503
202372	66123
202372	63075
202372	67647
186826	75267
186826	64542
202372	61551
186826	70695
186826	67647
202372	58503
202372	60027
186826	69171
186826	66123
186826	63075
202372	75267
186826	73743
202372	64542
186826	61551
202372	70695
202372	72219
202372	73743
186826	60027
202372	69171
186826	72219
207735	131819
207735	133089
207735	134359
213265	131819
207735	135629
213265	134359
207735	136899
213265	133089
213265	136899
213265	135629
170516	74285
176882	71745
170516	75555
170516	73015
170516	71745
176882	73015
176882	74285
176882	75555
182916	58800
182916	52799
182916	60300
182916	55800
169082	54299
169082	55800
182916	51300
169082	51300
169082	52799
169082	60300
169082	58800
169082	57300
182916	54299
182916	57300
174100	61767
172449	61767
204605	119800
179293	68600
204605	117300
204605	118550
208243	87824
208243	86574
208243	85324
208243	89074
208243	92824
208243	91574
208243	90324
208243	84074
170005	118800
179293	69850
179293	71100
170005	120050
208243	82824
208243	81574
170005	121300
160840	132972
208243	95325
160840	134222
160840	135472
160840	131722
208243	94074
192699	138005
191750	134495
193649	138005
192699	134495
193649	134495
191750	138005
211826	114801
186442	124453
211826	113150
209937	114801
182743	125150
196643	113250
188331	124453
194755	113250
209937	111499
180855	125150
211826	111499
209937	113150
211826	124961
209937	124961
188093	156400
186205	156400
208400	126244
207050	106606
207050	108494
175400	91306
193599	89993
167199	88106
208400	124356
206799	126244
173799	89993
188599	91306
193599	88106
175350	88106
188599	93194
195149	88106
201799	93194
201799	91306
201749	89993
167199	89993
168749	88106
175350	89993
168749	89993
195199	93194
195199	91306
195149	89993
201749	88106
200199	89993
200199	88106
207050	113506
181999	91306
181949	89993
206799	123093
181999	93194
168799	91306
167249	106606
187000	88106
180400	89993
206799	121205
180400	88106
181949	88106
168799	93194
175400	93194
173799	88106
188549	88106
187000	89993
207050	115393
188549	89993
167249	108494
206799	124356
209907	117708
185478	127575
185478	126925
188721	127575
188721	128875
188721	128225
185478	128225
185478	128875
188721	126925
210556	117708
209907	122308
211856	122308
211207	122308
211207	117708
211856	117708
210556	122308
190894	75200
179793	58800
189006	75200
150856	129400
152744	129400
177905	58800
211843	117450
211843	126549
211843	124950
192449	135205
210881	120951
192449	137093
211699	115094
211699	113206
210881	119064
209955	117450
209955	126549
208356	114800
209955	124950
208356	113150
210243	114800
210243	113150
208450	117306
208450	119193
206849	119193
212786	107594
167249	115343
212786	105706
206849	117306
212786	110791
212786	108904
167249	113456
180655	170046
192085	170046
178495	166995
194246	166995
190155	173425
188275	163696
192695	174946
180046	173425
190815	163696
182586	174946
164419	157800
166959	157800
189545	161156
174579	157800
185735	163696
172039	157800
184465	161156
187005	161156
183195	163696
169499	157800
181925	161156
149599	167199
149599	169200
145599	167199
141599	167199
143600	167199
139599	169200
139599	167199
147600	167199
143600	169200
141599	169200
145599	169200
147600	169200
170534	171791
169733	170591
168134	170591
171333	170591
168933	171791
151200	170600
137999	170600
166083	175641
173383	175641
173599	122274
194999	117725
173599	117725
194999	122274
190399	103094
177199	103094
197000	103094
203599	103094
170599	103094
183799	103094
196365	97800
176564	97800
202964	97800
183164	97800
189764	97800
169964	97800
191034	97800
170599	105634
204234	97800
170599	106907
173599	126124
203599	104364
177834	97800
183799	104364
194999	126124
170599	104364
203599	105634
203599	106907
197635	97800
190399	106907
184434	97800
177199	105634
190399	104364
190399	105634
177199	104364
183799	105634
197000	105634
197000	106907
177199	106907
183799	106907
197000	104364
171234	97800
178115	121215
178115	117785
136749	95075
136749	86824
188147	141090
184848	141090
201849	109500
172449	111950
204650	109500
169649	109500
201849	111950
169649	111950
204650	111950
172449	109500
157414	159629
157414	162429
191099	143350
193399	143350
191099	145849
193399	145849
177199	91684
148564	159749
203599	93815
199334	99899
186135	99899
212200	169985
152964	159749
188264	101950
197000	91684
172934	99899
163814	106149
150834	159749
199334	101950
163814	108250
162800	160985
179534	99899
192734	99899
170599	93815
197000	93815
146434	152250
175064	101950
183799	93815
175064	99899
161684	108250
201465	99899
212200	172115
148564	152250
172934	101950
190399	93815
201465	101950
183799	91684
192734	101950
205199	71564
194864	101950
179534	101950
203599	91684
190399	91684
186135	101950
181664	101950
177199	93815
167499	76835
170599	91684
205199	69435
194864	99899
162800	163115
157184	148700
167499	78964
159314	148700
146434	159749
181664	99899
161684	106149
188264	99899
174899	95250
192799	95250
199400	95250
187149	97449
173950	97449
194699	95250
181499	95250
193749	97449
168249	95250
188100	95250
201299	95250
197449	153199
173000	95250
198400	155400
200349	97449
180550	97449
186199	95250
199350	153199
166350	95250
179599	95250
167299	97449
171249	166032
176859	80250
196409	109500
185460	81049
203260	83449
170839	128650
167890	162382
181089	123550
177890	125150
194989	111549
198190	109500
182509	109500
175440	80250
179310	123550
182509	111549
191790	109500
152859	152250
166159	162382
176859	81900
182509	113785
181089	115436
164739	162382
182509	115436
185533	113531
172259	81049
169309	162382
186954	113531
175440	81900
193210	111549
194989	109500
170839	81049
197239	79450
177890	123550
181089	113785
170839	79450
151440	152250
193210	109500
179290	79450
181089	111549
197239	81049
184039	81049
191790	111549
153359	142650
176109	111549
179310	109500
151939	142650
170839	82650
151939	144449
175440	83499
198659	82650
201839	81850
203260	80250
171939	162400
198659	81049
177890	111549
190059	80250
174689	109500
151939	141050
153359	141050
194659	140549
172259	82650
176109	109500
180709	79450
189260	134850
193240	140549
174689	111549
187839	134850
177890	109500
188639	80250
184039	82650
153359	144449
191539	128550
192959	128550
153359	146050
201839	80250
151939	146050
203260	81850
194989	114950
148770	137300
185460	82650
181089	109500
184039	79450
153409	137300
185460	79450
151989	137300
197239	82650
179310	125150
182509	123550
196409	111549
172259	128650
179310	111549
147350	137300
198190	111549
198659	79450
199610	109500
201839	83449
199610	111549
176859	83499
196409	114950
172259	79450
179258	113964
198400	89759
203350	86560
205249	73990
203350	85140
170350	89759
175956	113964
197906	149147
196749	88340
205249	67109
177607	115383
171999	88340
197649	135439
196382	150567
197906	150567
198400	88340
208049	143139
163049	165140
146549	101910
205149	128290
182349	82560
199899	149147
195999	135439
201749	86560
205249	75410
175956	115383
201749	85140
196749	89759
144699	126140
200199	91540
177607	113964
151350	100490
149749	100490
176949	86560
191704	124019
183999	150040
208722	106852
211999	168060
211999	166640
208722	108271
207050	110039
155299	158640
155299	160060
191704	120844
137949	161940
202150	140390
167199	91540
183999	151460
165949	82560
191704	122600
197649	136859
185600	150040
136249	161940
199199	136859
198999	126589
171999	89759
175350	86560
151350	101910
200750	135439
149749	101910
198999	128009
188999	143540
154549	100490
176949	85140
154549	101910
188999	144960
180749	81140
207050	111459
202349	136859
202349	135439
165949	81140
152949	101910
200750	136859
146549	103889
191704	119425
176949	88340
205149	126509
144699	131310
144699	129890
167549	82560
180999	120439
148149	101910
182349	81140
173799	91540
194400	149140
146549	100490
169150	81140
195999	136859
203350	88340
144699	127560
200199	92960
205149	129710
196382	149147
194400	150560
179258	115383
203350	89759
137949	163359
136249	163359
191704	117669
202150	141809
170350	88340
180749	82560
167199	92960
185600	151460
205149	125090
167549	81140
148149	100490
199199	135439
144750	134840
180999	121860
152949	100490
182599	120439
191704	116250
175350	85140
146549	105310
182599	121860
144750	136260
188549	85140
195550	81140
209700	144559
201299	153660
185199	89759
188549	81940
173799	92960
199899	150567
190099	83359
193599	91540
176949	89759
151350	111459
190149	89759
151350	110039
187000	92960
167249	110039
209700	143139
185199	88340
208049	144559
190149	88340
188549	83359
190099	81940
183549	88340
211299	144559
192349	82560
180400	91540
167249	111459
190149	85140
195550	82560
193949	82560
193599	92960
187000	91540
148149	110089
190149	86560
148149	111509
211299	143139
201299	152240
193949	81140
188549	86560
180400	92960
205249	65689
169150	82560
192349	81140
163049	166560
183549	89759
148999	104600
149950	104600
148999	107399
150899	107399
150899	104600
189450	120824
189450	109975
172836	84712
186036	84712
199236	84712
168236	86012
199236	85362
189450	111275
189450	111924
172836	86012
181436	84712
189450	122124
186036	85362
194636	86662
199236	86012
189450	121475
181436	86012
194636	86012
186036	86012
184849	111275
168236	86662
194636	84712
184849	120824
184849	111924
184849	121475
181436	85362
184849	122775
184849	109975
168236	85362
186036	86662
184849	122124
184849	110624
172836	86662
194636	85362
199236	86662
168236	84712
189450	122775
189450	110624
181436	86662
172836	85362
173449	166982
173449	165082
173359	162400
197999	170939
197999	172359
200049	167990
200049	169410
175599	165321
175400	162560
175599	166741
153900	168639
153900	170060
175400	161140
156599	124664
139850	111515
203300	141935
178949	138365
178949	136234
206734	175150
194300	135135
200827	144064
198300	68235
203300	144065
140479	131515
181036	141520
194300	137264
142049	98685
190650	136535
190650	138664
198300	70365
175999	144715
138349	131515
175999	142584
195999	142434
142049	100815
200827	141934
142250	111515
208865	175150
142250	109384
156599	122535
181036	139389
195999	144565
139850	109384
182499	85889
204199	85899
189099	85899
202299	85899
144699	134550
146599	134550
190899	73000
184400	85889
190999	85899
196649	88090
188999	73000
203250	88100
145649	136749
183449	88090
189949	70799
195700	85889
190049	88100
197599	85889
202399	90800
191399	91750
182599	92690
172299	80650
182599	90790
203699	80650
189200	92700
197999	91740
196499	79699
188299	81600
170099	79699
183299	79699
195800	92690
198699	80650
189200	90800
148750	122999
146549	122050
204600	91750
146549	123949
188299	79699
201499	79699
185500	80650
195800	90790
183299	81600
184799	91740
177299	80650
202399	92700
170099	81600
201499	81600
196499	81600
175099	81600
175099	79699
190500	80650
183699	64200
180199	64200
190359	64200
193859	64200
147889	132150
149309	132150
200860	161099
199390	157600
177609	149850
181259	154749
200810	154350
197090	147400
182789	83690
149840	148249
176189	149850
182539	137250
146010	132150
183959	137250
174160	61749
208139	129600
151260	148249
183959	135649
144589	132150
171714	134105
169789	71350
147610	144499
146190	144499
184589	150550
200810	157600
200810	159300
146190	141100
179839	153199
149840	144549
186009	150550
151260	139100
170293	134105
176409	74649
180759	149850
161410	156600
149840	142750
199390	154350
151260	142750
174160	60150
147610	142700
199390	159300
201759	174899
146190	142700
150909	57500
151260	140699
149840	140699
147610	141100
156539	175150
200339	174899
172740	61749
157959	175150
149840	139100
179839	154749
183959	134050
172660	128900
176409	73000
147610	146100
209560	129600
171789	91099
190810	83700
156839	156600
182539	135649
173209	89300
151260	146650
157969	176760
171239	128900
149840	146650
177009	61749
181259	153199
149489	68700
199440	161099
159990	156600
172740	60150
173209	91099
151260	144549
190660	76800
146190	146100
150909	68700
158259	156600
156549	176760
182539	134050
189390	83700
179340	149850
174989	76300
183882	141090
184889	144499
197409	83690
188478	141090
186309	144499
148590	119900
145389	119900
195989	83690
204009	83700
187057	139439
198509	147400
146809	119900
169789	73000
183882	139439
187057	141090
185303	139439
171209	73000
175589	61749
199390	155949
174989	73000
171789	89300
169989	149800
176409	76300
150010	119900
200810	155949
149489	57500
171410	149800
185303	141090
174989	74649
189240	76800
192542	154679
184210	83690
188478	139439
191121	154679
202589	83700
171209	71350
148700	135840
194799	150560
186299	154960
202549	136859
169200	138370
157374	112377
150299	135840
199350	135439
177649	64589
193599	86059
169200	146760
176049	70410
202549	135439
150999	127710
169299	74890
193599	90979
157374	107257
179200	134060
152600	127710
180400	92399
189099	68460
177649	68990
180400	90979
183599	153339
153399	63810
187000	86109
180400	86059
177649	70410
187000	90989
172449	74890
153399	62390
200199	87840
157374	110957
202732	145972
150299	137260
193599	89250
190700	67039
178149	154310
176550	154310
148700	137260
187900	154960
187000	87840
201081	147392
193599	87830
180400	84639
189099	67039
180400	89250
200199	90989
196399	150560
197749	135439
200199	89260
150999	126290
168299	149190
177800	143860
200199	86109
168299	150609
167199	84639
152600	126290
196149	136859
170799	138360
167199	86059
190700	68460
200199	92409
200950	136859
181036	143555
188399	128960
187000	89260
177800	142440
201081	145972
187900	153540
181036	144974
157374	108677
187000	84689
196149	135439
169200	136951
194199	144910
169200	145340
179200	132640
172449	76310
193599	84639
157049	153439
156250	149509
199350	136859
187000	92409
156250	148089
176550	152890
200950	135439
194799	149140
178149	152890
170899	74890
194199	143490
157049	154860
196399	149140
180400	87830
183599	154759
177649	66010
200199	84689
197749	136859
187499	75290
169299	76310
176049	68990
170799	136939
193599	92399
186299	153540
202732	147392
170899	76310
187499	76710
208360	124950
186573	112896
186573	114547
206939	124950
186399	122510
186399	121090
186370	118431
186370	117012
185152	114547
185152	112896
188402	121090
184799	122510
184799	117012
188402	114367
188399	127540
188402	122510
184799	121090
188402	117012
188402	112948
184799	118431
188402	118431
210199	55000
200099	161450
181036	141520
212799	161450
181036	139389
151200	75882
151200	92042
210199	55000
135900	131799
135950	131749
210199	55000
166099	102499
208099	102499
200099	161450
212799	161450
210199	55000
208099	102499
166099	102499
159446	154552
149900	155849
141050	105149
151200	87892
151200	80392
198414	142999
165799	96750
181036	141520
181036	139389
184049	94100
189617	157981
186205	158000
194681	157981
192792	157981
188093	158000
191506	157981
167549	75550
144324	133250
152035	154399
157399	157900
201840	155659
206399	133250
180450	133149
135649	105500
167800	155050
146350	111249
154449	142950
187341	83649
148800	142450
162844	140544
202424	137865
148700	143471
211050	129600
192699	138900
155449	152900
205700	164400
210724	168475
172850	73050
154549	99450
203572	164272
140074	102750
176147	151899
157146	152153
212300	120600
200850	137949
153035	154399
153900	171099
181499	132899
197349	176850
161746	152102
146350	108250
172740	63350
178100	90350
136899	105500
161949	151050
198049	168350
205049	172850
198449	139570
160599	142100
155389	176460
160297	140740
189649	146050
186049	131000
186700	128750
175699	77650
211639	105940
182599	132849
183949	132100
197749	133600
154820	154164
150909	58710
191539	127350
166849	153449
197599	163800
180049	65499
202449	133550
186499	82650
159394	145955
162999	145200
201199	168200
146434	157385
156681	147068
207899	165300
187021	81600
151200	72600
181399	69850
199099	170939
206399	131649
154449	146550
173049	71350
157099	99075
167841	153429
149850	150949
200650	128009
148700	150949
162599	97199
185249	134900
208724	120475
198300	164799
185229	135958
208699	164200
210649	116200
163499	153750
211592	115900
171349	151636
135649	104000
153399	61150
146350	109750
152035	156450
149699	149850
191099	141849
186650	136500
182687	138804
184256	138375
197699	137949
146949	149000
206649	165000
192699	133550
143849	103550
153035	156450
187612	136699
176800	58800
206529	120050
155150	148099
186670	135479
148149	149170
186850	80650
204972	165400
212024	119298
157946	151000
160881	143059
200650	133750
203450	127899
177844	81805
188250	131000
187021	79699
199139	172359
150649	145599
183148	145044
188910	138296
187099	131350
163520	141799
168549	154274
187499	82700
189699	128800
159863	151035
154499	144050
157374	105550
148650	97850
195700	134199
200349	171800
176823	151207
145099	145849
198250	165899
152035	155450
143849	108050
185400	133900
135649	102499
152859	150949
151440	151150
146434	156350
210299	164550
178799	75100
207949	121439
169449	153015
209199	158249
159070	145057
193859	65639
198100	169600
196850	158549
175899	94100
162806	143233
199199	138199
183432	147766
149950	103200
156250	150729
160563	143958
153035	155450
174250	86400
173649	80650
143849	109550
170649	152996
193300	150050
207224	90324
175400	163700
210520	84074
186439	159150
210399	82824
160516	163208
146549	63099
140479	133019
148149	99200
153349	163700
168299	64800
179559	56599
155240	130945
198300	72049
205455	141300
207274	91574
136749	97200
178349	158108
194333	154952
178856	86215
212200	73800
180849	83656
191449	88150
174449	83499
206984	86574
206984	87824
151049	165050
158349	103699
177324	158240
207200	89074
154349	129349
193949	83549
166550	83531
166450	125499
194993	148156
210446	135629
184719	119881
158143	132972
195546	146784
169649	165800
156170	162429
156300	133049
185600	152500
164549	131100
198300	66300
158549	101450
168699	79900
198949	63075
198799	108050
161514	160985
144649	163499
186243	119500
164399	129700
210800	85949
208999	137899
207300	92824
185129	153429
160649	162049
167850	127220
195199	79400
191062	112515
139800	164699
163299	99200
184350	95250
164555	92755
207274	94074
154349	132254
138749	164699
173549	82650
199899	151923
161801	126200
195700	94100
178520	88250
188999	155050
150100	123875
167549	83549
173699	76300
157460	117689
166099	84712
173799	79699
171650	163850
174290	161140
152999	166300
145763	126100
167249	112549
204349	79549
143849	106550
149699	124900
153900	167650
199978	81029
181806	83690
194049	93950
206849	144559
200149	82099
199650	83050
168850	163599
203792	73743
161749	165450
205199	72850
199999	79379
206485	69435
212224	139650
200750	83349
174305	112613
205873	145524
190349	95550
204600	82667
154228	127174
179699	67350
212200	68550
208149	140850
211799	137899
204650	87600
165801	98063
165125	91149
185099	155350
199849	146899
202200	94050
186954	111753
159799	163850
204799	89200
137699	166450
190460	156711
187449	93950
196371	153299
136899	107000
165050	163499
209700	140499
145389	118790
202697	148700
189099	94100
166304	121300
186800	108050
184250	61400
194959	83690
164113	166500
181900	157205
200650	93950
155749	165350
135649	107000
155949	104350
207649	78850
184799	123553
187422	123250
197299	154749
168900	131950
211599	145599
160667	139182
184177	124275
169749	78499
169299	94100
178599	130171
162349	137500
161410	158200
210574	95325
203283	140721
163949	135499
139850	112799
163049	136600
187049	150849
182499	94100
182950	129650
174050	129349
151350	112499
172199	131649
194799	145900
155299	161300
179409	129660
194447	156700
144229	139199
184649	128200
179849	77049
181199	130299
210495	133089
188349	125750
200810	176699
163900	137650
168299	71695
181259	152049
148149	112649
148700	162349
190800	79250
159499	100350
181999	129750
154549	140599
183050	78575
143849	105049
182067	130727
208214	173499
192000	76800
180849	93950
146649	64050
191199	82550
148800	140699
206325	172924
180281	130044
161500	136649
167099	73950
151200	95450
188899	119500
144349	137250
145174	142725
208600	172503
185778	148950
175300	127600
210100	173599
182399	151700
183699	127899
189550	125349
140649	98685
177699	129750
189470	124019
174809	70410
179330	84779
152524	135900
145099	141100
173815	81588
168299	66100
156549	170450
148399	138550
208749	130800
169499	128750
148564	160965
178499	77500
205399	80500
178799	75100
189550	125349
178999	80749
165799	112549
159649	102449
184499	77199
165799	79350
177649	78600
192349	83700
159499	100350
212599	103799
171899	78000
192484	85350
148650	103050
197613	143799
199213	142199
199213	143799
197613	142199
184250	61400
168299	71695
211799	137899
181900	157205
209199	158249
187849	142568
196371	153299
167800	155050
206849	128900
153035	155450
175450	58950
173649	80650
209700	140499
211599	145599
152035	155450
155749	165350
181259	152049
164113	166500
157399	157900
211050	129600
202018	149549
152149	63099
188910	156330
153900	167650
152035	154399
185778	148950
205873	145524
192699	138900
160000	166600
207449	127350
146434	155350
212224	139650
153035	154399
161410	158200
168850	163599
201793	157700
203572	164272
172740	63350
160464	157785
206849	144559
161746	152102
202424	137865
140764	100815
196049	151580
161749	165450
175699	77650
207200	161500
148650	97850
153900	171099
212549	141050
202697	148700
143349	100815
198250	165899
199724	148099
200650	133750
183799	68600
165050	163499
183148	145044
148564	160965
176850	174899
168699	73000
201840	155659
188999	155050
173815	81588
154820	154164
167099	73950
189649	146050
179499	146387
171650	163850
152999	166300
196850	158549
177950	73000
174290	161140
159706	173856
139800	164699
197599	163800
138749	164699
167549	75550
199899	151923
149850	162349
185129	153429
164555	92755
198300	158100
168299	64800
203283	140721
166849	153449
187049	150849
135649	102499
208999	137899
197699	137949
194993	148156
153035	156450
153399	61150
155299	161300
184898	145799
153349	163700
151200	72600
197299	154749
146434	157385
155299	157350
194447	156700
160649	162049
148700	162349
150909	70040
140649	98685
161514	160985
152035	157485
148149	99200
159149	68750
195546	146784
173799	79699
144649	163499
159649	176349
170649	152996
153035	157485
173549	82650
168299	66100
186650	145799
167841	153429
196463	146380
185600	152500
206399	131649
202050	142800
169649	165800
156170	162429
183432	147766
210446	135629
167499	58900
202150	150550
169449	153015
199199	138199
191699	149150
208749	130800
176147	151899
200850	137949
156549	170450
159799	163850
158249	170650
142049	102100
198300	164799
174449	83499
199999	163649
198449	139570
178349	158108
155389	176460
202449	133550
210495	133089
155050	155350
208149	140850
159655	171356
185099	155350
193150	151150
181399	69850
146434	156350
204700	143600
190460	156711
199849	146899
177614	148420
137699	166450
139149	161950
182399	151700
169989	151250
168549	154274
199953	145950
144750	162400
171349	151636
209700	127799
188949	152900
160516	163208
202399	161500
176823	151207
205455	141300
175400	163700
194799	145900
193300	150050
186439	159150
161464	163115
151049	165050
191099	141849
206399	133250
163499	153750
180049	157249
179849	77049
194333	154952
152035	156450
177324	158240
191069	160267
196433	140850
156002	155552
165125	91149
179050	148450
198799	108050
164549	131100
158143	132972
186243	119500
158049	134449
175300	127600
158549	101450
187386	117689
141809	134840
170350	127274
156300	133049
169499	128750
184719	119881
205950	177150
152524	135900
184799	123553
168900	131950
174050	129349
169749	78499
148399	138550
200491	110737
184177	124275
144349	137250
187900	120050
168699	79900
188899	119500
210574	95325
153800	136236
179330	84779
140479	133019
210520	84074
207224	90324
186202	115690
207274	91574
155240	130945
209049	176750
154349	129349
206984	87824
178856	86215
166450	125499
141899	132250
210399	82824
207200	89074
163566	128600
179559	56599
154349	132254
156599	131450
207274	94074
150299	133524
158143	131722
164399	129700
167850	127220
144324	133250
187149	115584
191062	112515
207300	92824
163299	99200
210800	85949
169299	94100
154549	140599
188349	125750
160667	139182
182950	129650
170432	135933
171284	135507
181999	129750
208600	172503
163900	137650
200810	176699
181199	130299
184649	128200
167648	136648
146649	64050
136899	105500
143849	105049
168149	137479
172850	73050
154499	141849
205049	172850
161049	140106
178136	132750
187149	127200
150549	141749
145174	142725
148800	142450
206325	172924
182067	130727
146549	63099
177699	129750
163949	135499
161500	136649
210100	173599
154199	138550
183050	78575
145649	139050
172199	131649
170500	132400
144229	139199
187422	123250
211809	173444
185268	124383
166450	135349
183699	127899
148800	140699
208214	173499
168549	135549
169549	135549
180281	130044
189470	124019
179409	129660
204809	176600
163049	136600
178599	130171
145099	141100
174809	70410
162349	137500
166550	83531
184350	95250
135649	108500
185650	93000
195199	79400
158399	113400
150449	115650
198300	72049
136899	108500
191199	82550
192349	80150
198949	63075
151200	95450
156190	112377
198300	66300
192484	85350
155949	104350
194959	83690
151699	116900
145389	118790
174349	107800
189099	94100
150449	118150
158349	103699
193949	83549
151699	115650
191449	88150
150449	116900
187449	93950
179699	67350
146350	109750
186850	80650
191399	70400
180049	65499
193859	65639
186499	82650
187021	81600
157374	105550
146350	108250
178100	90350
187021	79699
148099	108849
143849	109550
175899	94100
143849	108050
157474	109967
155449	110350
180849	93950
148149	112649
182499	94100
151350	112499
156300	110957
146350	111249
177149	95574
187499	82700
187341	83649
192000	76800
190800	79250
139850	112799
149699	127000
141959	127560
136899	107000
207649	78850
165801	98063
200650	93950
135649	107000
168082	119627
143849	106550
145763	126100
198849	93000
166304	121300
186800	108050
204600	82667
204650	87600
186954	111753
202200	94050
172449	93000
161801	126200
212200	73800
180849	83656
206984	86574
186203	111100
154228	127174
173599	74890
212200	68550
187894	110483
204799	89200
141859	129890
180799	59100
190349	95550
199999	79379
199978	81029
199650	83050
139524	122625
181806	83690
136749	97200
151699	118150
199916	75267
167249	112549
139474	121375
157460	117689
178520	88250
200149	82099
195700	94100
166099	84712
167549	83549
150100	123875
183576	109467
149699	124900
204349	79549
174305	112613
194049	93950
203792	73743
200750	83349
206485	69435
173699	76300
205199	72850
197349	176850
135649	104000
155150	148099
206529	120050
186650	136500
208699	164200
210649	116200
176899	140549
207899	165300
185229	135958
148149	149170
186670	135479
146949	149000
187612	136699
184256	138375
211592	115900
171076	145250
192699	133550
167661	146131
149699	149850
171106	144297
182687	138804
206649	165000
179200	140979
178199	141350
156681	147068
175649	139199
169056	141894
185400	133900
167809	142648
199099	170939
159070	145057
154453	145400
160563	143958
167653	141688
210299	164550
172700	140100
200962	170787
152550	147500
159394	145955
174543	140793
143849	103550
162999	145200
197209	127274
154449	146550
162599	97199
148650	103050
173049	71350
201149	169410
185249	134900
157146	152153
197749	133600
183399	142350
154549	99450
176846	178200
161949	151050
177844	81805
195700	134199
203450	127899
149850	153050
159863	151035
177800	144850
198049	168350
178949	145599
140074	102750
208199	161450
210144	123800
186243	142106
155449	152900
177199	146000
212300	120600
210249	161378
205700	164400
146434	154300
212024	119298
207949	121439
157099	99075
176800	58800
152859	150949
151440	151150
198100	169600
200650	128009
148700	150949
201199	168200
149850	150949
186243	138296
208724	120475
188910	138296
208390	122809
204972	165400
157946	151000
165649	148800
179499	143400
166899	147850
174250	86400
167850	147350
149850	152049
209818	120717
156250	150729
163520	141799
154499	144050
170699	139449
168699	78850
180300	135000
186049	131000
160599	142100
177399	135900
189699	128800
191539	127350
199139	172359
160881	143059
172900	139150
188250	131000
150649	145599
209103	111499
200349	171800
145099	145849
187099	131350
169046	140320
162844	140544
210724	168475
180450	133149
150909	58710
135649	105500
186700	128750
166685	138707
160297	140740
148700	143471
168129	138453
209850	109138
206399	169675
182599	132849
207050	112649
183949	132100
210549	167149
154449	142950
211639	105940
166701	139660
181499	132899
171750	139950
149950	103200
162806	143233
206050	116000
166699	141678
199724	148099
146434	155350
199916	75267
152550	147500
153800	136236
206849	128900
150549	141749
176846	178200
153035	157485
141959	127560
178499	77500
188949	152900
146434	154300
148099	108849
192349	83700
188910	156330
158143	131722
193150	151150
191069	160267
201793	157700
151699	116900
158049	134449
192349	80150
184499	77199
140764	100815
202150	150550
172449	93000
205399	80500
171899	78000
159649	102449
160000	166600
144750	162400
142049	102100
191699	149150
198849	93000
165799	79350
185650	93000
196433	140850
149850	152049
199953	145950
150449	115650
155050	155350
199999	163649
143349	100815
208390	122809
207050	112649
196049	151580
150449	118150
177649	78600
141859	129890
180799	59100
185268	124383
150449	116900
156599	131450
160464	157785
187849	142568
178999	80749
209103	111499
209850	109138
151699	118150
175450	58950
212549	141050
186202	115690
161049	140106
136899	108500
183399	142350
186650	145799
186243	138296
135649	108500
207449	127350
168699	73000
196463	146380
141899	132250
161464	163115
159149	68750
141809	134840
156002	155552
139149	161950
212599	103799
177950	73000
163566	128600
209700	127799
165799	112549
173599	74890
170500	132400
206050	116000
200962	170787
152035	157485
202050	142800
187386	117689
210144	123800
191399	70400
183576	109467
198300	158100
210549	167149
201149	169410
200491	110737
211809	173444
187149	115584
151699	115650
176850	174899
183799	68600
154199	138550
202018	149549
150909	70040
187149	127200
149850	153050
167499	58900
187900	120050
177149	95574
209818	120717
170350	127274
168699	78850
180049	157249
158249	170650
197209	127274
178136	132750
174349	107800
145649	139050
152149	63099
168082	119627
155299	157350
186243	142106
149850	162349
169989	151250
204700	143600
138450	116325
158446	168806
138450	127675
138450	135725
158446	178906
138450	142075
212749	161450
200149	161450
202809	178704
210810	178704
208809	178704
204809	178704
200810	178704
206809	178704
211699	160050
211699	162850
201199	162850
201199	160050
161196	175106
161196	173856
141200	120125
141200	118875
141200	138275
141200	125125
161196	171356
161196	172606
141200	122625
141200	139525
161196	176356
141200	121375
141200	123875
209810	175103
207809	175103
205810	175103
203809	175103
211809	175103
201809	175103
204700	162850
208199	160050
207699	162850
203699	162850
208699	162850
205199	160050
203200	160050
209199	160050
205700	162850
209700	162850
204199	160050
202699	162850
202200	160050
206199	160050
210199	160050
206699	162850
210699	162850
207200	160050
181162	149979
165163	133978
154799	57500
154799	68700
184635	144065
186835	144065
186835	147766
184635	147766
152350	120900
154249	120900
202999	125650
201099	125650
153299	123100
202050	127849
148750	128450
146549	129400
146549	127500
183549	155935
152650	127174
152650	133524
147350	125904
147350	128444
152650	132254
178249	155935
152650	125904
152650	129714
183549	153395
183549	157205
147350	127174
152650	130984
147350	129714
147350	130984
152650	128444
152650	134794
147350	133524
147350	134794
178249	154665
183549	154665
147350	132254
178249	157205
178249	153395
154920	107866
156190	107866
156190	115567
158730	107866
158730	115567
154920	115567
157460	115567
157460	107866
146749	147500
146749	144700
147699	144700
148650	147500
147699	147500
148650	144700
193104	153729
165459	164882
140599	162550
168259	164882
190304	155628
140599	161600
150899	62150
148099	64050
150899	63099
143399	161600
190304	154679
190304	153729
168259	166781
165459	166781
143399	162550
150899	64050
140599	163499
148099	63099
143399	163499
165459	165832
193104	154679
193104	155628
168259	165832
148099	62150
208600	167175
181012	140979
165312	146979
181012	140479
165312	147978
181012	141478
165312	147479
181012	139479
165312	145478
181012	138978
165312	146478
181012	139979
165312	145979
181012	145979
181012	145478
181012	144979
181012	147479
181012	146979
181012	146478
181012	142979
181012	142479
181012	141979
181012	144479
181012	143978
181012	143479
181012	138479
165312	139979
165312	139479
165312	138978
165312	141478
165312	140979
165312	140479
165312	136979
165312	136478
165312	135979
165312	138479
165312	137979
165312	137479
181012	137479
165312	143978
181012	136979
165312	144979
181012	137979
165312	144479
181012	135979
165312	142479
165312	141979
165312	143479
181012	136478
165312	142979
181012	147978
173162	134129
168162	149829
179163	134129
167663	149829
177162	149829
173662	134129
169162	149829
177663	134129
167162	134129
168662	149829
178662	134129
178162	134129
167162	149829
171662	134129
169662	134129
169162	134129
171162	134129
170662	134129
170163	134129
172162	134129
178162	149829
177663	149829
172663	134129
179163	149829
178662	149829
168662	134129
177162	134129
175163	134129
173662	149829
174163	149829
175662	134129
172663	149829
173162	149829
176663	149829
174662	134129
175662	149829
174163	134129
175163	149829
176162	149829
174662	149829
168162	134129
170662	149829
171162	149829
171662	149829
176162	134129
169662	149829
170163	149829
176663	134129
167663	134129
172162	149829
189450	115575
196463	143249
200363	142748
196463	142249
196463	141749
200363	144249
200363	143249
196463	144249
200363	141749
196463	142748
200363	143749
196463	143749
200363	142249
197164	141049
198163	141049
197663	141049
198664	141049
198664	144949
199664	144949
199163	144949
198163	144949
197164	144949
197663	144949
199163	141049
199664	141049
161547	156651
159946	152252
157946	156852
158446	156852
160447	152252
158446	152252
157946	152252
159446	152252
158947	152252
160946	152252
159946	156852
160946	156852
160447	156852
158947	156852
159446	156852
157146	153552
157146	153052
161746	153052
157146	154051
157146	156052
157146	155052
161746	156052
161746	154552
161746	154051
161746	153552
161746	155052
157146	155552
157146	154552
161746	155552
153499	141849
155499	141200
153499	141200
155499	141849
155499	144750
153499	144750
155499	142500
153499	145400
155499	146050
153499	146050
155499	145400
153499	142500
150649	154449
149649	157249
149649	154449
150150	154449
150649	157249
150150	157249
149149	154449
149149	157249
140074	106550
141374	103749
140724	106550
142024	103749
140074	103749
142024	106550
140724	103749
141374	106550
189450	116225
189450	116875
189450	117525
184849	117525
184849	115575
184849	116225
184849	116875
202699	169775
202699	170424
202699	171075
202699	169124
202699	167175
202699	167824
202699	168475
208600	167824
208600	170424
208600	171075
208600	171724
208600	169775
202699	171724
208600	168475
208600	169124
	
