83,765	146,81	83765	146810
142,843	74,874	142843	74874
180,883	156,249	180883	156249
185,263	89,466	185263	89466
83,635	146,665	83635	146665
185,133	89,321	185133	89321
174,126	146,794	174126	146794
109,738	132,894	109738	132894
109,608	132,749	109608	132749
140,524	88,825	140524	88825
134,313	102,385	134313	102385
134,183	102,24	134183	102240
163,263	138,545	163263	138545
187,166	80,303	187166	80303
140,424	74,885	140424	74885
186,413	87,21	186413	87210
104,619	132,894	104619	132894
73,473	147,494	73473	147494
73,343	147,349	73343	147349
186,543	87,355	186543	87355
104,489	132,749	104489	132749
125,774	112,71	125774	112710
136,503	93,935	136503	93935
187,181	80,234	187181	80234
183,151	153,851	183151	153851
183,021	153,706	183021	153706
142,593	63,869	142593	63869
145,133	61,329	145133	61329
147,524	74,784	147524	74784
162,448	135,302	162448	135302
145,043	91,475	145043	91475
114,6	132,749	114600	132749
114,73	132,894	114730	132894
56,874	157,01	56874	157010
184,622	147,113	184622	147113
134,973	112,499	134973	112499
183,643	82,039	183643	82039
72,114	157,01	72114	157010
150,213	61,329	150213	61329
183,725	82,026	183725	82026
135,103	112,644	135103	112644
147,674	66,41	147674	66410
186,157	76,009	186157	76009
174,256	146,939	174256	146939
88,691	146,73	88691	146730
145,133	63,869	145133	63869
145,133	66,41	145133	66410
186,287	76,154	186287	76154
88,821	146,875	88821	146875
145,394	74,805	145394	74805
178,883	156,249	178883	156249
147,674	63,869	147674	63869
140,494	91,814	140494	91814
129,894	112,54	129894	112540
130,024	112,685	130024	112685
69,49	132,713	69490	132713
188,883	156,249	188883	156249
69,62	132,858	69620	132858
123,233	67,169	123233	67169
120,949	81,389	120949	81389
120,819	81,244	120819	81244
107,993	110,169	107993	110169
79,73	132,713	79730	132713
119,084	99,58	119084	99580
119,214	99,725	119214	99725
74,804	132,858	74804	132858
74,674	132,713	74674	132713
79,86	132,858	79860	132858
186,031	107,707	186031	107707
159,693	155,595	159693	155595
108,613	95,335	108613	95335
186,416	109,626	186416	109626
168,367	145,21	168367	145210
106,613	84,594	106613	84594
168,237	145,065	168237	145065
186,286	109,481	186286	109481
167,493	142,849	167493	142849
167,623	142,994	167623	142994
185,901	107,562	185901	107562
104,495	104,058	104495	104058
104,365	103,913	104365	103913
120,694	67,169	120694	67169
84,98	132,894	84980	132894
73,503	145,304	73503	145304
185,901	93,93	185901	93930
186,031	94,075	186031	94075
120,694	110,169	120694	110169
123,233	110,169	123233	110169
73,373	145,159	73373	145159
133,263	94,715	133263	94715
182,883	156,249	182883	156249
78,575	145,595	78575	145595
78,445	145,45	78445	145450
129,723	102,24	129723	102240
129,853	102,385	129853	102385
163,723	141,075	163723	141075
133,399	83,879	133399	83879
90,036	132,858	90036	132858
129,274	86,995	129274	86995
129,144	86,85	129144	86850
84,85	132,749	84850	132749
186,883	156,249	186883	156249
89,906	132,713	89906	132713
130,304	85,025	130304	85025
128,174	96,534	128174	96534
186,349	96,041	186349	96041
128,044	96,389	128044	96389
184,883	156,249	184883	156249
118,153	110,169	118153	110169
186,479	96,186	186479	96186
184,752	147,258	184752	147258
163,723	118,215	163723	118215
144,521	129,301	144521	129301
144,484	129,279	144484	129279
115,757	155,349	115757	155349
172,883	156,249	172883	156249
137,474	152,809	137474	152809
118,043	155,349	118043	155349
134,045	155,349	134045	155349
163,723	95,355	163723	95355
162,654	98,605	162654	98605
163,263	92,825	163263	92825
178,734	146,986	178734	146986
124,902	150,27	124902	150270
178,153	66,41	178153	66410
120,329	150,27	120329	150270
163,263	81,695	163263	81695
113,471	155,349	113471	155349
136,331	155,349	136331	155349
148,359	117,824	148359	117824
155,111	134,202	155111	134202
165,454	66,41	165454	66410
163,723	84,225	163723	84225
162,593	89,734	162593	89734
122,615	150,27	122615	150270
162,654	121,465	162654	121465
162,654	87,174	162654	87174
150,443	117,954	150443	117954
120,329	155,349	120329	155349
136,331	150,27	136331	150270
163,723	106,784	163723	106784
127,188	155,349	127188	155349
149,723	129,375	149723	129375
124,902	155,349	124902	155349
131,759	150,27	131759	150270
162,654	110,034	162654	110034
176,943	147,066	176943	147066
134,045	150,27	134045	150270
162,593	112,594	162593	112594
147,283	135,744	147283	135744
176,813	146,921	176813	146921
129,473	155,349	129473	155349
149,593	129,23	149593	129230
162,593	101,165	162593	101165
163,263	115,685	163263	115685
131,759	155,349	131759	155349
138,55	150,564	138550	150564
178,864	147,131	178864	147131
127,188	150,27	127188	150270
170,533	61,329	170533	61329
175,614	66,41	175614	66410
170,883	156,249	170883	156249
163,263	104,254	163263	104254
122,615	155,349	122615	155349
170,533	66,41	170533	66410
129,473	150,27	129473	150270
124,974	132,586	124974	132586
155,111	141,755	155111	141755
155,294	63,869	155294	63869
180,464	153,21	180464	153210
163,723	129,644	163723	129644
125,104	132,731	125104	132731
180,847	85,242	180847	85242
106,614	150,27	106614	150270
155,111	139,195	155111	139195
163,263	127,114	163263	127114
142,081	112,193	142081	112193
110,64	146,644	110640	146644
110,51	146,499	110510	146499
105,39	146,499	105390	146499
77,194	157,01	77194	157010
180,334	153,065	180334	153065
148,723	88,055	148723	88055
166,883	156,249	166883	156249
119,721	132,713	119721	132713
119,851	132,858	119851	132858
148,593	87,91	148593	87910
152,753	66,41	152753	66410
162,654	132,894	162654	132894
105,52	146,644	105520	146644
152,753	63,869	152753	63869
144,813	99,279	144813	99279
144,757	99,352	144757	99352
108,9	150,27	108900	150270
112,328	152,809	112328	152809
162,913	61,329	162913	61329
162,913	63,869	162913	63869
174,883	156,249	174883	156249
155,048	136,704	155048	136704
115,757	150,27	115757	150270
139,76	152,809	139760	152809
118,043	150,27	118043	150270
111,186	155,349	111186	155349
162,593	78,605	162593	78605
162,913	66,41	162913	66410
162,593	124,025	162593	124025
162,654	76,045	162654	76045
138,812	155,668	138812	155668
155,048	88,442	155048	88442
147,663	108,24	147663	108240
147,793	108,385	147793	108385
130,03	132,586	130030	132586
176,883	156,249	176883	156249
130,16	132,731	130160	132731
111,186	150,27	111186	150270
168,883	156,249	168883	156249
149,709	108,424	149709	108424
113,471	150,27	113471	150270
107,757	152,809	107757	152809
155,048	93,498	155048	93498
160,373	63,869	160373	63869
83,373	67,169	83373	67169
167,394	146,855	167394	146855
75,754	67,169	75754	67169
63,054	110,169	63054	110169
88,194	87,38	88194	87380
172,141	146,794	172141	146794
101,353	89,839	101353	89839
169,392	147,195	169392	147195
169,262	147,05	169262	147050
65,593	110,169	65593	110169
164,883	156,249	164883	156249
172,271	146,939	172271	146939
65,593	67,169	65593	67169
88,324	87,525	88324	87525
101,483	89,984	101483	89984
88,254	81,699	88254	81699
99,544	77,014	99544	77014
88,384	81,844	88384	81844
78,293	67,169	78293	67169
68,134	112,71	68134	112710
167,264	146,71	167264	146710
107,993	67,169	107993	67169
99,414	76,869	99414	76869
149,709	108,424	149709	108424
163,723	106,784	163723	106784
155,111	141,755	155111	141755
159,693	155,595	159693	155595
163,723	118,215	163723	118215
162,654	132,894	162654	132894
163,723	129,644	163723	129644
162,654	87,174	162654	87174
140,424	74,885	140424	74885
162,593	101,165	162593	101165
133,399	83,879	133399	83879
163,263	81,695	163263	81695
133,263	94,715	133263	94715
162,654	121,465	162654	121465
163,263	92,825	163263	92825
155,048	88,442	155048	88442
155,111	139,195	155111	139195
163,263	127,114	163263	127114
163,723	141,075	163723	141075
108,613	95,335	108613	95335
155,111	134,202	155111	134202
163,263	115,685	163263	115685
155,048	93,498	155048	93498
142,318	112,239	142318	112239
163,263	104,254	163263	104254
180,847	85,242	180847	85242
148,494	117,904	148494	117904
145,394	74,805	145394	74805
162,593	135,454	162593	135454
163,723	84,225	163723	84225
162,654	110,034	162654	110034
142,843	74,874	142843	74874
162,654	76,045	162654	76045
162,654	98,605	162654	98605
162,593	112,594	162593	112594
147,283	135,744	147283	135744
163,723	95,355	163723	95355
163,263	138,545	163263	138545
140,524	88,825	140524	88825
162,593	89,734	162593	89734
145,043	91,475	145043	91475
106,613	84,594	106613	84594
136,503	93,935	136503	93935
155,048	136,704	155048	136704
147,524	74,784	147524	74784
150,443	117,954	150443	117954
162,593	124,025	162593	124025
130,304	85,025	130304	85025
140,494	91,814	140494	91814
162,593	78,605	162593	78605
178,157	96,335	178157	96335
178,157	98,635	178157	98635
143,864	86,375	143864	86375
143,864	84,075	143864	84075
175,782	139,483	175782	139483
170,093	103,195	170093	103195
175,253	123,559	175253	123559
171,117	133,468	171117	133468
178,683	123,51	178683	123510
170,864	130,369	170864	130369
172,403	123,859	172403	123859
170,669	105,115	170669	105115
174,544	121,38	174544	121380
185,133	105,82	185133	105820
171,132	124,932	171132	124932
171,783	121,439	171783	121439
165,274	121,18	165274	121180
165,234	109,59	165234	109590
175,304	136,79	175304	136790
185,581	77,98	185581	77980
181,421	141,339	181421	141339
150,246	142,107	150246	142107
177,454	136,839	177454	136839
153,318	106,139	153318	106139
169,354	115,049	169354	115049
153,382	132,827	153382	132827
153,445	137,883	153445	137883
153,445	101,019	153445	101019
153,318	103,644	153318	103644
153,382	98,523	153382	98523
153,445	140,38	153445	140380
153,318	117,468	153318	117468
153,318	109,852	153318	109852
153,318	121,371	153318	121371
153,382	75,675	153382	75675
153,318	83,291	153318	83291
153,382	135,387	153382	135387
153,318	80,796	153318	80796
153,509	114,972	153509	114972
153,318	78,171	153318	78171
153,318	123,868	153318	123868
152,625	126,523	152625	126523
153,382	89,627	153382	89627
153,318	128,988	153318	128988
146,403	80,73	146403	80730
153,318	87,067	153318	87067
153,382	112,475	153382	112475
133,843	116,93	133843	116930
131,813	116,6	131813	116600
133,774	97,23	133774	97230
132,323	100,823	132323	100823
133,704	86,445	133704	86445
153,318	94,683	153318	94683
153,382	92,187	153382	92187
137,584	137,31	137584	137310
136,155	97,251	136155	97251
131,234	86,85	131234	86850
146,652	152,53	146652	152530
99,603	152,909	99603	152909
183,234	58,89	183234	58890
134,973	58,89	134973	58890
72,114	157,11	72114	157110
67,034	157,11	67034	157110
61,954	157,11	61954	157110
82,274	157,11	82274	157110
77,194	157,11	77194	157110
118,043	150,37	118043	150370
178,153	66,51	178153	66510
115,757	155,449	115757	155449
119,186	152,909	119186	152909
122,615	150,37	122615	150370
114,614	152,909	114614	152909
165,454	61,429	165454	61429
136,331	155,449	136331	155449
165,454	66,51	165454	66510
165,454	63,969	165454	63969
113,471	155,449	113471	155449
111,186	155,449	111186	155449
120,329	150,37	120329	150370
116,9	152,909	116900	152909
142,593	61,429	142593	61429
152,753	66,51	152753	66510
142,593	63,969	142593	63969
152,753	61,429	152753	61429
152,753	63,969	152753	63969
140,054	66,51	140054	66510
140,054	63,969	140054	63969
155,294	66,51	155294	66510
155,294	61,429	155294	61429
155,294	63,969	155294	63969
145,133	66,51	145133	66510
145,133	63,969	145133	63969
147,674	66,51	147674	66510
147,674	61,429	147674	61429
147,674	63,969	147674	63969
150,213	66,51	150213	66510
142,593	66,51	142593	66510
150,213	63,969	150213	63969
145,133	61,429	145133	61429
150,213	61,429	150213	61429
115,757	150,37	115757	150370
112,328	152,909	112328	152909
138,617	155,449	138617	155449
113,471	150,37	113471	150370
110,043	152,909	110043	152909
139,76	152,909	139760	152909
162,913	66,51	162913	66510
162,913	63,969	162913	63969
108,9	155,449	108900	155449
162,913	61,429	162913	61429
157,834	66,51	157834	66510
108,9	150,37	108900	150370
157,834	63,969	157834	63969
106,614	150,37	106614	150370
157,834	61,429	157834	61429
160,373	63,969	160373	63969
160,373	66,51	160373	66510
160,373	61,429	160373	61429
111,186	150,37	111186	150370
107,757	152,909	107757	152909
121,472	152,909	121472	152909
173,074	63,969	173074	63969
118,043	155,449	118043	155449
120,329	155,449	120329	155449
128,33	152,909	128330	152909
173,074	66,51	173074	66510
122,615	155,449	122615	155449
170,533	61,429	170533	61429
127,188	150,37	127188	150370
170,533	63,969	170533	63969
123,759	152,909	123759	152909
134,045	150,37	134045	150370
130,616	152,909	130616	152909
175,614	66,51	175614	66510
167,993	63,969	167993	63969
167,993	66,51	167993	66510
173,074	61,429	173074	61429
167,993	61,429	167993	61429
129,473	155,449	129473	155449
131,759	150,37	131759	150370
136,331	150,37	136331	150370
124,902	150,37	124902	150370
134,045	155,449	134045	155449
126,045	152,909	126045	152909
131,759	155,449	131759	155449
178,153	63,969	178153	63969
127,188	155,449	127188	155449
175,614	63,969	175614	63969
135,188	152,909	135188	152909
124,902	155,449	124902	155449
132,902	152,909	132902	152909
129,812	150,349	129812	150349
178,153	61,429	178153	61429
137,474	152,909	137474	152909
170,533	66,51	170533	66510
175,614	61,429	175614	61429
125,774	112,81	125774	112810
123,233	112,81	123233	112810
118,153	112,81	118153	112810
80,834	67,269	80834	67269
120,694	67,269	120694	67269
118,153	67,269	118153	67269
113,073	110,269	113073	110269
107,993	67,269	107993	67269
78,293	67,269	78293	67269
78,293	69,81	78293	69810
63,052	67,269	63052	67269
63,052	69,81	63052	69810
78,293	112,81	78293	112810
107,993	112,81	107993	112810
63,054	112,81	63054	112810
113,073	67,269	113073	67269
123,233	67,269	123233	67269
125,774	69,81	125774	69810
65,593	69,81	65593	69810
120,694	112,81	120694	112810
164,883	156,349	164883	156349
178,883	156,349	178883	156349
172,883	156,349	172883	156349
180,883	156,349	180883	156349
184,883	156,349	184883	156349
186,883	156,349	186883	156349
176,883	156,349	176883	156349
166,883	156,349	166883	156349
174,883	156,349	174883	156349
168,883	156,349	168883	156349
182,883	156,349	182883	156349
170,883	156,349	170883	156349
140,054	100,004	140054	100004
140,054	106,004	140054	106004
127,957	123,576	127957	123576
107,7	130,693	107700	130693
77,22	142,123	77220	142123
87,317	135,005	87317	135005
133,1	142,123	133100	142123
112,716	135,005	112716	135005
117,796	123,576	117796	123576
82,301	142,123	82301	142123
92,397	135,005	92397	135005
133,036	135,005	133036	135005
102,62	142,123	102620	142123
133,1	130,693	133100	130693
122,941	130,693	122941	130693
72,076	135,005	72076	135005
122,877	123,576	122877	123576
117,796	135,005	117796	135005
72,076	123,576	72076	123576
117,86	130,693	117860	130693
128,021	130,693	128021	130693
77,156	123,576	77156	123576
139,052	123,576	139052	123576
122,941	142,123	122941	142123
107,636	135,005	107636	135005
92,397	123,576	92397	123576
82,237	123,576	82237	123576
87,381	142,123	87381	142123
72,14	142,123	72140	142123
112,78	130,693	112780	130693
133,036	123,576	133036	123576
82,301	130,693	82301	130693
122,877	135,005	122877	135005
107,636	123,576	107636	123576
107,7	142,123	107700	142123
82,237	135,005	82237	135005
102,556	135,005	102556	135005
117,86	142,123	117860	142123
112,716	123,576	112716	123576
77,22	130,693	77220	130693
87,381	130,693	87381	130693
102,62	130,693	102620	130693
92,461	130,693	92461	130693
72,14	130,693	72140	130693
139,116	130,693	139116	130693
87,317	123,576	87317	123576
92,461	142,123	92461	142123
127,957	135,005	127957	135005
77,156	135,005	77156	135005
128,021	142,123	128021	142123
102,556	123,576	102556	123576
112,78	142,123	112780	142123
92,731	152,262	92731	152262
111,446	91,302	111446	91302
110,088	81,681	110088	81681
111,51	96,926	111510	96926
97,294	138,249	97294	138249
97,171	123,748	97171	123748
88,287	152,262	88287	152262
92,795	157,886	92795	157886
88,351	157,886	88351	157886
97,235	129,372	97235	129372
97,23	132,625	97230	132625
110,152	87,305	110152	87305
187,679	70,575	187679	70575
187,679	74,474	187679	74474
157,199	152,78	157199	152780
157,199	149,209	157199	149209
157,199	158,764	157199	158764
157,199	155,195	157199	155195
146,973	104,166	146973	104166
101,384	94,223	101384	94223
149,514	98,452	149514	98452
174,408	151,373	174408	151373
149,644	127,878	149644	127878
101,254	80,672	101254	80672
149,644	101,208	149644	101208
142,528	137,186	142528	137186
84,109	88,927	84109	88927
188,248	82,577	188248	82577
169,329	151,373	169329	151373
173,009	71,147	173009	71147
95,538	91,466	95538	91466
170,468	71,147	170468	71147
154,683	146,228	154683	146228
170,598	73,902	170598	73902
182,533	148,616	182533	148616
136,308	86,603	136308	86603
98,843	94,223	98843	94223
101,384	83,428	101384	83428
135,544	88,927	135544	88927
182,663	151,373	182663	151373
136,178	83,847	136178	83847
106,464	99,303	106464	99303
152,014	143,471	152014	143471
87,284	83,211	87284	83211
145,068	137,186	145068	137186
138,848	86,603	138848	86603
96,174	80,672	96174	80672
183,933	73,902	183933	73902
149,008	86,603	149008	86603
90,589	85,967	90589	85967
166,658	148,616	166658	148616
84,239	97,398	84239	97398
142,658	139,943	142658	139943
103,793	96,547	103793	96547
154,553	143,471	154553	143471
87,284	88,927	87284	88927
101,384	99,303	101384	99303
106,334	91,466	106334	91466
98,713	80,672	98713	80672
138,084	88,927	138084	88927
95,668	88,508	95668	88508
138,214	91,682	138214	91682
84,109	94,642	84109	94642
90,459	94,642	90459	94642
103,923	94,223	103923	94223
183,299	138,038	183299	138038
183,169	83,847	183169	83847
98,843	83,428	98843	83428
142,778	69,511	142778	69511
148,878	83,847	148878	83847
187,109	125,973	187109	125973
101,254	96,547	101254	96547
87,414	91,682	87414	91682
142,908	72,268	142908	72268
90,459	88,927	90459	88927
135,674	91,682	135674	91682
188,378	104,383	188378	104383
140,359	72,238	140359	72238
98,843	99,303	98843	99303
106,334	96,547	106334	96547
84,239	91,682	84239	91682
87,414	97,398	87414	97398
103,793	91,466	103793	91466
186,979	131,471	186979	131471
146,338	83,847	146338	83847
147,103	101,208	147103	101208
140,229	69,481	140229	69481
87,414	85,967	87414	85967
90,589	97,398	90589	97398
98,713	85,752	98713	85752
171,739	148,616	171739	148616
103,923	99,303	103923	99303
179,359	142,901	179359	142901
141,259	83,847	141259	83847
138,718	83,847	138718	83847
183,803	71,147	183803	71147
106,464	94,223	106464	94223
148,878	89,562	148878	89562
152,144	146,228	152144	146228
170,598	143,753	170598	143753
146,973	98,452	146973	98452
90,459	83,211	90459	83211
170,468	140,996	170468	140996
149,008	92,318	149008	92318
171,869	151,373	171869	151373
146,468	86,603	146468	86603
171,116	99,052	171116	99052
147,248	72,178	147248	72178
149,644	106,922	149644	106922
164,883	146,927	164883	146927
98,843	88,508	98843	88508
171,728	85,447	171728	85447
145,198	139,943	145198	139943
130,463	88,927	130463	88927
176,818	148,616	176818	148616
84,109	83,211	84109	83211
178,218	87,238	178218	87238
185,709	101,627	185709	101627
144,433	125,121	144433	125121
180,899	98,837	180899	98837
98,713	91,466	98713	91466
162,213	144,172	162213	144172
187,109	134,228	187109	134228
179,359	148,616	179359	148616
130,593	91,682	130593	91682
162,343	146,927	162343	146927
95,538	85,752	95538	85752
141,259	93,672	141259	93672
146,973	119,407	146973	119407
147,118	69,422	147118	69422
166,788	151,373	166788	151373
144,433	119,407	144433	119407
147,103	127,878	147103	127878
103,923	88,508	103923	88508
178,088	84,481	178088	84481
170,598	138,672	170598	138672
182,663	145,658	182663	145658
139,989	137,186	139989	137186
101,254	85,752	101254	85752
103,793	80,672	103793	80672
96,304	83,428	96304	83428
95,668	94,223	95668	94223
144,563	122,163	144563	122163
149,514	125,121	149514	125121
179,489	145,658	179489	145658
144,989	142,661	144989	142661
138,848	96,428	138848	96428
142,658	91,682	142658	91682
101,384	88,508	101384	88508
185,074	116,231	185074	116231
90,589	91,682	90589	91682
103,923	83,428	103923	83428
185,204	118,988	185204	118988
176,948	151,373	176948	151373
142,419	142,661	142419	142661
186,979	123,216	186979	123216
137,769	72,128	137769	72128
149,514	119,407	149514	119407
185,839	104,383	185839	104383
138,718	93,672	138718	93672
170,468	135,917	170468	135917
174,278	148,616	174278	148616
137,639	69,371	137639	69371
133,003	88,927	133003	88927
140,119	139,943	140119	139943
169,199	148,616	169199	148616
133,133	91,682	133133	91682
147,103	106,922	147103	106922
103,793	85,752	103793	85752
144,563	127,878	144563	127878
188,248	101,627	188248	101627
130,593	96,762	130593	96762
183,299	86,603	183299	86603
141,389	86,603	141389	86603
171,246	101,807	171246	101807
173,139	73,902	173139	73902
87,284	94,642	87284	94642
145,119	145,417	145119	145417
149,514	104,166	149514	104166
141,389	96,428	141389	96428
84,239	85,967	84239	85967
98,713	96,547	98713	96547
142,528	88,927	142528	88927
179,489	151,373	179489	151373
147,103	122,163	147103	122163
101,254	91,466	101254	91466
146,973	125,121	146973	125121
149,644	122,163	149644	122163
171,598	82,692	171598	82692
182,533	142,901	182533	142901
188,378	85,333	188378	85333
142,549	145,417	142549	145417
164,753	144,172	164753	144172
130,463	94,006	130463	94006
183,169	135,281	183169	135281
180,769	96,082	180769	96082
139,824	144,28	139824	144280
173,494	75,42	173494	75420
173,455	69,763	173455	69763
141,493	100,08	141493	100080
188,949	70,094	188949	70094
141,493	107,479	141493	107479
188,949	77,494	188949	77494
145,769	101,875	145769	101875
145,769	106,674	145769	106674
182,814	75,406	182814	75406
182,893	69,63	182893	69630
137,243	146,459	137243	146459
137,243	142,26	137243	142260
137,648	123,851	137648	123851
149,514	104,166	149514	104166
146,468	86,603	146468	86603
137,778	126,607	137778	126607
138,848	86,603	138848	86603
146,338	83,847	146338	83847
143,929	86,603	143929	86603
149,644	106,922	149644	106922
138,718	83,847	138718	83847
143,799	83,847	143799	83847
141,389	86,603	141389	86603
141,259	83,847	141259	83847
132,377	77,84	132377	77840
132,377	70,219	132377	70219
148,823	144,28	148823	144280
133,068	135,314	133068	135314
91,813	158,759	91813	158759
133,068	121,344	133068	121344
133,068	141,815	133068	141815
133,068	127,845	133068	127845
91,813	152,26	91813	152260
133,723	82,57	133723	82570
133,723	86,769	133723	86769
88,046	156,784	88046	156784
134,02	98,526	134020	98526
135,926	98,526	135926	98526
134,973	101,133	134973	101133
127,989	121,344	127989	121344
127,989	135,314	127989	135314
127,989	141,815	127989	141815
127,989	127,845	127989	127845
133,812	130,245	133812	130245
190,326	112,465	190326	112465
128,731	130,245	128731	130245
87,916	154,028	87916	154028
128,731	132,784	128731	132784
187,571	117,039	187571	117039
187,571	112,595	187571	112595
190,326	123,26	190326	123260
170,955	106,831	170955	106831
133,812	143,985	133812	143985
173,712	106,701	173712	106701
143,337	127,704	143337	127704
128,897	143,985	128897	143985
190,326	116,909	190326	116909
180,585	138,629	180585	138629
183,342	138,499	183342	138499
140,58	127,834	140580	127834
133,812	132,784	133812	132784
187,571	123,39	187571	123390
129,575	89,002	129575	89002
146,371	126,182	146371	126182
132,466	115,069	132466	115069
130,528	91,607	130528	91607
146,371	128,087	146371	128087
137,547	115,069	137547	115069
148,977	127,135	148977	127135
178,121	143,326	178121	143326
182,565	143,326	182565	143326
131,481	89,002	131481	89002
154,576	157,884	154576	157884
154,576	150,264	154576	150264
134,94	116,022	134940	116022
134,94	114,117	134940	114117
149,611	109,953	149611	109953
145,801	109,953	145801	109953
149,547	116,376	149547	116376
145,737	116,376	145737	116376
127,034	81,669	127034	81669
126,084	84,97	126084	84970
125,134	81,669	125134	81669
138,783	121,164	138783	121164
148,08	139,775	148080	139775
149,03	136,475	149030	136475
125,134	91,195	125134	91195
137,834	117,865	137834	117865
127,034	91,195	127034	91195
149,979	139,775	149979	139775
126,084	94,494	126084	94494
139,734	117,865	139734	117865
148,276	116,376	148276	116376
148,34	109,953	148340	109953
147,006	116,376	147006	116376
147,07	109,953	147070	109953
146,067	109,703	146067	109703
145,939	124,247	145939	124247
144,798	109,703	144798	109703
143,399	124,247	143399	124247
143,527	109,703	143527	109703
144,67	124,247	144670	124247
142,257	109,703	142257	109703
147,338	109,703	147338	109703
147,21	124,247	147210	124247
142,129	124,247	142129	124247
146,464	74,311	146464	74311
147,863	81,528	147863	81528
138,972	81,528	138972	81528
140,115	74,311	140115	74311
147,735	74,311	147735	74311
138,844	74,311	138844	74311
146,592	81,528	146592	81528
144,053	81,528	144053	81528
142,782	81,528	142782	81528
141,385	74,311	141385	74311
143,925	74,311	143925	74311
142,654	74,311	142654	74311
141,513	81,528	141513	81528
145,194	74,311	145194	74311
145,322	81,528	145322	81528
140,243	81,528	140243	81528
177,519	119,844	177519	119844
178,788	135,719	178788	135719
181,329	119,844	181329	119844
182,598	124,9	182598	124900
181,329	109,025	181329	109025
181,329	135,719	181329	135719
173,709	119,844	173709	119844
177,519	135,719	177519	135719
183,868	119,844	183868	119844
183,868	135,719	183868	135719
174,979	135,719	174979	135719
177,519	124,9	177519	124900
180,058	119,844	180058	119844
183,868	109,025	183868	109025
176,248	124,9	176248	124900
171,169	135,719	171169	135719
172,438	135,719	172438	135719
183,868	124,9	183868	124900
174,979	124,9	174979	124900
172,438	119,844	172438	119844
171,169	109,025	171169	109025
182,598	109,025	182598	109025
178,788	119,844	178788	119844
185,139	109,025	185139	109025
177,519	109,025	177519	109025
180,058	109,025	180058	109025
185,139	124,9	185139	124900
182,598	119,844	182598	119844
176,248	119,844	176248	119844
174,979	109,025	174979	109025
181,329	124,9	181329	124900
173,709	109,025	173709	109025
171,169	124,9	171169	124900
185,139	135,719	185139	135719
172,438	124,9	172438	124900
180,058	124,9	180058	124900
176,248	135,719	176248	135719
182,598	135,719	182598	135719
180,058	135,719	180058	135719
178,788	109,025	178788	109025
178,788	124,9	178788	124900
172,438	109,025	172438	109025
173,709	124,9	173709	124900
185,139	119,844	185139	119844
174,979	119,844	174979	119844
173,709	135,719	173709	135719
176,248	109,025	176248	109025
171,169	119,844	171169	119844
175,834	79,324	175834	79324
178,433	103,824	178433	103824
183,633	79,324	183633	79324
177,783	103,824	177783	103824
177,133	79,324	177133	79324
182,984	79,324	182984	79324
177,783	79,324	177783	79324
176,484	79,324	176484	79324
177,133	103,824	177133	103824
175,834	103,824	175834	103824
181,033	79,324	181033	79324
179,734	79,324	179734	79324
179,084	103,824	179084	103824
175,183	103,824	175183	103824
180,383	79,324	180383	79324
174,533	103,824	174533	103824
174,533	79,324	174533	79324
184,283	79,324	184283	79324
184,933	79,324	184933	79324
173,883	79,324	173883	79324
182,334	79,324	182334	79324
176,484	103,824	176484	103824
178,433	79,324	178433	79324
181,683	79,324	181683	79324
173,883	103,824	173883	103824
179,084	79,324	179084	79324
175,183	79,324	175183	79324
180,383	103,824	180383	103824
185,584	103,824	185584	103824
184,283	103,824	184283	103824
179,734	103,824	179734	103824
182,334	103,824	182334	103824
185,584	79,324	185584	79324
183,633	103,824	183633	103824
186,234	103,824	186234	103824
181,683	103,824	181683	103824
186,234	79,324	186234	79324
181,033	103,824	181033	103824
182,984	103,824	182984	103824
184,933	103,824	184933	103824
137,025	72,112	137025	72112
158,308	72,1	158308	72100
165,438	70,07	165438	70070
158,308	70,135	158308	70135
168,617	89,064	168617	89064
143,703	70,147	143703	70147
166,151	133,985	166151	133985
168,617	135,582	168617	135582
168,617	133,985	168617	133985
166,001	94,885	166001	94885
165,438	72,037	165438	72037
137,824	70,147	137824	70147
166,151	113,522	166151	113522
166,151	123,355	166151	123355
166,001	116,945	166001	116945
168,617	88,265	168617	88265
166,151	112,722	166151	112722
137,025	70,147	137025	70147
141,305	72,112	141305	72112
166,001	106,316	166001	106316
159,109	70,135	159109	70135
166,001	139,008	166001	139008
168,767	82,158	168767	82158
166,151	90,662	166151	90662
142,104	70,147	142104	70147
159,109	72,1	159109	72100
166,001	129,175	166001	129175
168,617	101,293	168617	101293
166,151	78,733	166151	78733
168,617	89,862	168617	89862
168,767	116,945	168767	116945
168,617	90,662	168617	90662
143,703	72,112	143703	72112
166,151	124,953	166151	124953
168,767	139,008	168767	139008
168,767	104,718	168767	104718
168,617	77,135	168617	77135
168,617	102,093	168617	102093
168,767	139,806	168767	139806
168,767	83,756	168767	83756
168,767	103,918	168767	103918
142,104	72,112	142104	72112
156,711	72,1	156711	72100
168,617	134,784	168617	134784
166,001	92,487	166001	92487
166,239	70,07	166239	70070
166,151	77,135	166151	77135
138,622	72,112	138622	72112
166,151	124,153	166151	124153
156,711	70,135	156711	70135
168,767	82,956	168767	82956
168,617	124,153	168617	124153
166,239	72,037	166239	72037
166,001	127,578	166001	127578
166,151	122,555	166151	122555
168,617	124,953	168617	124953
142,902	72,112	142902	72112
166,001	138,207	166001	138207
166,001	94,085	166001	94085
166,001	128,376	166001	128376
137,824	72,112	137824	72112
166,151	88,265	166151	88265
168,767	117,745	168767	117745
157,51	72,1	157510	72100
138,622	70,147	138622	70147
142,902	70,147	142902	70147
166,151	77,935	166151	77935
166,151	134,784	166151	134784
168,617	77,935	168617	77935
157,51	70,135	157510	70135
166,001	93,287	166001	93287
166,001	126,778	166001	126778
146,344	69,897	146344	69897
168,767	92,487	168767	92487
160,895	72,1	160895	72100
166,151	89,862	166151	89862
147,143	72,362	147143	72362
166,151	101,293	166151	101293
168,617	123,355	168617	123355
139,423	72,112	139423	72112
162,492	72,1	162492	72100
166,151	89,064	166151	89064
166,001	82,158	166001	82158
166,001	81,358	166001	81358
168,767	94,885	168767	94885
166,001	104,718	166001	104718
168,767	126,778	168767	126778
160,895	70,135	160895	70135
168,767	81,358	168767	81358
166,151	135,582	166151	135582
167,836	72,037	167836	72037
167,037	72,037	167037	72037
166,001	117,745	166001	117745
168,767	140,605	168767	140605
162,492	70,135	162492	70135
168,617	79,533	168617	79533
168,617	112,722	168617	112722
166,001	103,918	166001	103918
161,694	72,1	161694	72100
145,544	72,362	145544	72362
166,001	83,756	166001	83756
166,001	82,956	166001	82956
166,151	102,093	166151	102093
166,151	111,125	166151	111125
161,694	70,135	161694	70135
168,767	128,376	168767	128376
166,001	140,605	166001	140605
145,544	69,897	145544	69897
168,767	127,578	168767	127578
147,143	69,897	147143	69897
166,151	100,495	166151	100495
166,001	115,347	166001	115347
147,943	72,362	147943	72362
168,767	93,287	168767	93287
168,767	115,347	168767	115347
166,151	99,694	166151	99694
168,767	129,175	168767	129175
168,617	111,125	168617	111125
166,001	105,516	166001	105516
146,344	72,362	146344	72362
166,151	79,533	166151	79533
168,617	113,522	168617	113522
139,423	70,147	139423	70147
168,767	106,316	168767	106316
168,617	122,555	168617	122555
168,617	100,495	168617	100495
168,617	136,383	168617	136383
141,305	70,147	141305	70147
168,767	116,147	168767	116147
166,001	139,806	166001	139806
168,617	99,694	168617	99694
167,037	70,07	167037	70070
147,943	69,897	147943	69897
163,293	72,1	163293	72100
166,151	136,383	166151	136383
163,293	70,135	163293	70135
166,001	116,147	166001	116147
167,836	70,07	167836	70070
168,617	111,924	168617	111924
168,767	138,207	168767	138207
166,151	111,924	166151	111924
168,617	78,733	168617	78733
168,767	105,516	168767	105516
168,767	94,085	168767	94085
134,656	93,446	134656	93446
134,656	89,002	134656	89002
136,562	89,002	136562	89002
129,894	111,211	129894	111211
137,713	111,211	137713	111211
132,433	111,211	132433	111211
137,713	103,689	137713	103689
135,174	111,211	135174	111211
135,609	96,053	135609	96053
129,575	93,446	129575	93446
130,528	96,053	130528	96053
135,609	91,607	135609	91607
128,941	82,017	128941	82017
129,894	84,622	129894	84622
136,562	93,446	136562	93446
131,481	93,446	131481	93446
130,847	82,017	130847	82017
152,781	79,574	152781	79574
152,781	117,673	152781	117673
152,781	78,303	152781	78303
159,997	104,845	159997	104845
152,781	116,404	152781	116404
152,781	83,383	152781	83383
159,997	135,325	159997	135325
159,997	103,576	159997	103576
152,781	80,844	152781	80844
159,997	125,166	159997	125166
152,781	82,113	152781	82113
152,781	101,163	152781	101163
159,997	79,446	159997	79446
159,997	80,716	159997	80716
152,781	106,244	152781	106244
159,997	89,606	159997	89606
159,997	78,175	159997	78175
159,997	76,905	159997	76905
159,997	75,636	159997	75636
152,781	99,893	152781	99893
159,997	90,875	159997	90875
152,781	107,514	152781	107514
159,997	81,985	159997	81985
152,781	137,994	152781	137994
159,997	84,526	159997	84526
152,781	103,704	152781	103704
159,997	87,065	159997	87065
152,781	104,973	152781	104973
159,997	128,975	159997	128975
152,781	139,263	152781	139263
152,781	102,434	152781	102434
159,997	88,336	159997	88336
159,997	130,246	159997	130246
159,997	83,255	159997	83255
152,781	98,624	152781	98624
152,781	113,863	152781	113863
152,781	88,464	152781	88464
152,781	89,734	152781	89734
152,781	141,804	152781	141804
159,997	99,765	159997	99765
159,997	101,035	159997	101035
152,781	84,654	152781	84654
159,997	102,306	159997	102306
152,781	115,133	152781	115133
159,997	134,056	159997	134056
152,781	87,193	152781	87193
159,997	98,496	159997	98496
152,781	140,533	152781	140533
159,997	94,686	159997	94686
159,997	127,705	159997	127705
159,997	92,145	159997	92145
159,997	93,416	159997	93416
152,781	110,053	152781	110053
159,997	132,785	159997	132785
152,781	112,594	152781	112594
159,997	126,436	159997	126436
159,997	95,955	159997	95955
152,781	111,324	152781	111324
152,781	132,913	152781	132913
159,997	112,466	159997	112466
159,997	139,135	159997	139135
159,997	121,356	159997	121356
159,997	107,386	159997	107386
159,997	123,895	159997	123895
159,997	113,735	159997	113735
159,997	140,405	159997	140405
159,997	136,595	159997	136595
152,781	124,023	152781	124023
152,781	122,753	152781	122753
152,781	129,103	152781	129103
159,997	137,866	159997	137866
159,997	109,925	159997	109925
159,997	141,676	159997	141676
152,781	121,484	152781	121484
152,781	127,833	152781	127833
159,997	122,625	159997	122625
159,997	117,545	159997	117545
159,997	118,815	159997	118815
159,997	111,196	159997	111196
152,781	126,564	152781	126564
152,781	125,294	152781	125294
159,997	106,116	159997	106116
152,781	75,764	152781	75764
159,997	116,276	159997	116276
152,781	130,374	152781	130374
159,997	115,005	159997	115005
152,781	118,943	152781	118943
152,781	77,033	152781	77033
170,808	89,299	170808	89299
189,309	91,9	189309	91900
189,309	95,799	189309	95799
189,309	92,549	189309	92549
189,309	88	189309	88000
170,808	82,799	170808	82799
170,808	88,65	170808	88650
189,309	82,15	189309	82150
170,808	92,549	170808	92549
189,309	87,349	189309	87349
189,309	101	189309	101000
170,808	91,9	170808	91900
170,808	83,45	170808	83450
170,808	99,7	170808	99700
189,309	100,349	189309	100349
189,309	82,799	189309	82799
189,309	85,4	189309	85400
189,309	84,099	189309	84099
170,808	87,349	170808	87349
189,309	86,049	189309	86049
189,309	93,849	189309	93849
170,808	90,599	170808	90599
170,808	101	170808	101000
189,309	94,5	189309	94500
189,309	84,75	189309	84750
170,808	88	170808	88000
170,808	82,15	170808	82150
189,309	91,25	189309	91250
189,309	95,15	189309	95150
170,808	86,7	170808	86700
189,309	83,45	189309	83450
189,309	93,2	189309	93200
170,808	91,25	170808	91250
170,808	100,349	170808	100349
189,309	86,7	189309	86700
170,808	89,95	170808	89950
170,808	95,15	170808	95150
189,309	97,75	189309	97750
189,309	99,7	189309	99700
170,808	96,45	170808	96450
189,309	88,65	189309	88650
170,808	85,4	170808	85400
170,808	95,799	170808	95799
189,309	90,599	189309	90599
170,808	84,75	170808	84750
189,309	98,4	189309	98400
170,808	97,75	170808	97750
170,808	94,5	170808	94500
189,309	99,049	189309	99049
170,808	93,849	170808	93849
189,309	89,95	189309	89950
170,808	98,4	170808	98400
170,808	86,049	170808	86049
170,808	97,099	170808	97099
170,808	93,2	170808	93200
170,808	84,099	170808	84099
189,309	89,299	189309	89299
170,808	99,049	170808	99049
189,309	97,099	189309	97099
189,309	96,45	189309	96450
162,186	122,555	162186	122555
162,186	124,153	162186	124153
162,186	139,806	162186	139806
162,186	77,135	162186	77135
162,186	128,376	162186	128376
164,151	106,316	164151	106316
164,151	94,085	164151	94085
162,186	99,694	162186	99694
164,151	128,376	164151	128376
162,186	77,935	162186	77935
164,151	111,924	164151	111924
162,186	88,265	162186	88265
164,151	124,953	164151	124953
162,186	111,125	162186	111125
164,151	103,918	164151	103918
164,151	77,135	164151	77135
164,151	90,662	164151	90662
164,151	78,733	164151	78733
164,151	77,935	164151	77935
162,186	136,383	162186	136383
162,186	79,533	162186	79533
187,966	106,885	187966	106885
164,151	116,147	164151	116147
162,186	123,355	162186	123355
187,966	109,284	187966	109284
164,151	123,355	164151	123355
164,151	124,153	164151	124153
162,186	139,008	162186	139008
164,151	105,516	164151	105516
162,186	126,778	162186	126778
162,186	124,953	162186	124953
164,151	135,582	164151	135582
162,186	81,358	162186	81358
164,151	92,487	164151	92487
162,186	82,158	162186	82158
164,151	115,347	164151	115347
162,186	115,347	162186	115347
164,151	93,287	164151	93287
164,151	129,175	164151	129175
187,966	108,483	187966	108483
162,186	78,733	162186	78733
162,186	135,582	162186	135582
162,186	82,956	162186	82956
164,151	136,383	164151	136383
164,151	111,125	164151	111125
162,186	127,578	162186	127578
164,151	104,718	164151	104718
162,186	83,756	162186	83756
164,151	139,008	164151	139008
164,151	83,756	164151	83756
162,186	94,885	162186	94885
162,186	102,093	162186	102093
164,151	138,207	164151	138207
162,186	104,718	162186	104718
164,151	117,745	164151	117745
164,151	99,694	164151	99694
164,151	116,945	164151	116945
164,151	82,956	164151	82956
162,186	134,784	162186	134784
162,186	117,745	162186	117745
164,151	88,265	164151	88265
162,186	140,605	162186	140605
162,186	111,924	162186	111924
162,186	129,175	162186	129175
164,151	126,778	164151	126778
162,186	94,085	162186	94085
189,931	109,284	189931	109284
164,151	127,578	164151	127578
164,151	134,784	164151	134784
164,151	140,605	164151	140605
162,186	93,287	162186	93287
162,186	116,945	162186	116945
162,186	103,918	162186	103918
164,151	112,722	164151	112722
162,186	112,722	162186	112722
162,186	92,487	162186	92487
189,931	107,686	189931	107686
164,151	113,522	164151	113522
162,186	133,985	162186	133985
189,931	106,885	189931	106885
164,151	102,093	164151	102093
164,151	139,806	164151	139806
162,186	116,147	162186	116147
162,186	100,495	162186	100495
164,151	101,293	164151	101293
162,186	106,316	162186	106316
187,966	107,686	187966	107686
164,151	79,533	164151	79533
189,931	108,483	189931	108483
174,692	143,08	174692	143080
162,186	89,064	162186	89064
162,186	138,207	162186	138207
164,151	89,862	164151	89862
162,186	105,516	162186	105516
164,151	122,555	164151	122555
162,186	113,522	162186	113522
164,151	100,495	164151	100495
162,186	90,662	162186	90662
172,725	143,08	172725	143080
164,151	82,158	164151	82158
164,151	133,985	164151	133985
162,186	89,862	162186	89862
164,151	81,358	164151	81358
164,151	89,064	164151	89064
164,151	94,885	164151	94885
162,186	101,293	162186	101293
152,627	144,28	152627	144280
152,702	146,724	152702	146724
132,433	103,689	132433	103689
135,174	103,689	135174	103689
152,781	94,814	152781	94814
152,781	93,544	152781	93544
152,781	136,723	152781	136723
152,781	96,083	152781	96083
152,781	135,453	152781	135453
152,781	134,184	152781	134184
152,781	92,273	152781	92273
152,781	91,003	152781	91003
189,584	60,46	189584	60460
189,584	140,469	189584	140469
52,423	60,46	52423	60460
56,868	58,554	56868	58554
185,774	64,269	185774	64269
52,423	140,469	52423	140469
170,764	80,31	170764	80310
144,062	116,91	144062	116910
116,558	87,566	116558	87566
108,304	92,359	108304	92359
116,558	91,774	116558	91774
108,304	86,98	108304	86980
125,084	106,04	125084	106040
121,274	101,239	121274	101239
121,274	106,04	121274	106040
125,084	78,1	125084	78100
125,084	73,3	125084	73300
121,274	78,1	121274	78100
125,084	101,239	125084	101239
94,334	91,08	94334	91080
94,334	95,88	94334	95880
121,274	73,3	121274	73300
123,575	98,309	123575	98309
123,575	88,149	123575	88149
123,511	81,031	123511	81031
123,511	91,191	123511	91191
98,224	102	98224	102000
87,153	90,305	87153	90305
87,153	84,59	87153	84590
113,019	101,54	113019	101540
91,354	96,019	91354	96019
91,354	84,59	91354	84590
116,828	73,6	116828	73600
116,828	105,739	116828	105739
87,153	96,019	87153	96019
113,019	77,8	113019	77800
91,354	90,305	91354	90305
116,828	101,54	116828	101540
113,019	73,6	113019	73600
113,019	105,739	113019	105739
116,828	77,8	116828	77800
118,858	81,615	118858	81615
106,004	81,03	106004	81030
106,004	98,31	106004	98310
110,603	81,03	110603	81030
114,259	97,724	114259	97724
114,259	81,615	114259	81615
116,558	97,724	116558	97724
110,603	98,31	110603	98310
116,558	81,615	116558	81615
118,858	97,724	118858	97724
108,304	98,31	108304	98310
108,304	81,03	108304	81030
113,073	110,269	113073	110269
107,993	110,269	107993	110269
115,614	110,269	115614	110269
83,373	110,269	83373	110269
85,914	110,269	85914	110269
110,534	110,269	110534	110269
80,834	110,269	80834	110269
88,453	110,269	88453	110269
78,293	110,269	78293	110269
65,593	110,269	65593	110269
123,233	110,269	123233	110269
68,134	110,269	68134	110269
118,153	110,269	118153	110269
140,054	61,429	140054	61429
120,694	110,269	120694	110269
75,754	110,269	75754	110269
70,674	110,269	70674	110269
73,213	110,269	73213	110269
180,937	72,333	180937	72333
176,066	72,333	176066	72333
93,633	83,211	93633	83211
93,763	85,967	93763	85967
82,235	83,637	82235	83637
103,892	75,7	103892	75700
103,256	97,924	103256	97924
103,256	92,209	103256	92209
105,574	104,007	105574	104007
84,842	96,019	84842	96019
103,256	87,129	103256	87129
82,235	95,066	82235	95066
84,842	90,305	84842	90305
100,651	93,162	100651	93162
82,235	85,543	82235	85543
96,205	86,177	96205	86177
105,574	102,1	105574	102100
84,842	84,59	84842	84590
103,256	80,78	103256	80780
106,365	76,653	106365	76653
101,285	76,653	101285	76653
101,285	74,746	101285	74746
100,651	81,733	100651	81733
108,179	103,054	108179	103054
100,651	79,826	100651	79826
96,205	88,082	96205	88082
100,651	88,082	100651	88082
98,812	87,129	98812	87129
82,235	91,257	82235	91257
106,365	74,746	106365	74746
100,651	91,257	100651	91257
100,651	98,878	100651	98878
108,971	75,7	108971	75700
82,235	89,352	82235	89352
100,651	86,177	100651	86177
100,651	96,971	100651	96971
82,235	96,972	82235	96972
110,638	78,876	110638	78876
113,384	89,62	113384	89620
99,245	112,412	99245	112412
177,774	127,26	177774	127260
178,433	130,399	178433	130399
94,353	97,559	94353	97559
176,174	117,34	176174	117340
176,705	113,568	176705	113568
182,382	112,347	182382	112347
178,157	94,62	178157	94620
174,574	113,519	174574	113519
105,603	89,54	105603	89540
177,503	115,57	177503	115570
173,644	127,439	173644	127439
82,269	87,079	82269	87079
90,664	93,049	90664	93049
181,55	133,148	181550	133148
173,102	133,275	173102	133275
176,174	132,06	176174	132060
179,163	116,7	179163	116700
93,784	80,82	93784	80820
173,677	111,707	173677	111707
171,574	116,029	171574	116029
182,318	127,579	182318	127579
179,31	100,187	179310	100187
176,237	111,644	176237	111644
98,778	89,919	98778	89919
104,686	102,043	104686	102043
183,063	131,239	183063	131239
178,157	82,588	178157	82588
82,263	98,74	82263	98740
167,294	111,799	167294	111799
96,504	96,829	96504	96829
167,544	123,21	167544	123210
138,649	93,48	138649	93480
137,644	135,219	137644	135219
149,343	135,219	149343	135219
150,348	93,48	150348	93480
72,108	135,314	72108	135314
107,668	141,815	107668	141815
82,269	141,815	82269	141815
82,269	135,314	82269	135314
112,748	121,344	112748	121344
92,429	135,314	92429	135314
117,828	135,314	117828	135314
97,584	128,879	97584	128879
72,108	127,845	72108	127845
112,748	141,815	112748	141815
112,748	135,314	112748	135314
87,349	141,815	87349	141815
77,188	135,314	77188	135314
112,748	127,845	112748	127845
102,588	127,845	102588	127845
117,828	141,815	117828	141815
72,108	121,344	72108	121344
92,429	141,815	92429	141815
87,349	127,845	87349	127845
97,563	119,42	97563	119420
82,269	127,845	82269	127845
87,349	121,344	87349	121344
117,828	121,344	117828	121344
122,909	135,314	122909	135314
107,668	127,845	107668	127845
77,188	121,344	77188	121344
97,584	134,18	97584	134180
92,429	121,344	92429	121344
102,588	141,815	102588	141815
82,269	121,344	82269	121344
122,909	127,845	122909	127845
92,429	127,845	92429	127845
122,909	141,815	122909	141815
102,588	135,314	102588	135314
117,828	127,845	117828	127845
107,668	121,344	107668	121344
87,349	135,314	87349	135314
122,909	121,344	122909	121344
102,588	121,344	102588	121344
97,563	124,719	97563	124719
77,188	141,815	77188	141815
72,108	141,815	72108	141815
107,668	135,314	107668	135314
77,188	127,845	77188	127845
56,874	157,11	56874	157110
98,224	145	98224	145000
125,774	67,269	125774	67269
73,213	67,269	73213	67269
60,514	67,269	60514	67269
73,213	112,81	73213	112810
78,293	69,81	78293	69810
113,073	67,269	113073	67269
118,153	67,269	118153	67269
125,774	69,81	125774	69810
80,834	69,81	80834	69810
120,694	69,81	120694	69810
80,834	112,81	80834	112810
110,534	69,81	110534	69810
88,453	69,81	88453	69810
73,213	69,81	73213	69810
65,593	67,269	65593	67269
70,674	67,269	70674	67269
65,593	69,81	65593	69810
80,834	67,269	80834	67269
115,614	112,81	115614	112810
70,674	69,81	70674	69810
63,054	67,269	63054	67269
123,233	69,81	123233	69810
85,914	67,269	85914	67269
78,293	112,81	78293	112810
85,914	112,81	85914	112810
65,593	112,81	65593	112810
85,914	69,81	85914	69810
115,614	69,81	115614	69810
68,134	112,81	68134	112810
63,054	110,269	63054	110269
113,073	69,81	113073	69810
83,373	69,81	83373	69810
63,054	112,81	63054	112810
138,617	150,37	138617	150370
60,514	69,81	60514	69810
118,153	69,81	118153	69810
70,674	112,81	70674	112810
107,993	69,81	107993	69810
123,233	67,269	123233	67269
83,373	112,81	83373	112810
75,754	69,81	75754	69810
120,694	67,269	120694	67269
63,054	69,81	63054	69810
60,514	112,81	60514	112810
125,774	112,81	125774	112810
88,453	112,81	88453	112810
78,293	67,269	78293	67269
88,453	67,269	88453	67269
125,774	110,269	125774	110269
107,993	112,81	107993	112810
60,514	110,269	60514	110269
118,153	112,81	118153	112810
68,134	69,81	68134	69810
110,534	67,269	110534	67269
123,233	112,81	123233	112810
107,993	67,269	107993	67269
115,614	67,269	115614	67269
68,134	67,269	68134	67269
120,694	112,81	120694	112810
83,373	67,269	83373	67269
75,754	112,81	75754	112810
113,073	112,81	113073	112810
75,754	67,269	75754	67269
110,534	112,81	110534	112810
188,883	156,349	188883	156349
105,656	132,914	105656	132914
72,217	146,754	72217	146754
105,656	130,375	105656	130375
109,277	143,985	109277	143985
111,6	144,115	111600	144115
84,701	144,345	84701	144345
70,731	130,375	70731	130375
99,018	140,016	99018	140016
74,541	146,884	74541	146884
106,52	146,655	106520	146655
84,701	146,884	84701	146884
108,411	130,245	108411	130245
123,652	132,784	123652	132784
125,975	130,375	125975	130375
77,297	146,754	77297	146754
82,377	144,215	82377	144215
98,888	137,259	98888	137259
75,811	130,375	75811	130375
125,975	132,914	125975	132914
113,491	130,245	113491	130245
92,536	144,215	92536	144215
115,815	132,914	115815	132914
109,277	146,525	109277	146525
96,365	137,259	96365	137259
73,487	130,245	73487	130245
170,598	150,737	170598	150737
103,331	132,784	103331	132784
119,137	143,985	119137	143985
85,97	130,375	85970	130375
113,491	132,784	113491	132784
93,806	130,245	93806	130245
96,495	140,016	96495	140016
116,38	146,655	116380	146655
88,726	132,784	88726	132784
80,89	132,914	80890	132914
100,576	130,375	100576	130375
126,14	146,655	126140	146655
72,217	144,215	72217	144215
124,017	143,985	124017	143985
110,735	132,914	110735	132914
87,456	144,215	87456	144215
120,895	130,375	120895	130375
110,735	130,375	110735	130375
69,46	144,345	69460	144345
88,726	130,245	88726	130245
106,52	144,115	106520	144115
89,781	146,884	89781	146884
120,895	132,914	120895	132914
123,652	130,245	123652	130245
119,137	146,525	119137	146525
92,536	146,754	92536	146754
82,377	146,754	82377	146754
85,97	132,914	85970	132914
93,806	132,784	93806	132784
124,017	146,525	124017	146525
170,468	147,982	170468	147982
83,646	132,784	83646	132784
91,05	132,914	91050	132914
91,05	130,375	91050	130375
121,261	144,115	121261	144115
167,928	147,982	167928	147982
126,14	144,115	126140	144115
121,261	146,655	121261	146655
118,571	130,245	118571	130245
77,297	144,215	77297	144215
168,058	150,737	168058	150737
116,38	144,115	116380	144115
114,357	143,985	114357	143985
78,566	130,245	78566	130245
173,009	147,982	173009	147982
89,781	144,345	89781	144345
118,571	132,784	118571	132784
70,731	132,914	70731	132914
69,46	146,884	69460	146884
100,576	132,914	100576	132914
175,549	147,982	175549	147982
111,6	146,655	111600	146655
173,139	150,737	173139	150737
175,679	150,737	175679	150737
114,357	146,525	114357	146525
103,331	130,245	103331	130245
78,566	132,784	78566	132784
87,456	146,754	87456	146754
108,411	132,784	108411	132784
74,541	144,345	74541	144345
73,487	132,784	73487	132784
80,89	130,375	80890	130375
115,815	130,375	115815	130375
79,621	144,345	79621	144345
75,811	132,914	75811	132914
83,646	130,245	83646	130245
79,621	146,884	79621	146884
180,727	149,36	180727	149360
178,121	148,407	178121	148407
182,565	150,312	182565	150312
185,172	149,36	185172	149360
178,121	150,312	178121	150312
182,565	148,407	182565	148407
96,302	115,213	96302	115213
72,114	157,21	72114	157210
77,194	157,21	77194	157210
56,874	157,21	56874	157210
127,188	150,47	127188	150470
152,753	64,069	152753	64069
131,759	155,549	131759	155549
125,774	112,91	125774	112910
124,902	155,549	124902	155549
152,753	66,61	152753	66610
142,593	64,069	142593	64069
170,533	61,529	170533	61529
170,533	66,61	170533	66610
129,473	150,47	129473	150470
175,614	66,61	175614	66610
122,615	155,549	122615	155549
120,694	67,369	120694	67369
150,213	61,529	150213	61529
139,76	153,009	139760	153009
178,153	66,61	178153	66610
108,9	150,47	108900	150470
165,454	66,61	165454	66610
68,134	112,91	68134	112910
138,617	155,549	138617	155549
107,993	67,369	107993	67369
162,913	66,61	162913	66610
107,993	110,369	107993	110369
137,474	153,009	137474	153009
106,614	150,47	106614	150470
115,757	155,549	115757	155549
75,754	67,369	75754	67369
122,615	150,47	122615	150470
123,233	110,369	123233	110369
120,694	110,369	120694	110369
160,373	64,069	160373	64069
113,471	150,47	113471	150470
107,757	153,009	107757	153009
134,045	150,47	134045	150470
111,186	155,549	111186	155549
136,331	155,549	136331	155549
147,674	64,069	147674	64069
118,153	110,369	118153	110369
129,473	155,549	129473	155549
113,471	155,549	113471	155549
118,043	150,47	118043	150470
120,329	150,47	120329	150470
147,674	66,61	147674	66610
111,186	150,47	111186	150470
78,293	67,369	78293	67369
127,188	155,549	127188	155549
145,133	61,529	145133	61529
162,913	64,069	162913	64069
115,757	150,47	115757	150470
162,913	61,529	162913	61529
63,054	110,369	63054	110369
124,902	150,47	124902	150470
65,593	67,369	65593	67369
134,045	155,549	134045	155549
155,294	64,069	155294	64069
118,043	155,549	118043	155549
145,133	64,069	145133	64069
123,233	67,369	123233	67369
120,329	155,549	120329	155549
145,133	66,61	145133	66610
131,759	150,47	131759	150470
112,328	153,009	112328	153009
136,331	150,47	136331	150470
83,373	67,369	83373	67369
138,617	150,47	138617	150470
65,593	110,369	65593	110369
129,894	103,689	129894	103689
158,477	144,28	158477	144280
160,149	146,819	160149	146819
184,883	156,449	184883	156449
186,883	156,449	186883	156449
180,883	156,449	180883	156449
172,883	156,449	172883	156449
168,883	156,449	168883	156449
170,883	156,449	170883	156449
188,883	156,449	188883	156449
166,883	156,449	166883	156449
178,883	156,449	178883	156449
182,883	156,449	182883	156449
176,883	156,449	176883	156449
164,883	156,449	164883	156449
174,883	156,449	174883	156449
131,055	146,655	131055	146655
131,055	130,375	131055	130375
131,055	132,914	131055	132914
128,897	146,525	128897	146525
131,055	144,115	131055	144115
133,812	146,525	133812	146525
178,121	145,233	178121	145233
182,565	145,233	182565	145233
185,172	144,28	185172	144280
129,861	114,117	129861	114117
129,861	116,022	129861	116022
180,727	144,28	180727	144280
174,692	143,881	174692	143881
174,692	145,479	174692	145479
172,725	143,881	172725	143881
172,725	145,479	172725	145479
172,725	144,679	172725	144679
174,692	144,679	174692	144679
134,973	112,699	134973	112699
183,725	82,226	183725	82226
184,622	147,313	184622	147313
134,183	102,44	134183	102440
172,141	146,994	172141	146994
109,608	132,949	109608	132949
167,264	146,91	167264	146910
176,813	147,121	176813	147121
129,894	112,74	129894	112740
99,414	77,069	99414	77069
174,126	146,994	174126	146994
149,593	129,43	149593	129430
88,691	146,93	88691	146930
186,157	76,209	186157	76209
168,237	145,265	168237	145265
114,6	132,949	114600	132949
83,635	146,865	83635	146865
185,901	107,762	185901	107762
180,653	147,036	180653	147036
182,638	147,036	182638	147036
183,021	153,906	183021	153906
147,663	108,44	147663	108440
178,734	147,186	178734	147186
84,85	132,949	84850	132949
167,493	143,049	167493	143049
88,194	87,58	88194	87580
144,484	129,479	144484	129479
105,39	146,699	105390	146699
110,51	146,699	110510	146699
69,49	132,913	69490	132913
120,819	81,444	120819	81444
129,723	102,44	129723	102440
119,084	99,78	119084	99780
78,445	145,65	78445	145650
79,73	132,913	79730	132913
186,413	87,41	186413	87410
104,489	132,949	104489	132949
128,044	96,589	128044	96589
73,343	147,549	73343	147549
186,349	96,241	186349	96241
124,974	132,786	124974	132786
88,254	81,899	88254	81899
104,365	104,113	104365	104113
101,353	90,039	101353	90039
148,593	88,11	148593	88110
73,373	145,359	73373	145359
170,157	145,308	170157	145308
74,674	132,913	74674	132913
185,133	89,521	185133	89521
89,906	132,913	89906	132913
129,144	87,05	129144	87050
187,181	80,434	187181	80434
119,721	132,913	119721	132913
186,286	109,681	186286	109681
144,813	99,479	144813	99479
169,262	147,25	169262	147250
180,334	153,265	180334	153265
185,901	94,13	185901	94130
130,03	132,786	130030	132786
151,784	134,092	151784	134092
136,044	70,68	136044	70680
105,262	122,573	105262	122573
100,078	123,15	100078	123150
151,782	111,231	151782	111231
160,963	123,98	160963	123980
165,276	123,231	165276	123231
151,782	137,93	151782	137930
191,213	104,269	191213	104269
189,933	105,998	189933	105998
170,364	123,329	170364	123329
191,15	82,189	191150	82189
177,198	107,853	177198	107853
165,276	116,025	165276	116025
171,502	145,485	171502	145485
165,276	106,694	165276	106694
160,984	126,48	160984	126480
152,757	149,314	152757	149314
185,139	120,909	185139	120909
164,813	143,08	164813	143080
191,213	75,085	191213	75085
179,437	68,621	179437	68621
151,782	140,427	151782	140427
191,213	71,31	191213	71310
183,789	107,213	183789	107213
191,213	65,165	191213	65165
191,213	68,174	191213	68174
165,276	118,125	165276	118125
191,406	119,95	191406	119950
191,15	78,67	191150	78670
178,349	105,614	178349	105614
150,181	144,334	150181	144334
165,276	117,075	165276	117075
165,276	133,611	165276	133611
165,276	140,985	165276	140985
183,533	105,549	183533	105549
185,069	132,557	185069	132557
171,437	102,989	171437	102989
148,713	160,129	148713	160129
191,406	110,733	191406	110733
169,723	95,23	169723	95230
167,493	142,949	167493	142949
160,984	143,08	160984	143080
185,133	127,566	185133	127566
169,403	98,39	169403	98390
181,038	105,677	181038	105677
165,276	111,802	165276	111802
174,343	141,909	174343	141909
191,15	87,95	191150	87950
161,05	121,42	161050	121420
150,623	134,199	150623	134199
151,782	135,389	151782	135389
165,276	112,852	165276	112852
165,276	127,454	165276	127454
191,342	114,894	191342	114894
161,213	160,129	161213	160129
165,276	129,555	165276	129555
184,11	78,03	184110	78030
170,123	122,12	170123	122120
191,15	92,558	191150	92558
174,383	139,58	174383	139580
165,276	128,504	165276	128504
188,717	67,085	188717	67085
172,864	137,33	172864	137330
165,276	136,762	165276	136762
160,963	135,409	160963	135409
165,276	135,711	165276	135711
179,181	121,549	179181	121549
165,276	138,884	165276	138884
165,276	114,974	165276	114974
151,782	136,659	151782	136659
176,883	75,54	176883	75540
161,05	132,849	161050	132849
165,276	125,331	165276	125331
178,854	139,189	178854	139189
178,222	58,189	178222	58189
170,903	112,549	170903	112549
165,276	124,281	165276	124281
185,174	74,73	185174	74730
186,861	121,549	186861	121549
143,789	160,141	143789	160141
183,918	120,909	183918	120909
165,276	113,902	165276	113902
179,181	107,469	179181	107469
146,213	160,129	146213	160129
182,61	122,868	182610	122868
165,276	137,835	165276	137835
165,276	126,405	165276	126405
150,578	146,765	150578	146765
166,213	160,129	166213	160129
165,276	134,662	165276	134662
181,294	106,701	181294	106701
169,581	131,406	169581	131406
79,667	127,31	79667	127310
160,997	84,59	160997	84590
125,486	128,461	125486	128461
130,542	139,918	130542	139918
110,189	126,926	110189	126926
143,614	101,01	143614	101010
151,782	109,951	151782	109951
130,542	122,573	130542	122573
171,213	160,129	171213	160129
115,182	122,51	115182	122510
161,05	87,129	161050	87129
50,606	132,493	50606	132493
53,414	132,566	53414	132566
115,31	137,165	115310	137165
69,549	130,318	69549	130318
94,701	118,03	94701	118030
142,943	125,7	142943	125700
84,787	127,31	84787	127310
100,078	134,542	100078	134542
74,674	132,813	74674	132813
160,997	79,51	160997	79510
100,974	159,629	100974	159629
128,222	58,189	128222	58189
138,943	73,28	138943	73280
191,406	129,933	191406	129933
153,222	58,189	153222	58189
98,477	161,165	98477	161165
141,544	125,719	141544	125719
148,593	88,01	148593	88010
160,997	82,049	160997	82049
163,222	58,189	163222	58189
129,723	102,34	129723	102340
144,813	99,379	144813	99379
53,414	135,566	53414	135566
50,606	135,629	50606	135629
147,783	82,54	147783	82540
74,546	123,981	74546	123981
191,213	160,129	191213	160129
165,276	77,811	165276	77811
165,276	76,762	165276	76762
110,254	139,789	110254	139789
166,253	68,941	166253	68941
146,424	87,93	146424	87930
118,221	58,189	118221	58189
151,782	117,567	151782	117567
50,606	126,614	50606	126614
134,973	112,599	134973	112599
74,798	121,933	74798	121933
165,276	78,861	165276	78861
160,997	96,019	160997	96019
165,276	79,912	165276	79912
188,909	145,038	188909	145038
79,725	121,998	79725	121998
74,674	127,31	74674	127310
160,963	89,689	160963	89689
103,477	161,165	103477	161165
140,623	68,359	140623	68359
78,445	145,55	78445	145550
160,997	88,4	160997	88400
123,221	58,189	123221	58189
151,782	112,53	151782	112530
160,997	90,939	160997	90939
151,782	115,069	151782	115069
50,606	129,614	50606	129614
160,997	93,48	160997	93480
124,013	148,622	124013	148622
151,782	113,799	151782	113799
186,213	160,129	186213	160129
92,781	150,605	92781	150605
160,984	92,189	160984	92189
145,769	108,849	145769	108849
137,864	73,439	137864	73439
151,782	96,052	151782	96052
95,022	130,382	95022	130382
120,43	137,038	120430	137038
143,653	106,739	143653	106739
73,335	143,906	73335	143906
151,782	94,707	151782	94707
142,584	108,7	142584	108700
100,078	126,477	100078	126477
84,85	135,502	84850	135502
151,782	82,049	151782	82049
149,579	103,004	149579	103004
125,549	137,038	125549	137038
158,222	58,189	158222	58189
151,782	83,278	151782	83278
151,734	97,25	151734	97250
88,302	159,373	88302	159373
53,421	145,55	53421	145550
50,606	145,614	50606	145614
151,782	90,939	151782	90939
190,062	147,342	190062	147342
155,623	70,06	155623	70060
130,478	128,397	130478	128397
151,782	88,371	151782	88371
181,213	160,129	181213	160129
150,503	91,739	150503	91739
136,674	122,26	136674	122260
94,963	132,84	94963	132840
89,906	135,502	89906	135502
191,342	134,861	191342	134861
128,044	96,489	128044	96489
136,054	69,409	136054	69409
120,365	139,854	120365	139854
151,782	92,209	151782	92209
139,373	68,329	139373	68329
130,478	137,102	130478	137102
105,39	146,599	105390	146599
160,954	74,53	160954	74530
125,549	139,918	125549	139918
78,445	144,205	78445	144205
160,283	73,28	160283	73280
151,782	78,239	151782	78239
74,674	135,437	74674	135437
160,997	76,969	160997	76969
69,555	135,566	69555	135566
135,014	132,86	135014	132860
89,906	127,31	89906	127310
151,782	76,941	151782	76941
161,05	75,7	161050	75700
150,973	108,629	150973	108629
79,73	132,813	79730	132813
95,15	126,798	95150	126798
151,782	80,78	151782	80780
73,373	145,259	73373	145259
130,557	78,79	130557	78790
147,663	108,34	147663	108340
191,213	144,973	191213	144973
151,782	98,522	151782	98522
191,342	149,581	191342	149581
129,144	86,95	129144	86950
92,718	160,141	92718	160141
132,933	92,9	132933	92900
98,414	158,222	98414	158222
140,984	108,709	140984	108709
188,846	136,078	188846	136078
151,782	79,51	151782	79510
79,795	135,437	79795	135437
115,31	139,789	115310	139789
84,85	132,849	84850	132849
88,221	58,189	88221	58189
139,204	141,3	139204	141300
83,221	58,189	83221	58189
88,691	146,83	88691	146830
176,213	160,129	176213	160129
129,894	112,64	129894	112640
160,997	107,45	160997	107450
165,276	95,265	165276	95265
170,503	74,98	170503	74980
73,221	58,189	73221	58189
142,683	82,569	142683	82569
68,221	58,189	68221	58189
161,05	109,989	161050	109989
83,635	146,765	83635	146765
142,723	73,34	142723	73340
165,276	99,322	165276	99322
78,221	58,189	78221	58189
170,222	69,709	170222	69709
105,134	134,734	105134	134734
105,134	138,574	105134	138574
160,997	104,909	160997	104909
98,221	58,189	98221	58189
138,623	139,719	138623	139719
165,276	91,042	165276	91042
165,276	92,114	165276	92114
110,189	135,629	110189	135629
136,243	102,299	136243	102299
151,782	123,959	151782	123959
145,774	68,719	145774	68719
93,221	58,189	93221	58189
143,274	68,43	143274	68430
88,76	144,27	88760	144270
165,276	93,165	165276	93165
134,318	145,319	134318	145319
165,276	94,215	165276	94215
54,829	65,486	54829	65486
160,997	113,799	160997	113799
172,205	79,31	172205	79310
57,134	62,67	57134	62670
144,003	73,34	144003	73340
169,574	90,359	169574	90359
60,222	58,189	60222	58189
187,502	129,997	187502	129997
165,276	104,594	165276	104594
182,957	152,461	182957	152461
165,276	105,644	165276	105644
50,862	65,421	50862	65421
169,683	93,2	169683	93200
52,973	65,486	52973	65486
134,183	102,34	134183	102340
120,365	122,573	120365	122573
160,984	115,049	160984	115049
95,534	141,71	95534	141710
63,222	58,189	63222	58189
151,782	127,769	151782	127769
165,276	101,421	165276	101421
105,134	136,973	105134	136973
165,276	100,371	165276	100371
169,454	84,75	169454	84750
169,389	87,373	169389	87373
50,798	74,709	50798	74709
52,909	69,709	52909	69709
50,798	69,709	50798	69709
173,222	58,189	173222	58189
60,222	61,189	60222	61189
151,782	128,997	151782	128997
136,873	95,719	136873	95719
160,963	112,549	160963	112549
115,31	128,461	115310	128461
165,276	102,471	165276	102471
113,221	58,189	113221	58189
141,493	73,319	141493	73319
169,006	68,621	169006	68621
165,276	89,992	165276	89992
143,864	87,765	143864	87765
186,669	145,038	186669	145038
103,221	58,189	103221	58189
168,877	71,054	168877	71054
140,163	82,569	140163	82569
160,963	101,12	160963	101120
110,189	128,461	110189	128461
142,054	68,29	142054	68290
160,997	102,37	160997	102370
165,276	88,941	165276	88941
151,813	118,92	151813	118920
165,276	87,891	165276	87891
165,276	84,135	165276	84135
120,43	128,397	120430	128397
147,753	73,346	147753	73346
148,222	58,189	148222	58189
108,221	58,189	108221	58189
151,782	121,382	151782	121382
125,421	122,573	125421	122573
146,743	129,43	146743	129430
138,783	87,76	138783	87760
169,006	69,837	169006	69837
105,134	140,11	105134	140110
165,276	80,984	165276	80984
83,512	144,27	83512	144270
143,222	58,189	143222	58189
146,524	73,346	146524	73346
151,753	120,15	151753	120150
148,554	68,67	148554	68670
160,997	99,829	160997	99829
168,222	58,189	168222	58189
100,078	135,949	100078	135949
148,883	71,98	148883	71980
191,406	125,069	191406	125069
185,646	128,769	185646	128769
139,848	90,435	139848	90435
151,782	101,099	151782	101099
152,757	149,314	152757	149314
130,557	69,269	130557	69269
130,557	78,79	130557	78790
152,757	158,835	152757	158835
137,864	73,439	137864	73439
140,283	73,31	140283	73310
185,006	98,51	185006	98510
130,343	98,069	130343	98069
160,997	141,74	160997	141740
188,909	145,038	188909	145038
78,387	146,894	78387	146894
95,534	141,71	95534	141710
120,365	122,573	120365	122573
110,189	128,461	110189	128461
183,277	100,237	183277	100237
84,85	139,789	84850	139789
100,078	135,949	100078	135949
179,181	107,469	179181	107469
190,062	147,342	190062	147342
83,512	144,27	83512	144270
105,134	127,501	105134	127501
185,389	92,686	185389	92686
146,213	160,129	146213	160129
73,335	143,906	73335	143906
185,133	88,013	185133	88013
138,908	82,65	138908	82650
178,854	139,189	178854	139189
160,984	143,08	160984	143080
165,276	139,935	165276	139935
141,443	82,579	141443	82579
115,182	122,51	115182	122510
138,943	73,28	138943	73280
132,114	98,03	132114	98030
88,76	144,27	88760	144270
165,276	138,884	165276	138884
143,274	68,43	143274	68430
142,723	73,34	142723	73340
90,034	139,725	90034	139725
141,493	73,319	141493	73319
191,213	144,973	191213	144973
186,03	91,662	186030	91662
138,783	87,76	138783	87760
95,022	137,937	95022	137937
143,222	58,189	143222	58189
191,342	114,894	191342	114894
110,189	126,926	110189	126926
105,134	134,734	105134	134734
140,163	82,569	140163	82569
186,349	84,493	186349	84493
100,078	134,542	100078	134542
186,413	90,126	186413	90126
184,493	91,981	184493	91981
136,873	95,719	136873	95719
189,038	78,605	189038	78605
162,674	142,949	162674	142949
186,413	88,718	186413	88718
165,276	137,835	165276	137835
140,623	68,359	140623	68359
181,038	105,677	181038	105677
188,717	67,085	188717	67085
165,276	135,711	165276	135711
186,413	82,799	186413	82799
78,445	144,205	78445	144205
142,054	68,29	142054	68290
139,373	68,329	139373	68329
169,581	131,406	169581	131406
165,276	136,762	165276	136762
178,925	112,781	178925	112781
132,933	92,9	132933	92900
186,349	85,902	186349	85902
185,262	90,894	185262	90894
181,294	106,701	181294	106701
181,213	160,129	181213	160129
100,983	84,599	100983	84599
108,221	58,189	108221	58189
96,263	89,73	96263	89730
104,254	74,17	104254	74170
102,644	84,59	102644	84590
106,774	78,359	106774	78359
98,778	95,42	98778	95420
96,924	95,359	96924	95359
104,274	84,549	104274	84549
182,61	122,868	182610	122868
98,778	79,51	98778	79510
183,918	120,909	183918	120909
96,239	84,549	96239	84549
189,933	105,998	189933	105998
93,644	89,349	93644	89349
87,323	98,969	87323	98969
98,903	84,519	98903	84519
103,221	58,189	103221	58189
100,993	78,54	100993	78540
74,798	121,933	74798	121933
185,966	111,822	185966	111822
165,223	148,639	165223	148639
103,213	100,621	103213	100621
50,606	126,614	50606	126614
74,546	123,981	74546	123981
116,59	79,182	116590	79182
172,864	137,33	172864	137330
118,221	58,189	118221	58189
114,203	79,409	114203	79409
100,073	95,45	100073	95450
191,213	160,129	191213	160129
102,884	89,739	102884	89739
97,183	99,03	97183	99030
101,319	95,385	101319	95385
104,593	95,329	104593	95329
108,304	89,4	108304	89400
113,221	58,189	113221	58189
103,233	95,37	103233	95370
84,224	98,59	84224	98590
180,014	133,325	180014	133325
185,133	123,406	185133	123406
60,222	61,189	60222	61189
50,798	69,709	50798	69709
52,909	69,709	52909	69709
174,343	141,909	174343	141909
68,221	58,189	68221	58189
63,222	58,189	63222	58189
50,798	74,709	50798	74709
161,213	160,129	161213	160129
52,973	65,486	52973	65486
186,861	121,549	186861	121549
191,406	110,733	191406	110733
50,862	65,421	50862	65421
57,134	62,67	57134	62670
60,222	58,189	60222	58189
183,764	127,56	183764	127560
54,829	65,486	54829	65486
181,614	131,854	181614	131854
82,524	92,76	82524	92760
178,861	132,366	178861	132366
85,513	87,659	85513	87659
86,774	87,219	86774	87219
84,004	93,239	84004	93239
87,343	93,01	87343	93010
93,674	87,129	93674	87129
174,383	139,58	174383	139580
98,221	58,189	98221	58189
191,213	104,269	191213	104269
171,502	145,485	171502	145485
83,221	58,189	83221	58189
73,221	58,189	73221	58189
78,221	58,189	78221	58189
88,221	58,189	88221	58189
93,221	58,189	93221	58189
83,963	87,239	83963	87239
185,139	120,909	185139	120909
80,963	84,43	80963	84430
183,789	107,213	183789	107213
69,618	140,045	69618	140045
79,795	135,437	79795	135437
191,213	75,085	191213	75085
191,342	149,581	191342	149581
191,213	71,31	191213	71310
180,141	114,957	180141	114957
130,774	80,76	130774	80760
100,078	126,477	100078	126477
164,813	143,08	164813	143080
120,365	98,445	120365	98445
191,15	78,67	191150	78670
100,078	121,358	100078	121358
74,674	135,437	74674	135437
118,843	101,329	118843	101329
126,293	87,7	126293	87700
186,286	99,981	186286	99981
100,078	123,15	100078	123150
95,15	126,798	95150	126798
136,054	69,409	136054	69409
148,713	160,129	148713	160129
89,906	135,502	89906	135502
94,963	132,84	94963	132840
53,421	145,55	53421	145550
110,126	122,51	110126	122510
167,283	137,25	167283	137250
50,606	145,614	50606	145614
136,044	70,68	136044	70680
165,276	140,985	165276	140985
105,262	122,573	105262	122573
119,224	107,06	119224	107060
84,85	135,502	84850	135502
191,213	68,174	191213	68174
191,213	65,165	191213	65165
183,533	105,549	183533	105549
79,858	139,789	79858	139789
95,022	130,382	95022	130382
74,674	139,789	74674	139789
190,382	85,069	190382	85069
123,221	58,189	123221	58189
50,606	132,493	50606	132493
74,674	127,31	74674	127310
116,558	89,659	116558	89659
53,414	132,566	53414	132566
191,15	87,95	191150	87950
121,493	79,489	121493	79489
94,701	118,03	94701	118030
69,549	130,318	69549	130318
84,787	121,998	84787	121998
191,15	92,558	191150	92558
106,424	100,65	106424	100650
184,814	113,165	184814	113165
79,725	121,998	79725	121998
182,598	117,331	182598	117331
180,526	121,23	180526	121230
108,269	100,493	108269	100493
50,606	129,614	50606	129614
117,914	79,159	117914	79159
162,294	148,06	162294	148060
128,222	58,189	128222	58189
102,701	115,213	102701	115213
185,133	127,566	185133	127566
191,15	82,189	191150	82189
120,664	95,5	120664	95500
123,453	89,489	123453	89489
89,906	127,31	89906	127310
69,555	135,566	69555	135566
50,606	135,629	50606	135629
186,213	160,129	186213	160129
89,906	121,998	89906	121998
182,67	115,143	182670	115143
79,667	127,31	79667	127310
120,603	84,53	120603	84530
179,181	121,549	179181	121549
53,414	135,566	53414	135566
84,787	127,31	84787	127310
176,353	127,385	176353	127385
182,957	152,461	182957	152461
163,222	58,189	163222	58189
160,997	82,049	160997	82049
160,984	80,76	160984	80760
141,544	125,719	141544	125719
151,782	109,951	151782	109951
185,069	132,557	185069	132557
167,354	114,469	167354	114469
160,984	126,48	160984	126480
139,204	141,3	139204	141300
100,974	159,629	100974	159629
151,782	125,23	151782	125230
151,782	107,481	151782	107481
174,382	97,165	174382	97165
173,933	98,445	173933	98445
179,437	68,621	179437	68621
191,406	129,933	191406	129933
160,997	79,51	160997	79510
98,477	161,165	98477	161165
171,213	160,129	171213	160129
138,704	131,889	138704	131889
160,997	125,23	160997	125230
151,782	111,231	151782	111231
161,05	87,129	161050	87129
160,997	88,4	160997	88400
151,782	112,53	151782	112530
165,276	95,265	165276	95265
171,437	102,989	171437	102989
160,997	118,879	160997	118879
151,782	139,15	151782	139150
130,542	139,918	130542	139918
160,997	84,59	160997	84590
165,276	118,125	165276	118125
160,997	107,45	160997	107450
162,193	80,439	162193	80439
142,943	125,7	142943	125700
173,997	96,078	173997	96078
175,981	88,397	175981	88397
160,963	78,26	160963	78260
178,413	152,526	178413	152526
159,104	73,87	159104	73870
151,782	101,099	151782	101099
178,153	88,462	178153	88462
98,414	158,222	98414	158222
151,782	141,771	151782	141771
125,549	139,918	125549	139918
188,846	136,078	188846	136078
151,782	102,37	151782	102370
135,973	126,409	135973	126409
172,375	108,109	172375	108109
151,782	98,522	151782	98522
165,276	99,322	165276	99322
151,782	126,5	151782	126500
150,181	144,334	150181	144334
92,718	160,141	92718	160141
181,55	62,606	181550	62606
151,782	99,802	151782	99802
151,782	103,64	151782	103640
150,973	108,629	150973	108629
177,133	145,294	177133	145294
170,503	74,98	170503	74980
161,05	75,7	161050	75700
175,277	95,31	175277	95310
135,014	132,86	135014	132860
151,782	140,427	151782	140427
173,741	100,046	173741	100046
160,997	76,969	160997	76969
130,478	137,102	130478	137102
160,954	74,53	160954	74530
160,283	73,28	160283	73280
151,782	104,909	151782	104909
151,782	106,138	151782	106138
160,997	127,769	160997	127769
162,133	125,87	162133	125870
161,694	68,941	161694	68941
167,283	91,579	167283	91579
165,276	88,941	165276	88941
161,05	121,42	161050	121420
165,276	94,215	165276	94215
165,276	87,891	165276	87891
160,997	102,37	160997	102370
165,276	89,992	165276	89992
165,276	112,852	165276	112852
151,784	134,092	151784	134092
151,782	121,382	151782	121382
160,997	122,689	160997	122689
151,813	118,92	151813	118920
134,318	145,319	134318	145319
165,276	84,135	165276	84135
160,997	99,829	160997	99829
160,963	101,12	160963	101120
165,276	113,902	165276	113902
168,222	58,189	168222	58189
151,753	120,15	151753	120150
151,782	135,389	151782	135389
138,623	139,719	138623	139719
174,509	82,189	174509	82189
162,163	103,03	162163	103030
168,813	72,846	168813	72846
165,276	92,114	165276	92114
160,997	104,909	160997	104909
165,276	93,165	165276	93165
180,909	142,925	180909	142925
151,782	122,662	151782	122662
168,877	71,054	168877	71054
169,006	69,837	169006	69837
169,006	68,621	169006	68621
167,533	80,37	167533	80370
160,984	103,62	160984	103620
165,276	91,042	165276	91042
165,276	111,802	165276	111802
146,743	129,43	146743	129430
173,741	86,67	173741	86670
151,782	136,659	151782	136659
173,806	83,022	173806	83022
124,013	148,622	124013	148622
160,963	123,98	160963	123980
151,782	115,069	151782	115069
160,997	93,48	160997	93480
166,253	68,941	166253	68941
170,222	69,709	170222	69709
180,846	145,614	180846	145614
165,276	76,762	165276	76762
165,276	117,075	165276	117075
160,997	90,939	160997	90939
160,963	89,689	160963	89689
103,477	161,165	103477	161165
151,782	137,93	151782	137930
160,984	92,189	160984	92189
165,276	116,025	165276	116025
151,782	113,799	151782	113799
191,406	119,95	191406	119950
151,782	116,34	151782	116340
165,276	82,034	165276	82034
151,782	123,959	151782	123959
165,276	114,974	165276	114974
175,918	82,189	175918	82189
166,213	160,129	166213	160129
191,406	125,069	191406	125069
161,05	98,56	161050	98560
176,883	75,54	176883	75540
165,276	83,084	165276	83084
175,918	83,406	175918	83406
165,276	77,811	165276	77811
178,222	58,189	178222	58189
162,133	91,599	162133	91599
160,997	96,019	160997	96019
151,782	117,567	151782	117567
165,276	80,984	165276	80984
165,276	78,861	165276	78861
165,276	79,912	165276	79912
161,05	109,989	161050	109989
148,883	71,98	148883	71980
89,646	150,605	89646	150605
148,554	68,67	148554	68670
146,463	82,599	146463	82599
169,433	91,689	169433	91689
149,544	69,329	149544	69329
162,104	114,459	162104	114459
160,997	113,799	160997	113799
166,993	103,049	166993	103049
148,222	58,189	148222	58189
177,198	107,853	177198	107853
132,433	112,73	132433	112730
186,669	145,038	186669	145038
185,174	74,73	185174	74730
120,43	128,397	120430	128397
147,753	73,346	147753	73346
125,421	122,573	125421	122573
160,984	137,909	160984	137909
169,574	90,359	169574	90359
169,723	95,23	169723	95230
160,997	136,659	160997	136659
102,638	145,485	102638	145485
150,674	69,64	150674	69640
165,276	103,545	165276	103545
115,31	137,165	115310	137165
165,276	129,555	165276	129555
151,782	128,997	151782	128997
173,222	58,189	173222	58189
146,424	87,93	146424	87930
170,123	122,12	170123	122120
147,783	82,54	147783	82540
187,502	129,997	187502	129997
110,254	139,789	110254	139789
184,11	78,03	184110	78030
180,653	94,733	180653	94733
92,781	150,605	92781	150605
172,903	116,2	172903	116200
185,262	83,725	185262	83725
105,134	136,973	105134	136973
181,294	100,43	181294	100430
115,31	128,461	115310	128461
144,584	71,9	144584	71900
176,213	160,129	176213	160129
151,782	130,342	151782	130342
165,276	106,694	165276	106694
160,984	115,049	160984	115049
185,325	85,197	185325	85197
169,683	93,2	169683	93200
144,364	68,799	144364	68799
185,069	86,67	185069	86670
144,003	73,34	144003	73340
139,848	90,435	139848	90435
165,276	105,644	165276	105644
143,789	160,141	143789	160141
165,276	134,662	165276	134662
142,683	82,569	142683	82569
162,133	137,27	162133	137270
105,134	140,11	105134	140110
110,189	135,629	110189	135629
146,524	73,346	146524	73346
178,349	105,614	178349	105614
170,364	123,329	170364	123329
143,864	87,765	143864	87765
172,205	79,31	172205	79310
145,264	82,54	145264	82540
160,997	116,34	160997	116340
145,774	68,719	145774	68719
165,276	104,594	165276	104594
165,276	133,611	165276	133611
145,234	73,31	145234	73310
160,997	139,199	160997	139199
105,134	138,574	105134	138574
136,243	102,299	136243	102299
183,868	87,757	183868	87757
125,486	128,461	125486	128461
137,364	120,769	137364	120769
151,782	92,209	151782	92209
171,524	113,719	171524	113719
151,782	90,939	151782	90939
151,782	132,812	151782	132812
169,454	84,75	169454	84750
120,365	139,854	120365	139854
165,276	125,331	165276	125331
176,174	100,109	176174	100109
175,469	146,894	175469	146894
155,623	70,06	155623	70060
151,782	88,371	151782	88371
130,478	128,397	130478	128397
151,782	89,67	151782	89670
161,05	132,849	161050	132849
184,43	145,87	184430	145870
172,063	112,739	172063	112739
165,276	100,371	165276	100371
125,549	137,038	125549	137038
151,734	97,25	151734	97250
158,222	58,189	158222	58189
183,868	133,532	183868	133532
169,403	98,39	169403	98390
160,997	130,31	160997	130310
181,55	66,126	181550	66126
149,579	103,004	149579	103004
165,276	123,231	165276	123231
180,397	82,382	180397	82382
165,276	124,281	165276	124281
136,674	122,26	136674	122260
151,782	93,48	151782	93480
88,302	159,373	88302	159373
170,903	112,549	170903	112549
151,782	96,052	151782	96052
151,782	94,707	151782	94707
145,769	108,849	145769	108849
150,578	146,765	150578	146765
153,222	58,189	153222	58189
151,782	127,769	151782	127769
169,966	120,141	169966	120141
165,276	128,504	165276	128504
151,782	76,941	151782	76941
172,933	113,659	172933	113659
140,984	108,709	140984	108709
150,623	134,199	150623	134199
151,782	78,239	151782	78239
185,646	128,769	185646	128769
143,614	101,01	143614	101010
137,693	112,659	137693	112659
130,542	122,573	130542	122573
167,283	125,859	167283	125859
165,276	102,471	165276	102471
151,782	75,662	151782	75662
160,963	135,409	160963	135409
160,963	112,549	160963	112549
165,276	101,421	165276	101421
160,997	111,26	160997	111260
191,342	134,861	191342	134861
151,782	84,621	151782	84621
142,584	108,7	142584	108700
120,43	137,038	120430	137038
165,276	126,405	165276	126405
150,503	91,739	150503	91739
143,653	106,739	143653	106739
151,782	87,091	151782	87091
151,782	83,278	151782	83278
151,782	80,78	151782	80780
115,31	139,789	115310	139789
151,782	79,51	151782	79510
165,276	127,454	165276	127454
151,782	82,049	151782	82049
160,997	134,12	160997	134120
169,389	87,373	169389	87373
88,194	87,48	88194	87480
176,813	147,021	176813	147021
88,254	81,799	88254	81799
172,141	146,894	172141	146894
149,593	129,33	149593	129330
184,622	147,213	184622	147213
78,445	145,55	78445	145550
119,721	132,813	119721	132813
183,725	82,126	183725	82126
134,973	112,599	134973	112599
73,343	147,449	73343	147449
129,723	102,34	129723	102340
185,901	94,03	185901	94030
105,39	146,599	105390	146599
180,334	153,165	180334	153165
148,593	88,01	148593	88010
144,813	99,379	144813	99379
183,021	153,806	183021	153806
186,157	76,109	186157	76109
83,635	146,765	83635	146765
185,133	89,421	185133	89421
109,608	132,849	109608	132849
134,183	102,34	134183	102340
174,126	146,894	174126	146894
114,6	132,849	114600	132849
186,413	87,31	186413	87310
104,489	132,849	104489	132849
88,691	146,83	88691	146830
129,894	112,64	129894	112640
187,181	80,334	187181	80334
73,373	145,259	73373	145259
104,365	104,013	104365	104013
186,286	109,581	186286	109581
144,484	129,379	144484	129379
120,819	81,344	120819	81344
185,901	107,662	185901	107662
167,493	142,949	167493	142949
178,734	147,086	178734	147086
99,414	76,969	99414	76969
169,262	147,15	169262	147150
168,237	145,165	168237	145165
167,264	146,81	167264	146810
101,353	89,939	101353	89939
69,49	132,813	69490	132813
186,349	96,141	186349	96141
130,03	132,686	130030	132686
129,144	86,95	129144	86950
124,974	132,686	124974	132686
110,51	146,599	110510	146599
128,044	96,489	128044	96489
119,084	99,68	119084	99680
79,73	132,813	79730	132813
74,674	132,813	74674	132813
89,906	132,813	89906	132813
147,663	108,34	147663	108340
84,85	132,849	84850	132849
163,593	95,31	163593	95310
163,133	92,78	163133	92780
162,524	98,56	162524	98560
163,133	104,209	163133	104209
162,463	101,12	162463	101120
162,524	87,129	162524	87129
163,133	81,65	163133	81650
150,313	117,909	150313	117909
162,463	89,689	162463	89689
163,593	84,18	163593	84180
162,524	121,42	162524	121420
163,593	118,17	163593	118170
154,981	134,157	154981	134157
154,918	136,659	154918	136659
162,463	123,98	162463	123980
162,524	109,989	162524	109989
163,593	106,739	163593	106739
147,153	135,699	147153	135699
163,133	115,64	163133	115640
162,463	112,549	162463	112549
136,373	93,89	136373	93890
140,294	74,84	140294	74840
142,713	74,829	142713	74829
140,364	91,769	140364	91769
140,394	88,78	140394	88780
108,483	95,29	108483	95290
106,483	84,549	106483	84549
130,174	84,98	130174	84980
133,133	94,67	133133	94670
133,269	83,834	133269	83834
149,579	108,379	149579	108379
154,918	93,453	154918	93453
162,524	76	162524	76000
148,364	117,859	148364	117859
162,463	78,56	162463	78560
147,394	74,739	147394	74739
145,264	74,76	145264	74760
144,913	91,43	144913	91430
154,918	88,397	154918	88397
142,188	112,194	142188	112194
154,981	139,15	154981	139150
163,593	141,03	163593	141030
163,133	138,5	163133	138500
159,563	155,55	159563	155550
162,524	132,849	162524	132849
163,593	129,599	163593	129599
180,717	85,197	180717	85197
154,981	141,71	154981	141710
162,463	135,409	162463	135409
163,133	127,069	163133	127069
162,133	125,87	162133	125870
151,782	132,812	151782	132812
145,234	73,31	145234	73310
162,133	91,599	162133	91599
161,694	68,941	161694	68941
105,134	127,501	105134	127501
89,906	132,813	89906	132813
145,264	82,54	145264	82540
144,584	71,9	144584	71900
144,484	129,379	144484	129379
110,51	146,599	110510	146599
151,782	141,771	151782	141771
135,973	126,409	135973	126409
151,782	75,662	151782	75662
187,181	80,334	187181	80334
151,782	104,909	151782	104909
109,608	132,849	109608	132849
168,237	145,165	168237	145165
89,906	121,998	89906	121998
160,984	137,909	160984	137909
180,909	142,925	180909	142925
186,286	109,581	186286	109581
84,85	139,789	84850	139789
138,704	131,889	138704	131889
167,264	146,81	167264	146810
151,782	125,23	151782	125230
190,382	85,069	190382	85069
114,6	132,849	114600	132849
178,734	147,086	178734	147086
137,364	120,769	137364	120769
165,276	139,935	165276	139935
124,974	132,686	124974	132686
151,782	89,67	151782	89670
169,433	91,689	169433	91689
150,674	69,64	150674	69640
162,294	148,06	162294	148060
178,413	152,526	178413	152526
79,858	139,789	79858	139789
140,283	73,31	140283	73310
174,126	146,894	174126	146894
151,782	103,64	151782	103640
151,782	106,138	151782	106138
84,787	121,998	84787	121998
186,157	76,109	186157	76109
132,114	98,03	132114	98030
160,963	78,26	160963	78260
151,782	126,5	151782	126500
104,489	132,849	104489	132849
110,126	122,51	110126	122510
185,901	107,662	185901	107662
141,443	82,579	141443	82579
102,638	145,485	102638	145485
100,078	121,358	100078	121358
89,646	150,605	89646	150605
149,544	69,329	149544	69329
160,997	111,26	160997	111260
160,997	118,879	160997	118879
160,997	116,34	160997	116340
160,997	122,689	160997	122689
160,997	130,31	160997	130310
160,997	127,769	160997	127769
160,997	125,23	160997	125230
160,997	139,199	160997	139199
160,997	134,12	160997	134120
160,997	136,659	160997	136659
160,997	141,74	160997	141740
162,674	142,949	162674	142949
167,533	80,37	167533	80370
161,05	98,56	161050	98560
167,283	91,579	167283	91579
166,993	103,049	166993	103049
167,354	114,469	167354	114469
172,375	108,109	172375	108109
169,966	120,141	169966	120141
167,283	125,859	167283	125859
167,283	137,25	167283	137250
130,557	69,269	130557	69269
152,757	158,835	152757	158835
189,038	78,605	189038	78605
149,593	129,33	149593	129330
165,276	103,545	165276	103545
130,774	80,76	130774	80760
180,526	121,23	180526	121230
185,133	123,406	185133	123406
119,721	132,813	119721	132813
159,104	73,87	159104	73870
126,293	87,7	126293	87700
180,334	153,165	180334	153165
180,846	145,614	180846	145614
183,021	153,806	183021	153806
184,622	147,213	184622	147213
160,984	103,62	160984	103620
185,966	111,822	185966	111822
69,618	140,045	69618	140045
78,387	146,894	78387	146894
177,133	145,294	177133	145294
74,674	139,789	74674	139789
137,693	112,659	137693	112659
102,701	115,213	102701	115213
95,022	137,937	95022	137937
151,782	107,481	151782	107481
151,782	87,091	151782	87091
165,276	83,084	165276	83084
130,343	98,069	130343	98069
151,782	102,37	151782	102370
160,984	80,76	160984	80760
165,276	82,034	165276	82034
151,782	99,802	151782	99802
132,433	112,73	132433	112730
169,262	147,15	169262	147150
130,03	132,686	130030	132686
144,364	68,799	144364	68799
176,813	147,021	176813	147021
151,782	122,662	151782	122662
165,223	148,639	165223	148639
168,813	72,846	168813	72846
90,034	139,725	90034	139725
172,141	146,894	172141	146894
175,469	146,894	175469	146894
162,133	137,27	162133	137270
69,49	132,813	69490	132813
151,782	84,621	151782	84621
162,104	114,459	162104	114459
151,782	130,342	151782	130342
162,193	80,439	162193	80439
151,782	93,48	151782	93480
138,908	82,65	138908	82650
151,782	116,34	151782	116340
162,163	103,03	162163	103030
151,782	139,15	151782	139150
73,343	147,449	73343	147449
184,43	145,87	184430	145870
146,463	82,599	146463	82599
