Board size [mm] 225x225

Stats side 1
  #Components with background 63
  #Components with points 352
  #Components nofly 6
  #Components notouch 6
  #Pins 68628
  #GNDs 3028
  #VDDs 2267
  #Clock 35
  #NoFly points 940
  #NoTouch points 1048
  #Points [total] 75946

Stats side 2
  #Components with background 74
  #Components with points 406
  #Components nofly 0
  #Components notouch 0
  #Pins 65731
  #GNDs 2659
  #VDDs 2004
  #Clock 25
  #NoFly points 0
  #NoTouch points 0
  #Points [total] 70419

Stats board (side 1 + side 2)
  #Components with background 137
  #Components with points 758
  #Components nofly 6
  #Components notouch 6
  #Pins 134359
  #GNDs 5687
  #VDDs 4271
  #Clock 60
  #NoFly points 940
  #NoTouch points 1048
  #Points [total] 146365
  #Nets 6950
    Net Size: 5687 4271 60 3 6 1 2 3 1 1 4 1 1 1 1 1 2 4 1 1 1 2 5 1 1 1 2 3 1 5 2 2 1 4 1 1 1 2 2 1 2 2 1 2 4 2 3 2 1 3 1 1 4 2 3 1 2 4 1 1 3 1 3 1 3 1 2 1 2 1 4 1 2 5 4 1 2 1 3 2 1 2 3 1 1 2 3 2 3 2 2 3 1 1 3 1 2 3 3 1 1 2 3 3 5 4 4 1 2 3 3 4 1 2 3 2 3 1 1 2 3 2 1 2 3 1 2 2 2 1 1 2 2 3 2 1 1 1 3 2 2 3 3 3 3 1 2 3 2 3 1 1 1 2 2 4 1 3 2 1 2 1 1 1 1 1 2 1 4 4 2 2 5 2 3 2 3 2 2 2 1 2 3 2 1 2 1 2 2 1 1 3 1 1 2 2 2 3 2 2 1 1 1 1 2 1 4 1 4 1 1 3 1 3 2 2 1 4 4 1 3 1 2 3 1 2 1 1 2 3 1 2 3 2 1 3 3 3 1 1 1 4 2 1 1 2 2 2 3 1 2 3 2 1 2 1 2 2 2 3 3 3 4 1 3 3 1 2 3 3 2 1 1 1 2 1 1 1 3 2 2 2 1 1 1 1 3 1 4 1 2 2 2 3 1 1 2 2 2 1 1 2 1 2 1 1 1 2 3 2 1 2 1 4 2 2 2 3 1 2 1 1 1 3 4 1 3 3 2 2 2 3 1 3 1 2 1 2 3 2 2 1 1 1 1 1 1 3 4 1 1 1 4 1 1 1 2 2 2 1 1 1 2 2 2 2 2 3 2 2 1 2 2 3 2 2 3 2 1 1 1 2 1 2 2 2 2 1 4 1 4 2 1 3 1 1 4 3 3 1 2 1 1 2 1 1 1 4 1 4 1 3 1 3 4 1 1 1 1 1 1 2 3 3 3 2 1 1 2 1 1 4 1 1 3 1 4 2 1 1 1 2 2 1 2 3 1 3 2 1 1 3 2 2 2 2 1 3 1 3 7 2 3 1 1 1 3 4 2 3 1 2 1 2 2 3 2 1 1 2 1 2 2 2 1 1 1 2 1 3 2 1 3 4 1 1 2 1 1 2 1 2 2 4 1 2 1 3 1 1 2 2 1 1 1 1 3 1 4 1 2 2 1 1 2 1 2 2 4 5 1 1 2 4 3 2 1 2 1 1 2 2 1 3 1 3 1 1 4 3 2 1 3 2 1 2 1 1 1 1 2 3 2 2 3 1 2 1 1 3 3 1 2 2 1 4 2 1 2 4 2 1 2 2 3 2 2 2 1 2 3 1 2 1 2 1 1 2 2 1 2 3 1 1 1 2 2 2 1 1 1 2 2 1 1 2 1 4 2 1 2 1 6 1 2 3 1 3 1 2 4 1 3 1 1 2 1 2 3 2 3 1 2 1 3 3 1 1 1 4 2 2 1 1 1 1 3 1 1 2 2 1 1 2 1 2 3 1 3 1 2 1 2 5 1 1 1 2 3 3 2 2 2 2 1 1 3 5 4 1 2 2 2 1 1 1 4 1 1 1 1 2 3 1 4 1 2 1 3 3 3 2 2 2 1 1 2 2 1 1 1 3 1 2 2 1 3 2 3 1 2 1 1 4 2 5 1 1 2 3 1 2 3 2 1 1 2 3 2 1 2 1 1 4 2 2 2 2 1 2 1 1 1 1 1 3 2 3 3 5 2 2 1 3 1 1 1 1 2 3 3 1 2 3 2 1 2 2 2 1 1 1 2 1 2 3 1 2 3 1 2 1 2 1 1 2 1 2 3 3 1 2 1 2 2 1 2 1 3 1 3 1 6 2 4 2 3 1 1 1 1 1 2 3 1 4 2 2 2 4 1 1 3 1 2 1 1 5 2 1 4 1 3 1 2 1 2 1 3 1 6 1 3 2 1 2 5 1 2 2 3 1 4 2 1 1 3 3 4 1 1 1 4 1 2 3 1 3 2 4 3 2 4 1 1 4 1 4 2 1 1 1 1 1 2 2 3 4 4 5 2 2 1 1 2 3 1 2 2 4 2 3 2 3 3 1 1 5 1 1 2 2 1 1 2 2 1 3 2 2 1 2 2 1 1 1 1 2 1 1 1 2 1 4 1 2 6 3 1 3 2 1 3 4 1 2 1 3 2 3 2 1 1 1 1 1 3 4 3 1 3 1 4 3 1 3 3 3 2 1 1 1 1 4 1 2 1 3 2 1 1 1 2 1 1 4 2 2 2 2 1 4 1 1 1 1 2 1 1 1 1 3 2 1 1 2 4 3 1 1 1 1 1 1 2 2 1 3 2 1 1 2 1 2 2 1 2 1 1 3 3 2 2 3 1 3 2 2 1 4 2 1 3 4 4 1 2 2 2 2 3 1 2 3 3 2 1 2 2 2 2 1 4 2 1 2 5 1 1 1 3 2 1 2 1 1 2 2 3 2 2 3 3 1 2 2 4 1 3 1 3 2 4 1 2 3 1 1 1 1 1 2 1 1 1 4 3 1 3 3 4 1 4 1 1 1 4 3 2 3 2 1 2 1 2 1 1 1 1 4 2 1 1 1 1 3 3 1 3 2 2 1 3 2 1 2 1 1 4 3 2 1 1 1 2 3 1 1 1 2 1 1 5 3 2 3 2 1 2 2 3 2 2 4 1 2 1 2 2 1 1 2 1 2 1 1 2 1 1 2 2 1 2 1 2 3 2 1 1 4 1 2 2 2 2 1 1 2 2 3 4 2 1 5 1 2 2 2 2 3 2 1 2 2 1 2 1 3 2 2 1 1 1 1 1 2 1 2 1 1 1 4 3 2 4 3 1 3 3 1 3 2 3 1 1 4 1 1 3 5 2 1 2 1 2 4 1 1 2 3 2 2 4 1 1 3 1 2 4 1 1 2 1 1 2 2 2 1 1 2 1 1 1 4 5 1 2 1 1 6 1 1 2 3 4 4 5 1 4 2 4 2 3 1 2 2 2 2 3 2 3 4 1 1 1 2 1 5 2 2 5 1 1 2 2 1 2 2 5 2 2 2 2 1 1 2 3 1 3 1 2 1 6 1 1 3 2 1 1 3 2 2 3 1 3 2 1 3 2 3 1 1 3 1 2 2 1 1 2 2 1 1 1 1 1 1 1 1 5 3 2 1 2 2 2 1 3 2 1 1 1 2 1 1 4 4 1 3 1 1 1 3 2 2 2 2 1 1 2 1 2 1 2 2 1 4 5 1 3 3 2 2 2 1 2 5 2 2 2 3 1 4 2 3 1 1 2 2 2 1 1 3 1 2 1 1 1 1 1 1 1 1 2 1 2 1 1 1 5 1 3 2 1 1 1 2 2 1 2 3 2 1 4 3 1 2 1 3 1 2 2 3 2 1 2 2 2 1 1 1 1 3 2 2 1 1 3 2 1 3 4 1 2 2 3 1 3 4 2 2 2 1 1 4 2 2 1 1 1 1 2 2 1 2 1 1 4 1 2 1 2 2 1 2 2 2 2 1 2 4 3 2 1 1 3 1 1 1 1 3 1 2 2 2 1 1 5 2 2 2 1 1 1 2 1 3 3 1 1 3 1 1 1 1 1 3 2 1 2 4 2 2 1 1 1 1 2 2 2 3 2 2 2 1 3 5 1 3 5 2 4 1 1 1 1 2 3 1 1 3 4 1 2 2 1 1 1 2 3 1 1 1 3 2 1 4 2 1 2 1 2 2 2 3 3 2 1 2 2 1 2 1 2 3 1 1 3 3 1 2 1 1 2 1 2 2 2 2 2 1 2 3 1 2 1 3 3 2 1 1 2 2 1 1 2 1 3 1 2 2 2 1 1 1 1 2 3 1 2 2 2 3 1 2 4 1 1 4 2 2 2 3 2 1 1 1 1 1 1 2 1 1 1 1 1 3 3 1 2 3 3 4 1 2 3 3 1 2 3 2 2 1 1 3 4 2 2 1 1 2 3 2 2 2 2 1 1 2 2 2 3 1 2 2 1 2 3 1 2 1 3 3 3 1 1 1 4 2 1 3 4 3 3 2 3 2 3 1 1 1 6 1 5 1 2 3 1 1 3 2 1 1 1 1 2 1 1 4 1 1 2 1 2 3 2 2 2 2 1 4 1 3 2 1 2 1 1 1 2 2 4 1 2 3 3 2 2 2 3 3 1 1 3 1 1 2 3 2 3 3 1 2 1 1 4 2 1 1 1 1 1 1 2 1 1 2 1 3 1 1 4 4 2 5 3 3 1 5 2 2 2 1 1 1 1 1 1 1 2 5 1 4 3 1 3 3 1 1 1 1 1 2 1 2 1 4 3 1 3 4 1 1 3 3 3 1 3 3 3 2 2 3 1 2 3 2 1 2 3 2 2 1 2 3 4 2 1 1 3 3 4 2 2 1 3 1 1 2 1 1 2 2 3 2 4 1 2 1 2 1 2 3 1 2 1 6 2 1 3 2 1 1 1 1 2 1 3 2 2 1 1 1 2 2 2 2 1 1 1 1 1 1 3 4 2 5 3 3 1 1 4 2 5 2 2 2 1 1 1 1 1 2 2 2 1 1 2 2 1 1 3 1 2 3 3 3 2 1 4 2 1 4 3 1 1 2 2 2 2 1 1 3 2 2 1 2 4 1 3 1 2 1 4 1 3 2 2 2 3 2 1 1 2 1 2 3 4 2 6 1 1 1 1 1 1 2 1 3 1 2 2 3 3 1 1 2 3 2 1 1 1 3 3 1 1 1 2 1 2 2 5 1 2 3 1 1 3 4 1 1 3 3 1 1 2 3 2 1 3 2 4 3 2 2 1 1 1 1 3 1 4 2 2 3 1 1 1 1 1 1 1 1 5 2 1 1 2 5 1 1 5 1 5 1 1 1 2 1 2 2 1 4 2 2 2 1 1 2 2 1 3 1 2 2 3 2 1 1 1 2 1 1 1 2 1 1 3 3 3 1 3 2 3 1 1 2 1 2 1 1 5 3 3 1 2 3 4 3 4 1 1 1 3 3 1 2 1 2 2 1 2 3 2 1 1 2 3 1 2 1 3 1 3 2 3 2 1 3 3 1 1 3 2 1 3 2 1 1 3 1 1 1 2 1 1 1 2 3 3 2 3 1 1 1 1 3 1 2 1 1 3 1 2 2 2 1 2 1 1 2 7 3 1 1 3 1 3 1 1 3 3 1 2 1 2 1 2 1 1 4 3 3 2 1 1 1 3 2 4 4 1 2 3 2 1 1 3 4 2 3 1 2 2 2 1 2 1 1 1 1 3 2 2 3 1 3 2 5 1 2 1 1 1 1 1 4 1 4 1 2 2 1 2 1 2 2 1 2 1 1 1 1 1 1 3 2 1 1 2 2 1 2 1 3 2 1 1 3 3 2 1 2 2 1 2 1 1 1 1 1 2 2 3 1 1 1 3 2 2 1 1 3 3 2 2 1 1 1 2 1 1 2 1 2 1 1 1 1 1 2 2 1 2 1 1 4 1 1 1 1 1 5 1 2 1 2 2 1 1 2 1 1 3 4 1 2 1 1 2 2 3 2 1 1 2 4 3 1 2 2 1 1 3 2 3 2 1 2 2 2 1 2 2 2 3 1 2 2 1 2 3 1 1 3 4 1 2 2 1 1 2 2 4 3 1 2 1 3 2 1 3 2 5 1 4 1 3 1 2 1 2 1 1 1 1 2 1 2 1 1 1 2 2 1 1 2 1 2 2 1 1 1 1 1 3 1 3 2 2 2 4 2 3 2 2 1 2 2 1 3 2 2 1 1 1 1 2 1 1 2 1 3 1 4 1 1 1 1 3 2 3 1 1 2 1 2 1 1 1 1 1 5 3 3 2 2 1 2 1 2 1 3 2 1 1 2 2 2 2 3 1 4 3 2 1 2 2 1 1 1 3 3 1 1 2 2 4 2 1 1 1 2 1 1 4 2 1 4 2 2 3 2 2 1 1 4 3 1 1 3 1 1 3 3 3 1 5 2 2 1 3 1 3 1 1 4 1 2 1 4 2 3 5 4 2 4 3 2 1 1 2 1 4 4 2 3 1 2 2 3 4 3 2 3 1 3 5 4 3 2 1 4 1 1 2 1 1 4 4 3 1 2 1 1 3 2 1 1 1 1 2 2 1 2 2 2 3 2 1 1 3 1 2 1 4 1 2 2 4 1 1 1 3 1 1 2 2 1 2 1 1 3 2 2 3 1 1 1 1 2 1 1 1 1 4 1 2 2 1 2 3 1 4 4 2 1 1 2 2 1 2 1 1 3 3 2 3 3 1 3 1 2 1 2 1 2 2 2 3 1 1 2 1 2 2 1 2 1 3 1 1 1 5 3 4 2 1 3 2 2 2 2 3 2 3 3 1 1 1 1 1 2 4 4 3 3 2 1 1 2 2 1 3 1 2 2 3 1 2 3 2 2 1 1 2 5 1 1 2 2 2 1 2 2 2 1 4 2 2 1 1 3 4 1 5 2 1 1 1 1 2 2 2 2 1 1 1 1 2 1 1 1 1 1 1 1 2 1 1 2 2 1 1 1 2 3 1 1 1 2 2 4 1 3 1 1 1 4 1 3 2 4 2 1 1 2 2 4 2 1 1 2 1 1 2 1 1 2 2 1 2 2 3 1 1 1 1 2 1 3 2 3 2 2 1 2 1 1 2 1 1 2 3 1 1 4 1 3 4 1 1 1 1 1 2 1 2 1 5 3 1 2 3 1 1 2 3 2 2 3 1 1 1 4 2 2 4 2 4 1 5 3 1 1 1 3 1 1 3 2 2 2 2 3 2 3 1 2 2 1 2 2 1 1 5 1 2 1 3 2 2 4 3 2 2 1 3 1 2 1 6 2 2 3 1 1 3 2 3 1 2 2 2 2 4 2 1 1 1 1 1 2 3 3 1 3 3 2 1 3 3 1 1 1 1 3 3 1 1 2 1 1 2 1 2 1 3 2 1 1 3 1 3 1 1 1 1 1 2 3 1 1 1 4 2 4 1 1 3 3 5 3 3 2 1 4 1 2 2 4 2 3 1 1 2 1 1 1 1 3 3 1 2 1 1 3 3 1 4 4 1 5 1 2 1 1 1 2 1 1 3 2 2 1 1 3 4 2 1 2 1 3 1 2 1 2 1 1 3 1 1 2 1 2 1 3 2 2 2 3 1 1 1 1 2 1 1 2 4 2 1 4 1 2 1 5 3 1 1 1 1 1 2 2 1 1 3 2 1 2 1 3 2 1 5 1 5 1 2 1 3 1 5 2 1 1 2 1 1 2 4 3 1 2 3 2 2 3 1 2 2 1 1 2 4 1 2 3 1 2 2 2 3 3 1 1 1 1 1 3 5 4 3 4 2 1 1 2 3 2 1 1 1 1 2 1 4 2 2 2 1 1 4 3 3 1 1 3 1 2 2 3 2 1 4 1 6 3 1 2 1 2 4 1 2 2 1 1 3 2 2 2 3 1 1 1 2 2 3 1 3 2 1 1 2 1 1 2 1 1 1 3 3 1 1 2 2 1 2 4 1 1 1 1 4 2 2 2 2 1 5 2 2 1 3 2 1 2 2 2 1 1 3 1 1 1 1 2 5 2 2 1 1 2 4 2 5 1 2 2 3 3 1 2 3 2 1 2 5 2 2 1 2 4 1 3 1 1 1 2 1 2 7 1 3 1 5 1 1 3 1 1 2 4 1 1 5 1 2 2 2 2 1 3 2 3 2 1 2 2 1 2 2 1 4 2 2 2 2 1 1 3 3 1 1 4 1 1 3 3 1 1 2 3 3 2 1 1 2 4 1 1 3 1 1 2 1 2 2 1 2 3 1 1 1 1 1 3 3 2 1 3 1 2 2 3 2 3 1 2 4 2 2 1 1 2 2 2 4 1 2 3 2 2 1 2 1 1 2 1 1 1 1 3 3 3 2 2 2 1 3 3 2 4 2 2 2 1 2 2 1 2 1 2 3 2 5 3 2 2 2 1 2 2 1 1 2 4 3 1 1 1 2 2 1 1 2 2 2 1 1 1 1 1 2 2 2 1 2 4 3 3 1 3 2 1 1 2 1 1 2 2 1 2 1 3 2 4 3 2 5 3 4 2 3 2 4 5 3 3 4 1 1 1 2 4 3 2 1 1 1 2 2 1 2 1 1 1 1 1 1 2 3 4 1 1 1 3 1 1 1 2 1 4 3 2 2 2 1 2 1 3 1 3 3 3 1 5 2 3 1 4 2 2 3 2 4 1 2 1 1 1 2 1 2 3 3 2 1 1 2 1 2 3 1 5 2 1 1 1 1 3 2 5 2 3 3 1 2 2 3 3 2 2 2 1 3 3 1 1 1 3 1 2 1 1 2 1 2 1 2 3 3 1 1 1 3 2 2 2 2 4 1 2 4 1 1 4 2 1 1 1 4 1 2 3 4 3 2 1 3 1 3 1 4 1 1 2 1 2 2 2 3 1 1 3 1 1 2 4 1 1 3 2 2 1 2 2 1 1 2 2 1 2 2 1 3 1 2 4 1 3 1 1 3 1 1 3 2 1 2 1 1 1 2 4 1 1 2 1 1 2 1 1 4 2 2 2 1 3 1 1 3 1 4 2 1 1 1 1 1 2 4 2 1 1 1 3 2 1 2 3 1 2 2 1 3 1 1 1 2 2 2 2 2 1 2 2 2 3 4 2 2 2 2 2 1 1 1 1 3 1 1 2 2 2 5 2 4 2 2 2 1 3 2 1 3 2 1 1 3 1 1 1 1 2 2 1 2 2 3 2 1 1 3 2 1 1 2 1 1 3 1 2 2 1 2 4 2 1 3 1 2 1 3 1 1 1 1 2 3 1 1 6 1 1 1 3 1 1 3 1 2 5 1 2 1 1 5 1 3 3 2 3 2 1 2 1 2 2 4 1 1 1 1 4 1 2 1 1 1 2 2 1 3 1 2 1 5 2 1 1 1 1 1 1 2 1 5 1 3 1 1 5 4 2 2 1 2 1 1 4 1 2 3 2 1 2 2 2 5 3 1 2 2 2 1 1 2 1 1 3 1 3 1 1 2 2 1 1 1 1 1 3 1 4 2 5 1 5 4 1 1 3 1 2 2 2 3 2 2 2 3 3 2 2 2 3 2 2 2 2 1 2 1 1 2 3 2 3 2 3 1 2 2 2 2 3 1 2 2 2 2 3 4 1 1 2 4 1 3 2 1 2 2 2 1 2 1 3 2 3 1 3 3 1 2 2 2 1 2 1 3 2 3 2 1 1 1 1 3 3 1 2 1 4 1 2 2 1 1 3 1 3 2 2 3 3 1 2 1 5 1 2 1 1 1 1 3 1 1 2 1 2 1 5 1 1 1 1 2 1 2 3 1 3 2 3 1 1 2 1 2 1 1 3 2 1 3 3 3 1 2 5 1 1 2 2 1 3 1 2 1 1 1 1 2 2 1 1 1 1 3 1 1 1 2 2 3 1 1 2 1 1 1 1 2 1 3 1 1 2 2 3 1 1 3 4 2 4 1 1 2 3 3 1 2 1 1 1 2 2 1 3 1 1 2 3 1 2 1 2 1 2 1 2 2 2 5 1 1 1 1 2 1 2 1 1 2 2 3 1 1 1 1 1 2 3 1 3 1 2 2 3 2 3 1 2 1 3 3 2 2 4 1 1 2 1 2 2 1 4 3 1 1 2 3 5 2 2 2 2 4 2 3 1 3 2 1 2 2 3 4 1 2 3 3 2 2 2 2 3 1 1 2 3 3 5 5 1 1 3 6 1 1 5 2 2 2 1 4 1 1 1 1 2 2 1 2 3 2 3 1 2 1 5 1 2 2 1 4 3 1 1 1 2 2 3 4 1 1 1 1 4 2 2 2 2 1 3 1 1 1 1 1 1 2 2 1 1 1 1 4 3 1 2 1 1 2 2 1 1 1 1 7 2 3 1 1 4 2 2 2 1 4 2 2 3 1 2 1 1 1 1 2 2 5 4 2 2 2 1 2 2 4 2 1 1 2 1 2 1 3 3 1 2 1 1 1 1 4 4 3 2 2 2 2 3 1 1 1 5 3 1 3 1 3 3 1 1 4 2 1 3 1 2 3 1 1 2 2 3 4 2 3 1 3 2 3 4 1 2 2 2 2 1 1 1 2 2 1 1 1 2 2 3 2 4 1 3 3 2 3 3 2 2 1 1 1 1 1 3 3 1 2 2 2 1 1 3 1 2 2 2 1 2 3 1 2 1 3 6 2 1 4 1 1 2 1 1 1 2 1 3 1 3 2 2 5 1 2 2 1 2 1 1 2 1 1 2 1 4 1 3 2 1 1 1 3 2 1 1 3 1 2 1 2 1 6 1 3 1 1 1 1 1 2 3 1 3 1 3 2 1 3 2 1 2 1 1 2 2 1 1 1 4 1 1 2 2 4 3 1 4 1 1 4 2 3 2 1 2 1 1 5 1 2 1 3 1 1 1 1 1 1 4 2 1 4 2 1 4 2 1 2 3 2 1 5 1 2 1 1 1 3 2 2 2 1 2 3 1 3 3 2 4 1 1 1 2 1 1 1 1 2 2 3 1 2 6 2 3 1 1 3 1 1 1 2 4 3 2 2 2 1 3 1 1 3 4 2 1 2 1 2 3 3 2 2 1 1 1 1 2 2 2 4 1 1 2 1 2 1 1 2 4 3 2 1 1 3 1 4 2 4 2 1 2 1 4 2 1 1 7 4 6 2 1 1 2 1 2 2 1 1 1 2 2 2 3 1 2 1 2 1 1 2 2 1 2 2 3 3 2 1 3 2 1 2 2 1 1 3 1 4 1 2 1 1 1 1 4 2 2 1 4 3 4 2 3 3 1 1 3 3 2 2 2 1 2 1 2 2 2 2 5 2 1 5 1 2 2 1 1 3 4 3 2 3 1 1 2 1 1 5 2 2 1 1 1 1 1 2 3 3 1 1 1 2 3 1 4 1 2 1 2 2 2 1 1 3 3 2 3 1 2 2 1 4 2 2 1 3 3 2 5 2 3 2 3 2 1 4 2 1 1 2 3 1 2 2 2 1 2 2 1 2 3 2 1 3 1 2 2 2 2 1 4 3 2 3 1 3 2 3 1 1 1 4 1 2 2 1 1 2 4 2 2 1 1 3 2 1 2 3 4 2 1 1 2 1 4 2 1 2 2 2 1 2 2 1 1 1 2 2 1 2 3 1 4 3 1 2 1 2 1 1 1 1 3 1 2 1 1 1 2 3 1 1 1 2 3 3 1 1 1 4 3 1 1 1 2 1 2 1 5 2 1 1 5 2 2 4 1 2 2 1 2 1 1 1 3 2 3 2 1 3 1 2 2 2 2 1 2 4 2 2 2 1 1 2 2 1 1 1 1 1 1 1 2 1 2 1 3 1 1 2 2 1 1 2 2 2 2 1 5 1 1 4 1 1 2 2 1 2 2 4 3 1 1 1 1 5 4 1 2 3 1 1 2 2 2 1 1 2 2 3 2 2 3 1 1 1 2 1 1 4 1 1 1 2 3 2 2 1 5 2 1 4 2 3 2 1 2 2 3 2 2 1 2 1 2 1 3 3 1 2 2 2 2 3 1 1 1 2 1 2 1 1 2 1 4 3 1 2 2 2 3 4 2 1 1 1 1 1 1 2 3 1 2 1 1 1 1 1 2 1 4 3 1 1 3 2 3 1 3 2 3 3 3 2 1 1 1 1 1 1 1 3 1 2 3 1 2 2 1 2 1 2 1 2 2 1 1 2 2 1 2 1 2 1 1 1 1 1 2 1 4 2 1 1 1 1 2 7 2 1 1 1 2 4 1 4 2 1 1 2 2 2 1 1 1 3 1 1 1 1 2 3 1 2 3 1 4 2 1 3 3 2 1 1 3 1 3 1 1 2 1 3 2 2 1 1 2 2 4 1 5 2 1 2 1 1 1 1 1 1 1 2 1 3 1 1 3 3 2 1 4 1 2 1 1 3 2 1 1 3 2 3 2 3 1 2 3 1 1 2 2 2 3 1 1 1 1 2 3 3 3 2 1 1 1 3 1 2 3 1 3 3 3 1 2 2 3 1 1 4 2 1 2 1 3 2 2 1 1 1 2 2 3 3 1 3 1 3 2 1 2 2 1 6 1 1 1 2 4 1 4 4 2 3 2 2 6 2 1 3 1 1 2 3 4 4 3 1 3 2 1 2 1 1 1 1 1 1 5 2 1 1 2 2 1 1 1 2 1 1 1 1 3 5 1 1 1 1 1 2 1 1 5 1 2 1 1 4 2 3 1 3 1 1 5 1 1 2 3 1 3 1 3 2 1 1 4 3 2 2 1 2 3 1 1 1 2 2 1 3 1 3 1 1 2 1 2 3 1 2 1 3 1 1 1 1 1 2 1 3 2 3 3 1 3 2 1 3 3 1 2 1 3 1 1 1 3 2 2 3 1 3 3 2 1 1 3 3 2 3 2 2 2 3 2 1 1 5 1 1 1 1 3 1 1 2 2 3 1 2 2 2 2 1 1 3 1 3 3 2 3 2 3 1 2 1 1 1 3 2 1 2 3 1 2 4 1 1 1 1 1 2 3 1 2 1 1 3 2 1 1 5 2 1 1 3 1 1 1 2 2 1 1 1 6 2 1 2 3 2 2 1 2 2 1 2 2 3 3 1 1 3 2 1 1 1 2 2 2 3 1 1 1 1 4 2 1 1 3 2 3 2 2 1 2 4 3 2 2 4 1 3 4 1 2 1 3 1 5 2 1 4 3 1 4 1 2 3 1 2 1 2 1 1 1 3 4 1 2 1 1 3 4 3 1 1 3 3 3 5 4 4 2 1 2 1 2 1 3 1 3 1 2 1 1 1 2 1 2 2 3 1 2 3 1 1 1 5 1 1 2 1 1 3 1 2 1 2 1 1 1 2 1 2 3 3 2 3 3 3 1 3 3 1 2 2 1 1 1 3 3 1 4 1 1 1 3 1 1 1 1 1 2 4 2 2 1 1 1 2 1 1 1 5 1 2 2 1 1 4 2 2 1 1 3 2 1 2 2 3 2 2 1 2 1 2 2 3 1 1 2 5 1 1 1 3 1 2 2 2 1 3 3 3 2 2 1 3 2 2 1 2 1 1 1 4 3 4 2 2 2 3 2 2 2 3 1 1 2 1 4 3 3 2 1 3 1 1 3 2 1 4 1 2 1 2 2 1 1 2 2 2 2 1 2 1 1 2 3 1 1 1 2 1 1 2 1 2 3 3 2 2 1 2 2 1 1 1 2 2 1 3 3 2 1 1 2 1 1 1 1 2 1 1 4 2 1 2 1 2 1 2 1 1 5 1 2 1 2 4 2 2 1 1 3 3 1 2 2 1 2 3 3 1 2 1 2 1 4 2 2 1 1 3 2 1 1 5 2 1 2 3 3 4 2 3 2 4 4 1 4 1 2 1 2 3 3 1 2 2 4 4 2 1 2 1 1 3 4 6 2 1 1 3 2 1 2 4 1 4 1 2 4 2 4 1 2 2 1 4 1 2 2 1 3 1 2 2 4 1 1 5 3 2 1 3 1 4 1 4 1 1 2 1 2 1 2 2 3 3 1 1 2 1 1 2 2 2 1 2 1 2 1 2 3 1 2 2 2 1 1 1 1 2 4 3 1 2 2 2 2 2 1 1 1 4 2 1 2 2 2 1 1 2 1 3 2 2 4 1 1 1 2 4 1 4 4 1 3 3 1 4 1 4 5 2 3 2 2 2 3 1 1 1 5 2 1 2 1 3 1 3 1 1 2 2 1 2 2 2 1 1 2 3 5 3 2 1 5 2 1 1 1 2 1 2 2 2 3 1 2 3 1 1 3 1 1 1 2 1 2 1 3 1 1 1 2 2 1 2 3 1 2 1 4 2 4 1 3 2 2 1 4 2 2 1 2 3 2 1 3 3 1 2 2 1 1 1 1 3 2 2 2 1 2 1 2 1 2 1 1 2 5 5 3 3 3 2 1 1 1 1 1 3 2 2 1 2 4 3 1 3 1 1 4 1 2 2 2 1 3 3 1 5 1 2 2 1 3 4 1 3 2 1 4 2 1 1 4 1 4 3 2 1 2 5 1 2 2 1 3 1 3 2 3 2 1 2 1 2 1 2 2 2 2 2 3 2 1 2 2 3 2 1 1 4 2 1 1 1 1 3 2 1 1 1 1 2 1 2 3 1 1 4 2 1 1 3 1 1 1 3 1 2 2 3 1 2 1 3 1 1 2 1 3 1 1 1 2 1 2 1 2 1 3 1 2 2 1 3 1 3 1 1 1 4 1 3 3 2 1 2 1 3 3 3 1 1 4 1 2 2 2 1 2 5 3 2 3 2 1 5 1 1 2 1 1 2 1 1 3 1 1 2 2 1 1 1 1 1 2 3 2 2 2 1 1 3 2 1 2 1 2 2 3 1 1 1 1 1 1 1 2 1 1 4 2 3 1 1 2 1 2 2 2 1 2 2 2 2 1 3 1 3 1 2 3 1 3 1 2 2 1 1 3 4 1 3 1 2 3 1 2 1 2 3 1 1 3 2 2 4 1 2 2 1 3 3 2 3 4 1 5 2 2 2 4 4 1 1 2 1 1 1 5 1 3 1 4 3 1 1 1 2 3 1 1 1 2 1 1 4 2 4 1 1 1 1 1 1 3 3 2 1 2 2 1 2 2 2 5 1 1 3 1 1 1 2 3 3 1 1 2 2 3 2 1 1 1 4 3 1 1 1 1 4 2 1 1 2 1 1 2 2 1 1 1 3 2 4 1 4 1 2 1 2 1 2 6 1 1 2 2 3 1 2 2 3 1 1 1 1 1 3 1 1 1 3 1 3 1 1 2 3 2 2 2 6 2 3 4 3 2 1 3 1 1 1 2 1 1 1 1 2 1 1 1 3 1 1 1 1 2 3 2 2 1 3 1 2 1 2 1 1 2 1 2 1 1 1 1 2 1 2 1 1 1 2 3 1 4 1 2 1 2 2 3 1 2 3 1 1 1 3 3 1 2 1 1 1 2 3 1 3 1 2 5 3 3 1 2 3 2 1 1 2 1 4 1 3 2 1 1 2 4 1 1 1 1 5 2 1 4 1 4 1 2 4 2 3 3 1 1 5 3 1 1 3 1 2 1 4 1 4 1 2 1 1 3 1 4 1 3 1 1 2 2 3 1 3 2 1 2 2 1 2 1 1 2 2 1 1 2 1 1 3 1 5 2 1 1 3 2 5 3 2 1 1 2 2 1 1 1 1 3 1 2 1 2 2 1 2 2 1 2 2 1 1 1 4 2 2 2 1 1 1 4 2 1 2 1 1 4 2 3 1 3 2 3 2 2 1 2 2 3 2 1 1 2 1 1 2 2 3 2 2 5 3 1 1 1 1 2 3 1 3 3 2 4 2 1 1 2 2 1 2 2 3 1 5 1 2 3 1 1 1 3 3 1 3 2 2 1 3 2 2 4 1 3 3 2 1 1 1 1 1 3 3 1 3 2 2 2 3 2 1 1 1 1 2 7 1 3 2 4 5 3 1 1 2 1 2 2 2 1 1 1 1 1 1 2 2 1 3 4 3 2 1 1 1 2 1 1 2 2 4 2 3 2 1 2 2 2 1 4 1 2 2 2 2 1 1 1 
  #Test Small 8594
  #Test Medium 24836
  #Test Large 30142
