Board size [mm] 75x325

Stats side 1
  #Components with background 25
  #Components with points 141
  #Components nofly 4
  #Components notouch 4
  #Pins 25552
  #GNDs 631
  #VDDs 487
  #Clock 19
  #NoFly points 516
  #NoTouch points 756
  #Points [total] 27961

Stats side 2
  #Components with background 34
  #Components with points 139
  #Components nofly 1
  #Components notouch 2
  #Pins 24966
  #GNDs 1173
  #VDDs 935
  #Clock 4
  #NoFly points 212
  #NoTouch points 292
  #Points [total] 27582

Stats board (side 1 + side 2)
  #Components with background 59
  #Components with points 280
  #Components nofly 5
  #Components notouch 6
  #Pins 50518
  #GNDs 1804
  #VDDs 1422
  #Clock 23
  #NoFly points 728
  #NoTouch points 1048
  #Points [total] 55543
  #Nets 2952
    Net Size: 1804 1422 23 1 1 2 2 2 2 1 2 2 3 2 1 1 1 2 1 2 1 1 2 1 1 3 4 3 4 1 2 2 2 1 1 2 2 1 2 1 2 3 2 2 2 1 1 1 1 1 2 1 1 3 1 4 1 1 2 2 4 1 1 3 1 2 6 2 3 2 1 2 2 1 1 3 2 1 1 1 1 1 2 1 1 1 2 3 5 3 1 2 2 1 1 3 1 1 1 1 4 2 2 1 1 1 3 1 1 1 2 1 1 1 1 3 1 1 1 3 1 1 1 1 2 1 1 1 2 1 2 3 1 4 2 5 2 1 1 2 1 2 1 2 1 3 2 1 1 3 1 1 5 1 3 1 1 4 2 1 1 1 1 2 1 2 2 1 1 2 1 1 1 1 2 2 1 3 1 1 3 4 1 1 3 3 1 3 2 1 1 3 2 2 1 1 1 1 1 1 3 1 1 2 3 1 2 1 1 1 1 2 1 3 1 1 6 1 3 1 2 1 1 1 1 1 1 1 2 1 2 1 1 1 1 1 2 2 1 1 2 3 1 1 2 1 1 1 2 1 2 3 1 1 1 2 1 2 2 1 1 2 1 3 1 1 2 1 1 1 1 3 1 1 1 2 3 1 1 2 2 2 1 1 9 1 2 2 1 1 4 1 2 1 2 2 1 3 1 1 4 2 2 4 1 3 1 2 1 4 2 1 1 2 1 1 1 2 2 1 2 1 1 2 3 1 1 1 1 2 2 2 3 2 1 1 3 4 2 2 3 1 4 1 2 3 2 1 2 1 3 4 2 4 1 1 2 1 2 2 2 1 2 3 2 1 1 1 3 1 1 2 2 2 1 1 1 1 2 3 3 1 2 3 2 2 1 1 3 2 2 1 1 1 1 1 1 1 3 2 3 2 1 2 1 1 1 2 1 2 1 1 2 1 2 1 1 2 3 1 1 1 2 1 1 2 2 1 2 1 1 1 1 1 1 2 2 3 1 1 2 1 1 2 1 1 2 4 2 2 1 4 2 1 3 1 1 1 2 1 1 1 3 1 2 1 2 1 2 3 2 3 2 1 2 2 2 2 2 1 3 2 2 1 2 1 1 2 4 1 2 1 1 2 1 2 1 1 2 1 2 1 1 3 1 1 3 1 2 1 2 1 2 1 1 1 2 1 4 1 4 3 2 1 1 1 1 1 3 1 1 2 1 1 1 2 1 4 1 1 2 2 3 2 3 3 1 3 1 1 1 2 1 2 2 1 4 2 4 1 1 1 1 1 2 2 1 1 2 1 3 1 1 3 4 2 1 1 1 1 1 4 1 2 2 2 1 2 1 2 2 1 2 3 1 2 1 4 4 3 3 4 1 1 1 3 3 1 1 2 2 2 2 2 4 2 1 3 1 1 1 4 2 2 2 1 1 2 2 1 1 3 3 1 2 1 1 1 2 2 1 1 1 2 1 4 2 2 3 1 1 1 1 1 1 2 2 1 1 1 3 1 3 2 1 3 3 2 1 1 1 2 3 2 4 1 3 2 1 1 2 4 1 1 2 1 2 1 1 1 2 2 1 2 3 1 2 1 2 3 3 2 1 1 1 1 1 2 2 1 2 1 1 1 2 2 3 5 2 1 1 2 2 1 2 1 1 1 1 2 3 2 3 3 2 1 1 1 1 3 1 1 1 1 1 1 1 2 2 1 2 1 1 2 1 2 1 1 1 1 2 1 1 3 1 1 2 1 2 1 1 1 1 2 2 4 1 1 1 1 1 3 1 1 1 1 5 1 1 2 2 1 1 2 1 3 2 3 2 3 1 2 2 1 2 2 1 2 1 1 3 1 1 2 1 2 1 3 1 1 1 1 2 4 5 1 3 3 2 1 1 1 2 1 3 3 2 1 2 1 3 1 3 2 3 4 2 1 1 2 4 1 3 2 2 1 1 3 2 1 2 2 2 2 1 2 1 2 1 3 1 1 1 2 2 2 1 1 1 1 2 1 3 2 3 3 3 2 1 1 2 1 1 2 1 1 1 1 1 1 2 1 1 1 1 2 1 1 1 2 1 1 1 1 2 2 2 1 1 1 3 1 1 2 1 3 2 1 1 2 2 2 1 1 2 3 1 1 1 2 1 2 2 1 2 4 3 3 1 1 4 2 1 3 1 1 2 1 1 1 4 1 1 3 1 1 1 1 1 3 2 1 2 1 3 1 4 1 3 2 1 3 2 2 3 1 1 2 2 2 1 2 2 3 1 3 1 1 1 1 1 1 1 2 1 2 1 1 3 2 1 1 3 2 2 1 1 2 3 3 3 3 1 1 2 1 1 2 2 1 1 1 1 1 1 1 1 3 1 1 1 1 2 3 1 1 1 1 1 2 2 2 2 2 1 2 1 2 1 1 1 1 2 1 1 1 1 2 1 3 1 2 3 2 2 1 2 1 4 2 3 2 2 2 2 2 1 1 1 2 2 1 1 1 1 1 2 1 1 1 1 1 1 1 1 1 1 4 1 2 2 1 3 1 2 2 1 3 3 1 3 1 2 1 1 2 3 3 2 2 1 1 4 2 1 1 1 2 2 2 2 1 3 1 1 1 1 1 3 1 1 1 2 2 5 1 1 4 2 1 4 1 1 2 2 1 1 2 1 2 1 2 2 1 3 3 1 2 1 2 1 2 1 1 3 4 1 4 1 1 1 2 2 1 1 1 1 3 4 1 2 1 2 1 1 1 1 1 1 2 2 3 1 3 2 2 1 1 3 1 2 2 1 1 1 3 1 1 4 3 1 2 2 1 1 1 1 2 1 3 3 2 2 1 1 1 1 2 1 1 1 1 1 2 4 6 2 2 2 1 2 4 2 2 1 3 2 2 2 2 2 1 1 1 1 4 1 1 2 1 1 1 2 1 2 2 3 2 2 1 1 1 3 1 1 1 2 2 2 4 1 1 1 1 1 1 2 4 4 2 2 1 3 1 1 2 2 1 1 1 3 2 1 1 2 2 1 3 2 3 1 2 2 2 1 4 3 4 1 1 1 1 1 3 3 3 1 1 1 2 2 1 3 1 1 2 1 1 2 2 2 2 2 1 2 5 2 4 2 2 3 2 2 3 2 1 2 1 1 1 2 1 2 1 1 1 1 3 1 2 1 1 1 1 3 1 4 3 2 1 1 1 2 2 2 1 1 1 3 2 1 1 2 1 4 2 1 1 1 2 1 2 2 1 1 1 1 1 3 2 1 2 3 2 3 1 2 1 2 1 2 2 2 1 4 2 2 1 1 2 1 1 2 2 1 2 2 3 1 4 2 3 2 1 3 1 2 1 2 1 3 2 1 1 1 1 1 3 2 1 1 1 2 1 1 1 2 2 1 1 1 2 2 1 1 2 1 1 1 1 1 2 4 1 3 1 1 4 1 1 2 1 5 2 1 2 1 1 1 2 3 1 2 4 1 1 1 1 1 3 1 1 2 1 1 1 3 2 1 2 1 1 1 3 1 1 2 1 1 1 1 2 3 2 1 2 3 1 1 1 1 2 1 2 2 2 1 1 2 2 2 1 3 1 1 2 1 3 1 1 1 1 1 2 1 1 3 2 2 3 1 1 2 2 1 3 2 3 1 1 4 2 2 2 2 2 3 1 1 2 2 3 1 2 2 1 2 2 3 1 1 1 1 2 1 1 3 1 1 2 1 3 1 2 3 1 4 4 4 1 1 2 2 1 2 2 3 2 1 2 2 1 1 1 1 2 1 1 1 1 2 2 4 1 1 1 1 2 2 1 3 1 1 1 2 1 4 1 2 2 1 2 2 2 4 1 2 2 1 2 2 3 1 2 3 1 1 1 1 1 1 2 1 2 1 1 1 5 1 2 2 1 3 1 1 2 1 4 1 1 1 2 4 1 2 1 2 2 1 1 2 1 2 1 1 4 1 1 1 1 2 1 3 4 1 3 2 2 2 4 2 2 3 2 1 3 2 1 1 1 2 3 2 1 1 2 1 2 1 1 2 1 1 1 2 3 1 1 2 2 1 3 1 3 3 3 1 3 1 1 1 3 2 2 1 1 2 2 3 2 1 1 1 1 2 1 4 1 3 2 1 1 2 1 1 1 2 1 2 1 2 2 5 1 1 2 1 2 1 2 2 2 2 1 1 1 1 2 2 2 4 1 2 1 1 1 2 2 3 3 2 1 1 1 1 3 1 2 2 1 1 2 2 1 3 1 1 2 2 2 1 3 2 3 1 2 2 1 1 1 2 1 1 4 2 1 1 1 1 1 1 2 2 1 2 1 2 2 2 3 2 2 1 2 1 2 1 1 1 3 2 1 1 1 3 1 1 1 1 2 1 1 2 3 2 2 1 2 1 1 1 1 4 4 1 3 1 1 1 2 1 3 3 1 1 1 3 1 1 2 2 3 1 2 3 2 1 4 1 1 2 2 1 1 1 1 2 1 1 2 1 2 2 2 3 1 2 1 2 2 1 2 1 2 1 3 1 3 1 2 1 1 1 5 1 1 3 1 1 3 2 1 3 3 2 1 1 1 1 1 1 1 3 1 3 1 2 1 4 1 2 1 2 1 2 2 1 1 2 3 1 3 1 3 1 1 3 2 2 1 1 1 2 1 2 4 2 3 1 1 1 3 3 1 2 3 1 2 1 2 1 2 2 1 1 2 1 1 1 1 1 1 1 8 1 1 1 1 2 1 1 1 1 1 4 3 1 3 1 1 1 1 1 1 1 1 3 1 1 2 2 3 2 1 1 3 2 4 1 1 1 2 1 3 1 1 3 1 1 2 2 3 2 2 1 1 1 1 2 2 3 1 1 2 3 1 1 1 2 1 3 2 2 1 2 1 2 1 1 1 2 2 3 1 2 1 2 2 3 1 1 1 2 3 2 2 4 3 1 3 3 1 3 1 1 1 1 1 1 1 1 2 1 1 1 1 1 1 3 2 1 3 1 1 1 1 1 2 1 2 1 2 1 2 1 3 1 1 1 2 1 1 1 1 1 3 1 1 2 2 1 1 2 4 1 1 1 1 3 1 1 4 4 1 4 2 2 2 3 2 1 1 1 1 4 1 2 5 1 3 1 1 1 1 2 2 1 3 1 2 1 3 3 2 1 2 1 3 1 1 1 4 3 1 1 1 2 1 2 1 1 3 1 2 1 2 1 1 1 1 1 3 2 1 1 3 2 1 2 1 1 1 4 1 1 3 1 1 1 2 4 5 3 4 1 1 2 1 1 1 1 1 1 1 2 1 2 3 2 1 1 1 3 2 2 1 1 1 1 2 1 2 2 1 1 1 2 2 3 2 1 1 3 2 2 3 1 1 1 4 2 2 4 2 1 1 1 1 3 1 1 1 1 1 5 1 3 3 1 3 3 2 2 1 1 1 2 1 1 1 3 1 1 2 1 1 2 3 3 1 2 1 4 1 1 1 1 1 1 1 1 1 1 1 2 4 1 1 1 2 1 4 1 1 2 1 1 1 2 1 1 2 2 3 1 1 1 2 1 3 4 1 1 1 2 1 1 2 2 2 1 1 4 2 3 1 1 1 1 1 1 2 2 1 1 2 3 3 2 3 2 1 1 2 1 1 3 1 1 2 3 2 4 1 2 4 1 1 2 1 3 1 1 3 1 1 1 1 2 1 1 3 1 1 1 1 2 1 1 2 2 4 1 1 1 3 1 1 2 2 1 1 2 1 2 1 1 2 1 1 1 1 1 4 1 2 3 1 1 1 1 2 2 1 2 1 1 2 1 1 1 3 1 1 1 1 1 1 1 2 1 1 1 2 2 2 1 2 1 1 1 1 1 2 3 1 1 2 1 1 2 1 1 1 1 2 3 1 1 2 1 1 2 2 2 3 2 2 2 1 1 1 1 3 1 4 2 2 1 1 1 1 1 2 1 2 2 1 1 4 3 2 1 3 1 1 4 1 2 1 1 3 1 2 3 1 1 2 1 1 1 2 1 3 2 1 3 1 2 1 1 2 2 1 1 1 1 1 3 3 2 1 2 1 2 1 1 2 3 4 1 1 2 1 1 2 3 1 1 1 1 3 1 1 1 1 1 3 1 3 4 2 1 3 2 1 1 1 1 3 2 3 2 1 3 1 1 1 2 1 1 1 1 4 2 3 1 1 2 2 2 1 1 2 1 3 3 4 1 2 1 2 1 3 1 4 2 2 1 3 1 1 1 6 1 4 1 1 2 1 1 1 1 2 1 1 1 4 1 1 1 1 1 1 1 1 2 1 1 1 6 1 4 3 1 1 1 2 1 1 1 1 1 2 1 2 1 2 1 1 1 1 1 2 4 2 1 2 2 3 1 2 1 2 1 1 1 1 1 1 2 1 1 1 2 1 2 2 2 1 2 1 2 2 3 3 1 1 1 1 2 1 1 3 2 1 3 1 1 3 4 2 1 1 2 4 1 2 1 1 1 2 3 1 3 1 1 1 2 1 2 1 1 1 1 1 3 1 2 1 3 1 1 4 2 4 1 2 1 2 2 1 1 2 2 1 2 2 2 2 3 1 1 1 1 1 2 3 2 4 3 5 1 1 2 1 2 1 1 1 4 2 4 1 3 3 1 3 3 2 1 1 1 1 3 2 2 2 2 1 1 1 3 1 1 1 1 3 2 1 1 1 1 2 2 2 2 2 1 1 3 1 
  #Test Small 5227
  #Test Medium 7577
  #Test Large 11522
