Board size [mm] 250x150

Stats side 1
  #Components with background 15
  #Components with points 156
  #Components nofly 5
  #Components notouch 4
  #Pins 46039
  #GNDs 2151
  #VDDs 1802
  #Clock 26
  #NoFly points 820
  #NoTouch points 694
  #Points [total] 51532

Stats side 2
  #Components with background 22
  #Components with points 165
  #Components nofly 0
  #Components notouch 1
  #Pins 53959
  #GNDs 1330
  #VDDs 1013
  #Clock 6
  #NoFly points 0
  #NoTouch points 232
  #Points [total] 56540

Stats board (side 1 + side 2)
  #Components with background 37
  #Components with points 321
  #Components nofly 5
  #Components notouch 5
  #Pins 99998
  #GNDs 3481
  #VDDs 2815
  #Clock 32
  #NoFly points 820
  #NoTouch points 926
  #Points [total] 108072
  #Nets 96780
    Net Size: 3481 2815 32 1 4 1 1 3 3 2 6 1 1 1 1 1 1 1 2 1 2 2 1 1 2 1 3 2 1 1 1 5 2 1 1 4 1 2 1 1 2 5 4 2 1 1 1 3 2 2 1 3 5 1 3 2 1 1 2 4 2 1 3 2 1 2 1 1 3 1 4 2 3 1 1 1 3 1 1 2 4 4 2 2 3 2 1 2 2 1 1 4 2 1 2 3 4 3 4 1 1 3 2 2 1 1 2 1 5 3 1 2 3 2 2 2 1 2 3 4 2 5 4 2 1 1 1 1 1 3 1 2 1 2 1 1 4 2 2 2 3 2 3 1 1 2 2 2 4 3 3 3 1 2 3 2 1 4 2 1 3 1 2 1 1 3 4 2 2 3 1 1 3 2 3 1 4 3 1 2 2 1 2 1 1 1 1 3 1 1 3 3 2 3 1 2 1 2 3 1 1 1 3 2 2 3 2 2 2 1 1 1 2 2 2 4 1 1 2 1 4 1 1 3 1 2 2 4 2 1 1 2 1 1 2 1 2 4 1 1 5 1 1 2 2 1 2 1 3 2 2 3 1 2 1 3 2 1 1 2 2 1 1 2 1 5 2 2 2 2 2 3 2 1 3 1 1 2 6 2 3 1 3 2 1 2 2 2 1 1 1 3 3 2 1 3 2 1 3 3 1 1 2 2 1 2 2 1 2 3 2 1 4 2 1 2 2 2 3 1 1 3 1 1 2 2 2 2 1 1 1 1 1 2 1 1 1 1 2 2 1 2 2 1 2 1 1 1 1 3 3 2 1 3 3 2 1 1 2 3 1 1 3 1 1 3 3 2 2 5 1 4 3 3 4 1 3 1 1 2 1 2 1 3 2 1 3 1 1 1 1 2 5 2 1 1 1 2 3 1 3 1 2 5 1 1 4 2 1 3 1 2 2 1 1 2 1 2 5 3 2 1 1 2 1 1 1 2 1 3 1 2 2 1 1 2 2 4 1 3 1 1 4 1 3 2 1 2 1 1 1 1 1 3 1 1 1 1 2 3 1 1 3 1 2 6 2 2 1 1 4 2 2 2 1 2 1 1 1 1 2 2 1 3 1 2 3 1 1 2 3 2 1 1 3 1 1 2 3 3 1 2 3 1 2 1 6 3 1 1 1 2 2 2 2 3 3 2 1 1 3 1 1 1 4 3 2 1 1 2 1 3 1 2 3 1 1 2 2 2 2 3 1 1 1 1 1 4 2 1 1 1 1 1 1 2 1 4 2 1 1 1 3 4 1 1 2 2 2 2 3 1 2 2 3 2 3 1 1 3 1 4 3 4 2 1 3 3 3 5 3 4 5 3 1 1 4 3 2 3 2 2 3 2 3 3 2 2 3 2 2 1 1 1 2 1 1 2 1 3 3 2 1 3 1 5 4 2 2 1 2 2 1 4 2 4 2 1 2 2 5 2 1 2 2 2 5 1 3 3 2 1 4 1 5 1 1 2 1 1 2 2 3 2 4 2 2 1 4 1 1 2 2 2 3 3 2 2 2 2 1 1 1 3 2 1 3 2 1 1 2 1 1 3 4 2 1 1 1 3 4 1 1 1 4 2 1 1 1 2 1 3 3 3 2 1 2 1 1 2 1 2 2 1 2 1 1 3 4 1 4 1 3 1 2 2 2 1 1 1 4 2 2 2 1 1 1 1 2 2 2 3 1 1 1 1 1 3 2 1 2 4 1 3 1 1 3 1 6 3 1 2 1 3 1 1 3 3 3 1 1 1 1 1 5 1 2 3 3 1 1 1 2 4 3 1 1 1 2 2 2 1 1 3 6 1 1 1 2 2 3 2 2 5 1 1 2 1 1 2 2 1 3 8 2 3 1 1 3 1 1 1 5 3 1 3 2 1 1 2 2 3 1 4 3 3 4 4 2 4 1 3 1 2 3 1 2 1 1 2 5 2 1 1 1 2 3 1 1 3 2 2 2 3 2 2 1 1 1 1 1 1 3 2 2 1 2 1 1 2 3 1 2 1 1 3 2 3 3 1 1 2 1 1 3 3 2 2 2 2 1 1 1 1 1 3 1 1 2 1 3 1 2 2 1 2 2 1 1 3 1 1 1 1 3 4 1 1 1 3 3 2 1 2 5 1 2 1 4 2 1 2 2 2 4 2 2 1 2 1 2 3 1 2 1 1 6 3 1 2 1 1 1 3 1 2 1 1 2 1 1 2 3 2 1 1 2 2 2 2 1 1 2 4 3 3 3 1 2 1 2 1 1 3 1 1 2 2 2 3 1 1 3 1 3 2 2 1 1 4 2 2 2 1 1 2 3 1 3 1 1 3 1 1 2 3 2 1 1 1 4 1 2 1 1 2 2 2 2 2 1 1 1 3 2 2 2 1 2 4 1 1 2 1 2 2 4 2 3 1 1 2 7 1 2 1 2 2 2 1 1 2 2 3 2 3 1 1 1 2 2 2 1 2 4 1 4 3 2 1 1 2 3 1 3 5 3 3 1 1 1 2 2 2 5 3 3 1 2 1 2 1 2 2 2 1 3 3 1 2 2 4 2 2 1 3 2 2 2 1 4 1 1 2 1 1 4 1 1 2 2 3 1 1 2 4 2 2 2 1 1 3 4 1 3 1 2 2 3 1 1 1 1 3 1 2 4 1 2 3 4 4 2 1 4 2 2 1 2 1 1 1 1 1 3 2 3 3 3 4 2 2 3 2 1 2 2 2 2 2 2 1 1 1 3 3 2 1 3 4 2 2 1 2 3 2 2 1 2 1 1 5 4 4 2 3 2 2 1 1 2 1 1 2 2 1 3 1 3 3 2 5 3 2 1 1 2 2 3 1 3 2 1 1 3 1 1 5 2 1 1 1 4 2 1 2 1 2 3 1 1 1 1 3 1 3 3 3 1 1 1 1 1 2 2 2 3 1 4 1 1 1 3 1 2 2 2 4 2 4 1 5 1 2 1 3 3 1 3 4 3 3 1 1 2 2 4 1 3 4 2 1 1 3 1 2 1 2 1 1 3 4 1 3 2 1 2 1 2 4 1 2 2 2 2 1 4 2 1 2 2 4 1 3 4 2 1 1 1 1 3 2 4 1 1 1 2 3 5 3 1 1 2 3 1 1 2 2 2 4 1 3 2 2 1 1 1 2 2 2 2 3 3 1 4 3 1 4 2 1 3 3 4 2 3 3 1 2 2 1 3 1 3 2 1 2 2 1 2 2 1 2 4 1 1 1 1 1 1 2 3 1 1 3 2 1 2 2 3 1 1 1 1 2 5 2 1 2 1 3 1 3 2 1 4 1 1 2 4 2 2 2 3 3 1 1 1 4 1 1 1 2 2 2 1 1 1 2 1 1 2 2 1 3 1 1 1 1 1 1 3 1 1 2 1 5 1 2 1 2 2 1 1 5 4 2 1 3 2 2 1 3 1 1 1 1 1 1 2 1 2 2 1 3 2 3 2 2 1 5 2 3 1 4 2 1 1 1 3 1 3 1 2 1 1 3 2 4 2 3 1 2 2 3 2 2 3 1 2 4 1 2 2 3 2 3 1 2 1 3 2 2 1 1 2 5 1 3 2 2 1 2 1 2 2 3 2 1 1 1 2 3 2 5 2 2 2 2 2 1 1 2 2 1 4 2 2 2 2 4 3 2 1 1 2 1 1 1 3 4 2 3 2 3 1 2 2 2 3 3 2 1 2 3 3 2 1 1 4 3 2 3 1 2 2 2 1 1 2 2 4 1 3 3 4 2 1 1 1 3 2 1 2 2 2 3 3 2 2 1 2 3 1 1 2 1 1 3 1 1 1 1 1 2 3 1 2 1 2 3 2 3 2 1 1 4 1 1 2 1 2 3 2 1 1 3 1 3 2 1 3 1 2 2 2 2 1 2 1 1 1 2 4 5 2 3 2 2 2 2 2 1 4 1 4 1 2 2 2 2 1 1 1 3 1 3 4 3 1 2 2 1 1 2 2 3 2 1 1 2 2 6 3 2 1 2 2 1 2 2 3 4 1 2 1 1 3 1 1 2 1 2 2 3 2 1 2 4 3 3 2 1 1 1 3 1 3 1 1 3 1 3 1 4 1 3 1 5 2 2 1 1 3 3 4 3 1 1 2 3 1 2 1 1 1 1 2 1 2 2 4 1 1 3 5 2 1 2 1 2 2 2 1 1 2 3 1 2 2 3 1 3 1 2 1 2 1 1 3 2 3 2 3 1 1 2 1 2 1 1 2 1 1 4 1 2 1 3 3 1 4 4 1 2 1 1 2 1 3 1 1 1 2 3 3 4 1 2 2 3 2 1 1 1 3 1 2 1 2 5 1 2 1 1 1 1 1 3 2 4 2 2 1 1 1 3 1 1 2 1 4 2 2 2 1 1 2 2 2 3 1 2 1 2 4 1 1 2 4 2 1 3 3 2 1 1 3 1 1 2 2 1 1 2 1 2 4 3 1 1 1 1 3 2 1 2 1 3 1 2 4 1 1 1 1 2 2 1 3 1 1 2 2 2 2 2 1 1 3 3 2 2 1 1 4 1 2 1 2 4 2 1 3 1 1 1 2 3 2 2 2 3 2 2 3 4 2 1 2 3 1 1 3 3 1 2 1 1 3 1 1 1 1 1 1 1 2 2 4 1 2 2 1 1 4 3 2 2 1 1 1 2 1 4 1 4 2 3 1 1 3 3 2 1 2 1 3 3 3 1 2 3 2 4 1 1 6 2 4 1 2 1 1 2 5 1 2 2 2 1 3 1 3 1 2 1 2 2 1 3 2 2 1 4 1 1 3 1 1 2 1 3 3 3 1 3 3 2 2 2 6 1 2 4 1 1 4 1 1 2 4 2 1 1 2 1 1 2 2 3 1 2 3 1 1 2 1 1 5 1 3 1 2 1 5 1 3 1 2 2 2 3 2 3 2 2 1 5 3 3 2 4 1 3 3 1 1 1 1 2 2 4 1 1 1 1 2 2 2 4 2 1 3 3 3 1 2 1 3 1 3 4 2 3 2 3 1 1 3 1 2 2 1 1 2 2 1 1 2 2 2 1 1 3 1 1 1 3 2 3 4 2 1 2 2 1 1 2 2 1 1 1 2 3 8 2 1 3 3 1 3 2 1 2 1 1 1 1 2 1 4 3 2 1 3 3 3 1 2 1 1 1 1 2 1 2 1 1 3 2 2 1 2 1 2 2 3 1 2 3 4 1 1 2 2 2 2 1 3 3 2 2 3 1 2 2 2 2 1 2 2 1 3 1 3 1 3 1 3 1 2 4 4 1 2 2 1 1 1 2 4 1 1 2 1 4 3 2 2 2 4 1 2 3 1 3 1 1 4 1 2 2 2 1 1 5 1 6 1 1 2 1 1 3 3 1 2 1 1 1 1 1 3 1 1 1 2 2 1 1 4 2 1 1 2 4 2 1 2 5 2 1 3 4 1 4 6 4 5 2 2 4 2 2 2 2 2 2 1 1 4 1 1 1 1 1 2 2 3 1 1 1 2 2 2 2 3 3 1 1 2 4 1 2 3 3 1 1 1 3 1 2 2 2 3 2 1 1 1 1 1 1 1 2 3 1 1 1 3 1 2 2 1 3 1 1 1 1 2 1 7 2 2 1 1 1 3 3 1 2 2 1 2 2 2 2 1 1 1 2 1 1 1 1 3 1 1 2 2 3 1 2 2 2 1 1 3 1 3 3 1 1 4 3 1 2 1 1 2 2 2 2 4 2 2 2 1 1 1 2 1 4 1 1 1 2 2 1 3 1 5 4 1 2 4 2 1 1 1 1 1 2 1 1 3 2 1 3 3 1 1 3 3 1 3 3 3 2 1 2 2 1 1 2 2 1 1 1 1 4 2 4 1 3 3 1 2 1 2 3 1 2 1 1 3 1 1 3 1 1 1 2 2 3 4 1 1 1 2 5 5 4 3 1 2 1 2 4 1 2 4 2 3 1 3 1 2 1 1 1 1 1 4 2 2 2 1 3 4 1 1 1 4 3 1 1 1 1 4 2 2 1 2 1 1 1 4 2 2 4 2 1 1 1 3 4 1 2 1 1 3 1 2 1 1 2 1 3 1 3 2 2 2 1 2 1 1 2 1 1 3 7 2 2 3 3 3 1 2 1 4 3 1 2 2 2 4 2 5 3 1 5 1 4 2 1 2 2 3 2 2 2 1 2 3 1 2 2 1 2 2 2 2 1 2 2 1 1 4 1 1 1 3 1 3 2 5 3 2 1 3 1 3 3 2 1 4 4 1 2 2 1 3 1 1 2 1 1 1 1 2 2 1 4 4 2 2 2 1 4 4 3 1 1 1 1 1 2 1 1 2 3 1 2 2 1 2 2 1 1 1 3 3 1 1 4 2 3 2 2 2 1 1 4 3 2 2 3 3 2 2 1 2 2 2 1 1 2 1 2 1 1 1 3 3 1 2 3 2 1 1 1 2 1 3 2 2 1 3 3 3 2 1 1 4 2 1 4 3 1 2 1 1 1 3 1 1 3 6 3 1 3 1 2 1 2 1 4 1 2 5 2 4 1 2 3 1 2 4 3 2 3 3 4 2 1 3 3 1 4 1 1 2 3 1 1 1 1 1 3 1 1 3 1 1 2 1 2 3 2 2 3 1 2 2 1 2 1 1 1 1 1 2 1 2 2 2 3 1 2 1 6 5 3 1 1 1 3 2 1 1 2 3 2 1 2 2 1 2 2 3 2 3 2 1 4 3 1 4 2 1 1 2 3 2 5 3 2 2 2 1 1 1 2 3 2 1 1 3 3 2 2 1 1 2 1 4 2 4 1 3 1 2 1 2 2 4 2 2 2 1 2 1 2 1 1 1 1 1 2 1 1 2 2 4 3 1 3 1 2 1 3 2 2 1 3 2 2 1 1 1 2 1 2 2 3 2 2 2 3 2 3 2 2 1 3 1 1 3 3 1 2 1 2 3 2 5 2 1 2 1 2 2 3 1 2 1 2 3 1 1 1 1 1 2 1 4 1 3 4 2 1 1 1 2 3 2 2 2 3 2 2 1 2 3 1 2 2 1 1 4 2 2 2 2 1 2 3 2 1 4 1 3 2 2 3 4 3 1 3 1 2 5 1 1 2 1 2 4 2 3 1 1 2 1 2 2 3 3 1 1 3 1 3 1 2 1 1 1 3 2 3 3 4 2 1 2 4 1 2 1 5 1 1 3 2 1 1 3 2 2 1 2 2 4 1 1 2 2 1 2 1 2 1 2 2 1 1 1 1 2 2 1 3 1 3 4 1 1 2 3 1 1 3 3 3 2 7 2 3 1 2 2 1 1 1 2 2 2 1 1 3 2 5 2 1 2 4 1 3 1 1 1 1 2 1 4 2 2 3 2 3 3 1 2 1 1 1 1 1 2 3 2 1 2 2 3 1 1 1 8 2 1 1 3 3 3 4 1 2 2 2 1 1 2 1 1 4 2 3 3 2 2 1 1 2 2 2 1 3 1 1 1 4 1 1 1 2 1 1 2 4 1 3 1 3 3 2 1 2 3 1 1 2 2 1 4 1 2 1 1 3 2 3 1 1 2 1 2 1 1 1 1 1 2 6 1 5 1 1 2 2 3 2 1 2 1 2 2 3 4 3 2 1 2 1 2 1 4 4 3 1 2 1 3 2 2 2 2 2 1 4 1 1 4 2 2 1 1 2 2 2 2 3 2 3 1 1 3 2 3 1 1 3 3 1 1 1 3 2 1 1 3 1 1 2 1 3 3 3 3 3 1 2 5 3 1 1 2 2 1 1 3 2 2 1 1 2 2 1 1 1 1 3 2 1 1 3 1 2 2 2 1 1 2 2 1 3 3 1 3 1 1 1 1 4 1 1 1 1 3 3 1 2 4 1 1 1 2 2 1 1 1 3 1 2 1 2 1 2 3 4 2 2 1 2 1 1 1 1 4 2 1 2 2 4 2 2 1 1 2 3 1 1 4 1 2 1 1 1 3 3 5 1 3 5 2 3 1 2 3 1 4 1 4 1 3 4 1 3 1 3 2 2 3 3 3 1 1 1 1 1 1 1 1 1 3 2 1 1 3 2 1 2 1 3 2 1 1 1 3 2 4 1 1 1 1 1 2 2 1 4 3 2 2 2 2 3 2 2 1 1 1 1 3 4 1 1 1 1 3 3 5 2 4 2 3 1 2 2 2 3 1 2 2 3 2 1 1 2 2 1 4 1 3 2 2 2 2 2 2 2 2 2 1 2 3 3 3 3 1 2 3 1 1 2 2 2 1 2 1 1 3 3 2 2 3 2 2 2 2 1 1 2 3 3 2 3 4 2 1 1 1 2 1 1 1 1 3 2 1 2 4 3 3 3 3 1 2 3 1 3 1 3 1 1 1 2 2 3 1 2 3 1 2 2 1 1 3 2 1 3 2 1 2 2 4 1 1 3 2 1 1 1 3 1 2 1 3 2 1 2 3 3 1 2 2 1 3 1 3 3 1 3 2 4 5 2 2 2 2 2 1 1 1 1 3 2 1 3 3 1 1 3 4 3 1 1 1 5 1 3 1 1 1 1 2 2 2 2 1 1 4 1 1 1 2 2 2 2 4 1 1 2 4 2 1 3 2 2 2 2 1 1 2 3 1 1 1 1 1 2 3 1 1 1 1 1 3 1 2 2 2 4 4 3 3 3 1 2 2 2 6 2 1 4 1 3 2 2 2 3 2 1 4 1 2 3 1 4 2 2 4 1 1 1 2 3 2 1 2 1 2 1 2 3 2 1 2 4 2 5 1 4 3 1 3 1 2 3 1 3 3 2 2 4 1 1 1 2 2 1 1 1 2 3 4 2 2 4 3 1 4 3 2 1 3 1 1 1 2 1 1 3 3 3 1 3 3 1 2 3 1 3 2 1 3 4 2 1 2 1 2 1 2 1 2 1 1 1 1 4 1 1 2 1 2 1 4 2 2 4 1 2 3 1 1 1 3 1 2 2 4 1 2 2 1 1 3 3 4 1 1 1 2 1 3 4 1 3 2 3 2 6 1 1 3 2 2 2 2 1 3 1 4 2 2 1 1 1 2 1 4 2 3 2 2 2 1 1 1 2 2 2 5 4 1 2 2 1 3 1 2 1 4 1 1 2 2 1 5 1 1 3 2 1 1 1 2 2 1 1 2 2 3 1 2 1 1 2 3 1 3 2 2 5 1 1 4 2 2 2 2 2 1 1 2 1 1 1 3 1 3 3 1 1 3 2 2 1 1 1 1 1 1 2 1 1 2 3 2 3 2 1 2 1 2 1 2 2 1 2 1 2 5 2 4 1 1 2 2 3 5 1 2 2 2 3 2 2 1 1 3 1 3 2 3 2 2 4 1 1 2 3 1 2 2 2 1 1 1 1 2 1 1 1 2 2 1 1 1 1 2 1 3 2 1 2 2 3 1 2 3 4 3 2 2 2 1 4 2 1 2 4 1 1 6 3 1 3 1 1 5 2 2 2 1 1 1 1 3 1 1 2 2 3 2 1 1 3 6 3 2 3 3 5 1 2 2 3 2 6 1 4 1 2 1 3 2 3 1 3 2 1 2 4 3 2 2 2 4 4 1 1 2 2 2 2 3 2 6 1 4 2 4 2 1 3 1 3 4 1 1 3 2 1 2 4 1 4 1 6 5 1 1 2 1 1 2 2 1 2 2 1 1 1 1 1 2 2 3 1 3 2 1 1 4 3 2 1 1 1 2 1 1 1 1 3 5 2 2 4 1 1 3 2 1 2 3 2 3 2 3 3 1 1 3 2 1 3 3 2 6 3 2 2 4 2 1 1 1 2 2 2 1 2 2 4 3 3 1 2 1 4 3 3 4 1 2 1 1 1 1 3 1 2 5 1 3 1 4 4 2 3 1 2 3 2 1 2 1 1 3 2 1 2 1 2 3 3 5 4 3 2 2 1 3 1 1 4 4 1 1 2 3 2 2 2 1 2 4 2 2 3 1 2 1 1 2 2 3 1 1 2 1 2 2 1 2 2 1 2 1 2 2 1 2 2 2 2 1 2 1 3 2 2 4 4 3 1 1 3 2 1 1 3 2 5 4 3 1 1 2 2 1 2 1 1 1 1 1 1 2 1 1 2 2 1 1 2 1 3 3 1 2 1 2 1 4 5 3 2 3 2 1 1 2 2 1 3 2 2 3 1 2 2 1 1 2 2 1 2 1 3 1 1 2 3 6 2 1 1 1 1 1 1 3 1 3 1 2 2 1 2 2 3 3 4 2 2 2 3 3 2 2 1 2 1 1 1 2 5 1 2 2 1 1 2 3 1 2 2 4 1 1 1 2 3 2 1 1 3 1 1 2 1 1 1 4 2 1 2 4 3 2 1 2 1 1 1 1 2 1 1 2 1 1 1 1 3 1 1 1 1 3 2 2 1 1 2 1 1 2 1 1 1 3 1 1 1 2 1 1 3 3 2 1 2 3 1 1 3 1 2 1 1 2 1 4 2 1 1 1 2 2 1 3 2 2 2 3 2 1 2 2 1 2 4 1 2 3 6 3 1 2 1 2 2 3 1 2 1 4 2 4 3 2 2 1 2 1 2 2 1 4 1 2 1 1 2 1 3 2 4 1 3 1 1 1 1 1 1 2 2 3 1 3 2 1 5 5 1 1 3 1 4 1 1 1 2 1 7 2 1 1 2 2 1 3 1 2 2 1 8 1 1 2 1 1 3 2 1 1 3 3 1 1 4 1 3 3 1 3 2 1 2 1 1 3 1 1 1 2 4 1 2 1 1 2 2 3 2 4 2 2 2 1 4 2 2 2 3 3 1 2 2 3 2 2 5 1 2 2 2 1 1 1 2 2 4 3 3 1 3 1 1 1 1 1 2 1 3 1 4 4 2 1 2 1 3 1 1 1 1 2 2 2 1 3 1 1 2 2 1 3 1 3 3 1 2 1 1 3 2 2 3 1 3 2 3 2 2 2 3 3 2 1 1 2 1 1 2 2 2 1 3 1 1 1 4 2 1 2 2 3 4 2 1 3 3 3 4 3 2 3 1 1 1 3 2 1 4 1 1 1 3 2 1 4 2 2 1 2 3 2 3 2 3 2 4 2 2 3 2 2 3 1 2 1 1 2 3 3 3 3 1 2 2 2 2 2 2 2 1 2 2 2 2 5 1 1 2 1 3 2 2 2 3 1 2 3 3 1 1 1 2 2 2 4 2 1 4 3 2 1 1 1 3 3 1 4 3 2 2 2 2 2 1 2 2 1 1 1 2 3 2 1 2 2 2 2 1 4 2 2 3 2 1 4 3 3 2 1 4 3 1 1 1 1 4 1 2 1 2 1 3 3 1 3 2 2 2 2 4 2 4 3 1 3 4 1 3 1 1 1 2 1 2 2 1 3 3 2 1 1 2 2 1 4 1 4 1 1 2 1 1 1 3 2 1 1 3 1 2 2 3 1 2 3 
  #Test Small 10679
  #Test Medium 16499
  #Test Large 26160
