Board size [mm] 325x225

Stats side 1
  #Components with background 114
  #Components with points 552
  #Components nofly 6
  #Components notouch 6
  #Pins 92810
  #GNDs 3368
  #VDDs 2234
  #Clock 55
  #NoFly points 940
  #NoTouch points 1048
  #Points [total] 100455

Stats side 2
  #Components with background 124
  #Components with points 501
  #Components nofly 0
  #Components notouch 0
  #Pins 97229
  #GNDs 4058
  #VDDs 3041
  #Clock 42
  #NoFly points 0
  #NoTouch points 0
  #Points [total] 104370

Stats board (side 1 + side 2)
  #Components with background 238
  #Components with points 1053
  #Components nofly 6
  #Components notouch 6
  #Pins 190039
  #GNDs 7426
  #VDDs 5275
  #Clock 97
  #NoFly points 940
  #NoTouch points 1048
  #Points [total] 204825
  #Nets 11027
    Net Size: 7426 5275 97 2 2 1 1 1 1 2 1 2 1 1 1 1 1 1 1 2 1 2 1 3 3 1 1 1 2 1 2 1 1 1 2 1 1 1 1 2 3 1 1 3 2 1 2 2 1 1 1 1 2 2 2 1 1 2 2 2 2 1 3 3 2 1 4 2 1 2 2 1 1 1 1 2 2 1 1 1 1 1 1 2 3 1 2 1 1 1 1 2 2 1 2 3 1 1 1 1 2 1 1 2 2 1 1 1 1 4 2 1 2 3 3 1 2 1 2 1 1 1 2 2 1 1 1 1 2 1 1 2 3 1 1 1 2 1 1 1 1 2 2 4 1 1 1 1 1 1 2 1 2 2 2 2 1 3 2 1 1 1 1 1 2 2 1 2 2 2 2 1 3 1 3 1 1 1 3 2 3 3 1 1 1 1 2 2 1 4 2 1 1 4 2 1 1 1 3 1 1 3 1 3 1 1 3 2 1 1 2 1 2 1 1 2 1 2 1 1 1 4 1 1 1 1 1 2 2 2 3 1 5 2 2 1 1 2 1 4 1 1 1 1 1 1 2 2 3 1 2 4 2 2 1 1 2 2 1 1 1 2 3 3 2 2 2 3 1 2 1 1 2 2 1 1 2 1 1 1 1 2 1 1 3 1 1 3 1 1 1 2 2 2 1 1 2 1 1 1 1 3 1 1 2 1 2 3 3 3 1 1 1 2 1 2 1 1 1 1 3 3 1 1 1 1 1 1 2 2 2 1 1 2 4 1 2 1 1 2 5 2 1 1 3 1 1 1 2 4 1 2 3 2 1 1 2 2 2 1 5 1 1 4 2 2 1 1 1 2 1 1 4 2 1 1 1 6 2 1 1 1 2 1 2 1 1 3 2 1 1 2 3 1 2 1 5 1 4 3 4 3 3 1 1 3 3 3 3 3 2 2 2 1 2 1 2 3 1 4 1 1 2 2 3 2 2 1 1 2 3 1 1 1 2 1 1 1 2 1 1 2 1 3 4 1 2 2 1 2 1 1 1 1 3 2 1 1 1 3 1 2 1 2 2 3 1 2 1 2 1 1 4 2 2 4 1 1 1 2 2 3 2 2 1 1 1 2 2 1 2 2 2 2 2 3 1 1 1 2 1 2 1 5 2 1 1 3 1 1 2 2 2 1 1 1 1 1 4 2 1 1 1 1 2 3 4 1 1 2 1 1 1 2 1 1 1 3 1 2 1 3 1 1 1 2 2 1 2 2 4 2 2 4 1 4 1 2 3 2 1 1 1 3 1 3 1 1 1 1 2 3 1 1 3 3 6 1 1 2 1 1 1 1 3 1 3 1 2 3 1 2 2 2 2 2 4 1 1 1 2 2 1 1 5 2 1 1 2 1 1 1 2 1 1 2 1 3 1 1 3 1 1 2 1 1 2 1 1 1 3 1 3 1 1 5 2 2 1 4 2 3 1 2 5 5 1 1 1 1 1 1 2 1 1 2 1 4 2 2 1 2 2 3 1 1 2 1 1 4 3 2 1 1 2 2 1 4 1 2 1 1 2 2 1 2 2 1 1 2 1 1 1 2 2 1 4 2 3 1 2 2 2 1 1 2 3 2 1 2 1 1 1 2 3 2 2 1 1 1 2 2 2 1 2 2 3 1 1 2 1 3 3 4 1 2 3 1 1 3 2 1 1 1 4 1 3 1 2 1 2 2 2 1 3 2 3 2 2 3 1 2 2 1 1 1 2 4 3 1 1 2 2 3 2 5 1 3 2 1 2 3 1 1 2 2 1 2 1 3 2 4 1 1 1 1 1 1 1 1 1 1 2 2 1 2 1 3 2 2 2 2 1 1 1 1 1 1 1 2 1 2 1 2 1 1 1 1 1 1 2 1 3 1 2 1 1 4 1 1 1 2 1 1 1 1 1 1 1 2 3 1 5 3 1 5 3 1 1 2 1 4 4 2 1 1 1 2 2 2 2 3 3 2 2 1 1 2 4 1 1 3 1 1 2 1 1 2 1 3 2 2 1 1 1 1 2 4 1 2 1 3 2 1 1 1 1 2 2 1 1 1 1 2 2 1 5 1 1 4 3 4 1 1 1 2 1 1 4 1 1 1 3 1 3 2 2 1 3 4 1 1 2 1 3 2 1 1 1 2 2 2 2 1 2 3 1 1 3 3 2 1 2 1 2 1 1 1 2 1 1 1 1 1 1 1 3 3 1 2 1 2 1 2 1 1 3 2 4 2 1 2 2 1 1 2 4 1 1 1 2 1 2 1 1 2 2 2 3 3 1 2 2 2 1 1 2 2 2 1 1 3 1 3 3 2 1 1 2 2 1 4 2 1 1 2 1 2 1 1 3 2 1 2 3 1 1 1 1 1 2 2 1 2 1 2 1 2 2 2 2 2 2 2 1 2 1 1 1 3 3 1 2 1 3 1 1 1 1 1 1 3 1 3 3 1 1 2 2 1 1 1 2 4 3 3 2 4 1 2 1 1 1 3 2 2 1 2 2 2 1 3 1 2 3 2 2 2 2 1 2 1 1 1 2 1 2 2 1 3 1 3 3 2 2 1 3 1 1 1 2 2 2 1 1 1 1 2 2 2 2 1 1 2 3 1 1 2 1 4 3 1 4 1 3 1 3 2 3 1 1 2 2 1 3 2 3 2 4 2 3 1 2 3 1 2 1 3 1 1 3 1 1 1 2 1 1 1 2 2 3 3 3 2 3 1 1 1 1 2 1 3 1 2 3 2 2 2 5 1 1 1 1 3 3 2 1 2 1 3 2 1 1 1 1 2 1 2 2 1 1 2 1 1 3 1 3 1 3 3 3 1 3 1 1 1 2 3 2 3 1 1 3 2 1 1 2 2 3 4 1 1 2 3 2 1 2 1 1 1 2 1 2 1 4 1 4 1 2 3 1 1 2 2 2 1 2 2 2 2 2 1 1 1 3 2 1 1 2 1 1 1 2 2 3 1 1 2 2 3 2 1 2 1 1 1 4 2 1 2 1 2 1 1 1 2 1 2 3 1 2 5 2 2 1 5 2 1 2 4 1 1 1 1 2 2 1 1 1 2 1 2 1 2 4 3 1 1 1 1 1 2 1 1 1 2 3 1 3 2 1 2 1 1 3 2 1 3 1 2 3 1 2 4 1 3 2 3 3 2 2 4 1 2 3 2 1 1 1 2 1 2 2 1 2 1 2 2 3 1 1 1 2 1 2 1 2 1 1 2 4 4 2 1 1 3 1 4 2 1 2 1 1 1 2 1 1 1 2 1 1 3 4 1 1 1 2 2 1 5 1 3 3 1 5 1 2 1 1 4 3 1 1 1 3 3 2 2 2 1 3 1 1 2 2 1 2 2 2 1 2 1 1 1 1 2 2 1 2 2 2 2 2 2 1 3 2 2 1 2 3 2 1 3 2 1 3 2 3 1 1 3 1 2 5 1 2 1 2 1 1 2 2 2 2 1 2 2 2 2 1 2 1 1 1 2 2 2 1 1 1 1 2 2 2 1 1 4 2 1 1 1 1 1 2 1 2 2 3 1 1 1 1 1 1 1 1 3 3 2 3 1 1 2 1 6 2 1 1 1 2 1 3 1 2 1 3 2 3 4 1 1 2 1 1 3 4 2 1 2 2 3 3 1 2 1 1 3 3 2 1 1 2 1 3 1 2 2 2 1 1 3 2 2 2 2 1 1 4 1 1 1 2 1 1 1 3 2 1 2 2 1 1 2 1 3 1 2 2 3 4 2 1 1 1 2 1 1 3 3 1 2 2 1 2 1 2 1 4 1 2 2 4 3 1 4 2 1 3 1 2 1 1 2 2 1 2 1 1 3 1 2 1 3 2 1 1 2 1 2 3 1 3 2 1 1 2 3 1 1 1 1 2 2 3 3 1 2 2 3 2 1 1 1 2 4 2 2 2 1 1 1 2 1 1 2 1 3 1 1 2 4 3 2 1 1 2 2 1 1 2 2 1 2 1 3 1 1 1 2 2 1 2 4 1 3 2 1 1 2 1 1 2 1 1 3 1 2 1 1 1 1 2 1 1 2 2 1 2 1 2 1 3 1 1 1 1 2 1 1 3 2 5 3 1 1 1 2 1 2 1 3 2 1 1 1 1 1 2 3 1 1 1 1 2 2 2 3 2 1 1 2 1 1 2 1 3 1 1 2 3 1 1 3 2 2 1 1 1 2 1 1 1 2 3 1 1 1 1 1 4 2 1 3 3 2 1 1 1 1 1 2 2 1 4 2 3 1 2 2 2 1 2 2 2 2 1 2 1 1 3 2 1 1 3 1 3 3 2 1 3 2 1 2 1 2 2 1 3 2 2 1 5 1 2 2 2 2 1 1 1 1 2 2 1 1 1 2 2 3 1 1 1 3 2 2 2 2 4 1 2 1 1 1 1 2 1 1 2 3 1 2 1 2 2 2 2 2 1 1 2 3 4 3 2 1 1 2 2 1 3 4 1 1 5 2 2 1 2 1 3 1 1 2 2 3 1 2 1 1 1 3 2 1 1 2 1 1 3 2 1 1 2 1 2 1 1 5 1 1 1 1 1 2 4 2 3 1 1 3 2 1 2 2 1 2 3 1 1 1 4 3 1 2 2 1 5 4 3 2 2 6 1 3 1 1 2 1 1 2 1 1 1 2 1 3 1 1 1 1 3 1 1 2 3 1 1 2 1 1 1 1 2 1 2 1 1 2 2 2 1 1 2 3 1 1 3 2 3 2 3 1 2 2 1 1 1 3 3 1 2 1 1 3 2 2 1 1 1 2 1 1 1 2 2 1 3 3 1 2 1 1 1 2 1 2 1 2 4 2 1 1 1 1 1 1 2 1 1 1 1 2 2 2 1 1 1 3 2 1 2 2 1 1 3 2 2 2 2 1 1 2 3 2 2 2 1 1 2 2 2 2 1 2 1 2 1 2 4 1 2 1 3 3 1 1 1 1 1 1 2 1 2 1 1 1 2 2 1 2 1 1 2 2 1 2 1 2 2 1 2 3 1 3 2 1 1 1 2 1 1 2 1 1 1 1 1 2 2 4 1 1 3 1 1 3 1 4 3 1 2 1 2 1 1 3 1 2 1 1 1 1 2 1 1 1 2 3 1 1 1 4 2 1 2 2 1 1 1 2 1 2 2 2 2 1 1 1 1 1 1 2 2 1 2 1 3 1 1 2 1 2 3 1 2 1 1 2 4 3 2 1 1 1 2 1 1 2 2 2 1 2 1 1 3 1 1 1 1 1 1 1 2 1 5 2 2 1 2 1 1 2 1 2 1 1 2 4 2 1 2 1 4 1 2 2 1 1 2 3 1 1 3 1 1 4 2 1 2 1 1 1 3 2 3 1 1 3 2 1 1 2 1 4 2 1 1 1 1 3 1 1 2 2 1 2 1 3 1 3 1 2 2 1 1 2 4 1 2 2 1 1 3 1 1 1 1 4 2 2 1 2 1 2 2 1 3 1 2 1 1 2 2 2 3 1 2 3 3 1 2 1 3 2 1 2 1 1 3 2 3 1 1 4 2 2 2 1 2 1 1 1 1 2 1 4 4 1 1 1 3 1 3 2 3 2 2 2 3 1 1 1 1 2 2 2 3 2 1 2 1 2 2 1 4 1 3 2 2 3 2 1 2 1 4 1 2 3 2 1 1 2 3 2 2 2 4 1 3 6 1 3 1 2 2 1 2 1 1 2 1 2 4 1 2 2 3 1 1 3 1 2 3 1 1 1 2 1 1 3 2 1 2 1 1 4 1 1 1 1 2 1 2 1 1 4 2 1 1 4 3 1 2 2 1 4 2 2 1 2 1 2 1 1 1 1 1 1 1 2 1 1 1 1 1 3 1 1 2 3 2 1 2 2 1 1 1 1 3 1 2 2 2 1 1 3 2 3 2 1 2 1 3 1 1 2 1 3 3 2 2 2 1 1 1 3 1 1 2 1 1 1 2 2 1 1 1 2 1 4 2 2 1 1 2 3 2 1 1 2 1 2 2 1 2 2 1 3 1 1 1 2 1 3 1 2 4 2 1 1 1 1 1 1 1 1 2 5 3 1 2 2 3 2 1 1 2 1 1 2 1 1 1 1 5 3 1 1 2 1 2 3 2 3 4 2 2 1 2 2 2 1 1 2 1 2 1 2 2 1 2 2 2 2 2 2 1 1 1 2 3 3 5 1 2 2 2 1 1 4 1 3 1 4 1 1 1 1 2 1 2 1 1 3 2 1 2 2 4 2 1 2 1 2 3 1 2 3 1 1 2 1 3 3 1 3 2 1 3 2 2 1 2 4 1 2 2 1 2 1 2 2 1 1 2 2 1 2 1 1 1 1 1 3 1 1 2 2 1 2 2 1 4 2 2 1 1 1 3 2 1 1 1 1 2 1 1 1 3 2 3 4 6 2 3 1 2 1 2 1 1 1 1 1 1 1 3 1 2 2 1 1 1 3 1 1 2 1 2 1 1 1 1 2 2 6 3 2 1 1 2 1 3 1 1 1 1 2 1 2 2 2 1 1 1 1 1 1 1 2 2 2 1 1 1 1 2 1 2 2 1 2 3 1 3 3 2 1 2 3 1 3 4 1 3 1 1 1 2 2 1 2 1 1 1 1 1 1 1 1 2 1 1 4 1 3 1 1 2 1 4 2 1 2 1 3 1 2 1 1 1 3 1 1 1 2 2 2 2 1 3 3 2 1 1 3 1 4 1 1 1 1 1 1 1 2 1 1 3 2 4 1 1 1 1 1 2 2 1 3 1 1 1 1 1 2 2 1 3 1 1 1 2 2 3 3 1 4 2 2 2 1 1 1 1 2 1 2 3 1 4 2 2 3 1 2 1 2 1 1 3 1 1 1 1 2 1 1 3 1 1 1 2 1 2 2 3 3 1 4 3 1 1 2 3 2 1 2 4 2 2 1 1 2 2 1 4 1 1 2 1 1 2 3 2 3 2 1 3 2 1 3 1 2 1 1 3 2 1 1 2 1 1 1 2 1 1 1 2 2 2 2 1 1 1 1 3 1 1 1 1 1 1 2 1 4 2 1 1 1 1 2 2 1 3 1 2 2 1 2 3 2 1 1 2 3 3 2 2 4 2 2 2 4 1 1 3 4 1 2 1 1 1 4 1 1 1 3 4 2 2 2 1 1 6 1 2 1 3 3 1 2 2 2 1 1 1 2 2 1 1 2 2 3 1 2 2 1 1 1 1 2 2 2 1 3 2 3 3 1 2 3 1 2 2 2 1 1 1 3 1 2 2 1 1 1 2 4 1 1 2 1 2 1 1 1 3 1 2 1 1 1 1 2 1 1 2 1 1 1 2 3 1 1 1 1 1 3 1 2 1 3 3 1 1 2 3 1 2 2 1 3 4 2 1 1 2 4 2 1 2 1 1 1 2 1 2 3 1 2 1 2 1 1 3 2 1 2 2 3 1 2 1 1 1 1 2 4 1 2 2 2 1 1 2 3 2 1 2 1 1 2 1 2 3 2 1 1 3 2 1 1 2 1 1 1 3 1 1 3 1 1 2 3 1 1 2 1 1 4 1 1 2 1 2 2 2 1 2 1 2 1 1 3 1 4 1 1 2 1 1 3 2 1 1 2 2 1 5 1 1 3 2 1 2 1 1 2 2 3 3 1 2 1 3 1 1 3 1 1 1 2 1 1 1 3 3 1 4 1 1 3 2 3 4 1 1 1 1 1 1 2 1 1 3 2 2 2 1 1 1 3 1 3 2 1 2 2 1 1 2 2 2 2 1 1 1 2 1 1 3 1 1 4 2 1 2 2 2 1 1 1 2 2 2 2 1 1 1 1 2 1 4 1 1 1 1 1 2 1 1 2 1 1 1 1 2 2 4 2 1 1 2 2 2 1 2 2 2 1 3 1 1 1 4 2 1 1 1 1 1 3 4 1 2 1 2 1 2 1 4 3 2 2 3 1 1 1 1 4 2 2 2 1 2 1 1 1 1 1 1 1 4 3 3 2 2 3 1 4 2 3 1 1 1 1 1 1 3 2 2 1 1 1 2 1 2 1 1 1 4 2 1 2 2 3 1 4 3 1 2 3 2 1 1 1 3 1 3 1 2 1 1 1 1 1 2 2 2 2 1 2 1 1 1 1 1 3 2 1 2 1 1 2 2 1 2 5 1 2 1 1 1 1 1 1 2 2 1 1 1 1 1 1 1 2 2 1 1 3 2 3 2 3 4 3 1 2 2 1 2 1 2 1 2 2 4 3 1 3 3 1 2 2 1 3 2 2 1 2 2 1 2 1 2 1 3 2 1 1 3 2 2 2 1 2 3 1 1 4 2 1 2 2 4 2 3 3 1 1 3 4 2 1 1 1 1 1 1 2 1 1 2 2 2 1 1 1 1 1 2 1 2 1 2 1 2 2 1 1 1 3 1 1 1 1 1 2 2 1 1 4 3 1 1 2 1 1 2 3 2 1 1 3 5 1 1 3 2 3 3 2 1 1 1 1 1 2 1 2 2 2 1 1 2 2 1 1 1 3 1 1 2 1 1 1 1 2 2 2 2 2 1 3 4 2 3 3 1 2 1 2 1 1 1 1 2 3 3 1 1 2 1 1 1 2 1 2 2 3 1 1 1 1 2 2 1 1 1 4 4 1 1 1 3 1 1 1 1 1 1 2 1 1 1 2 1 2 2 3 1 2 1 2 2 2 1 1 1 3 3 1 1 4 2 3 1 1 3 1 2 1 4 1 1 1 1 2 1 1 1 1 1 1 1 1 2 1 1 1 2 4 1 2 2 2 2 1 1 1 3 1 2 2 2 2 4 2 1 3 1 2 1 1 1 1 4 1 2 3 1 1 1 2 1 1 1 2 1 2 2 2 1 2 1 1 2 1 3 1 1 1 1 2 2 3 2 1 1 3 2 3 1 3 3 1 2 1 1 2 1 1 1 1 1 1 1 3 1 2 3 2 2 1 2 1 2 2 1 4 3 2 2 2 1 1 1 1 3 2 3 1 2 1 1 1 1 2 1 1 3 1 1 1 1 2 2 1 1 1 1 3 1 1 2 1 1 1 4 1 3 2 2 2 1 1 1 2 1 1 1 1 1 2 2 1 4 1 2 2 2 1 1 1 1 1 1 1 1 1 1 1 1 1 1 1 1 1 3 1 4 2 1 1 2 1 1 1 2 2 1 2 2 1 1 5 1 1 1 2 1 5 1 1 2 2 1 1 1 1 1 1 1 2 1 2 1 1 1 4 1 1 1 1 2 1 2 1 1 1 2 1 1 1 1 2 3 4 1 4 3 1 3 2 2 1 2 1 1 1 1 2 4 2 1 2 2 2 1 2 1 3 1 1 1 2 1 1 2 1 1 1 1 2 1 1 2 1 2 1 2 2 2 1 1 1 3 2 3 1 2 4 2 3 2 2 2 1 1 1 1 2 1 3 5 1 1 1 2 2 1 3 1 2 1 2 4 1 1 2 4 3 2 1 4 1 2 1 1 2 2 2 3 1 3 2 1 2 1 2 4 2 2 1 1 2 1 4 1 1 2 4 2 4 1 3 4 1 1 1 1 1 1 1 3 2 2 1 3 1 2 2 1 3 1 2 2 2 1 2 2 3 3 2 1 1 1 2 1 1 4 3 4 4 1 1 1 2 1 1 3 1 1 3 1 2 2 1 4 3 3 3 1 1 1 2 1 2 5 1 1 2 2 1 1 1 2 1 1 2 2 2 1 2 2 1 1 1 2 2 2 2 1 1 1 2 2 5 1 1 1 1 1 3 2 1 2 1 3 2 2 3 2 1 3 2 1 1 1 1 3 1 1 2 1 2 1 1 2 4 1 2 1 2 2 1 3 3 1 4 2 1 2 1 1 3 2 1 3 1 2 1 1 1 1 1 1 5 2 3 1 2 1 2 5 2 2 1 1 1 1 3 2 1 1 3 2 1 2 2 1 1 4 1 2 1 1 4 1 2 2 1 2 1 2 1 1 3 5 1 1 2 2 1 3 3 1 1 1 1 3 2 1 2 2 1 2 3 2 4 2 1 2 1 1 2 2 2 1 1 3 2 2 1 1 2 1 1 1 1 1 5 1 1 2 1 4 3 2 2 1 1 1 1 1 1 2 2 1 1 3 1 1 1 3 1 2 2 3 3 2 2 2 2 2 1 1 1 3 2 2 2 1 1 1 1 2 2 1 1 5 1 1 2 1 1 2 1 1 2 1 2 1 1 2 1 1 1 2 4 1 1 2 4 2 2 1 1 3 2 2 1 1 1 1 3 3 1 2 1 1 1 1 1 2 1 2 1 4 3 3 1 1 3 2 1 2 1 1 1 2 2 1 1 3 3 1 1 1 2 2 2 1 2 1 1 4 2 3 4 1 2 1 3 2 1 2 1 1 1 1 2 1 2 4 3 2 2 2 2 1 1 1 2 1 1 2 4 1 2 1 2 1 3 1 1 3 2 1 2 1 2 1 2 2 2 1 2 3 1 2 1 1 2 2 2 1 1 2 4 1 3 4 1 3 3 1 1 1 1 1 1 2 2 2 1 2 1 2 1 3 4 2 2 3 1 1 1 3 2 3 4 2 1 1 1 3 3 2 1 1 3 3 1 2 4 2 3 4 1 2 2 1 3 2 1 4 2 1 4 2 1 1 2 3 1 3 2 1 1 3 1 1 1 1 1 1 1 1 3 3 1 3 1 3 1 3 1 3 1 2 2 2 2 1 4 1 1 2 1 1 1 1 3 1 2 1 1 2 2 2 1 1 1 1 5 1 1 2 1 1 1 2 1 2 2 1 1 2 1 3 1 2 2 2 1 1 1 1 2 4 1 1 2 2 1 1 1 2 1 2 1 2 1 2 1 1 2 2 1 1 2 3 3 1 2 2 2 1 1 2 2 1 4 2 1 2 1 1 1 4 1 2 2 1 3 2 1 1 1 2 1 1 2 1 1 1 1 1 2 1 2 2 1 1 2 3 1 1 1 1 1 1 2 2 1 1 2 1 2 1 3 3 2 2 1 1 2 2 1 1 1 3 1 1 1 2 2 1 2 1 2 1 5 3 1 1 2 1 4 2 2 3 3 1 1 1 6 1 1 3 3 2 1 3 1 1 1 1 1 3 1 2 4 3 2 4 1 3 4 2 2 4 2 2 2 1 2 2 1 1 1 1 1 2 2 1 2 1 1 1 1 1 2 1 3 1 2 1 2 1 2 1 1 1 1 1 1 2 2 2 1 1 1 1 1 1 2 3 2 1 1 2 1 3 1 1 2 3 2 1 2 2 2 1 1 2 3 1 1 1 1 5 1 1 1 1 3 2 1 2 1 1 1 1 2 3 2 4 2 1 3 2 1 3 2 3 1 2 1 2 2 2 2 1 2 1 1 1 2 3 1 1 2 1 5 2 1 1 2 2 1 1 2 1 1 1 2 3 1 2 1 2 1 1 2 4 1 1 2 1 2 2 1 1 1 2 3 1 2 2 3 2 3 1 1 1 2 1 2 1 4 1 1 1 2 1 2 2 2 1 3 2 1 1 3 1 1 1 5 1 4 2 1 2 1 2 1 1 2 2 1 2 3 1 1 1 1 2 2 1 2 1 1 2 1 4 1 4 1 1 4 1 2 1 1 1 3 2 3 1 1 1 1 3 2 2 1 1 2 1 2 1 2 1 2 1 1 1 2 2 1 1 1 1 1 2 2 2 3 1 1 4 1 1 1 2 1 1 1 4 3 1 1 2 1 1 1 2 1 1 3 3 2 1 2 1 2 1 2 1 2 2 2 2 1 3 1 4 1 1 1 1 1 1 1 1 1 1 1 2 2 2 1 1 2 3 2 1 1 2 2 1 1 1 1 1 1 2 2 1 1 1 1 1 2 2 3 2 2 2 2 1 1 1 1 1 1 1 2 1 1 2 1 1 3 2 3 2 3 3 1 1 1 1 1 2 2 1 3 1 2 1 1 1 3 1 4 2 1 2 1 1 1 2 1 2 1 1 3 3 3 1 1 4 1 1 2 2 3 1 2 3 1 1 1 2 2 2 2 2 2 4 2 1 2 1 2 4 1 1 1 2 1 3 1 2 1 2 2 1 1 1 1 2 1 3 1 5 2 1 5 1 2 1 3 1 4 1 1 1 2 1 1 1 2 3 1 2 2 3 3 2 4 2 1 3 1 1 2 2 2 2 1 2 1 1 2 1 2 2 2 2 2 1 1 1 3 1 1 1 3 4 2 1 3 2 1 2 1 5 1 1 1 2 1 3 2 1 2 1 2 1 1 2 2 1 5 3 2 5 1 1 2 2 4 2 1 1 1 1 1 1 1 1 2 1 2 1 1 1 1 2 2 1 2 1 4 1 2 1 1 1 1 1 1 4 1 2 1 2 1 3 2 1 1 3 2 2 1 2 1 1 3 2 2 2 2 4 2 2 2 3 3 2 1 1 5 3 1 1 1 1 1 3 2 1 2 1 2 1 1 4 3 4 2 2 2 2 2 1 1 3 1 2 3 1 1 5 2 1 1 2 1 1 1 1 1 3 1 2 2 1 2 1 1 1 1 2 2 2 2 1 1 3 3 3 2 3 1 1 1 2 1 1 2 1 2 2 2 3 3 2 1 3 1 1 1 1 3 1 1 2 2 3 1 1 1 1 1 4 3 2 2 2 1 2 1 1 1 1 1 1 2 1 1 3 3 2 1 3 1 1 1 1 1 1 1 1 2 1 1 2 1 1 3 1 1 1 1 1 1 1 2 1 1 1 3 2 1 1 1 1 1 1 2 4 3 1 2 1 1 2 2 2 1 2 3 2 2 2 1 3 1 1 2 3 1 1 1 1 3 1 2 3 2 1 1 2 1 4 2 2 1 1 3 2 1 1 2 1 1 1 1 1 1 2 2 1 3 1 1 1 1 2 1 5 2 1 2 1 2 1 3 1 1 3 2 1 1 2 2 1 1 1 1 1 2 1 1 3 2 2 1 2 5 3 1 2 1 1 1 1 3 3 1 2 4 1 1 1 1 1 2 1 1 1 1 1 1 1 1 1 1 1 1 1 1 1 3 1 1 2 3 1 3 3 1 1 1 5 1 1 4 2 2 5 1 1 1 2 1 3 1 1 2 1 1 2 1 2 1 3 1 1 2 1 2 2 4 2 2 2 2 2 3 1 3 1 1 1 1 2 2 1 2 2 2 1 1 1 3 1 1 1 1 2 2 2 1 2 1 4 1 2 1 1 2 2 3 2 3 2 2 3 3 1 3 3 1 3 2 1 3 1 2 2 1 3 5 1 1 3 1 3 1 2 2 2 3 1 3 2 1 2 1 1 1 2 1 2 2 1 1 1 1 2 1 2 1 3 2 1 1 1 1 1 1 1 3 1 2 1 1 2 1 3 1 1 1 1 1 1 1 1 1 3 1 2 1 1 2 2 1 1 2 2 2 1 1 2 1 2 1 5 1 1 1 1 3 1 2 1 1 1 1 1 3 2 2 1 1 2 2 2 2 1 2 2 3 1 1 1 2 2 3 2 1 2 1 2 1 3 3 1 1 2 1 1 3 1 3 2 2 2 1 1 1 3 1 1 2 1 3 2 2 2 3 3 1 1 2 3 1 6 1 1 1 1 1 4 2 1 1 2 1 3 2 1 2 2 4 1 2 3 2 2 1 1 2 1 1 1 2 2 3 4 2 4 2 2 3 3 1 3 2 1 3 1 1 3 1 2 2 2 1 2 2 1 1 1 2 1 1 1 1 3 1 2 1 1 1 2 2 4 1 1 1 2 2 2 1 1 2 2 1 1 1 4 1 1 1 1 1 3 1 2 2 2 2 1 3 2 2 2 2 1 1 1 1 3 1 1 4 2 1 2 1 3 1 1 1 1 1 1 2 1 1 1 2 1 2 2 2 1 1 3 3 1 4 2 4 2 2 3 1 2 1 3 1 1 2 1 1 3 5 2 1 1 2 1 1 3 1 2 2 2 1 2 1 1 2 2 1 2 1 1 1 2 2 1 1 1 2 1 1 2 1 1 1 1 1 2 1 2 2 1 1 1 1 2 1 1 1 1 1 2 1 1 3 1 3 2 1 1 1 1 4 2 1 1 2 1 1 1 3 1 2 2 3 1 2 1 4 2 2 2 1 1 2 1 1 3 1 2 2 2 1 2 2 1 3 1 1 1 3 1 2 2 1 2 1 1 2 1 3 1 2 1 1 1 1 1 1 4 1 2 1 1 2 1 1 2 1 1 1 1 1 1 1 1 2 2 1 1 2 2 1 1 2 2 2 1 6 3 2 1 1 2 1 1 2 3 2 2 1 3 1 2 1 2 1 2 1 2 2 1 1 2 2 3 1 5 1 1 3 1 1 1 1 1 1 2 2 1 2 2 3 2 5 1 2 1 1 1 1 1 1 1 5 2 1 1 1 2 2 1 1 1 1 1 1 3 3 3 2 1 2 1 2 2 2 2 2 1 2 1 1 2 2 4 3 1 2 1 1 2 3 1 3 1 2 1 2 4 2 4 1 1 1 2 1 1 1 5 2 1 1 5 2 1 1 2 1 1 2 1 2 1 1 2 2 1 1 3 1 1 1 4 2 3 1 1 1 4 1 1 2 1 2 1 1 1 2 3 2 2 2 3 1 1 1 2 1 3 1 1 1 2 1 2 1 2 2 2 2 1 1 2 1 2 4 2 2 2 3 1 2 1 1 1 1 1 2 1 2 2 4 2 1 2 3 2 1 2 2 1 1 1 1 2 1 1 2 3 1 1 2 2 2 1 2 1 1 1 1 1 1 2 3 1 2 2 1 1 2 1 1 2 3 1 1 1 5 1 2 1 6 1 2 1 3 1 1 3 1 1 1 1 1 3 1 1 4 4 3 1 2 2 1 1 1 2 1 1 1 1 1 1 3 1 1 1 3 3 1 1 1 1 1 3 1 1 1 1 1 1 1 3 3 1 1 1 1 1 1 1 3 2 8 1 2 2 2 1 4 3 2 1 2 1 1 3 3 2 1 1 1 2 1 1 3 1 1 1 1 5 2 4 1 2 2 2 1 1 3 2 1 1 1 1 1 2 1 1 3 2 2 1 3 1 1 3 2 1 1 2 2 2 1 1 1 2 1 2 1 3 2 1 2 1 1 1 2 1 2 1 1 3 1 1 2 1 1 3 1 1 3 3 2 3 1 2 1 3 1 3 1 1 1 5 1 3 2 2 3 1 4 2 1 3 1 2 2 2 2 3 1 4 2 5 2 2 1 3 1 4 2 1 2 2 1 3 1 2 1 1 2 1 1 2 1 1 2 1 4 1 1 1 2 3 1 2 1 1 1 1 3 1 2 3 1 3 1 1 1 2 1 1 1 1 1 1 3 3 2 1 2 1 1 2 1 2 1 3 2 2 2 1 2 1 2 1 1 1 1 2 2 1 2 1 2 2 1 1 1 2 2 2 3 1 2 1 1 4 2 1 1 1 1 1 1 1 3 1 1 1 1 1 3 2 1 2 1 1 2 1 2 1 1 2 1 1 1 5 1 1 2 1 2 3 2 1 3 2 1 2 1 1 1 2 1 2 2 2 2 1 1 3 4 2 1 1 2 1 1 1 2 2 1 1 1 2 2 2 3 1 1 2 2 3 1 2 2 2 1 1 2 3 2 1 1 1 1 2 3 1 2 2 2 2 4 2 3 2 1 2 1 3 1 2 2 3 1 1 1 1 1 1 3 2 3 1 1 3 1 2 1 1 3 2 2 2 2 2 1 1 1 2 3 1 1 2 1 3 1 1 1 1 4 1 1 1 1 2 1 2 2 1 1 1 3 1 3 1 2 4 2 1 1 5 2 3 2 1 1 2 1 2 2 1 1 2 2 1 3 1 3 1 2 1 2 3 1 2 2 3 1 1 2 2 1 3 2 3 1 1 1 2 1 3 1 2 1 3 2 1 1 1 3 3 1 1 2 1 1 1 1 1 2 1 3 3 1 1 1 3 1 3 3 3 2 1 1 2 2 1 2 1 3 2 1 2 2 2 1 2 1 1 1 1 2 3 1 1 1 2 1 1 3 3 3 1 3 1 1 1 1 1 1 1 3 3 2 1 3 1 2 1 2 1 1 1 4 1 1 1 1 1 2 1 1 1 2 2 1 4 1 2 1 1 3 2 3 3 1 2 1 1 2 1 3 2 2 2 1 1 2 1 1 1 1 1 2 1 1 1 2 2 2 1 3 2 2 2 1 1 2 1 1 1 1 5 3 3 1 1 1 1 4 2 2 2 1 1 1 1 1 1 1 2 2 1 1 2 3 1 4 3 2 1 3 2 1 1 1 1 2 1 1 1 1 1 3 4 2 1 4 1 2 1 2 2 1 3 1 1 2 3 2 1 1 1 2 3 1 1 1 2 2 4 2 3 2 2 5 3 1 1 1 1 2 2 2 1 1 1 3 1 1 3 4 1 5 1 6 1 2 3 1 1 5 1 1 1 1 1 2 3 3 1 4 1 1 1 3 1 1 1 2 1 2 2 4 3 1 1 1 1 2 1 2 1 2 2 4 1 1 2 2 1 1 1 1 3 3 1 1 2 1 1 1 2 2 1 2 2 3 3 1 1 2 1 1 2 4 3 5 1 1 3 1 1 3 1 1 2 1 2 2 2 1 1 2 1 2 1 1 2 1 1 1 1 1 2 1 1 4 1 2 3 1 1 1 1 1 1 1 1 1 1 4 1 3 3 4 1 5 1 3 1 2 2 1 1 1 1 2 2 1 2 1 3 1 1 3 2 2 1 3 2 1 1 1 1 2 1 1 1 3 3 1 1 2 2 4 1 4 2 3 2 2 2 1 1 2 1 1 2 1 1 2 3 2 1 2 1 1 1 1 3 2 1 1 3 2 2 2 1 1 1 1 1 2 4 1 2 1 1 1 3 2 1 3 1 2 1 4 2 2 1 2 2 1 1 1 1 1 1 1 1 2 3 1 1 1 3 1 1 2 3 1 1 1 3 1 2 2 2 1 1 3 2 2 1 1 1 2 1 1 2 2 1 1 1 4 3 2 2 1 3 1 2 2 2 2 2 2 2 4 2 1 3 1 2 2 2 2 1 1 2 3 2 3 1 1 1 2 3 1 1 1 2 2 2 2 1 2 2 1 1 1 2 2 2 2 1 2 3 1 2 4 1 2 1 3 1 3 2 1 2 2 2 1 3 1 2 1 2 1 2 1 3 2 4 1 1 1 2 1 1 1 1 1 2 1 1 3 1 1 2 1 2 4 1 3 1 2 1 4 2 1 1 1 3 3 2 1 3 1 1 2 1 3 2 1 1 1 1 1 2 4 2 2 1 2 1 1 2 2 1 2 2 1 1 2 1 3 1 2 3 1 1 2 1 3 1 3 1 1 3 2 1 1 1 2 1 1 2 1 1 2 1 1 3 2 2 2 2 2 2 2 2 1 1 2 2 1 1 2 1 2 1 1 1 1 1 2 2 2 1 2 1 1 3 2 2 1 1 1 1 2 1 1 1 1 1 1 2 1 2 2 1 3 2 1 1 1 1 2 3 2 3 1 3 1 4 3 1 2 1 1 2 1 1 2 3 1 1 1 3 3 1 1 1 2 1 2 2 2 1 1 3 1 1 1 1 2 2 2 1 2 2 2 2 2 2 1 2 1 3 2 2 2 1 1 2 1 3 2 1 1 2 3 1 2 1 1 2 1 2 1 1 1 2 1 1 2 2 2 1 1 1 1 2 2 2 1 1 3 1 1 2 3 1 1 4 2 3 4 1 1 4 1 1 1 2 1 2 1 2 1 1 2 1 1 2 3 2 1 1 3 2 1 2 1 2 3 2 1 1 2 1 2 3 3 2 1 3 3 1 3 3 1 3 1 1 2 1 1 2 1 2 1 2 3 1 3 3 3 1 2 2 3 3 3 3 1 2 2 3 2 1 2 1 2 1 1 4 2 2 2 3 2 1 2 3 2 3 1 2 2 1 1 2 1 1 2 1 1 2 2 2 1 1 1 1 2 1 1 1 1 1 2 1 1 1 3 3 2 1 1 1 2 1 2 3 2 1 3 2 1 2 2 2 4 1 1 1 1 1 2 1 2 1 1 3 2 2 1 4 2 1 1 2 1 1 1 2 1 3 1 2 3 2 1 3 3 1 1 1 1 1 2 1 1 2 2 1 3 3 1 1 1 1 2 2 2 1 5 2 1 1 3 2 1 4 2 1 3 2 1 1 1 1 1 1 2 2 1 2 2 3 2 2 2 2 1 3 3 3 1 3 1 1 1 2 1 1 3 1 3 1 3 3 2 1 1 1 3 1 4 1 1 2 1 1 2 2 4 3 5 1 1 1 1 1 1 3 1 1 1 1 1 3 2 1 2 1 1 1 6 1 1 1 1 4 1 2 3 2 2 1 1 3 1 1 1 1 1 1 1 1 3 1 1 1 2 2 2 2 1 2 2 3 2 3 1 3 2 1 1 1 1 2 1 1 1 3 1 2 1 2 1 3 3 1 1 1 1 5 1 1 1 1 1 1 1 1 2 3 2 1 1 1 2 2 3 1 1 1 2 2 2 2 2 2 2 2 1 2 3 1 1 1 2 3 1 1 2 2 1 1 2 1 3 2 2 2 1 1 1 2 1 1 2 2 1 1 1 2 1 2 3 1 2 1 1 1 2 1 1 1 1 2 1 2 1 2 1 4 1 1 1 3 1 2 3 2 2 2 1 2 1 5 2 1 3 1 2 1 1 1 1 2 2 2 1 2 2 2 1 2 1 2 1 1 2 3 1 1 2 2 2 1 2 1 2 1 1 2 1 3 2 1 1 1 2 1 1 1 1 2 1 2 1 2 4 3 2 3 1 3 2 3 3 2 4 1 1 1 1 1 2 1 2 1 4 1 1 1 1 1 2 1 1 1 1 1 2 1 2 6 4 4 3 1 1 1 1 2 1 1 3 2 2 2 2 1 1 1 1 3 1 2 1 1 1 2 1 1 3 1 1 2 1 2 1 2 2 1 1 2 1 2 1 3 1 1 1 1 1 1 1 3 3 2 2 4 1 1 1 1 2 3 1 1 1 1 2 1 1 1 1 1 2 2 1 3 1 2 3 3 1 1 2 1 1 2 1 2 1 1 3 2 2 1 1 2 3 2 3 1 1 4 3 2 1 1 2 2 3 1 4 1 1 1 1 1 1 1 1 2 1 1 1 1 2 2 2 1 1 1 2 3 2 1 2 1 2 1 1 3 1 3 1 2 2 3 1 3 1 1 1 1 1 3 5 2 2 3 3 2 2 3 1 1 1 2 1 1 2 4 1 1 1 1 2 1 1 2 2 2 1 1 3 2 1 2 2 1 3 1 1 1 1 1 1 5 2 3 1 2 3 2 2 2 2 2 1 1 1 2 1 2 1 1 2 1 1 1 1 2 1 1 1 1 2 3 1 2 3 3 1 1 1 3 3 4 2 1 1 1 1 4 3 1 1 2 3 1 2 1 2 1 2 3 1 1 1 1 1 2 3 1 1 3 4 1 1 2 1 1 2 3 2 1 1 3 1 3 2 3 3 1 1 1 2 3 3 2 1 1 1 1 2 2 3 5 2 1 1 1 1 2 2 2 1 1 1 1 2 2 2 3 2 1 4 1 2 2 1 1 2 2 3 2 1 3 1 1 1 2 2 1 1 3 1 1 1 2 1 1 1 2 3 1 1 4 1 1 1 1 1 3 2 2 1 2 1 3 1 1 3 1 4 2 1 1 4 1 2 3 2 1 1 1 2 1 1 1 1 1 1 2 1 4 2 1 2 3 2 1 2 3 3 1 1 1 1 1 1 1 2 1 2 2 1 1 3 2 5 2 2 2 3 1 1 1 1 1 1 1 1 1 2 3 1 2 1 1 2 1 2 1 1 2 1 2 2 1 2 1 1 1 4 2 1 2 2 1 2 1 2 2 2 2 5 1 1 1 2 2 1 2 1 3 3 2 1 2 2 1 1 3 3 2 1 3 2 3 2 2 1 1 2 3 1 2 1 2 1 1 2 2 1 1 1 2 1 3 1 1 2 1 2 2 1 2 1 1 1 1 2 2 1 2 2 2 2 3 1 3 1 1 1 2 2 1 2 1 3 3 2 1 2 3 1 2 2 3 2 3 2 1 1 2 1 2 3 2 1 1 1 1 1 1 3 2 1 2 1 1 2 2 2 2 1 1 2 2 3 2 1 1 2 1 1 1 1 1 2 3 1 1 1 1 1 2 2 2 2 1 2 1 1 1 1 1 1 2 1 1 1 1 1 2 1 2 1 1 1 1 1 1 4 1 1 1 1 1 1 3 3 2 1 2 1 1 3 3 1 1 1 1 2 1 1 4 1 2 3 1 1 1 1 1 2 2 1 1 2 2 2 3 1 1 1 2 5 2 2 1 5 2 1 1 1 1 2 1 1 2 2 1 1 2 2 1 2 4 2 2 2 1 1 1 3 2 2 2 3 1 5 5 2 1 3 2 1 2 3 2 2 1 1 1 3 2 1 2 1 1 1 1 3 1 4 2 1 1 2 1 2 2 2 1 2 4 2 1 2 1 1 1 2 5 2 1 2 2 2 2 1 4 1 1 2 1 1 2 1 2 3 1 4 2 2 1 1 3 1 1 2 1 2 1 2 2 2 2 1 3 1 1 1 1 1 1 3 1 1 1 4 2 1 3 1 1 1 2 3 1 1 2 2 1 1 1 2 1 4 2 2 3 2 2 1 2 1 4 1 2 2 1 2 2 1 1 1 1 3 2 2 3 1 1 1 1 1 3 2 1 1 1 3 1 3 1 3 3 1 1 1 2 1 1 1 1 1 1 1 1 2 1 1 1 1 2 2 1 1 1 2 1 1 2 1 1 2 1 1 1 1 3 2 2 2 1 1 1 3 2 1 2 1 1 2 2 2 2 1 1 1 1 2 2 1 1 4 1 2 1 1 1 1 1 2 2 3 2 1 1 2 3 3 1 2 2 2 1 1 2 1 2 1 1 1 2 1 1 1 1 4 1 1 2 3 2 2 2 1 5 1 1 1 4 2 2 3 1 4 2 1 1 3 4 1 1 1 1 1 6 1 1 1 1 2 1 1 1 2 1 2 1 2 1 1 3 2 1 1 1 1 1 2 1 2 1 1 2 2 1 1 2 2 1 2 3 1 4 1 4 2 2 1 1 2 2 1 2 1 5 2 1 1 2 2 3 2 1 1 1 1 1 1 1 1 3 2 2 1 3 2 3 3 1 3 1 1 2 2 1 3 1 1 4 5 3 4 2 1 6 1 1 1 1 1 1 1 2 1 2 1 6 1 1 3 2 1 2 4 2 2 1 2 2 1 1 1 1 1 1 1 3 1 1 1 4 1 4 1 1 1 2 2 2 3 2 1 1 2 1 2 1 1 2 1 1 1 1 4 1 1 1 4 1 2 1 1 1 2 3 3 4 1 4 1 1 1 1 2 2 2 1 1 1 1 3 1 1 1 2 1 2 2 3 1 2 3 2 2 1 1 1 1 1 1 2 3 2 1 1 1 1 1 1 1 3 2 1 3 1 2 1 1 3 1 1 1 2 3 4 2 1 1 1 3 1 1 1 1 2 2 1 1 1 1 1 2 2 1 1 1 1 1 2 2 3 1 1 1 2 2 3 1 1 3 2 2 2 2 2 3 1 4 1 1 1 2 1 2 1 2 2 1 2 1 2 1 1 1 3 1 2 1 2 2 3 3 2 2 3 1 1 2 2 2 1 1 1 2 1 1 1 1 2 1 1 4 1 1 1 1 1 2 1 3 2 4 2 2 3 2 1 1 1 2 2 1 1 1 1 1 2 2 1 1 1 1 1 2 3 6 1 1 4 1 1 1 2 2 2 2 2 2 1 2 1 1 2 3 1 2 3 2 3 3 2 1 2 3 1 4 3 2 1 2 2 3 2 3 1 2 1 1 2 2 1 1 1 2 3 1 1 1 2 1 3 1 3 1 2 2 4 3 2 1 1 1 1 1 2 1 5 1 1 2 1 3 3 3 1 1 1 2 1 3 1 1 2 1 1 2 1 3 3 3 1 3 3 2 2 4 1 2 2 2 1 2 1 2 1 1 1 1 2 1 2 1 4 3 1 2 1 1 2 1 1 2 1 2 3 4 2 2 1 1 1 2 2 1 1 1 1 2 1 1 1 3 4 2 2 1 1 2 3 3 1 1 1 3 1 2 3 1 1 3 3 1 1 3 2 2 1 2 1 4 1 1 1 1 2 3 1 1 1 2 3 1 2 2 1 2 1 1 1 3 1 2 2 1 2 1 2 1 1 2 1 3 2 1 4 3 5 2 1 2 1 2 2 1 3 1 1 3 3 2 1 3 1 1 1 2 3 1 4 1 2 2 2 1 2 1 1 1 1 1 1 1 1 2 1 1 2 1 1 1 1 2 2 1 1 1 3 3 1 2 1 1 3 1 2 4 2 2 1 2 2 3 2 3 1 2 1 1 5 2 1 2 2 1 3 1 1 3 1 2 1 2 2 4 3 3 1 1 3 1 1 1 3 1 1 1 1 2 5 1 2 2 1 2 1 5 3 1 1 1 2 3 3 1 1 1 2 1 1 1 1 3 3 1 2 1 1 1 2 1 1 1 3 1 2 1 2 1 2 1 1 1 1 3 2 2 1 3 2 3 2 3 4 2 1 1 1 4 3 1 1 1 1 1 1 1 1 3 4 3 1 3 1 3 2 2 1 1 1 5 2 4 2 2 1 4 1 2 1 1 1 2 2 3 2 1 2 3 1 1 2 1 1 4 2 2 1 3 2 1 3 1 1 2 1 2 2 1 2 1 2 2 2 1 1 4 1 1 2 1 1 2 1 1 2 2 3 2 3 2 1 1 2 2 1 1 2 3 4 1 1 1 1 1 3 2 2 1 1 1 1 2 2 2 1 1 1 2 1 1 2 3 1 3 1 1 2 1 1 4 4 3 1 1 1 1 2 2 1 1 1 3 4 2 2 1 2 2 2 2 1 2 1 1 2 2 1 3 1 1 1 1 1 3 2 2 2 1 3 1 1 2 2 3 1 2 2 1 1 2 1 3 1 1 1 2 1 1 1 1 1 2 1 2 1 2 1 2 2 1 2 2 1 2 4 1 1 1 5 1 3 1 2 2 3 1 1 1 1 2 1 1 3 1 1 1 1 2 2 1 3 1 4 1 3 1 1 2 2 3 4 1 3 2 1 2 2 2 2 2 2 1 1 3 1 2 2 2 3 1 3 1 1 4 1 5 5 2 1 1 1 1 1 2 1 2 1 2 1 1 1 3 1 2 2 1 2 5 2 1 1 2 2 2 2 1 2 1 1 1 1 1 2 1 1 1 1 2 1 1 2 1 1 1 2 2 2 1 2 3 1 1 2 2 2 1 1 1 1 3 3 1 1 1 1 3 1 1 1 4 2 1 2 1 2 1 2 1 1 3 3 1 2 3 1 2 3 1 3 2 3 1 3 2 1 1 2 2 2 1 5 2 3 2 1 3 2 1 2 2 1 2 2 2 2 1 3 1 1 2 3 1 1 4 1 1 1 1 1 1 2 2 1 2 3 3 7 2 2 1 3 1 1 1 1 2 3 2 1 1 2 1 3 1 1 1 1 1 2 2 1 2 2 5 2 2 1 1 1 1 1 2 1 1 3 1 1 1 1 1 1 4 1 2 3 1 2 1 2 1 5 2 1 2 4 2 1 3 3 1 1 1 1 4 4 1 2 1 2 2 1 1 1 1 3 3 1 1 2 1 1 1 2 1 2 1 1 3 3 2 1 1 3 1 3 4 1 2 3 4 1 2 2 1 1 4 4 2 1 1 2 1 1 2 1 1 2 1 2 1 5 1 1 1 1 2 1 4 1 4 4 2 1 2 3 2 1 4 1 1 2 1 2 2 1 1 1 4 1 3 2 1 3 1 1 1 1 1 2 1 2 4 3 4 1 4 1 2 2 1 2 1 3 1 1 2 1 1 4 3 3 1 1 2 1 2 1 2 1 1 1 1 2 2 2 2 2 2 3 1 1 1 3 2 1 1 1 1 1 1 3 1 3 3 3 1 1 1 2 1 1 2 2 3 3 1 1 2 1 2 3 1 1 2 2 1 2 1 1 1 1 1 1 2 1 1 1 1 1 2 2 1 3 1 2 1 1 2 1 2 1 1 1 2 3 1 1 1 1 1 1 1 2 1 1 2 1 1 1 2 4 1 1 2 1 1 1 2 3 2 3 3 1 2 3 4 2 1 1 3 1 2 1 1 1 3 1 1 2 1 1 2 1 2 4 2 1 3 2 1 1 2 3 4 3 2 1 1 2 1 1 1 4 2 2 2 1 1 2 3 1 2 2 1 2 1 2 2 1 1 2 3 2 1 1 1 1 3 3 2 2 4 4 1 2 1 2 1 1 3 1 1 4 2 2 2 3 2 1 3 1 3 1 1 1 2 1 1 3 2 2 1 1 1 1 2 1 1 1 1 2 2 1 2 1 1 1 1 1 1 2 1 2 1 2 2 2 1 1 3 2 1 1 2 3 1 4 2 1 2 1 3 2 6 2 2 3 2 5 2 1 1 1 1 1 1 1 2 2 1 1 5 1 1 2 1 1 1 1 2 1 1 2 1 1 3 1 3 2 2 1 1 2 4 1 2 1 2 1 1 3 1 1 2 2 2 1 1 2 2 1 3 1 1 1 3 1 2 2 3 3 6 1 2 2 5 1 1 2 2 2 2 1 1 5 3 1 1 1 3 1 1 1 2 2 2 2 1 2 2 2 2 2 1 1 2 3 2 3 1 2 1 2 1 2 1 1 2 1 4 1 2 2 1 2 3 2 1 1 
  #Test Small 16688
  #Test Medium 33991
  #Test Large 42773
