Board size [mm] 325x325

Stats side 1
  #Components with background 127
  #Components with points 720
  #Components nofly 6
  #Components notouch 6
  #Pins 141724
  #GNDs 5787
  #VDDs 4565
  #Clock 87
  #NoFly points 940
  #NoTouch points 1048
  #Points [total] 154151

Stats side 2
  #Components with background 183
  #Components with points 718
  #Components nofly 0
  #Components notouch 0
  #Pins 131559
  #GNDs 4717
  #VDDs 3816
  #Clock 89
  #NoFly points 0
  #NoTouch points 0
  #Points [total] 140181

Stats board (side 1 + side 2)
  #Components with background 310
  #Components with points 1438
  #Components nofly 6
  #Components notouch 6
  #Pins 273283
  #GNDs 10504
  #VDDs 8381
  #Clock 176
  #NoFly points 940
  #NoTouch points 1048
  #Points [total] 294332
  #Nets 13876
    Net Size: 10504 8381 176 2 3 3 2 2 2 3 1 3 1 1 1 1 1 4 1 3 2 1 2 1 3 1 2 3 2 3 1 3 1 2 1 1 1 1 1 1 2 1 3 2 2 2 1 1 1 2 2 1 1 2 2 1 1 3 2 4 3 3 2 2 1 1 1 1 1 1 2 3 1 1 1 2 1 3 1 2 2 3 2 5 1 1 1 1 3 1 4 3 1 2 3 1 3 2 3 3 2 2 1 3 2 1 1 2 1 1 1 1 1 3 2 1 1 1 4 4 1 1 1 2 2 1 2 2 2 1 1 2 2 2 3 1 3 2 1 2 2 4 2 1 2 2 1 2 2 1 1 2 1 1 3 1 2 5 2 1 3 2 1 5 2 1 1 2 3 3 1 2 2 2 2 1 1 2 2 1 3 1 1 1 1 1 2 1 6 2 4 2 3 1 1 1 2 3 1 1 2 2 1 2 1 4 1 2 1 2 2 1 2 1 1 1 1 4 1 1 3 1 1 1 1 1 1 1 1 2 3 1 2 2 2 1 1 2 1 2 2 4 3 1 1 2 3 1 2 1 2 2 1 1 5 2 1 6 5 1 1 3 1 1 1 3 5 1 1 1 3 1 1 1 1 1 3 1 2 5 1 2 4 3 1 2 2 2 3 2 1 2 1 1 1 1 1 3 2 1 3 2 2 1 2 2 3 2 4 2 3 3 2 2 1 3 1 1 2 1 4 3 2 1 1 4 2 1 2 3 1 2 2 2 1 1 1 1 1 3 1 3 3 2 2 1 3 1 3 1 3 3 1 2 2 3 3 3 2 2 1 1 2 2 2 1 1 5 5 3 1 2 1 2 2 3 3 1 2 2 1 3 3 1 2 2 2 1 2 1 2 2 3 1 3 4 3 1 1 3 1 2 2 1 4 2 1 1 3 2 2 1 3 1 1 5 1 1 3 1 2 1 3 1 1 2 3 3 2 2 3 1 6 1 1 2 3 3 2 3 1 2 1 2 3 2 2 1 1 2 4 3 2 3 2 1 4 4 1 1 2 1 2 1 1 1 2 3 1 2 4 3 1 1 4 2 1 2 1 2 2 1 2 1 2 2 2 3 1 1 1 4 3 1 1 2 1 2 3 2 2 1 2 1 1 2 1 3 2 2 1 1 4 1 2 1 1 1 1 1 3 3 2 4 1 2 1 2 2 4 2 1 1 3 2 3 2 2 2 1 3 1 2 1 3 2 3 2 2 2 2 1 1 3 2 2 2 2 4 1 3 3 2 1 3 3 3 2 1 2 1 1 2 1 1 2 2 1 1 1 2 6 1 2 1 4 2 3 5 1 1 1 1 1 4 2 2 3 2 1 1 2 3 1 2 4 1 3 2 2 1 1 1 2 2 1 1 1 1 3 2 3 2 3 2 2 1 1 1 4 2 3 1 1 4 2 1 2 1 1 2 2 1 1 1 1 2 2 3 2 2 2 4 1 1 3 1 1 2 1 1 4 1 2 3 1 1 1 1 1 2 4 1 1 3 2 2 1 3 5 1 1 4 4 1 4 4 1 2 2 2 3 1 4 1 1 4 1 2 1 5 3 4 2 2 1 4 2 1 1 3 2 2 4 2 2 1 2 1 2 1 2 2 3 2 5 5 1 2 1 1 3 1 1 3 2 1 2 2 3 3 5 1 2 2 2 1 2 3 1 2 2 2 1 1 3 1 2 3 1 4 3 2 1 1 1 4 1 2 1 4 1 3 3 4 1 1 3 2 3 1 7 1 1 1 2 1 2 1 2 2 2 3 2 1 1 3 3 2 1 3 1 3 1 5 2 1 1 2 3 2 4 1 1 2 2 4 1 2 3 3 1 1 2 1 1 3 2 3 3 2 3 1 1 1 2 3 4 2 1 2 1 4 1 1 3 2 1 1 1 1 2 2 1 2 4 1 1 1 1 1 3 4 3 3 1 1 2 2 1 2 1 3 2 2 2 3 1 3 1 1 4 2 1 1 1 2 1 1 2 1 2 1 1 1 2 2 2 2 2 2 3 2 2 2 3 1 2 1 1 1 3 1 2 2 2 1 1 2 2 1 2 1 1 1 1 3 2 1 2 1 3 2 1 1 1 1 1 3 2 2 3 1 2 3 1 3 2 2 2 1 1 3 4 1 4 3 3 3 3 2 2 4 2 2 1 1 1 3 1 1 2 2 2 1 2 2 1 1 5 1 1 1 3 1 1 2 3 3 2 1 2 4 3 1 1 3 3 2 2 2 4 2 2 3 2 1 1 3 1 4 4 2 3 1 1 2 2 3 1 2 2 1 1 1 4 2 3 1 3 3 1 1 3 1 1 1 3 1 1 1 1 3 1 2 1 3 1 3 2 2 1 2 2 1 2 2 1 2 1 1 3 3 1 2 3 2 4 2 3 1 1 3 1 1 2 2 1 2 1 2 1 1 2 1 1 1 1 1 2 2 2 2 2 3 1 1 3 3 1 1 1 4 2 1 1 1 1 2 3 4 1 2 1 1 2 1 4 1 1 2 2 1 2 1 3 3 2 1 1 1 4 2 3 1 2 1 2 5 1 1 2 2 2 5 2 3 3 4 3 4 1 1 3 2 1 1 2 3 3 1 2 3 1 2 1 2 4 3 1 5 3 1 1 2 3 2 1 1 2 1 2 2 2 1 1 1 3 1 3 2 3 1 1 3 1 1 3 1 1 1 2 1 2 1 3 5 1 5 3 2 3 1 5 1 1 3 2 1 2 5 1 1 2 3 1 2 2 3 3 4 3 2 2 2 2 2 2 4 1 1 1 1 3 2 4 1 1 2 2 1 1 1 2 3 2 2 1 1 1 1 2 4 1 2 1 1 3 3 1 4 2 3 1 3 2 1 3 3 3 2 3 1 2 1 4 3 6 1 4 2 2 1 2 3 1 2 1 2 1 4 2 4 1 2 1 1 1 4 1 2 1 1 4 2 1 1 2 2 2 3 2 1 2 4 1 1 3 1 1 2 1 1 3 2 1 1 3 2 3 2 1 4 1 5 2 1 2 1 3 3 2 2 2 2 5 2 1 1 2 1 1 3 3 2 1 2 4 3 2 3 3 1 3 3 3 2 2 1 1 5 2 1 1 2 2 1 2 2 3 2 1 1 4 2 1 1 3 2 2 1 1 4 1 1 2 1 2 3 1 2 1 4 1 3 1 2 4 1 2 4 2 1 3 1 4 2 2 1 1 3 2 4 3 1 1 3 1 7 3 1 2 1 1 1 1 1 1 3 2 2 3 1 2 2 2 1 3 3 2 2 1 4 2 4 1 2 2 4 1 1 2 1 3 3 1 1 3 3 1 1 3 2 3 1 2 1 3 1 3 1 2 1 1 2 1 1 1 2 1 5 1 2 2 2 2 1 2 2 2 2 2 1 2 3 2 2 2 1 3 3 1 2 1 3 1 4 5 1 4 3 1 3 5 1 1 4 1 1 2 1 1 1 1 3 1 3 2 1 1 3 3 3 1 1 1 1 1 2 1 5 1 1 4 1 1 1 2 1 1 4 1 2 2 2 1 1 2 1 3 1 1 1 2 4 4 1 1 1 1 1 1 2 1 2 5 1 2 1 1 1 3 3 4 2 3 4 1 1 2 2 3 1 2 2 1 3 1 5 2 2 2 1 3 2 1 1 1 2 4 2 2 4 2 2 1 1 1 2 1 1 1 1 1 1 2 1 1 2 3 2 1 1 1 1 1 3 1 1 1 2 1 4 1 4 3 6 4 2 2 1 1 2 3 1 3 2 1 1 2 3 1 1 1 1 2 1 2 1 2 2 3 1 3 3 4 4 1 4 2 2 1 3 3 1 1 1 3 3 1 4 1 1 3 2 4 1 3 2 3 2 1 2 1 1 1 2 8 4 1 2 1 1 1 2 2 3 1 2 2 1 1 2 2 1 2 2 2 2 1 3 3 3 2 1 6 1 5 2 1 1 3 4 3 2 3 2 3 2 2 2 2 1 1 2 1 2 1 3 1 3 2 1 3 1 1 2 2 1 1 3 1 4 1 1 1 1 1 3 1 1 1 1 1 1 1 2 3 2 5 2 2 1 1 2 3 1 2 2 2 2 2 1 4 2 1 1 2 1 1 1 3 1 2 2 1 1 1 2 2 1 2 2 1 3 2 3 3 2 2 2 1 2 2 1 1 3 1 4 1 1 4 1 1 3 1 2 2 1 1 1 1 1 2 2 1 1 1 2 1 1 1 3 3 2 2 1 1 1 2 2 2 1 3 1 2 1 3 3 1 1 1 3 2 1 1 1 1 2 5 1 1 1 3 1 2 3 2 2 3 1 2 1 3 3 2 2 1 2 3 2 1 3 3 3 2 2 3 4 1 2 2 2 2 1 3 3 1 2 3 3 1 2 3 1 3 2 2 2 2 3 1 4 1 2 3 1 2 1 2 2 3 1 4 2 2 3 2 2 1 2 3 1 3 1 1 1 1 2 1 1 1 2 3 2 2 1 1 3 1 2 2 1 2 2 4 4 1 3 2 3 2 1 3 1 1 3 2 1 4 1 2 1 1 1 3 4 1 1 4 1 3 3 2 2 2 2 2 2 1 1 1 2 2 2 4 1 5 4 3 1 4 1 1 2 1 3 1 2 1 2 3 3 1 2 1 1 3 1 3 3 1 1 1 2 2 2 1 1 1 1 2 1 3 2 2 1 4 1 1 1 1 3 2 1 1 1 3 1 2 3 1 2 1 1 4 1 2 1 1 4 2 2 2 1 1 5 2 3 3 1 3 1 1 1 3 1 2 1 3 2 3 2 5 1 4 1 1 2 1 2 2 3 2 2 2 2 1 3 1 1 1 2 4 1 4 1 4 1 1 6 3 4 3 1 1 4 4 2 4 1 2 1 1 1 1 3 2 2 3 3 2 2 9 1 4 1 3 1 3 2 2 1 1 1 3 2 3 2 2 2 2 2 1 2 2 4 3 2 3 1 4 1 1 3 2 2 1 2 4 1 3 1 1 1 2 3 3 1 1 4 1 1 2 2 1 2 3 1 2 1 1 4 1 3 1 3 1 3 1 4 1 3 2 1 1 1 3 1 2 2 3 3 2 2 1 1 1 3 3 4 2 1 2 1 1 1 1 1 2 2 1 1 4 1 2 1 2 1 3 1 2 5 1 3 3 1 2 2 2 2 4 1 3 1 4 3 1 4 1 2 1 1 4 2 2 1 1 1 1 4 1 4 3 1 2 3 2 3 2 4 2 1 2 2 1 1 2 1 1 2 2 1 1 1 1 2 3 1 1 1 2 2 2 2 4 1 1 2 1 1 3 2 1 2 2 2 4 4 1 2 2 1 2 2 2 1 1 3 2 6 3 1 2 1 3 2 1 1 2 1 2 3 4 2 1 1 2 3 2 3 1 1 2 1 3 2 2 4 3 2 1 2 1 1 1 3 2 5 1 3 1 2 1 2 4 2 1 3 1 3 1 1 2 1 2 1 1 1 2 2 5 2 1 1 2 6 1 6 2 1 2 2 1 1 4 1 1 1 1 3 3 1 1 1 3 2 3 1 2 1 3 2 1 1 1 1 3 2 1 2 3 5 4 2 2 1 2 3 1 3 1 1 1 2 2 4 1 3 4 2 2 2 2 3 1 3 2 3 1 2 1 1 1 3 2 1 2 1 3 1 2 2 2 1 1 1 1 1 1 1 4 1 1 1 2 2 1 4 2 1 1 2 3 3 2 1 3 1 3 1 1 2 4 2 1 1 1 1 1 1 1 2 2 1 2 1 1 3 1 2 2 3 1 1 3 3 1 1 3 1 2 2 5 3 3 2 2 1 1 3 1 4 2 2 2 1 2 3 1 3 1 2 1 3 1 2 1 4 1 2 1 1 2 3 1 2 1 1 1 2 1 1 2 1 1 3 4 3 3 1 1 1 3 1 3 2 3 2 3 1 1 1 3 4 2 4 1 1 2 2 1 3 2 1 2 3 1 2 2 3 2 1 2 4 1 1 2 1 3 1 2 1 2 1 1 1 1 3 2 2 1 2 1 3 3 2 2 1 1 2 4 2 1 2 2 4 2 2 1 1 1 1 2 1 1 3 1 3 1 4 2 4 1 3 1 2 1 2 1 3 3 2 3 2 2 2 2 1 3 1 2 1 1 1 2 1 1 4 2 2 4 1 3 2 3 1 3 2 1 1 1 1 4 3 1 1 1 2 1 1 1 2 5 2 1 2 1 1 4 1 3 2 1 1 2 2 2 1 1 1 6 2 4 1 3 1 2 2 1 2 3 2 2 2 2 1 2 4 3 3 1 3 2 1 3 1 4 1 1 2 2 2 1 3 1 1 2 1 1 1 3 3 2 1 1 1 1 1 1 1 2 1 2 1 2 1 1 1 2 1 3 2 1 5 2 4 2 1 3 3 1 5 2 3 1 1 2 3 1 2 3 2 4 2 3 4 1 3 3 2 2 3 1 3 1 1 3 1 1 4 2 2 1 1 5 3 3 2 7 1 1 1 2 1 1 1 4 1 1 2 2 6 2 1 4 2 2 1 1 2 2 2 2 2 2 4 1 2 1 4 1 1 2 1 1 2 3 1 3 2 2 1 3 3 3 4 5 3 1 1 1 2 1 2 4 3 3 2 2 4 4 6 2 1 3 3 3 4 3 2 2 3 1 1 2 1 2 2 1 2 5 1 2 3 3 1 3 3 3 1 3 2 2 3 2 4 1 2 1 1 2 1 1 2 1 1 2 1 2 2 1 2 2 2 2 1 3 3 1 2 1 1 2 2 3 1 2 4 1 2 1 1 1 3 1 1 3 4 2 1 3 4 1 3 2 2 2 2 1 1 2 1 2 1 3 1 3 1 1 3 5 3 1 3 2 1 1 3 4 2 1 2 1 3 1 4 1 2 1 3 2 1 2 2 1 1 1 1 2 3 2 1 1 3 2 1 2 2 2 2 1 3 3 2 1 2 2 5 2 2 1 3 2 2 1 1 1 3 1 2 1 2 1 1 1 2 2 2 1 1 1 2 2 2 1 1 2 1 1 1 2 4 1 2 1 1 2 1 1 2 2 1 1 2 2 2 2 1 2 1 2 1 7 1 5 1 1 2 1 3 1 3 1 2 1 3 2 3 2 3 1 1 3 2 2 1 2 2 1 1 2 1 1 1 3 2 1 1 2 1 3 1 1 1 1 2 1 3 1 2 1 1 4 3 1 5 2 4 1 3 1 4 2 1 2 2 3 1 1 1 1 2 3 3 1 3 3 2 3 1 1 2 1 3 2 4 4 4 2 2 5 3 2 4 1 3 2 2 3 1 2 1 2 2 4 2 1 2 2 1 3 2 2 3 2 3 1 5 1 2 2 5 1 2 1 1 1 4 2 4 1 2 3 6 1 2 2 3 1 4 1 3 3 2 1 2 1 3 3 1 2 1 4 3 1 2 2 4 1 1 1 1 1 1 2 4 1 1 2 3 1 1 4 3 1 3 1 4 2 1 1 1 2 1 1 1 3 3 2 1 2 2 1 2 4 2 3 1 3 3 2 1 2 2 1 1 2 2 1 6 2 1 2 4 2 1 2 3 1 1 3 2 2 2 3 5 2 2 2 1 1 1 1 1 1 1 2 1 3 1 1 2 1 3 2 3 1 2 3 2 3 2 1 1 2 1 2 1 4 3 3 1 6 1 2 2 2 4 1 1 3 1 3 1 1 3 3 1 1 1 4 3 1 1 1 1 3 1 2 1 1 2 2 4 1 1 2 1 3 1 6 3 3 3 2 1 1 3 1 3 2 1 2 3 1 5 2 3 1 1 3 1 1 2 1 1 3 2 1 1 1 1 1 1 1 1 3 1 1 2 2 1 1 1 3 1 2 1 1 3 1 1 1 4 2 3 1 1 3 2 3 2 4 3 1 3 1 2 3 1 3 3 2 1 1 2 3 3 1 4 1 1 1 4 3 2 2 4 1 1 2 3 1 2 2 2 2 2 1 1 1 2 1 4 2 4 2 3 2 3 2 4 2 2 1 2 6 2 2 2 2 1 1 2 5 1 2 1 1 3 4 3 2 5 1 2 1 1 2 1 1 2 1 1 1 1 3 2 3 1 1 2 1 1 2 2 1 2 2 3 3 1 2 3 4 3 1 2 2 2 4 2 4 3 1 3 2 2 1 1 2 2 1 6 4 2 2 1 1 4 2 1 2 3 2 2 2 1 3 1 1 1 1 1 3 3 1 1 1 1 3 2 1 1 1 4 3 2 3 2 1 2 1 2 2 1 3 1 3 1 1 1 2 3 2 1 2 4 1 2 3 1 3 3 2 2 2 3 1 1 1 3 1 2 2 2 1 1 3 4 5 2 1 2 1 2 4 2 4 2 3 1 1 2 1 2 1 2 2 3 1 1 1 3 1 2 1 3 1 3 1 1 1 2 2 1 2 5 2 1 1 1 2 1 1 2 2 1 3 1 3 1 1 5 1 5 3 1 1 1 2 3 1 2 2 1 4 1 2 1 1 1 1 1 2 4 1 1 1 2 3 1 1 1 2 2 1 2 1 1 4 4 3 1 1 1 2 1 1 1 5 1 4 1 4 2 1 1 1 1 1 2 2 1 1 1 1 1 4 2 5 2 1 1 1 2 2 1 4 1 1 1 1 1 2 3 1 3 2 1 1 3 1 2 2 2 1 1 5 1 3 2 4 2 6 2 4 4 1 1 2 1 2 2 1 1 2 2 2 2 3 2 1 2 2 1 1 4 5 1 1 4 1 2 3 1 2 1 2 1 1 1 2 1 1 3 1 2 1 2 3 1 2 2 1 4 2 5 1 1 1 1 2 1 1 1 2 1 1 1 2 1 1 2 2 2 2 1 1 2 2 2 1 2 1 3 4 2 1 2 1 3 1 1 3 2 1 2 2 1 2 1 3 2 1 2 3 2 1 2 4 1 2 4 2 1 2 1 3 2 2 3 2 2 2 3 1 4 1 4 1 2 1 1 1 3 2 2 2 2 1 1 3 6 2 1 2 2 3 3 2 2 3 1 1 1 5 2 1 2 3 1 1 4 3 1 2 3 3 3 2 1 2 2 2 4 1 1 1 1 1 3 1 3 3 3 1 5 2 1 1 3 4 2 3 2 2 2 1 3 5 5 2 2 5 3 3 4 2 6 1 1 1 3 1 1 1 1 1 1 1 1 2 1 2 2 3 2 3 1 1 1 2 1 5 2 1 1 1 1 2 4 1 2 3 1 3 3 3 1 2 1 1 2 1 2 2 5 3 2 2 1 2 3 5 2 2 5 3 1 1 1 1 2 1 2 3 1 2 2 7 1 1 2 2 2 4 1 2 4 2 1 2 3 3 4 1 1 2 2 1 2 1 2 2 2 1 2 2 2 2 4 3 2 1 2 2 1 1 1 1 2 3 2 2 4 1 3 1 5 1 2 1 1 1 3 1 3 2 2 2 1 1 2 1 1 1 2 1 3 1 1 1 1 1 2 3 1 3 4 3 4 2 1 1 5 2 3 1 1 4 2 2 1 1 1 1 2 2 1 1 1 1 2 1 1 2 1 2 1 3 3 2 3 2 3 1 3 2 1 1 3 4 2 2 4 4 1 2 3 3 3 3 1 1 1 3 2 1 3 2 1 1 1 3 1 1 1 2 2 1 1 2 2 4 1 2 1 4 2 2 2 1 3 1 2 3 1 2 1 3 1 1 2 1 4 1 2 3 1 1 3 1 1 2 1 2 2 2 3 1 2 2 3 3 1 2 3 1 1 1 3 1 1 2 2 1 1 1 1 1 2 3 1 3 1 1 2 1 4 1 1 1 2 4 2 3 5 1 3 2 1 2 1 2 1 4 2 3 1 2 2 1 1 4 1 2 2 1 2 2 1 3 1 4 1 1 3 1 2 2 3 5 4 2 1 2 3 3 2 1 1 4 4 2 1 3 3 1 3 2 1 5 3 1 2 1 1 1 1 1 1 1 2 2 2 2 5 1 2 1 1 2 2 1 1 3 1 4 1 1 2 2 5 1 1 1 2 1 2 1 1 3 2 1 2 1 1 4 1 2 1 1 3 3 1 1 1 2 2 3 2 2 2 1 2 2 2 2 1 3 1 3 1 1 2 1 2 1 2 1 3 2 2 4 1 2 2 5 2 1 1 2 1 2 3 2 2 1 2 1 1 2 1 3 3 1 2 2 1 2 1 1 2 3 2 1 4 5 5 2 1 1 3 1 1 1 3 3 1 2 1 4 1 1 3 3 2 3 4 3 1 3 1 5 2 1 4 1 4 1 3 2 1 3 1 1 3 2 1 1 2 1 1 5 3 2 1 1 3 1 1 2 2 1 1 2 2 1 1 1 3 2 1 2 2 2 1 4 1 1 4 1 3 1 1 2 3 3 3 1 1 2 1 1 1 3 3 2 3 5 1 1 3 1 4 2 1 1 3 1 1 2 1 3 2 4 3 2 1 2 1 1 2 1 3 1 1 2 2 1 2 2 4 2 2 2 4 2 1 2 1 2 1 2 4 1 2 1 3 5 1 3 1 1 1 1 1 2 2 1 4 1 1 3 1 5 2 1 1 1 3 1 1 3 2 1 2 2 3 1 1 1 1 3 3 2 1 1 3 4 3 1 2 3 1 2 2 2 3 2 1 1 2 1 2 2 1 1 3 1 4 1 1 1 1 1 5 1 2 2 3 2 1 1 2 2 3 1 2 2 4 3 4 2 3 2 1 1 2 3 3 1 4 1 3 3 3 1 2 1 2 1 1 4 5 4 4 1 3 2 3 3 1 1 2 1 1 1 2 1 2 3 2 1 1 1 1 2 5 4 2 3 3 3 2 2 3 3 1 3 2 1 1 2 1 1 3 2 1 1 1 2 2 2 2 2 1 2 2 3 2 2 3 2 1 1 1 1 3 2 2 1 2 2 2 1 2 2 1 2 1 2 4 2 1 3 1 2 3 2 1 2 1 1 2 1 3 3 4 1 3 3 3 3 2 1 4 2 2 3 1 2 2 2 3 1 3 2 2 1 2 1 5 1 2 2 1 2 2 3 2 3 2 3 1 2 2 2 2 3 3 1 3 4 2 4 1 4 2 2 1 2 1 2 1 3 1 1 2 2 2 5 2 2 3 1 1 2 1 3 1 3 2 4 1 2 1 2 3 1 4 1 3 3 3 1 1 1 1 1 2 3 2 1 2 3 1 1 4 1 1 4 1 1 1 3 2 2 2 1 2 2 4 3 2 1 2 2 2 2 1 3 1 3 3 2 2 4 2 1 3 2 1 1 3 3 2 1 2 2 4 3 2 2 3 2 3 1 1 2 2 1 1 1 2 3 2 1 1 2 1 4 3 1 1 2 2 2 1 4 1 2 3 1 5 2 2 2 1 2 5 3 1 1 2 2 4 2 1 2 2 2 1 3 1 1 1 2 1 3 3 2 1 2 2 1 1 2 2 4 3 2 3 1 3 2 3 4 2 2 4 2 5 1 3 4 4 1 2 1 3 1 3 2 1 4 3 2 1 1 4 2 1 4 1 2 1 3 1 1 2 1 1 4 2 2 2 2 3 1 3 1 2 1 1 2 1 4 1 2 1 3 2 2 1 1 1 3 1 1 1 1 4 1 2 1 1 3 5 1 1 2 1 2 2 1 1 1 6 2 1 3 1 4 2 3 3 1 2 1 1 2 2 1 6 1 1 2 2 3 1 1 1 1 1 3 2 1 4 3 2 2 3 2 3 2 2 5 2 1 1 2 2 1 1 1 3 1 1 2 2 1 4 2 2 1 1 3 1 2 4 1 1 3 1 1 1 2 2 4 1 1 2 1 1 2 3 1 2 3 2 2 1 2 2 3 2 1 2 2 1 2 1 2 3 1 3 3 1 2 1 2 1 2 1 3 4 1 2 3 3 2 1 3 1 2 1 1 1 1 5 2 2 1 1 5 1 2 1 2 2 3 1 4 2 1 2 2 2 3 2 2 2 5 2 3 2 2 1 2 2 1 1 3 3 2 1 1 1 1 1 2 3 2 2 3 1 3 1 3 3 2 2 2 1 1 1 2 2 3 2 1 3 1 2 1 1 5 1 4 1 2 2 1 1 1 2 1 4 1 1 2 2 2 1 2 2 1 1 1 3 2 3 1 3 1 1 1 1 2 3 4 3 1 2 2 1 1 1 1 1 3 1 1 2 1 3 2 3 2 1 1 2 1 2 1 1 2 3 1 3 2 3 2 1 2 3 2 3 1 1 1 2 1 3 1 3 1 2 1 3 1 1 2 1 2 1 2 2 3 2 1 1 1 2 4 4 1 3 2 2 2 1 1 1 3 1 3 1 4 1 2 2 2 1 1 3 1 1 2 3 2 1 3 2 1 1 4 3 3 3 4 3 3 3 2 4 1 1 1 2 1 1 3 1 1 3 1 2 1 1 2 1 1 1 3 2 3 5 5 1 1 3 1 2 4 1 2 3 1 1 2 5 3 1 2 1 1 3 3 1 2 2 3 7 2 2 3 6 1 1 4 1 1 1 2 2 2 1 1 1 2 2 2 3 2 3 1 4 3 3 1 1 3 2 2 2 5 1 1 1 1 1 2 2 1 1 1 1 2 1 3 2 1 2 1 1 1 1 4 3 2 2 2 2 1 1 6 1 3 1 1 1 2 3 5 3 3 3 1 1 2 1 1 2 1 1 2 2 1 1 1 3 1 1 2 2 4 1 1 2 3 4 1 3 1 2 2 2 2 1 2 1 1 1 2 1 1 2 1 4 2 4 5 2 1 1 1 1 1 2 2 1 1 2 1 1 3 1 1 1 1 2 1 2 2 4 2 2 2 2 1 3 4 1 2 2 1 2 1 1 2 1 2 1 1 2 3 3 2 2 3 3 1 1 1 2 1 6 5 3 1 2 2 2 2 2 3 2 2 2 1 1 2 3 1 3 1 1 3 1 1 1 1 3 4 1 2 1 3 2 4 3 1 1 2 1 3 2 1 4 5 2 1 2 2 1 4 1 3 1 3 3 6 1 4 2 3 2 1 1 2 1 3 1 1 1 1 1 1 2 1 1 1 2 1 2 1 1 2 2 1 1 3 5 3 1 2 1 3 2 1 1 2 6 1 1 2 1 2 1 1 2 2 1 1 2 3 2 1 3 3 1 3 1 1 1 1 2 1 2 3 1 1 2 1 3 1 1 2 5 3 2 1 1 2 1 1 1 6 2 1 3 2 2 2 1 4 1 1 2 2 1 1 1 1 1 2 1 4 1 1 1 1 2 4 2 1 2 1 1 1 2 4 2 2 1 4 2 1 1 2 2 3 1 3 2 1 3 1 3 1 2 2 3 2 1 2 1 2 1 1 1 2 1 2 2 1 1 2 1 3 1 1 4 1 3 3 1 1 1 2 5 2 2 1 2 2 1 4 1 1 1 3 1 2 2 2 2 2 3 1 1 2 2 1 2 4 1 3 2 3 1 2 1 1 3 3 1 3 1 2 5 3 2 2 1 1 2 1 1 3 1 1 3 1 5 2 3 1 4 1 2 2 1 2 2 1 3 1 2 2 3 1 1 2 1 1 1 1 2 2 2 5 4 2 3 1 1 4 2 2 3 1 2 1 3 1 3 3 1 2 2 4 1 4 2 2 1 1 5 1 1 3 1 3 1 2 1 1 1 3 1 1 2 1 3 1 2 1 3 1 1 3 1 2 2 1 2 2 1 1 1 2 1 1 2 2 1 1 1 1 2 2 2 3 3 3 2 3 2 2 1 2 3 1 3 2 2 2 4 1 1 3 4 1 3 4 3 3 1 1 3 3 1 5 6 2 2 3 1 1 2 2 2 2 1 2 1 3 3 2 3 1 1 2 2 1 1 2 3 3 4 2 2 2 2 2 1 2 2 1 2 1 2 1 6 1 1 4 1 1 2 2 2 2 2 1 2 4 2 3 6 1 1 3 3 2 4 1 2 2 1 2 4 1 3 1 1 4 4 2 2 1 2 1 1 1 2 1 3 1 1 2 4 1 2 1 1 1 2 3 2 2 2 1 1 3 1 3 1 1 3 3 1 1 3 3 2 2 3 3 2 1 4 3 3 3 1 3 2 1 3 1 1 1 1 1 2 1 1 2 1 2 2 2 2 4 1 1 3 2 1 2 1 2 3 4 3 2 1 2 1 2 1 3 3 3 3 1 2 1 2 1 2 3 1 1 2 1 6 1 3 3 2 1 3 1 2 1 6 2 1 3 1 2 2 4 1 2 1 2 1 2 2 5 4 1 2 1 2 2 2 2 1 7 1 1 3 1 2 2 3 2 3 2 2 3 2 3 1 2 1 1 2 3 2 2 3 1 1 4 1 1 1 4 1 4 1 3 2 2 1 1 3 3 1 1 2 4 1 3 2 2 2 2 4 3 2 3 1 3 1 1 3 1 1 2 2 1 1 3 2 3 1 2 4 1 2 1 1 1 1 1 1 2 3 1 3 5 3 1 1 1 2 2 1 3 3 1 3 1 3 2 1 2 1 4 5 1 1 2 2 1 2 1 2 2 1 3 5 2 1 2 1 1 1 3 1 2 3 2 2 2 2 1 1 3 1 1 1 1 3 1 2 1 1 1 3 1 3 2 2 2 3 2 1 4 2 1 2 3 1 2 3 4 1 2 3 1 2 1 2 2 3 1 2 1 4 2 1 2 2 1 1 2 1 1 4 3 1 1 1 2 3 1 3 2 2 6 2 1 1 1 1 2 1 3 4 1 1 2 4 1 3 2 1 2 1 2 1 3 2 2 1 1 4 2 1 2 1 4 1 3 3 1 2 2 1 3 2 2 1 3 2 2 2 1 2 1 2 2 1 1 2 1 1 1 1 1 2 2 4 2 3 2 1 1 2 2 1 2 2 3 1 1 1 1 1 2 1 1 3 1 3 3 1 1 2 3 1 1 2 1 1 1 1 2 2 2 2 2 2 1 2 1 1 1 3 1 3 2 1 2 1 3 3 2 3 3 1 2 1 4 2 1 7 3 2 1 1 3 2 1 1 2 2 3 1 1 2 1 1 2 2 2 3 1 3 1 4 3 2 3 2 1 5 2 3 1 2 1 1 1 4 1 2 3 1 2 2 4 2 1 4 1 1 1 1 2 3 3 2 5 1 1 2 2 1 4 1 1 3 1 2 1 1 1 1 4 1 3 2 2 2 3 1 2 2 1 2 3 5 2 5 2 2 1 2 2 3 1 2 2 2 1 2 2 1 2 3 1 2 3 3 2 1 1 2 1 1 2 1 3 1 1 2 1 2 1 2 1 2 2 3 1 1 2 1 1 1 2 1 1 3 1 1 1 2 1 3 2 1 2 2 1 1 2 1 3 1 5 1 1 2 2 1 1 2 1 4 3 2 3 2 3 4 4 2 4 1 1 2 1 2 4 3 4 3 1 2 1 2 1 6 1 1 2 4 2 1 2 2 4 1 3 1 2 3 3 2 2 1 2 1 3 4 2 2 2 1 2 2 1 2 5 3 1 4 1 2 1 3 1 2 1 2 2 4 1 1 2 1 1 2 2 2 1 2 2 1 4 2 5 1 1 1 1 2 4 3 1 3 4 1 1 1 3 1 1 1 1 5 1 1 2 4 2 4 2 2 4 3 2 3 5 1 3 1 3 1 3 1 3 1 2 2 4 3 2 1 2 4 1 3 3 1 1 3 1 2 1 1 3 3 3 3 4 2 1 2 2 1 1 1 1 2 1 4 1 1 2 3 1 2 3 1 3 2 1 2 2 1 1 1 3 1 5 2 2 2 2 2 4 1 3 1 3 1 2 1 1 1 1 4 1 2 1 2 1 1 1 1 2 2 3 1 3 1 1 1 4 2 3 4 2 1 1 3 2 2 1 3 3 1 2 1 1 2 1 2 3 1 3 1 1 2 1 4 2 3 4 1 2 1 2 1 2 1 2 2 2 1 3 1 2 3 3 2 1 5 4 2 1 1 1 1 1 4 2 4 1 3 2 4 1 2 3 1 1 2 1 2 2 2 1 1 1 1 2 1 1 2 2 3 4 2 1 4 1 1 1 2 1 6 2 1 2 2 2 1 1 3 3 1 1 3 4 5 2 3 2 2 4 1 2 5 2 1 3 2 1 3 2 2 2 1 3 1 2 1 2 1 1 1 3 1 1 2 2 1 2 2 2 1 1 1 3 1 1 2 2 1 1 1 2 1 2 2 1 2 1 2 2 2 2 2 1 2 2 1 1 1 1 2 2 1 2 1 1 1 1 1 1 1 1 3 3 1 1 1 5 4 3 3 3 2 1 1 5 2 6 2 4 3 2 3 2 3 2 3 1 2 2 2 2 1 2 2 1 2 5 1 1 1 2 3 1 2 1 1 1 1 4 2 1 2 1 1 2 5 2 2 2 3 1 2 1 1 2 3 1 1 2 1 1 4 3 3 2 1 1 3 1 1 2 3 2 2 2 2 1 2 2 1 3 2 2 2 2 1 1 1 1 1 3 4 4 4 1 2 1 1 1 1 1 2 3 2 4 2 1 3 3 4 3 3 1 1 2 2 3 2 2 4 1 2 1 3 2 1 3 1 1 2 2 1 1 7 1 2 2 1 4 3 1 1 1 2 1 1 4 1 2 3 2 4 2 1 1 1 1 1 1 2 1 2 4 1 1 3 3 1 1 2 1 2 1 2 2 3 2 2 2 2 1 2 5 3 4 1 1 1 1 1 3 2 2 1 1 1 2 2 2 1 3 3 2 3 2 2 1 1 2 2 3 1 2 2 2 2 2 2 1 4 2 1 1 1 1 4 1 3 1 2 2 2 2 2 2 2 3 2 1 2 3 2 2 1 3 1 1 2 3 2 1 3 3 3 2 3 1 3 2 1 2 1 2 2 1 3 1 2 1 1 1 1 2 2 1 2 1 1 2 4 2 2 1 1 3 1 1 1 2 3 3 1 1 2 1 1 1 2 1 1 3 1 1 1 1 5 3 4 1 4 3 2 5 4 2 2 4 1 2 1 1 2 1 2 2 2 2 1 2 1 1 2 3 1 3 2 3 3 4 1 2 2 1 1 2 2 2 1 3 1 1 2 1 2 1 2 4 1 5 1 3 2 1 1 3 2 1 1 1 2 2 1 2 3 1 3 2 2 1 1 2 3 2 6 1 3 2 2 2 4 1 1 2 2 4 2 2 1 4 2 1 1 6 1 4 2 1 1 2 2 3 3 3 4 1 3 2 2 2 2 2 1 1 2 2 2 2 2 2 2 6 1 1 1 2 1 2 3 1 2 1 2 2 2 3 1 1 1 3 3 1 1 2 1 1 6 2 3 6 3 4 2 1 1 4 1 1 2 1 1 1 1 3 4 2 2 2 2 1 1 3 2 1 2 1 4 1 3 2 1 3 1 1 3 1 1 1 1 1 4 3 4 2 1 4 2 2 1 3 2 3 1 1 1 1 2 1 2 2 2 2 1 2 1 2 1 2 5 2 2 1 4 1 1 2 2 1 1 3 1 3 5 1 1 2 2 2 1 6 3 2 3 1 1 3 2 2 2 3 4 1 2 1 1 4 1 2 5 3 4 1 2 2 7 2 3 2 1 2 2 1 1 5 2 1 4 2 3 1 2 2 1 2 2 3 5 5 3 1 2 1 2 1 4 1 3 2 2 2 1 1 3 1 1 1 2 2 4 1 3 2 1 1 1 1 1 2 1 1 2 1 3 2 2 2 5 3 2 3 1 1 2 3 2 4 1 2 5 4 1 2 2 1 2 4 1 2 3 2 2 1 2 3 2 1 1 1 1 4 1 3 1 2 3 2 4 1 1 2 1 1 1 2 4 2 2 1 1 1 2 1 3 2 3 2 1 1 1 1 2 5 1 1 3 3 1 1 3 2 1 2 1 1 2 3 1 1 3 1 2 2 1 1 4 1 2 1 1 3 2 1 2 1 1 3 3 3 1 1 3 2 1 2 3 4 1 1 1 3 1 1 3 1 1 1 3 2 3 1 3 1 2 3 1 3 2 3 3 2 3 1 1 1 2 1 2 1 4 3 1 1 2 1 1 2 2 2 2 1 1 1 3 1 1 2 2 3 4 1 1 1 3 1 4 4 3 2 2 2 1 2 3 1 2 3 5 2 2 2 1 3 1 2 1 3 1 1 3 1 1 2 2 2 3 1 4 3 3 2 1 1 3 2 2 2 1 1 3 2 3 3 1 1 2 1 1 3 2 1 2 3 1 1 4 1 3 2 3 1 1 1 3 1 3 3 3 1 3 3 2 1 1 2 1 4 4 4 2 2 2 2 2 1 1 3 3 5 5 2 1 2 3 1 2 4 2 3 1 2 1 1 1 4 1 2 4 1 1 4 2 2 2 1 1 1 2 1 2 1 4 1 1 2 3 1 2 4 1 1 2 4 3 1 2 1 2 1 2 1 1 2 1 3 1 3 1 4 2 2 4 3 4 2 2 2 1 2 5 2 1 1 1 1 1 3 2 1 2 1 4 1 1 1 2 2 2 2 2 1 1 2 1 2 2 1 1 2 2 2 1 3 5 2 2 1 1 1 4 2 2 1 4 3 3 3 2 4 1 2 2 3 2 1 4 5 1 2 1 1 1 2 2 3 1 1 1 3 1 3 3 4 3 2 1 3 1 1 2 1 2 1 3 3 2 2 3 2 1 1 3 1 2 4 3 2 1 1 1 2 3 2 2 1 1 2 4 1 3 2 1 3 2 2 2 1 1 1 2 2 1 4 1 1 1 1 2 2 2 5 2 1 2 4 1 1 3 3 2 1 1 3 3 1 2 1 1 1 3 2 1 1 1 1 3 1 2 1 2 3 1 3 1 1 1 2 1 1 1 1 1 3 3 1 2 2 2 3 2 2 1 1 1 1 2 2 1 2 3 2 3 1 1 2 2 2 2 3 1 1 2 4 2 1 2 2 1 6 3 3 1 1 2 1 1 1 3 3 2 2 1 2 1 3 2 2 1 2 6 1 1 1 1 2 2 1 5 1 1 2 2 1 2 1 2 1 2 1 1 2 4 3 2 1 1 2 1 3 2 2 1 2 2 2 3 1 1 1 2 1 1 1 2 2 2 2 2 2 1 3 1 1 4 1 2 1 5 3 3 1 1 2 1 2 1 2 3 1 2 2 3 2 1 1 1 3 1 1 4 4 3 3 3 2 1 2 5 3 1 2 1 4 3 4 1 1 2 2 2 1 1 1 1 2 1 3 1 1 2 4 4 2 1 2 1 2 1 2 1 2 1 5 2 1 2 1 1 2 1 1 1 3 3 1 2 1 1 2 2 2 2 1 2 1 3 3 3 2 1 2 2 2 2 1 1 3 2 5 4 1 4 1 2 1 2 2 2 2 2 3 4 1 1 1 1 3 2 3 1 1 2 9 1 2 1 1 3 3 1 4 2 2 2 1 2 4 3 1 1 1 1 1 4 3 1 2 4 2 1 5 3 1 2 2 3 3 1 1 2 1 2 2 1 1 1 2 3 2 2 2 2 2 1 3 2 2 1 2 1 4 1 2 3 1 2 4 1 3 3 2 2 2 1 1 2 1 1 1 2 2 2 3 2 2 4 2 2 1 2 2 1 1 1 2 1 2 2 1 1 1 2 1 3 3 1 1 3 1 2 1 1 1 1 8 1 3 3 1 2 2 2 2 1 3 3 2 2 2 2 1 2 4 4 2 2 6 1 1 2 1 2 3 3 2 1 1 2 1 1 1 1 2 2 1 2 2 2 3 3 1 3 1 1 2 3 2 2 1 2 2 1 3 1 2 3 1 2 2 1 2 2 1 2 2 2 2 2 1 3 2 2 3 3 2 1 7 2 1 1 3 2 1 2 1 2 1 5 3 1 1 3 1 2 1 1 4 2 1 3 1 1 2 2 1 1 2 2 3 2 2 1 4 2 1 1 2 3 1 2 1 1 1 1 1 3 1 2 4 2 3 1 1 3 2 1 2 3 2 1 3 2 1 2 4 1 1 3 3 1 1 1 1 1 3 3 2 2 1 1 1 3 3 2 5 1 2 1 2 2 2 1 1 1 1 1 2 1 2 1 1 1 2 1 2 1 2 2 3 2 4 3 1 2 2 2 2 2 2 1 4 2 3 1 1 3 2 1 1 2 2 2 2 2 5 6 1 1 2 1 1 1 2 1 2 4 1 1 3 2 2 2 3 1 2 1 1 3 4 1 3 3 1 3 2 3 1 2 1 2 2 1 3 3 1 4 2 2 1 1 1 1 2 2 1 1 3 2 1 1 2 1 7 1 3 1 1 3 1 5 2 1 2 1 2 1 1 1 2 1 4 1 3 5 4 2 3 2 1 4 1 2 3 2 2 4 4 2 1 1 1 1 3 3 2 1 3 1 1 3 2 1 1 1 1 1 2 3 1 3 3 2 1 2 1 1 1 1 2 2 2 1 2 4 1 1 2 1 1 3 1 1 1 5 1 1 1 1 2 3 2 1 1 1 2 1 3 2 2 1 4 2 1 2 2 3 1 1 1 1 1 2 1 3 2 3 4 2 3 1 5 1 3 1 1 4 3 1 1 2 4 2 1 2 1 3 3 1 2 4 2 2 1 3 3 3 2 3 2 3 2 1 2 1 2 3 2 2 1 2 2 3 2 1 6 2 2 1 1 1 1 1 2 2 1 1 2 2 3 6 4 1 1 1 3 2 2 1 2 2 3 3 9 3 1 2 1 5 1 1 2 3 1 2 3 2 1 2 2 2 2 1 2 1 3 2 1 1 1 2 4 2 3 2 1 2 2 1 2 2 1 2 1 3 2 2 3 1 1 1 3 1 1 2 2 2 2 2 2 2 2 1 1 1 1 1 1 1 3 1 2 2 3 3 1 1 2 3 2 1 3 1 3 1 3 3 1 1 2 1 2 4 3 4 1 2 4 2 2 4 2 5 1 1 3 2 4 3 2 3 2 2 2 1 2 2 3 3 2 1 1 3 1 1 2 1 2 3 3 1 1 3 3 1 1 1 2 1 2 1 1 2 1 1 2 2 2 1 1 2 1 1 1 7 3 3 1 2 1 1 2 2 2 1 1 3 2 1 2 2 2 1 3 2 2 3 1 1 1 2 1 1 3 1 1 1 2 1 1 2 2 1 3 1 1 4 1 2 3 4 1 4 1 2 2 2 1 1 3 3 2 1 1 1 4 3 1 2 3 1 1 5 3 1 1 2 4 2 1 1 1 1 3 2 1 2 4 3 2 1 1 1 2 2 3 1 3 1 1 2 3 3 1 1 3 2 1 2 2 3 3 1 1 1 1 1 2 3 3 1 3 1 3 1 1 4 3 3 2 3 2 1 1 1 1 2 2 1 2 1 4 1 2 1 1 2 1 3 4 3 2 2 2 1 1 4 1 1 4 1 2 1 2 2 3 5 1 2 3 3 1 3 3 1 2 1 3 3 3 1 1 2 1 2 1 2 1 2 1 2 1 3 3 1 3 2 3 4 1 1 2 2 1 2 1 1 2 2 3 2 1 3 2 1 1 1 3 1 1 2 1 1 1 2 2 2 1 1 1 2 1 3 1 2 4 4 4 1 1 3 1 1 2 2 2 2 2 3 3 3 3 1 3 1 3 2 2 2 4 1 5 1 1 3 2 3 3 2 1 1 1 3 1 2 1 2 1 2 4 3 4 1 1 1 2 2 2 2 2 1 2 2 2 2 1 3 3 2 1 3 1 1 3 1 1 3 1 1 2 3 1 3 1 3 2 1 1 3 1 2 4 3 1 2 2 1 1 2 1 2 1 2 1 1 1 3 3 1 1 2 3 2 2 1 2 5 2 2 1 2 1 2 1 3 2 3 2 2 1 3 3 1 3 2 3 1 2 7 1 2 1 2 1 4 2 2 2 1 1 3 1 2 4 2 1 1 2 3 2 1 4 5 2 1 2 6 1 3 1 1 2 2 1 3 1 1 1 3 4 3 1 1 1 4 1 1 2 2 3 1 2 1 3 1 2 1 1 2 1 2 4 1 1 1 2 4 2 1 1 2 2 4 1 1 1 2 1 2 3 1 3 1 3 2 2 2 1 5 2 1 1 3 1 2 1 2 2 3 2 1 2 1 2 1 4 1 2 3 2 1 1 4 1 4 2 2 1 3 4 1 3 1 3 4 1 2 2 2 1 2 5 2 3 3 1 2 1 1 2 2 4 2 2 2 6 2 3 3 1 3 2 1 3 1 4 1 1 3 2 2 1 1 2 1 2 1 2 2 2 1 1 5 1 2 1 3 3 1 3 2 3 3 2 1 1 2 2 1 2 2 5 4 1 1 1 1 3 2 1 2 2 1 2 1 3 1 3 5 3 1 2 2 1 1 2 2 4 3 1 1 3 1 3 1 1 4 1 2 3 2 2 2 1 3 1 2 2 3 1 2 1 1 1 2 5 1 1 1 1 2 2 1 1 3 3 2 2 1 1 3 3 1 1 3 1 2 2 1 2 2 1 1 1 3 2 3 2 1 3 3 1 1 1 1 2 1 2 2 1 1 1 2 1 2 3 2 3 1 1 1 2 3 3 1 3 1 2 2 1 1 1 2 1 4 2 1 4 1 4 2 2 2 2 2 3 2 1 2 5 3 1 1 1 1 2 2 2 4 4 1 2 2 1 2 2 1 1 2 5 2 3 3 1 3 1 2 5 2 2 2 4 2 2 2 2 2 2 2 2 1 1 2 3 5 1 1 5 3 2 2 5 1 1 1 1 2 3 1 1 2 2 1 1 2 2 2 1 2 2 2 1 2 2 3 2 2 3 1 1 3 3 2 3 1 4 1 4 2 2 6 1 3 1 1 2 2 2 2 1 2 2 1 1 1 2 2 1 1 3 1 2 2 1 2 1 2 2 2 3 1 1 1 2 2 2 1 2 2 1 1 4 4 2 4 3 2 2 3 2 3 1 4 1 3 1 2 1 2 2 1 2 1 2 2 2 3 3 4 1 1 2 2 1 2 2 2 2 2 3 1 2 1 4 2 2 2 1 2 2 1 2 1 2 1 2 4 2 1 1 3 1 1 1 1 4 2 1 3 2 1 1 1 1 3 3 3 2 4 2 3 1 2 1 1 1 1 1 2 1 3 1 1 3 3 1 2 3 3 1 4 1 2 1 2 1 2 1 5 2 2 1 2 3 2 1 1 1 2 3 1 4 2 2 1 2 2 4 3 1 1 2 1 1 2 1 2 2 1 4 1 2 2 2 1 2 1 1 1 1 3 5 1 1 3 4 1 6 1 2 1 1 1 1 1 2 3 3 2 2 1 2 2 2 2 1 3 2 1 2 2 2 2 1 2 3 1 2 3 1 1 1 2 1 1 2 1 2 3 2 3 1 1 1 1 2 1 3 1 2 1 2 1 1 1 2 1 2 1 2 2 1 2 2 2 2 1 2 2 2 3 4 2 2 2 1 3 1 2 3 1 1 3 2 3 2 1 2 1 2 2 2 3 2 2 2 3 1 2 2 1 1 1 1 1 4 4 2 2 1 1 1 2 5 3 2 3 2 4 1 1 3 2 3 3 2 1 1 1 1 1 1 1 2 2 3 1 1 3 1 2 1 4 2 3 1 1 5 1 2 2 2 1 1 2 3 1 2 1 5 1 1 2 1 5 2 1 1 1 1 1 1 1 1 1 5 1 3 3 1 2 2 5 1 1 2 1 3 1 2 1 1 3 4 3 1 1 2 5 2 4 4 3 1 2 2 3 3 2 3 5 2 2 1 2 2 2 1 2 3 2 1 2 3 2 1 2 1 3 2 2 3 1 3 2 1 2 1 2 3 1 1 4 2 2 1 1 1 5 1 1 1 4 1 2 2 1 4 1 2 3 2 3 1 1 4 2 2 1 1 1 1 1 4 3 1 4 1 1 2 3 3 1 2 1 3 2 1 2 3 2 2 1 2 1 2 2 2 1 2 2 1 1 2 3 3 1 1 4 1 1 1 2 1 2 2 2 2 2 3 2 1 4 3 1 2 1 1 1 3 3 1 1 1 2 1 3 2 1 1 3 2 4 2 2 2 2 2 3 1 1 3 1 3 1 1 2 3 6 1 1 1 3 2 2 3 2 5 2 2 3 5 5 1 1 4 5 1 2 1 2 2 3 2 1 1 1 2 1 2 3 2 1 2 1 1 1 3 1 2 3 1 2 1 2 1 1 1 1 2 1 1 4 1 2 3 1 1 1 1 2 1 3 3 2 3 2 1 2 1 1 1 1 2 2 1 3 1 1 4 1 2 3 2 2 2 1 2 2 3 2 1 1 1 2 1 1 1 1 2 1 4 4 1 1 2 1 1 2 3 4 1 3 1 1 3 4 2 1 3 2 1 1 1 3 5 3 2 4 1 3 1 3 4 1 2 1 1 3 3 1 4 1 2 1 2 1 1 1 2 3 1 4 1 2 1 1 1 1 3 1 1 4 2 4 1 2 2 3 3 1 1 6 6 3 1 1 2 2 3 4 3 3 1 4 2 3 1 1 3 1 2 4 2 2 4 2 1 1 3 1 1 3 2 1 1 3 1 1 1 1 2 3 4 1 2 5 2 1 1 1 1 3 2 4 1 2 2 1 2 1 1 1 2 4 4 2 1 1 1 2 2 1 1 2 1 1 1 1 2 2 2 2 6 3 1 3 2 1 1 1 1 2 1 1 1 1 1 1 1 3 4 1 1 2 4 2 1 3 1 2 1 2 2 3 1 2 3 1 1 1 1 3 3 2 3 1 3 2 1 2 1 7 3 1 2 1 2 2 1 1 5 2 2 3 2 3 2 1 1 2 1 2 2 1 2 1 3 3 2 2 3 1 2 3 3 1 2 4 2 4 2 1 3 1 1 2 2 1 4 1 2 2 1 4 4 1 3 2 2 4 2 1 2 1 2 1 2 4 1 5 2 1 1 2 2 4 5 3 1 3 2 1 3 2 2 1 4 2 1 2 1 1 2 3 1 2 1 1 4 3 3 1 3 3 1 1 5 1 2 6 1 1 2 3 4 2 2 1 1 1 3 3 3 1 2 5 2 1 1 2 3 2 1 1 1 3 1 2 4 1 4 2 1 1 5 3 3 4 4 4 1 1 2 2 2 1 1 3 1 2 4 1 2 3 2 1 2 1 3 2 1 2 1 2 1 2 1 2 3 2 1 2 1 2 3 3 2 3 3 1 2 3 1 2 1 1 1 1 2 4 2 2 4 4 1 2 4 1 1 3 4 1 1 3 3 1 1 1 3 4 1 2 3 1 2 1 2 2 2 3 2 2 2 2 1 2 1 2 1 4 1 3 1 3 1 2 3 2 1 1 1 4 2 3 5 2 1 4 1 3 1 3 3 1 1 1 2 1 1 1 2 1 2 3 1 2 1 3 1 1 3 1 2 1 1 2 2 2 1 2 4 3 1 2 1 2 1 2 1 3 3 1 1 1 3 3 1 1 3 1 3 2 2 1 4 1 1 2 4 2 1 1 2 1 2 2 3 1 2 1 2 1 3 1 2 1 3 4 1 3 1 1 2 4 2 1 1 1 1 1 4 1 1 4 3 2 1 1 2 1 2 1 1 1 1 2 1 2 1 4 2 1 4 2 1 1 2 1 2 1 1 1 1 1 1 1 1 2 2 1 1 1 1 2 2 2 1 3 2 3 1 2 1 3 1 1 1 1 3 2 2 1 1 4 1 1 1 2 2 2 1 4 1 1 2 2 1 3 2 3 3 1 1 1 1 1 1 1 2 3 1 4 1 2 2 3 1 4 4 1 3 1 1 1 1 2 2 1 2 3 1 3 2 1 3 4 4 2 2 2 3 1 1 1 1 2 1 1 2 2 1 3 1 1 1 2 3 2 2 2 2 2 1 1 3 2 2 1 4 1 1 2 2 1 4 1 1 1 4 2 4 1 1 4 1 4 3 3 2 3 3 2 1 3 3 1 1 1 4 1 2 1 3 3 4 1 4 1 2 3 1 2 3 2 1 2 2 2 1 4 1 1 1 2 2 1 1 3 1 2 3 3 3 4 3 2 2 2 3 1 2 7 1 3 3 2 1 2 1 4 1 1 2 2 5 2 1 2 1 3 2 3 1 1 2 1 2 4 2 2 3 2 1 1 3 3 3 1 1 4 1 1 3 3 3 6 4 2 3 5 3 1 1 1 2 3 1 1 1 1 2 2 1 2 1 1 2 1 5 3 1 1 2 2 3 1 2 1 1 3 1 1 4 2 3 1 2 1 3 2 2 1 2 2 3 2 2 1 1 1 1 2 1 1 2 1 2 1 1 2 2 1 1 2 1 3 3 1 2 1 2 3 2 1 5 4 1 1 1 1 2 2 3 2 1 3 5 2 2 3 2 2 2 2 1 2 1 1 4 2 2 1 4 1 3 1 2 3 5 3 3 3 2 3 2 3 1 3 1 2 2 3 1 1 3 5 1 2 1 2 3 2 1 2 2 1 1 3 1 2 1 2 1 1 2 2 1 4 2 1 2 1 2 4 1 1 2 2 2 3 2 1 2 1 2 2 1 3 2 1 2 1 1 1 1 2 2 3 4 2 4 1 3 3 4 1 2 1 5 1 2 2 1 4 2 2 1 1 4 3 6 2 1 1 1 3 1 1 2 1 1 1 1 2 3 2 2 1 2 1 3 1 1 1 3 2 2 3 2 2 2 3 1 4 1 1 1 1 2 1 3 2 1 3 1 1 1 2 2 4 1 2 2 3 1 3 1 2 4 2 4 2 1 1 2 1 1 1 1 2 2 2 4 2 1 1 1 3 1 2 1 3 1 1 1 4 1 1 2 4 1 1 1 1 1 1 3 1 1 2 1 1 2 1 1 4 1 2 3 3 1 1 1 1 1 3 3 3 1 4 1 2 1 2 2 3 2 2 3 2 4 1 1 2 1 1 1 1 1 3 3 1 1 2 7 1 1 1 1 2 2 1 1 1 3 3 1 1 4 1 2 4 1 4 1 3 2 4 2 2 2 1 3 3 1 2 3 2 1 3 2 2 3 1 3 2 2 3 3 1 3 2 1 1 1 3 4 1 1 2 1 2 1 1 2 2 2 1 3 1 4 4 1 3 3 1 3 1 4 1 1 6 2 1 1 2 2 6 3 1 1 3 2 2 1 3 1 3 1 2 2 2 1 1 3 1 2 1 2 2 1 1 3 3 1 1 3 1 1 1 3 2 1 2 3 1 1 1 3 1 2 1 3 1 1 1 2 2 3 1 1 1 2 1 3 4 1 1 2 4 2 2 3 4 1 2 1 3 2 3 1 4 2 1 3 1 1 1 1 3 3 2 3 2 3 1 2 1 2 2 2 2 1 2 3 4 1 3 2 2 4 4 2 1 2 7 1 1 1 1 1 3 1 3 1 2 2 1 3 1 1 3 1 2 2 2 1 3 3 2 2 1 2 4 2 1 2 2 2 2 3 3 3 3 2 1 3 2 2 1 2 2 1 1 2 1 2 1 1 2 1 1 2 3 3 2 1 1 1 1 4 1 2 1 3 1 1 3 3 1 2 1 2 2 1 1 1 2 2 2 2 2 1 2 2 2 5 2 2 1 2 4 1 1 2 1 4 5 5 2 3 2 1 1 2 2 1 4 2 1 3 3 3 2 2 2 1 2 2 1 2 1 2 2 1 4 3 2 2 2 2 1 4 1 1 3 1 1 1 2 2 3 2 3 3 2 1 1 1 1 2 2 1 1 3 1 1 3 1 2 1 3 1 1 7 2 3 2 1 3 1 1 1 4 1 4 1 2 1 1 1 3 2 1 1 4 2 2 1 1 2 1 1 3 3 1 3 2 5 2 2 3 1 3 2 1 1 2 3 2 2 1 4 1 1 1 2 1 2 1 1 1 1 2 2 2 3 1 2 3 1 1 1 2 2 2 2 1 7 1 1 2 1 3 5 2 2 1 3 2 1 2 1 3 1 2 2 1 1 2 1 1 2 1 3 1 1 3 2 1 2 3 2 3 1 1 3 4 1 4 2 2 1 3 3 1 1 1 2 1 1 3 1 2 1 2 2 3 1 1 3 5 2 1 1 2 3 1 4 2 2 1 4 2 3 3 1 1 2 2 5 1 2 3 1 1 3 3 1 1 2 1 2 2 4 3 2 4 2 2 3 1 3 4 3 4 3 1 3 4 1 2 1 5 1 2 1 1 7 1 4 2 2 1 1 1 3 1 1 3 2 3 3 1 1 2 2 1 1 1 1 4 3 2 2 1 2 1 2 3 2 2 4 1 4 3 2 2 2 1 1 2 1 2 1 1 1 4 4 1 2 1 1 1 2 1 4 3 1 3 1 3 2 1 3 2 2 2 4 1 1 3 2 2 3 1 2 2 1 2 4 1 3 4 1 1 3 3 2 5 1 1 1 2 1 2 3 1 2 1 3 2 3 2 1 2 5 3 1 2 2 4 2 1 3 3 2 3 1 2 2 3 1 6 1 1 2 3 3 2 2 2 2 2 2 1 1 1 3 1 1 1 3 4 5 3 2 2 5 1 3 1 1 2 1 2 1 2 2 1 1 2 1 2 2 2 3 3 1 3 1 2 3 1 1 2 1 1 1 1 2 2 1 2 1 4 3 1 1 4 3 1 5 1 3 1 1 1 1 1 3 1 1 1 2 1 1 1 1 2 3 1 3 1 2 1 3 2 3 1 3 2 1 1 3 1 2 2 2 4 2 3 2 2 1 4 2 3 2 1 2 1 2 1 1 2 1 1 4 2 4 1 1 1 1 3 2 5 1 1 1 1 2 1 2 2 1 1 4 4 2 1 4 2 1 2 2 1 2 1 2 1 2 5 2 4 1 5 1 2 3 1 2 1 2 1 4 2 2 3 2 4 1 3 3 5 1 3 1 3 1 2 2 1 2 2 3 2 1 3 1 2 1 1 1 1 1 2 3 2 1 1 5 1 2 3 1 1 2 1 1 3 3 1 1 1 2 3 2 1 2 3 1 2 3 3 2 2 1 1 1 2 1 3 1 3 3 1 3 1 2 4 2 3 1 2 2 2 1 3 2 4 2 1 4 4 1 3 2 1 1 4 1 2 1 1 2 2 1 2 4 1 3 1 5 1 3 3 1 1 4 2 1 1 4 2 3 1 1 1 3 2 1 3 3 2 1 2 3 2 1 2 2 2 2 5 2 4 1 3 3 2 3 1 3 4 4 3 4 1 1 3 1 5 1 1 3 2 3 6 2 4 5 1 1 1 1 2 3 2 1 2 1 1 3 3 2 2 2 1 2 5 5 2 3 2 2 1 2 3 2 4 2 4 1 1 1 4 1 2 2 2 5 2 1 1 3 1 1 1 2 2 3 1 3 2 2 1 1 2 1 1 3 3 1 2 3 2 3 2 1 1 2 1 3 4 3 1 1 3 2 6 2 4 1 1 2 1 3 2 1 3 1 1 1 2 2 3 3 4 1 2 1 3 2 1 2 1 2 1 2 2 3 1 1 1 2 1 1 3 2 1 3 4 1 2 2 3 1 2 3 1 1 1 2 2 1 2 1 1 4 2 4 2 2 2 3 2 1 2 2 3 3 1 3 1 1 2 2 4 2 1 1 1 1 1 3 1 1 2 1 2 2 1 1 1 2 5 2 1 4 1 1 2 3 1 1 1 3 2 1 2 1 4 3 1 4 2 1 1 2 1 3 1 2 3 2 4 1 1 3 1 1 1 1 3 2 2 1 1 2 2 2 1 2 2 1 2 2 1 2 2 2 1 2 3 3 3 1 3 3 2 1 1 3 2 2 2 2 2 2 2 1 1 2 2 2 3 4 1 1 1 3 3 2 4 3 2 2 1 1 3 3 3 1 1 1 4 2 1 1 1 4 1 5 2 2 1 1 1 2 4 1 2 1 3 3 2 2 3 2 2 1 2 1 2 1 1 1 3 4 1 4 2 2 2 1 3 1 2 2 1 1 1 1 1 1 3 3 3 1 1 3 1 4 2 1 1 3 1 1 1 1 1 3 1 2 1 2 1 3 1 1 1 2 2 2 1 1 3 2 1 1 2 2 2 1 1 3 2 1 1 1 1 2 3 3 2 1 2 2 1 2 1 3 2 3 2 2 1 3 1 2 4 1 3 2 4 4 1 1 1 4 2 2 1 2 2 2 2 3 1 1 2 3 1 2 2 1 2 3 1 1 2 2 3 1 2 1 2 1 2 3 3 3 2 1 1 3 4 3 1 3 1 2 1 2 2 3 3 2 2 1 2 2 2 1 2 3 4 1 1 5 2 1 2 1 4 1 1 4 2 4 1 1 2 1 1 4 1 5 1 1 3 4 2 3 2 2 2 2 2 1 1 2 2 1 1 1 2 1 3 2 2 2 1 3 2 2 1 1 2 4 1 2 1 2 1 2 1 1 4 1 1 2 1 1 1 1 1 1 1 1 2 2 3 4 2 1 1 5 4 1 2 2 2 1 4 2 2 1 3 4 4 2 2 2 1 1 1 4 3 2 1 2 3 3 1 2 1 2 1 2 1 2 1 1 3 1 2 1 1 2 1 2 1 2 1 1 1 1 1 5 2 3 1 2 2 2 1 1 3 1 1 3 1 1 5 1 2 1 3 1 1 1 3 3 2 1 6 1 2 1 1 1 1 2 2 1 1 1 2 2 1 2 1 2 1 3 1 2 2 2 3 1 3 2 2 1 1 2 1 1 1 1 1 1 2 2 2 3 2 1 1 3 2 4 2 4 1 1 1 3 2 2 2 4 1 1 1 4 1 2 1 1 4 1 1 1 1 3 1 1 1 4 3 4 3 5 1 3 1 2 2 2 1 2 1 1 1 3 3 2 1 1 3 1 3 1 2 2 1 2 3 1 1 2 3 2 2 1 1 1 1 1 3 2 2 2 2 3 2 4 4 1 1 1 5 1 1 2 1 3 2 3 6 3 2 3 2 2 2 1 1 4 2 1 1 2 1 4 2 1 2 1 1 2 1 1 1 2 1 1 1 2 1 2 1 1 1 2 1 3 1 1 1 2 2 1 1 3 3 2 3 1 1 4 2 2 1 4 1 1 2 2 2 1 2 1 1 4 1 3 1 1 1 2 2 2 3 2 2 1 2 3 4 1 4 2 1 2 1 1 1 2 2 1 1 2 2 4 1 1 1 2 1 4 2 2 1 1 1 2 1 2 2 2 2 1 1 5 1 1 2 2 2 2 2 2 2 1 1 2 2 1 4 4 1 5 2 1 2 5 1 2 2 2 1 2 1 1 
  #Test Small 27212
  #Test Medium 42578
  #Test Large 60437
