Board size [mm] 225x275

Stats side 1
  #Components with background 69
  #Components with points 427
  #Components nofly 6
  #Components notouch 6
  #Pins 72649
  #GNDs 3226
  #VDDs 2502
  #Clock 40
  #NoFly points 940
  #NoTouch points 1048
  #Points [total] 80405

Stats side 2
  #Components with background 92
  #Components with points 434
  #Components nofly 0
  #Components notouch 0
  #Pins 81826
  #GNDs 4057
  #VDDs 3089
  #Clock 31
  #NoFly points 0
  #NoTouch points 0
  #Points [total] 89003

Stats board (side 1 + side 2)
  #Components with background 161
  #Components with points 861
  #Components nofly 6
  #Components notouch 6
  #Pins 154475
  #GNDs 7283
  #VDDs 5591
  #Clock 71
  #NoFly points 940
  #NoTouch points 1048
  #Points [total] 169408
  #Nets 10227
    Net Size: 7283 5591 71 2 2 1 1 1 1 1 2 1 2 2 2 1 2 1 1 1 5 2 1 1 1 1 1 2 1 1 1 1 1 1 1 3 3 1 2 1 1 1 1 1 1 1 2 1 1 1 2 3 1 2 2 2 3 1 1 2 1 2 1 3 1 1 1 1 1 1 2 1 3 2 1 1 2 1 1 2 1 2 1 1 1 2 3 1 2 1 1 3 1 2 2 1 1 1 2 1 1 1 2 2 1 1 3 1 1 1 1 1 1 2 1 1 2 1 1 2 2 1 1 1 2 3 1 1 2 1 2 2 1 2 3 2 2 2 1 3 2 2 2 2 2 1 1 1 1 4 1 2 2 1 1 3 1 2 1 2 3 1 2 2 2 2 1 1 1 1 1 1 1 1 1 1 1 1 2 1 1 2 1 3 2 1 1 1 1 4 2 3 1 1 1 2 2 1 1 1 1 2 1 2 1 1 2 1 2 1 2 1 1 1 1 2 4 2 1 2 3 2 3 1 1 1 2 1 1 1 1 1 1 3 1 1 2 2 1 3 1 1 1 1 2 1 2 2 4 1 4 2 1 3 1 2 1 1 1 3 1 1 1 2 1 1 1 2 1 1 1 3 1 2 2 1 2 1 1 3 1 1 1 1 2 1 1 1 2 1 2 2 1 2 3 1 1 1 2 3 1 1 2 3 2 2 2 1 1 1 1 1 1 1 1 2 1 1 2 1 1 3 1 2 1 1 1 1 3 1 2 2 4 1 1 1 4 2 1 1 1 1 1 4 2 1 2 3 1 1 2 2 1 4 1 1 1 1 1 1 3 1 1 1 1 2 1 1 1 2 1 1 1 2 3 1 2 1 2 1 3 1 1 1 1 2 1 1 4 1 3 1 1 1 1 2 3 1 2 1 1 1 2 1 4 2 1 2 3 1 1 2 2 1 1 1 3 2 1 1 1 1 1 2 1 1 1 3 1 1 1 1 2 1 1 3 1 1 1 1 4 2 1 1 3 1 1 3 1 1 2 2 1 1 1 2 2 1 1 2 1 1 1 1 1 3 1 1 3 2 2 2 2 1 1 1 4 1 1 1 1 1 1 3 2 1 2 1 1 1 2 1 1 1 3 1 1 1 1 2 2 3 1 2 1 2 2 1 2 1 1 2 2 1 1 1 2 1 1 3 1 1 3 3 1 2 1 1 2 1 1 1 1 2 1 1 1 2 2 1 1 2 1 2 3 1 2 3 2 2 1 1 2 2 3 1 1 3 2 1 1 2 1 1 2 2 1 3 1 2 1 2 2 1 1 2 2 1 1 4 4 1 2 3 1 2 1 1 1 1 1 1 1 1 1 3 1 1 1 4 2 1 1 1 1 1 3 2 2 1 1 2 1 1 2 2 1 2 1 2 2 2 2 1 1 1 2 1 1 2 1 2 1 2 1 2 1 1 1 4 2 1 2 1 2 1 1 3 1 1 1 2 3 1 1 2 1 1 1 1 1 1 1 1 1 2 2 1 1 1 2 1 1 1 2 1 2 3 2 2 1 1 1 1 1 2 1 1 2 2 2 2 1 1 1 2 1 1 1 1 1 2 1 5 2 1 2 1 1 2 1 1 2 1 2 4 3 1 3 4 3 2 1 1 2 1 1 1 1 3 2 2 3 2 1 1 2 2 1 1 3 2 1 1 2 2 3 3 3 1 1 1 1 1 3 1 1 1 1 2 1 1 2 1 2 1 1 1 1 1 2 1 3 1 2 1 2 3 2 2 1 1 1 3 2 2 1 1 1 1 1 2 2 1 1 1 1 1 1 1 1 2 2 1 3 2 1 1 2 1 1 1 2 1 2 1 1 2 1 2 2 1 2 2 1 2 1 1 2 1 1 1 1 2 2 1 2 1 1 1 2 2 2 2 1 1 1 1 1 1 1 1 1 1 1 2 1 2 2 2 2 1 1 1 3 2 3 2 2 4 1 2 1 2 1 1 1 1 1 1 1 1 1 1 1 1 1 1 2 1 2 1 1 2 1 1 1 1 1 1 1 1 2 1 1 1 1 2 3 1 1 1 1 1 2 4 2 2 2 6 3 1 2 2 1 1 1 1 1 2 1 1 2 1 2 1 1 1 1 1 1 1 1 1 1 1 2 1 1 2 5 1 3 1 1 2 1 1 3 1 1 4 2 2 3 1 4 1 3 1 1 1 1 1 2 3 1 1 2 1 1 1 1 1 1 4 2 3 1 1 1 3 5 1 2 1 1 1 2 1 2 4 1 1 1 1 1 2 2 1 1 2 1 1 1 1 1 1 2 1 1 1 2 1 2 1 2 2 3 1 1 2 1 3 2 1 1 1 1 1 1 1 1 1 2 2 3 2 1 1 1 1 1 1 1 1 2 2 2 1 1 3 3 1 2 1 1 2 1 1 1 3 3 2 1 2 1 1 1 1 1 2 3 1 1 2 2 2 2 2 2 2 1 1 1 1 2 1 3 1 1 5 2 1 2 2 2 1 1 1 1 1 3 1 3 2 2 2 1 2 1 1 1 1 1 1 2 2 1 1 1 2 1 1 2 2 1 1 3 1 1 2 2 1 1 1 2 2 1 1 1 2 2 1 2 2 1 1 1 1 1 2 1 1 1 1 1 2 1 1 3 3 1 1 2 2 1 1 1 2 1 1 1 1 1 1 2 1 1 1 1 3 1 1 1 1 2 1 3 1 2 2 2 1 1 1 1 2 1 1 1 1 1 2 2 1 5 2 3 2 1 2 2 2 1 1 1 1 1 1 1 2 1 1 2 1 2 1 2 1 1 1 1 3 1 3 1 1 1 1 1 3 3 2 1 1 1 2 1 1 1 1 2 1 1 1 1 1 1 1 1 1 1 2 1 1 2 1 2 2 1 3 3 1 1 4 1 2 2 1 1 1 3 1 1 2 1 1 3 1 1 2 2 3 1 2 1 2 2 1 1 1 1 2 1 2 4 1 1 1 3 3 2 2 2 5 1 1 1 1 3 1 2 2 2 1 2 2 1 1 3 1 2 2 1 2 1 2 3 1 1 1 1 3 1 1 2 2 2 1 1 1 1 1 1 2 3 1 3 1 2 1 2 1 2 1 4 1 3 3 3 3 1 1 1 1 1 3 1 2 1 1 1 1 1 2 1 2 1 1 1 1 3 2 1 2 1 1 1 1 2 1 2 1 1 1 3 2 2 3 1 1 4 1 2 1 1 3 1 1 2 1 1 1 1 2 2 1 4 2 1 2 2 1 1 1 1 1 2 2 1 1 1 1 1 3 1 1 1 2 1 2 1 2 1 1 1 3 1 1 1 1 1 2 1 2 2 2 2 1 2 1 1 5 1 2 1 1 1 1 3 1 1 1 2 4 1 1 2 1 3 2 2 2 2 2 1 1 1 2 3 1 2 1 2 1 1 2 2 3 1 2 1 1 1 2 2 1 1 1 2 1 1 2 1 1 1 5 1 1 2 2 1 1 1 2 1 1 1 2 1 2 1 1 1 2 1 1 1 1 3 2 1 3 1 3 1 1 2 2 2 2 1 2 1 2 2 4 1 1 1 1 3 2 1 2 3 1 2 1 2 1 2 1 1 1 1 1 2 2 1 1 2 1 2 1 1 1 1 3 1 1 1 1 1 1 2 1 2 2 3 1 1 1 1 1 1 1 2 1 2 2 2 2 2 1 1 1 2 1 3 2 1 1 1 3 1 1 1 2 1 2 3 2 1 2 2 1 1 3 2 1 2 1 2 1 2 2 1 2 3 1 1 1 1 1 2 2 2 1 1 1 3 1 1 2 1 1 1 1 2 1 2 2 3 1 2 1 1 1 1 1 2 1 1 1 1 2 2 1 1 1 1 1 2 1 1 2 1 1 2 2 3 1 1 3 2 1 2 1 1 1 1 1 1 1 1 2 1 1 3 2 2 1 2 2 1 2 1 1 1 2 1 1 1 2 2 1 3 3 2 1 2 3 1 1 3 2 1 1 2 1 2 1 2 2 1 1 3 2 3 2 1 1 1 3 2 1 1 1 1 2 1 2 2 1 2 3 3 1 1 1 1 1 1 1 1 1 1 1 1 3 2 1 4 1 1 3 1 2 1 3 1 1 1 2 4 1 1 1 1 1 1 1 1 3 2 2 1 1 2 2 2 3 1 1 2 2 1 2 1 2 3 1 1 1 1 1 1 2 2 3 2 1 2 1 1 1 1 1 2 1 1 1 1 1 1 2 1 1 2 1 1 1 1 1 2 1 3 1 3 1 1 3 1 2 2 2 2 1 1 1 2 1 1 1 1 1 2 1 1 2 1 1 1 1 1 1 1 1 1 1 1 1 1 2 1 1 1 1 2 1 3 2 1 2 1 1 1 2 1 2 1 1 1 2 2 1 1 1 2 1 2 1 1 1 1 1 1 2 1 1 1 2 3 1 2 1 1 1 1 1 1 2 1 3 2 2 1 1 1 1 1 2 2 1 1 1 1 1 2 2 2 5 1 2 1 1 1 2 3 2 2 1 1 2 1 2 1 2 3 1 1 1 2 3 2 2 2 2 3 1 2 1 3 1 1 1 1 4 2 1 2 1 3 1 1 3 1 3 2 1 2 1 1 4 1 2 2 3 1 2 1 1 1 1 1 3 1 1 2 4 1 1 1 2 3 1 2 3 3 1 3 1 1 1 2 1 1 1 1 3 4 2 1 1 2 2 1 1 1 1 1 1 2 2 1 1 1 1 1 1 1 2 1 3 1 2 2 4 2 2 2 1 1 1 1 1 1 1 2 1 2 2 2 2 1 1 1 1 2 2 1 1 1 2 3 1 1 1 1 2 1 1 3 1 1 2 1 1 1 1 2 1 1 1 2 3 1 1 1 1 1 1 2 1 1 1 2 1 2 4 1 1 2 1 1 2 1 1 1 2 1 1 1 3 2 2 1 1 1 2 1 1 2 1 2 2 1 1 2 3 2 2 1 2 1 1 2 2 3 1 1 1 1 1 2 1 1 1 2 1 2 1 2 2 2 1 1 3 1 1 3 1 1 1 4 1 3 1 1 1 1 1 1 2 1 2 1 1 3 1 1 1 3 1 2 4 2 1 1 1 1 2 1 3 2 2 1 1 1 1 2 2 1 1 2 2 1 2 1 2 1 5 1 1 3 1 1 2 2 2 1 1 2 1 4 1 1 1 2 1 2 1 4 2 1 1 1 1 2 2 3 2 1 2 3 2 2 1 1 2 1 1 1 1 2 1 1 1 1 1 2 2 1 1 1 2 1 4 3 1 1 1 1 2 3 1 2 1 1 2 3 1 1 1 2 3 1 2 2 2 2 2 1 1 1 1 1 2 1 2 2 3 2 3 2 2 1 2 1 2 1 2 1 1 2 1 1 1 3 1 1 3 2 2 2 1 1 1 1 1 3 4 1 1 1 2 1 1 1 3 2 1 1 4 1 2 1 1 2 1 4 2 1 1 2 2 1 3 1 1 4 1 1 1 2 2 2 1 1 1 2 1 1 1 1 1 1 2 1 1 1 1 1 1 3 2 1 1 2 1 1 3 1 1 1 1 1 2 3 1 1 1 1 1 1 2 3 3 1 1 1 1 1 1 1 2 1 1 2 2 1 1 1 2 1 1 1 2 2 1 3 2 2 2 2 1 2 1 1 2 1 1 1 3 1 1 2 1 1 2 1 3 2 1 1 2 3 3 6 3 1 1 5 1 2 3 2 1 1 1 3 2 1 2 1 1 2 1 1 2 1 1 1 1 2 2 1 2 1 1 2 1 2 3 2 1 4 1 1 4 2 1 1 2 2 2 1 1 3 1 1 2 1 1 2 1 2 3 1 1 2 1 2 2 3 2 2 2 1 1 2 3 1 1 2 1 1 1 1 2 2 1 1 2 1 2 1 1 1 2 1 1 1 1 1 1 1 1 1 1 2 1 2 1 2 2 4 1 2 2 1 1 1 2 1 1 2 2 2 1 1 1 1 1 2 1 2 1 1 1 1 1 1 2 1 1 2 2 1 1 1 2 1 1 2 1 5 3 2 1 1 1 2 4 1 1 2 2 3 2 2 1 2 3 2 1 2 2 3 2 3 1 1 1 2 1 3 1 1 1 2 1 1 2 2 1 1 1 1 1 1 2 2 1 1 1 1 2 1 1 1 2 1 2 2 1 1 2 2 1 1 1 1 1 2 1 1 3 3 1 2 1 1 2 1 2 1 1 1 1 1 3 1 1 3 1 1 1 2 2 1 1 1 1 3 1 1 2 3 2 1 1 1 2 1 3 1 1 1 2 2 1 1 1 2 1 2 2 2 1 2 1 1 3 1 2 1 2 1 1 2 1 2 3 1 3 1 2 1 2 1 3 1 2 2 1 1 1 1 1 2 1 2 1 2 2 2 1 2 1 1 2 1 2 1 2 1 1 1 2 1 1 2 1 1 1 1 3 2 1 1 1 1 1 2 2 5 1 1 3 1 3 1 1 1 1 2 1 1 2 1 3 1 1 1 1 1 1 2 3 1 1 2 1 1 1 2 1 1 4 1 1 2 1 2 2 2 1 1 2 2 1 2 1 1 2 1 1 2 3 1 1 2 1 1 2 1 1 1 2 2 2 1 1 1 1 1 1 1 2 1 1 1 1 1 2 2 1 1 2 2 1 2 2 1 1 1 1 1 2 1 1 1 1 1 1 2 1 1 1 2 1 2 1 2 3 1 2 1 1 1 1 2 2 1 1 1 1 1 2 1 2 1 1 1 1 1 1 1 1 1 2 1 1 1 2 1 1 1 1 1 1 1 1 3 2 2 1 1 2 2 1 1 2 1 1 1 1 2 2 1 1 2 2 1 1 2 2 2 2 3 1 3 1 2 1 1 1 1 1 1 1 3 2 2 1 1 1 1 5 2 1 3 2 2 2 1 1 2 1 1 1 1 1 1 2 1 2 2 1 3 2 3 1 1 2 1 1 1 1 1 1 1 1 1 2 1 2 1 2 1 2 1 1 1 1 1 1 3 2 3 1 1 1 2 1 3 1 3 1 1 4 1 1 1 1 1 1 1 1 1 2 1 2 1 2 1 3 1 1 1 1 2 1 1 1 1 1 1 1 1 1 1 3 1 1 1 2 1 2 3 1 1 1 1 1 1 3 1 1 1 2 1 1 1 2 1 1 2 1 4 1 1 1 1 2 1 2 1 1 2 1 3 1 2 4 1 1 1 2 1 2 2 2 1 1 2 1 1 2 2 2 2 1 1 1 1 1 1 1 1 3 2 1 1 2 1 2 1 3 1 1 1 2 2 1 1 2 1 2 2 1 2 1 3 1 1 1 2 1 3 1 3 1 3 1 1 2 1 3 1 3 2 2 1 1 3 2 2 2 1 2 1 1 3 1 2 1 2 1 1 1 2 1 1 1 1 2 1 1 1 1 2 3 1 1 1 1 2 1 1 2 1 1 2 1 3 1 2 2 1 2 1 2 2 2 1 1 1 1 1 1 3 1 1 2 1 1 1 3 1 1 1 1 3 2 1 1 1 1 1 1 2 2 1 2 1 2 3 2 3 1 1 2 1 2 1 1 1 1 1 2 1 2 2 1 1 1 1 2 1 1 1 1 1 2 1 1 1 1 1 1 1 1 3 1 2 1 2 2 1 2 2 2 1 1 1 1 1 1 2 1 1 1 1 1 2 2 1 2 1 1 1 4 2 2 1 2 1 1 1 1 1 3 2 3 1 1 1 1 1 3 2 1 1 1 1 2 1 1 2 1 1 1 1 1 2 1 1 1 1 1 1 1 1 2 1 1 1 1 2 1 1 2 2 1 3 1 1 1 1 1 1 1 2 2 2 1 1 1 2 2 1 1 1 1 1 2 1 1 2 1 1 1 1 2 1 1 2 3 1 1 1 2 2 1 2 2 1 2 2 1 1 1 1 1 2 3 3 1 1 2 2 1 1 1 1 1 2 1 2 1 2 1 4 3 2 2 1 1 1 1 3 2 1 1 1 2 1 1 1 3 1 1 1 1 1 1 1 1 1 1 1 1 1 3 1 2 2 1 1 3 2 1 2 1 1 2 1 3 1 1 1 1 1 1 2 1 1 2 2 1 2 2 1 2 1 2 1 1 2 1 4 2 2 1 1 1 3 1 1 3 1 1 3 1 1 1 3 1 2 1 2 1 1 1 1 3 1 2 3 1 1 1 1 3 1 1 1 1 1 1 1 1 1 3 1 1 1 1 1 1 2 1 3 1 2 2 1 1 2 1 3 1 1 2 1 1 1 2 2 1 2 1 1 1 1 1 3 2 1 1 2 1 1 1 1 2 2 1 2 2 1 2 1 1 1 1 3 2 1 2 2 1 1 1 3 1 1 2 2 1 1 1 1 3 2 1 1 1 1 1 2 1 1 2 2 1 3 1 1 2 1 1 1 1 1 1 1 1 2 1 2 3 2 1 1 1 1 2 1 2 1 2 1 1 3 1 1 1 1 1 1 2 1 1 1 3 1 2 2 1 1 1 1 2 1 2 2 1 3 1 1 1 1 1 3 1 1 3 1 2 1 1 3 1 2 1 1 1 2 1 1 1 2 1 3 1 1 1 1 2 2 3 1 1 2 1 2 5 2 2 1 3 1 1 2 2 1 1 2 3 1 1 1 1 1 1 1 2 1 1 2 1 1 1 1 2 1 2 3 1 2 3 1 1 1 1 3 2 2 2 1 1 2 3 1 2 2 1 3 2 1 2 1 2 1 1 1 2 1 2 1 1 2 2 1 1 3 2 3 1 1 1 1 1 1 1 1 2 3 1 2 2 1 1 3 1 1 1 1 1 1 1 3 1 1 2 1 1 4 2 3 2 2 1 1 2 1 1 2 2 3 1 2 2 1 2 1 1 3 3 1 1 1 3 1 4 1 1 2 1 1 1 1 1 2 1 2 3 3 1 2 2 1 2 1 1 1 1 1 1 1 2 1 1 1 1 1 1 1 1 2 3 1 1 1 2 1 1 2 1 2 1 1 1 1 1 1 1 1 1 2 1 1 2 1 2 3 2 3 2 2 4 2 2 1 1 1 2 1 1 1 1 5 1 3 1 1 1 1 4 1 3 3 1 3 1 1 2 1 1 1 1 1 2 2 2 2 1 2 1 1 2 1 2 1 1 2 1 1 3 2 3 1 1 1 4 2 2 1 3 1 1 2 1 1 1 1 1 1 1 2 2 1 1 1 1 1 1 1 1 1 2 2 3 3 2 2 1 1 1 1 1 1 1 1 1 1 2 1 1 1 1 2 1 1 2 1 1 1 1 2 2 1 1 2 1 3 1 1 3 1 1 2 1 2 1 1 1 2 1 1 3 1 4 2 2 1 2 1 1 1 3 2 1 2 1 2 2 2 1 1 3 1 2 2 1 1 3 4 3 1 2 2 2 3 2 1 2 3 1 1 1 2 1 1 2 2 2 1 2 1 4 1 1 2 1 1 1 1 2 2 1 2 1 1 1 1 1 2 1 1 1 2 2 1 1 1 3 1 1 1 1 1 1 1 1 2 2 1 2 2 1 1 1 1 1 1 2 1 1 1 2 1 2 2 1 2 1 1 1 1 1 1 2 2 3 1 1 1 1 1 1 1 1 1 1 1 1 1 3 1 1 3 1 1 1 1 1 1 1 1 1 3 1 2 2 1 2 1 1 2 1 1 1 1 2 1 1 2 1 1 1 2 1 1 1 1 1 4 1 1 2 1 2 2 1 1 1 1 1 2 1 2 1 2 3 1 1 1 1 1 1 1 1 2 1 2 2 1 3 2 2 1 1 1 2 2 2 2 1 1 1 2 1 1 1 1 1 1 3 2 1 2 3 1 1 1 1 3 1 1 1 1 1 1 1 2 1 2 1 2 1 1 1 2 1 3 1 2 1 2 1 1 1 1 1 4 2 1 1 1 1 1 2 1 1 1 2 2 4 1 2 3 1 2 1 2 1 2 1 1 1 1 1 2 3 2 1 1 2 3 1 1 2 2 1 1 1 1 1 1 2 1 1 2 1 1 2 1 1 1 2 2 1 1 2 3 2 2 1 1 1 1 1 1 1 3 2 2 1 1 1 1 1 1 2 1 1 2 3 1 1 1 1 2 2 1 1 1 1 2 1 2 1 3 1 1 2 1 1 2 1 1 2 1 2 2 1 1 2 1 4 7 2 1 2 1 1 2 1 1 1 1 1 1 1 2 2 1 1 1 1 1 2 1 1 1 1 1 1 1 1 1 1 2 2 1 2 1 1 1 1 1 2 1 1 1 2 3 3 1 2 2 1 3 1 1 1 2 1 1 1 3 2 1 1 1 1 1 1 2 1 3 2 2 1 1 1 3 1 1 3 2 2 2 1 1 1 1 1 1 1 1 2 1 1 1 1 1 1 1 1 1 1 1 1 1 1 2 2 1 2 3 2 1 1 1 2 2 1 1 2 1 1 3 2 2 1 2 1 2 5 4 1 3 3 2 3 1 2 2 1 1 2 2 1 1 1 1 1 1 1 1 1 1 1 3 1 1 1 3 2 1 3 1 1 1 3 2 1 2 2 1 1 1 2 1 1 3 2 1 1 2 3 3 2 1 1 2 3 2 1 2 1 1 2 1 2 2 1 3 1 1 1 2 2 2 2 1 3 2 1 3 1 4 2 2 1 1 1 1 1 1 1 3 2 1 4 2 2 2 1 2 2 1 2 1 1 1 1 1 2 1 1 1 1 1 2 2 2 1 1 2 3 2 2 2 2 1 1 1 1 1 1 1 1 1 1 1 1 5 1 2 1 2 2 1 1 1 2 1 1 1 1 1 1 2 1 2 1 1 3 2 2 2 2 2 1 1 3 1 1 1 1 1 1 1 1 2 2 1 1 1 2 1 1 1 3 1 1 1 1 1 1 2 2 2 2 2 1 1 2 1 2 1 1 2 2 2 1 2 2 1 2 1 1 2 1 1 1 1 3 1 1 1 2 1 2 2 1 1 1 1 1 4 1 1 2 3 3 3 2 1 1 1 1 1 1 1 1 2 2 1 2 1 1 2 1 1 1 4 2 2 1 1 1 2 2 2 3 1 1 1 3 1 4 1 1 1 2 1 1 1 2 1 1 2 2 1 2 2 2 2 1 1 3 2 2 1 2 1 1 3 2 1 2 1 3 2 2 2 2 1 1 2 1 3 1 2 1 1 1 2 1 2 2 1 1 1 2 2 1 1 1 1 3 2 2 2 3 3 1 1 2 1 3 2 4 1 1 3 1 1 1 1 1 1 1 2 1 1 1 1 1 1 1 1 1 1 1 1 1 1 1 2 2 1 2 1 1 1 1 1 1 1 1 2 3 1 1 1 2 3 3 1 1 3 2 1 1 1 1 2 2 1 2 1 1 1 1 1 1 1 3 1 1 2 1 3 1 1 1 1 2 2 2 2 1 1 1 1 1 1 4 1 3 2 2 1 3 1 2 1 1 2 2 1 1 2 1 2 1 2 1 1 2 2 3 1 1 1 1 5 1 1 2 2 1 2 3 2 2 1 2 1 3 1 3 1 1 1 1 2 1 2 1 1 2 3 1 2 2 1 3 2 1 1 1 1 2 1 1 1 2 1 1 5 2 1 2 3 1 1 1 1 3 2 1 2 1 3 1 1 2 1 4 1 1 4 1 1 1 1 2 2 2 1 1 1 1 2 1 1 3 1 1 3 4 2 1 1 2 2 2 1 1 1 1 1 2 1 1 3 1 1 1 3 1 1 1 3 1 1 1 1 1 2 1 2 1 1 4 2 1 1 1 1 1 1 1 3 2 1 3 1 1 1 3 1 1 1 1 1 1 1 1 2 2 1 2 2 1 1 1 1 2 2 3 3 1 3 1 1 1 2 2 1 1 1 2 1 2 2 1 1 1 1 1 3 2 4 1 1 1 1 2 2 1 2 2 1 1 1 2 1 2 1 2 1 1 3 2 1 4 1 1 1 2 2 1 1 2 2 1 1 1 1 2 2 1 2 1 1 1 3 1 1 1 1 1 2 1 3 2 1 1 1 4 1 1 1 2 1 1 1 2 1 2 1 1 3 1 2 1 2 1 1 1 1 1 2 1 1 1 2 2 2 1 1 2 2 1 1 1 1 1 1 1 1 1 1 1 1 1 1 2 1 1 2 2 1 2 1 1 1 3 1 1 1 3 2 1 1 3 2 2 1 1 2 1 1 3 1 1 2 1 1 1 2 1 1 1 1 3 1 1 1 1 2 1 1 1 2 3 1 1 4 2 2 1 2 3 1 3 1 1 4 2 1 2 1 1 3 1 2 1 1 2 1 2 2 2 2 2 2 1 2 1 2 1 1 1 1 1 1 1 1 5 1 1 2 3 1 1 1 3 2 1 2 1 1 1 2 2 2 1 1 2 1 1 2 2 2 2 2 1 2 1 2 1 1 2 2 1 1 1 3 2 1 3 2 1 1 2 1 2 2 2 1 2 1 2 1 1 1 2 2 1 1 1 2 1 1 3 1 1 4 3 1 1 1 2 1 1 1 1 3 3 2 1 2 1 2 3 1 3 1 2 3 2 1 1 3 1 1 1 2 1 1 1 1 1 1 2 1 3 2 1 1 1 1 1 1 1 1 1 2 3 1 1 1 1 1 1 1 1 2 2 1 1 2 1 2 1 1 1 2 1 1 1 1 1 2 1 1 1 1 1 1 2 3 1 1 3 1 2 2 1 2 2 1 1 2 2 1 1 4 3 1 1 1 1 2 1 1 2 1 1 2 1 3 2 1 4 3 1 2 1 2 1 1 1 2 4 1 1 2 1 2 1 2 2 2 2 1 1 1 2 2 1 1 2 2 1 1 1 2 1 2 1 1 2 1 1 1 2 1 1 1 2 2 3 3 1 1 1 1 1 2 1 1 1 2 2 1 1 2 2 3 1 2 1 2 1 3 1 1 1 2 1 1 1 1 1 1 1 1 1 2 1 3 2 2 3 1 1 3 1 2 2 2 2 2 1 1 1 3 1 3 1 1 1 1 1 2 2 1 2 1 1 2 1 1 4 5 2 2 2 2 1 2 1 2 1 3 1 2 1 2 1 1 1 1 1 3 1 1 1 2 1 1 1 2 1 2 1 2 2 1 2 3 3 1 2 1 2 1 1 1 1 1 1 2 1 1 1 2 3 1 2 2 1 1 2 2 2 1 1 2 3 1 2 1 1 2 2 2 1 2 1 1 1 2 1 1 1 2 2 1 1 2 2 1 1 3 1 4 2 1 2 2 4 1 2 1 1 1 2 2 1 1 1 1 1 1 1 1 3 1 1 2 3 1 3 1 1 1 1 2 1 1 1 2 1 2 1 1 1 4 1 1 2 2 3 1 1 1 1 1 3 1 3 1 1 1 2 1 1 1 1 1 2 1 1 1 2 1 1 2 1 1 4 1 1 1 2 2 1 2 1 2 1 3 1 3 1 1 2 1 1 1 1 1 2 3 2 1 1 3 1 2 1 1 2 1 3 1 1 3 1 2 1 2 1 4 1 1 3 1 1 2 2 1 1 2 3 2 1 1 1 3 1 2 1 1 1 1 1 1 1 1 1 1 1 1 1 2 1 1 1 2 1 1 1 1 1 1 1 4 1 1 4 2 1 2 1 1 1 2 1 3 2 1 1 1 1 1 1 1 2 2 1 1 1 1 1 1 1 1 2 1 1 3 1 4 2 2 1 1 2 1 1 1 2 1 3 2 3 2 1 1 1 3 3 1 1 2 1 1 2 1 2 1 1 1 2 1 1 1 1 1 1 1 1 1 2 2 1 1 1 1 3 2 1 2 2 2 1 1 2 1 1 2 1 2 1 2 2 1 1 1 3 4 2 2 2 1 1 1 2 1 3 1 1 1 1 1 4 3 1 2 1 1 1 1 1 1 4 3 1 2 2 1 3 1 2 2 4 1 1 2 2 1 1 2 3 1 1 2 1 2 1 1 1 1 5 1 1 1 2 2 4 1 1 1 2 1 1 1 3 1 1 1 4 1 2 1 2 1 2 2 1 1 1 1 1 2 3 3 2 1 1 1 2 1 1 1 1 2 2 2 1 2 2 1 1 1 1 1 1 2 1 1 1 1 2 1 1 2 2 1 1 2 3 1 2 1 1 1 1 1 3 1 1 5 1 1 2 1 2 2 1 1 1 1 1 1 2 1 1 2 1 1 1 1 2 2 2 3 3 1 1 2 1 1 1 2 1 2 1 1 2 2 2 1 2 2 2 3 2 4 5 1 1 2 1 1 1 1 2 1 1 1 2 1 1 1 2 1 3 3 2 2 2 1 1 1 1 1 1 1 4 1 3 1 1 1 1 1 3 4 1 1 2 3 2 4 2 2 1 2 3 2 2 2 1 2 2 1 1 1 1 1 1 1 3 1 1 3 1 2 1 1 3 1 1 1 1 2 3 2 2 1 2 2 3 1 2 2 1 1 1 2 1 1 1 3 1 1 1 1 2 1 1 1 1 1 2 1 1 1 1 4 1 1 3 1 1 3 2 1 1 1 1 1 3 1 1 3 1 4 2 2 1 2 1 1 1 1 1 1 2 1 1 1 1 1 1 1 1 1 1 1 1 1 1 2 1 2 1 1 1 1 1 2 1 1 1 1 2 1 2 1 2 2 2 1 1 2 1 1 2 1 2 1 1 1 2 3 2 1 1 1 2 1 1 1 3 1 1 1 1 2 1 1 1 1 1 4 4 1 3 2 1 1 2 1 1 2 2 1 2 1 2 1 1 1 2 1 2 1 1 2 2 2 1 3 2 1 1 2 3 1 2 1 3 2 2 1 2 1 1 1 1 1 2 1 3 1 1 1 1 4 2 1 1 1 2 1 1 1 3 1 1 1 1 1 1 1 1 1 1 2 3 1 1 2 2 1 4 1 1 2 1 1 1 4 1 1 1 1 2 1 1 2 1 1 1 3 1 2 1 4 1 1 1 1 1 3 1 1 1 1 1 1 4 1 1 1 2 1 1 1 1 1 3 1 1 1 1 1 1 2 1 4 1 1 1 2 2 1 2 1 1 3 1 1 1 1 3 1 1 1 1 1 1 4 1 2 1 3 1 1 1 1 1 1 1 3 1 1 2 1 2 2 3 1 1 2 2 1 1 1 1 1 2 1 1 1 1 2 2 1 1 1 1 1 2 1 1 1 1 2 1 1 3 1 2 1 1 1 1 3 2 1 1 1 2 1 1 3 3 1 1 1 1 1 1 1 2 1 3 2 1 2 1 1 2 1 2 1 1 3 1 1 2 1 3 1 2 1 1 1 2 1 2 2 3 2 2 1 1 1 2 1 4 2 1 2 1 1 1 1 2 1 1 1 3 1 1 1 1 1 1 2 1 2 2 3 1 1 1 2 2 2 3 1 1 1 2 3 2 1 2 3 1 1 2 4 1 1 1 1 2 1 1 2 2 1 1 1 1 1 4 2 2 1 1 3 1 1 2 1 2 3 1 2 1 1 1 1 2 1 2 2 1 1 1 1 1 2 3 1 1 2 3 2 2 1 1 3 1 3 1 1 2 1 1 2 1 4 2 1 2 4 1 1 1 2 2 2 1 1 1 1 1 1 1 1 1 2 2 1 1 1 2 1 1 1 1 1 1 3 2 1 1 2 1 1 1 1 1 1 2 1 2 1 1 1 1 2 1 1 1 2 1 3 1 2 2 1 3 3 1 2 1 1 2 1 1 2 1 2 1 1 2 2 1 1 1 1 1 1 1 1 3 2 1 3 1 2 2 1 2 2 1 1 1 1 2 1 2 1 3 3 1 3 2 1 3 1 1 2 1 3 1 2 1 2 1 1 1 1 1 1 1 1 1 1 1 1 1 1 1 1 1 1 1 1 1 3 1 1 2 2 1 1 2 2 1 1 2 2 1 1 1 2 3 1 1 1 1 1 2 2 2 1 2 1 1 2 1 1 3 2 2 1 1 1 2 2 2 4 2 1 2 1 2 2 1 2 2 1 1 1 2 2 1 2 1 1 1 2 1 2 2 1 1 3 1 1 2 3 1 1 1 1 1 1 1 2 1 3 1 2 1 1 2 1 2 2 1 2 2 1 1 1 2 1 1 1 2 1 1 1 1 2 1 1 1 1 1 1 1 1 3 1 2 1 3 1 2 1 2 2 1 1 1 1 2 1 2 2 1 3 1 2 1 5 1 1 1 1 1 2 1 4 2 2 2 2 1 1 1 1 3 2 2 2 1 2 1 3 1 1 2 3 3 1 1 1 1 1 1 2 2 1 1 1 1 1 1 2 2 1 1 1 2 1 1 2 3 1 1 1 1 1 1 2 4 2 1 1 5 1 2 2 1 1 1 1 2 1 2 1 1 1 2 1 2 3 1 1 2 1 1 1 1 1 2 2 2 2 1 3 1 1 1 1 1 1 2 1 1 1 1 1 2 1 4 1 2 2 1 4 2 1 2 1 2 2 2 1 1 2 1 1 2 2 2 3 1 3 2 1 1 1 3 3 1 2 1 1 1 2 2 1 2 2 1 1 1 1 2 2 3 1 1 1 1 1 2 2 1 1 1 2 2 1 2 4 1 2 1 1 4 1 2 1 1 1 1 1 1 2 1 1 1 1 1 1 1 1 1 2 2 1 1 3 1 2 1 2 2 1 1 3 1 2 4 1 1 1 1 1 1 1 1 1 1 1 3 1 2 2 3 1 1 3 1 1 1 3 1 1 3 2 5 1 2 1 1 1 2 3 1 1 2 1 1 1 3 2 1 1 1 1 2 2 2 1 1 1 1 2 1 2 1 3 1 1 1 1 1 1 2 1 1 1 1 1 3 4 1 2 1 1 1 1 1 1 1 1 3 1 3 1 1 3 1 2 3 1 1 1 2 1 2 3 1 1 1 1 2 2 4 1 1 1 2 1 1 1 2 2 2 1 2 1 1 1 2 1 1 1 1 1 1 1 1 1 2 1 1 1 1 1 2 1 1 1 3 1 1 2 2 1 2 1 3 4 1 2 1 4 2 3 1 2 1 1 1 2 1 1 1 2 2 1 1 2 2 1 1 2 1 2 1 1 1 1 3 2 1 1 2 1 1 2 1 1 2 1 2 1 1 2 1 1 1 1 1 1 1 1 2 1 1 1 1 1 1 1 2 2 1 1 2 1 1 1 1 1 1 1 1 1 2 3 1 1 5 1 1 2 1 1 2 1 4 1 1 2 1 1 3 1 2 1 1 2 1 1 1 1 2 3 1 1 1 1 3 1 1 1 2 2 3 1 1 1 3 3 1 2 2 2 1 1 1 1 1 2 1 2 2 1 3 1 1 2 1 1 1 2 1 1 1 2 2 1 2 2 1 1 2 1 2 1 1 1 1 1 1 1 3 1 1 1 1 2 1 2 3 3 3 1 1 1 1 2 2 1 2 1 1 3 1 1 1 1 2 2 1 2 3 4 3 1 1 3 1 1 1 1 1 2 1 1 1 1 2 1 1 2 2 2 2 2 2 2 1 1 3 1 3 1 3 2 1 2 1 2 1 1 2 2 1 1 1 3 2 1 1 1 2 2 1 3 1 1 1 1 1 1 1 1 2 2 1 1 1 2 1 2 3 1 1 2 1 2 2 1 1 2 1 1 3 1 2 1 1 2 1 1 2 1 1 2 2 1 2 1 1 2 1 1 1 1 2 1 1 1 1 2 2 1 1 3 1 2 2 1 2 4 2 2 1 1 1 2 1 2 2 4 1 2 3 2 1 2 1 1 1 1 1 2 1 1 1 1 1 4 1 2 2 1 1 1 2 1 1 1 1 1 2 2 2 2 1 1 2 1 2 1 1 1 1 1 1 1 1 1 1 2 2 3 1 1 2 3 1 2 2 1 2 1 1 2 3 1 1 3 1 2 2 3 1 1 1 2 1 1 2 1 1 1 1 2 1 1 1 1 2 1 1 1 4 2 2 1 2 1 1 1 2 1 1 2 1 3 1 2 1 2 2 2 1 3 2 1 1 1 1 2 1 1 2 2 2 1 3 1 3 2 2 1 2 1 1 2 2 1 2 1 1 1 1 2 1 1 3 2 1 3 2 1 2 3 2 2 2 1 1 2 1 1 2 1 1 3 1 1 1 1 2 1 4 3 1 1 1 1 3 1 2 2 4 2 1 1 1 1 1 1 1 2 1 1 3 1 1 2 2 1 1 2 2 1 2 3 3 1 1 1 1 1 1 1 1 1 1 3 2 1 1 2 1 1 1 2 2 2 2 1 1 2 1 2 3 2 2 1 2 2 2 1 1 3 1 4 2 1 1 1 1 1 2 2 1 1 1 1 2 2 2 1 2 2 1 1 4 1 1 1 2 1 1 1 2 1 1 1 2 2 1 5 1 1 1 1 1 1 3 1 1 2 1 1 1 1 1 1 1 1 1 2 1 2 1 3 1 1 2 1 1 1 1 2 2 2 1 1 2 3 1 2 1 2 1 1 1 1 1 2 1 2 1 1 1 2 2 1 1 2 4 1 2 1 1 2 1 1 2 2 1 1 2 1 2 1 1 1 2 3 1 1 1 1 2 2 1 1 1 1 5 2 1 2 1 2 1 1 1 1 1 1 2 3 3 1 1 1 2 1 2 3 1 1 1 1 2 4 2 2 1 2 1 1 1 1 1 3 2 1 2 1 2 1 2 1 1 1 1 1 2 1 1 2 1 1 1 1 2 1 1 2 2 2 1 1 1 2 1 2 1 1 2 2 2 1 1 4 1 2 2 2 3 1 1 1 2 1 1 2 1 1 1 1 1 1 3 2 1 1 3 1 1 3 2 1 1 1 1 2 2 3 1 3 4 3 1 1 3 1 3 1 3 3 2 1 1 1 1 2 1 2 3 1 1 1 1 1 1 2 1 1 1 1 2 1 1 1 2 1 1 1 2 1 2 2 1 1 1 2 2 3 1 1 1 1 1 2 1 1 1 1 1 1 1 2 1 2 1 1 1 1 1 1 1 2 1 1 2 1 1 2 1 2 1 1 1 1 1 1 1 1 1 1 2 2 2 1 1 1 1 3 1 1 4 1 2 1 1 1 2 1 1 1 1 1 1 1 2 1 2 1 2 2 1 1 2 3 1 1 1 1 1 1 3 1 2 2 1 2 2 2 1 1 1 2 1 1 1 1 1 1 1 2 2 1 1 3 2 1 1 2 1 1 2 2 2 1 2 2 2 2 3 1 1 1 2 1 2 2 1 1 1 2 1 4 2 2 1 1 1 1 2 2 1 1 2 2 1 2 2 2 1 1 1 2 2 1 3 2 2 1 2 1 1 1 1 1 2 3 1 1 1 1 1 1 2 1 1 2 1 2 1 2 1 2 1 1 1 2 2 1 2 1 1 2 1 2 1 2 3 4 1 1 2 1 2 1 1 2 1 2 1 2 1 1 1 1 2 2 1 2 2 1 1 2 2 2 3 1 1 2 1 2 2 1 3 2 1 1 1 1 1 1 1 3 2 1 1 1 1 2 2 1 3 3 3 1 2 2 1 1 1 1 2 1 2 2 3 2 1 2 2 2 2 3 1 3 2 4 2 1 1 2 2 3 1 1 1 1 1 1 2 3 1 1 2 2 1 1 3 1 2 1 1 3 1 2 2 2 2 2 1 2 1 1 2 1 2 2 2 2 2 2 1 1 1 2 1 2 1 1 1 1 2 1 1 1 1 1 2 1 1 2 2 1 1 1 1 1 1 1 1 1 2 1 1 1 3 2 1 1 1 3 2 2 1 4 1 1 1 1 1 1 1 1 1 5 1 1 1 1 3 1 2 1 1 1 2 1 1 2 1 1 1 1 4 3 1 1 2 1 1 1 1 1 1 1 3 1 1 1 2 3 1 3 3 1 1 2 2 1 1 1 1 1 1 1 1 1 1 2 3 1 1 1 1 3 1 1 2 3 2 1 1 1 1 2 1 2 1 2 1 1 1 2 1 2 3 1 1 1 1 1 4 2 2 4 3 3 2 1 1 1 2 1 1 4 1 1 1 1 2 1 1 2 1 2 1 3 1 2 3 2 1 1 1 2 2 1 1 2 1 1 1 1 1 1 2 1 3 1 4 1 1 2 2 1 1 1 2 1 2 2 2 1 1 1 1 1 2 2 2 1 1 1 1 1 1 1 2 2 1 1 1 1 1 2 3 1 1 1 2 1 1 1 1 1 1 1 1 2 2 2 1 1 3 2 3 1 1 2 1 3 1 1 2 1 1 1 1 3 4 1 2 1 3 1 1 1 1 1 1 1 2 1 6 2 2 1 1 3 1 2 3 3 1 3 1 1 1 1 2 1 1 3 2 1 1 1 1 1 1 3 2 2 2 2 1 1 2 1 2 2 1 1 1 2 1 2 2 1 2 2 1 2 2 2 1 3 1 1 1 1 1 2 2 1 1 1 1 1 1 1 1 1 2 2 2 2 1 3 1 1 2 1 2 1 1 1 3 1 1 2 1 3 3 1 1 2 1 1 2 1 3 2 1 1 1 2 1 3 1 1 2 2 2 2 2 2 1 2 1 1 2 1 1 1 1 1 1 1 2 1 2 3 2 1 2 1 1 1 2 1 1 2 2 2 2 2 1 3 5 1 1 1 3 1 3 1 3 1 2 2 1 1 1 3 2 2 2 2 4 4 3 1 3 4 2 1 1 2 1 3 1 1 1 1 2 1 2 1 2 1 1 1 3 1 1 1 2 1 1 1 1 1 1 1 1 1 1 1 3 2 2 1 2 1 2 1 2 1 1 1 1 2 2 1 4 1 2 3 1 2 3 1 1 1 1 1 2 1 3 2 1 1 2 1 2 2 3 1 1 3 1 1 1 2 1 1 1 2 1 3 1 1 1 4 2 1 2 1 1 1 2 1 2 1 2 2 1 2 2 1 1 1 2 1 1 1 2 2 1 1 1 2 1 3 2 2 1 1 1 1 1 3 2 3 1 4 1 1 1 3 1 1 1 3 1 2 1 1 1 1 1 1 1 1 1 1 4 2 1 1 2 1 1 1 2 1 3 2 2 1 1 3 1 2 1 1 1 2 1 4 1 1 1 2 1 1 1 1 2 2 2 1 1 1 1 1 1 3 1 2 1 1 2 1 2 2 1 1 1 2 2 3 1 1 1 3 2 2 3 1 1 1 1 1 1 2 1 1 2 1 5 1 3 2 2 1 1 2 1 1 5 1 1 1 2 1 2 1 1 1 1 1 2 2 3 1 2 1 3 2 2 1 3 1 1 1 2 1 1 1 1 2 1 1 1 1 1 2 3 1 1 1 1 1 2 2 1 2 1 2 2 2 2 2 2 1 1 3 1 1 1 1 1 1 1 1 2 1 1 1 1 1 2 1 2 2 2 1 2 1 1 1 1 1 2 1 3 2 1 1 1 2 2 1 3 3 1 2 2 1 1 2 2 1 2 2 1 2 2 1 1 2 2 1 1 2 3 1 1 3 2 1 3 1 2 2 1 1 1 1 1 4 1 2 2 2 3 3 1 2 1 2 1 1 2 1 1 1 2 2 1 2 2 1 2 2 3 2 3 1 1 1 2 1 1 1 2 1 1 2 2 1 1 1 1 1 1 1 1 2 2 1 2 1 2 2 4 2 1 1 4 1 1 1 1 3 1 1 3 1 3 1 2 1 1 2 2 1 1 3 3 2 1 2 1 2 1 3 2 1 1 1 1 1 2 2 2 2 2 1 1 1 2 1 2 4 2 5 1 1 2 1 1 2 2 2 1 1 2 1 2 1 1 1 1 2 1 2 1 1 1 1 1 2 1 1 1 1 2 1 1 2 2 1 1 1 1 1 1 3 1 1 1 3 2 2 1 1 2 3 1 1 2 1 2 1 1 1 1 3 2 1 2 1 1 1 1 3 1 2 1 2 2 3 1 1 1 1 2 2 1 2 3 1 2 2 1 1 1 2 1 1 1 1 1 2 3 1 1 2 2 1 1 3 1 2 1 2 1 1 1 1 1 1 1 1 1 2 2 4 1 1 1 1 1 1 1 3 1 1 1 1 1 1 1 1 2 2 1 3 2 1 2 1 2 2 1 3 1 2 2 1 1 2 1 2 1 2 3 2 1 4 1 2 3 1 2 1 2 3 1 1 1 1 1 2 1 1 1 1 2 1 1 3 1 1 2 2 1 2 1 2 1 1 1 2 1 2 2 3 2 1 1 1 2 1 3 2 1 1 1 2 1 1 2 1 1 1 1 1 2 1 1 1 1 2 1 1 1 1 1 1 1 2 1 2 1 4 1 3 2 1 1 1 2 1 1 2 2 1 1 1 1 1 1 1 1 3 2 1 1 1 1 1 1 2 1 2 2 1 1 2 1 2 1 1 4 2 1 1 2 2 1 1 1 3 2 2 1 2 1 1 2 1 1 2 1 2 3 1 1 1 2 2 2 1 2 3 2 1 2 2 1 1 1 1 2 2 1 1 3 1 2 1 1 1 2 1 1 1 2 2 1 2 1 1 2 1 2 1 2 2 2 1 1 3 1 2 1 1 3 4 1 1 1 1 1 1 1 1 1 1 2 1 2 1 1 2 1 2 2 1 1 3 1 1 1 2 3 1 1 1 3 1 1 1 1 1 1 1 2 3 1 1 1 1 1 2 1 1 2 2 1 1 3 2 1 3 1 2 2 1 2 1 2 1 1 2 1 1 2 2 1 2 1 1 1 1 1 1 2 1 1 3 1 1 2 3 2 1 1 1 2 1 1 2 1 3 2 4 3 1 1 2 2 1 1 2 1 2 1 1 2 5 1 1 1 1 1 1 1 1 2 1 1 2 1 1 2 1 1 1 1 2 1 1 1 1 2 2 2 1 2 1 2 1 1 1 3 1 1 2 3 1 1 1 2 1 1 1 1 2 2 1 2 1 2 3 1 1 1 1 2 1 1 2 1 2 1 2 1 2 3 1 1 1 1 1 1 1 1 2 1 1 2 1 1 1 1 2 1 2 1 2 1 1 1 1 1 1 1 1 1 2 2 1 2 1 1 1 1 2 1 1 1 1 1 5 2 1 1 2 1 1 
  #Test Small 10822
  #Test Medium 24043
  #Test Large 36966
