Board size [mm] 300x100

Stats side 1
  #Components with background 19
  #Components with points 129
  #Components nofly 4
  #Components notouch 3
  #Pins 33147
  #GNDs 1305
  #VDDs 1010
  #Clock 12
  #NoFly points 516
  #NoTouch points 634
  #Points [total] 36624

Stats side 2
  #Components with background 20
  #Components with points 121
  #Components nofly 2
  #Components notouch 3
  #Pins 36229
  #GNDs 986
  #VDDs 832
  #Clock 17
  #NoFly points 424
  #NoTouch points 414
  #Points [total] 38902

Stats board (side 1 + side 2)
  #Components with background 39
  #Components with points 250
  #Components nofly 6
  #Components notouch 6
  #Pins 69376
  #GNDs 2291
  #VDDs 1842
  #Clock 29
  #NoFly points 940
  #NoTouch points 1048
  #Points [total] 75526
  #Nets 68401
    Net Size: 2291 1842 29 1 1 1 3 2 2 2 2 1 1 2 3 1 1 1 1 3 1 2 3 2 3 1 3 3 3 2 3 1 1 1 1 2 2 1 3 1 1 1 2 1 3 1 4 1 2 2 1 2 2 3 2 1 1 2 2 3 1 1 4 2 3 2 2 1 2 1 1 1 1 3 2 3 1 3 3 3 1 1 1 1 1 1 3 1 4 2 1 1 4 1 2 3 1 3 2 1 1 3 1 1 2 1 1 1 2 1 1 1 1 3 2 1 2 1 2 2 1 2 1 2 1 2 1 1 3 1 2 2 2 2 2 1 1 1 4 2 2 2 1 4 1 3 2 2 3 2 2 2 1 4 2 2 1 1 2 3 3 2 2 2 3 2 1 3 2 1 1 1 1 2 3 3 1 2 1 2 2 2 3 1 2 2 1 1 2 1 1 1 3 3 2 1 1 1 1 2 1 1 2 3 1 2 1 1 1 2 1 3 1 2 2 2 2 2 3 3 2 1 2 1 2 1 2 1 3 2 2 2 2 2 1 2 5 2 2 2 3 1 1 1 1 4 4 2 2 1 1 1 2 1 1 1 2 1 1 2 1 2 3 1 2 1 1 2 2 2 2 3 2 2 1 1 1 2 2 1 2 1 1 2 1 6 2 2 1 2 2 1 1 1 2 1 1 1 4 5 1 2 2 1 1 1 1 2 1 2 2 2 1 2 1 2 2 4 2 1 1 1 2 2 3 1 4 1 1 1 2 1 3 1 1 3 1 2 1 1 1 3 1 2 2 1 1 2 1 1 1 2 4 1 2 1 3 1 4 1 1 1 1 4 1 2 1 1 1 1 1 1 2 1 1 3 1 2 3 2 1 1 1 2 2 4 2 1 1 1 2 1 1 1 2 1 1 2 1 1 2 1 1 1 2 1 2 2 1 1 1 1 1 2 3 3 1 2 2 1 1 1 1 1 2 2 1 1 2 1 1 1 2 1 1 1 1 1 1 1 1 1 2 1 2 1 2 1 1 2 1 1 2 3 1 1 1 1 2 1 1 1 2 2 2 1 2 2 1 2 1 1 2 4 3 1 1 1 1 2 1 3 2 1 1 2 1 1 3 1 1 2 1 1 1 2 1 1 3 1 1 2 3 2 1 1 1 1 2 2 2 2 1 3 1 1 3 2 3 5 3 1 1 1 1 1 2 2 1 2 2 2 3 4 1 1 5 1 1 1 5 2 1 2 2 1 1 1 1 1 1 1 2 2 2 1 2 1 1 4 1 1 1 1 1 3 2 2 1 4 2 3 1 1 2 1 2 2 3 2 2 1 1 1 2 3 2 2 1 2 2 1 1 2 3 1 2 1 1 4 1 1 3 2 1 1 3 1 4 1 1 3 2 3 3 2 1 2 1 1 5 2 2 2 1 4 2 1 2 2 4 1 3 1 1 1 2 1 1 1 3 2 1 2 2 2 2 1 1 1 3 1 1 1 2 2 1 2 1 1 1 2 1 1 1 2 1 1 1 4 2 2 1 1 1 1 1 1 1 1 1 1 3 1 1 2 2 5 1 3 1 1 1 1 2 2 2 1 1 1 1 2 3 1 1 1 3 1 2 1 1 2 1 2 1 1 1 1 5 1 1 3 1 4 1 3 1 1 1 3 1 1 1 1 1 1 2 2 3 3 1 2 4 4 1 2 2 1 3 2 2 2 3 1 2 1 1 1 1 1 1 3 2 1 1 1 2 2 1 3 1 1 1 2 1 2 1 2 2 2 4 1 2 1 2 1 1 1 1 5 1 2 2 1 3 2 2 1 1 2 2 1 2 1 1 1 2 1 2 1 1 1 1 3 1 3 2 1 1 4 1 3 1 1 2 1 1 1 1 1 1 1 1 1 1 1 2 1 2 1 1 1 1 2 1 1 2 1 1 1 1 2 1 1 1 1 2 1 1 1 4 2 1 2 3 1 1 1 2 3 6 1 1 1 2 2 1 1 2 2 1 1 2 2 4 2 2 2 2 1 3 1 1 2 3 3 1 1 1 2 1 3 4 1 1 1 2 1 2 2 1 1 3 4 1 2 2 2 1 2 1 2 2 5 1 1 1 1 1 1 2 1 1 1 1 2 1 1 1 1 1 1 3 2 3 1 2 3 1 1 1 1 2 1 1 3 1 2 3 1 4 1 1 1 4 2 2 2 2 2 1 3 1 1 2 3 2 2 2 1 3 2 1 1 2 4 2 3 2 2 2 1 1 1 1 3 3 2 2 3 1 1 3 1 1 2 3 3 1 1 5 2 1 2 1 1 1 2 2 2 1 1 2 2 1 3 2 1 1 1 1 1 1 3 3 2 1 2 2 1 1 2 2 1 1 1 3 2 2 2 1 2 1 1 3 3 3 1 1 2 2 2 1 3 3 1 1 4 1 2 3 3 1 2 3 2 1 1 3 2 1 1 1 2 1 1 1 1 1 3 1 3 1 2 2 2 3 2 2 2 3 1 1 1 1 5 2 1 1 3 3 1 1 1 3 2 2 1 2 2 3 1 2 2 3 1 1 2 2 1 1 1 4 3 3 1 1 2 3 2 1 1 2 2 3 2 1 2 1 1 3 2 1 1 2 1 4 2 2 2 2 3 1 1 1 1 2 1 2 1 1 1 3 1 1 3 1 2 1 1 2 1 1 1 2 1 4 3 3 2 2 2 1 4 1 1 3 1 1 1 1 2 1 2 3 1 1 1 3 4 3 1 2 1 2 2 2 1 2 3 1 2 1 2 1 1 1 2 1 1 1 2 1 1 1 1 3 2 1 2 3 1 2 2 1 3 3 1 3 1 1 2 2 2 1 2 2 2 3 2 1 2 2 3 1 4 2 3 1 1 2 2 2 2 3 2 2 1 1 1 1 2 2 2 3 2 1 1 2 2 4 2 4 2 2 2 2 2 2 2 2 3 1 2 1 2 1 1 2 1 3 1 3 1 1 1 1 1 1 2 3 1 1 2 1 2 1 1 1 1 2 2 2 2 1 1 2 1 1 4 1 4 2 2 1 2 3 1 1 1 3 1 3 1 1 1 1 2 2 1 1 1 1 1 4 1 1 1 4 2 3 4 1 4 3 1 1 1 3 2 1 2 2 2 2 4 2 1 1 2 1 1 2 1 1 1 1 3 1 1 4 1 3 1 1 2 2 1 2 1 2 2 2 1 1 1 2 2 1 4 2 2 2 1 2 2 1 1 1 1 1 1 1 1 3 1 2 4 2 2 1 2 2 1 1 1 1 1 1 3 3 1 1 3 2 2 1 2 1 1 1 1 1 2 1 2 1 3 1 2 2 1 2 1 2 1 4 3 3 3 2 1 1 1 5 2 1 1 3 3 2 1 2 2 1 2 1 1 3 2 2 2 3 4 1 1 3 2 1 3 1 4 2 3 1 3 2 1 1 1 1 2 1 1 1 1 3 1 1 1 1 1 3 1 1 3 2 4 1 1 1 1 2 1 2 1 1 1 1 1 1 1 2 1 1 2 1 3 1 1 2 1 1 1 3 4 1 2 1 1 1 2 1 2 2 1 2 1 1 1 1 1 1 1 2 1 3 1 1 1 2 2 1 1 1 2 1 2 3 2 2 2 1 2 3 1 2 3 2 1 1 1 1 2 2 2 1 1 3 3 1 3 1 1 1 1 2 2 2 2 1 1 3 1 2 1 1 2 1 4 3 1 2 1 2 1 1 1 4 2 1 1 3 1 1 2 1 1 1 1 1 3 1 4 1 2 1 1 4 3 3 1 2 2 1 1 3 1 2 1 2 1 1 1 2 1 1 3 2 3 1 2 1 1 1 3 1 2 1 1 2 1 2 1 1 1 1 3 2 1 2 2 1 1 1 1 2 1 2 1 3 2 3 2 3 1 2 2 1 1 2 1 2 4 1 1 1 2 4 3 1 2 2 1 1 1 1 1 1 1 4 1 1 2 2 2 1 1 1 1 2 2 5 3 3 2 3 1 2 1 1 1 1 1 1 2 1 1 1 2 3 2 1 1 1 1 1 6 2 1 2 1 2 1 2 1 1 2 2 3 4 1 1 1 1 2 1 2 3 3 1 1 4 1 2 1 1 2 1 2 1 2 3 2 2 4 3 2 1 3 2 3 1 1 2 1 1 2 1 2 1 1 1 1 1 2 1 2 2 1 1 1 2 1 1 1 1 1 1 2 2 1 3 1 2 2 1 2 2 2 4 2 2 2 2 2 1 4 1 1 1 1 1 2 1 1 2 2 3 3 1 2 3 2 1 4 2 1 2 1 4 1 1 2 1 2 1 1 1 1 3 1 1 1 1 2 1 1 2 3 2 1 1 1 2 2 2 3 2 2 3 2 1 2 1 1 1 3 2 3 1 1 1 1 1 1 1 2 1 1 2 2 2 3 2 3 3 1 1 2 2 1 1 1 1 2 2 1 1 1 1 1 1 2 1 2 3 2 2 1 1 2 2 2 1 1 2 1 1 1 1 3 2 3 1 2 2 1 2 1 2 1 1 2 4 1 1 2 2 3 1 3 1 3 1 2 1 2 3 3 2 1 2 2 4 1 2 1 3 2 1 4 1 2 2 1 4 1 1 1 1 1 2 3 1 3 1 1 1 1 2 1 2 1 1 4 3 1 4 1 3 1 1 3 1 1 1 2 2 2 1 3 2 2 1 1 2 3 1 1 4 1 2 1 3 2 1 3 2 2 1 2 2 1 1 1 1 1 2 1 3 2 1 1 1 1 1 1 1 1 4 1 2 1 1 1 1 1 1 3 1 1 2 1 1 1 1 1 2 1 2 2 1 1 1 1 2 1 2 3 2 1 1 2 1 1 2 3 2 2 3 1 2 1 1 3 1 1 1 2 4 1 1 2 3 2 1 1 3 1 1 1 1 1 1 1 1 1 3 1 1 2 2 2 1 1 2 1 2 2 4 1 3 1 1 3 1 2 2 1 1 3 1 2 1 2 1 4 2 2 1 2 1 1 5 3 1 1 3 1 2 1 3 1 2 2 2 2 1 1 1 3 2 3 1 2 1 2 3 4 1 3 3 1 1 2 1 3 1 1 2 3 2 3 1 1 2 1 1 1 1 1 1 1 1 3 1 3 1 1 1 6 1 2 1 1 1 2 2 3 1 3 1 1 2 1 2 2 1 1 1 1 1 2 1 1 2 4 2 2 2 3 2 1 1 1 1 1 2 2 1 1 1 2 2 1 1 1 2 2 2 2 1 1 1 1 1 1 2 2 1 2 1 3 2 1 1 2 2 2 1 2 3 1 2 4 2 1 1 1 3 2 1 2 1 1 1 2 2 2 4 1 1 1 2 2 1 1 1 2 2 3 1 1 2 2 2 3 2 1 2 1 1 1 1 3 1 2 2 1 1 2 1 3 2 1 1 1 1 1 2 1 2 1 3 1 1 2 1 1 2 1 1 1 1 2 2 1 1 1 1 3 3 1 1 4 2 5 1 1 1 1 2 2 3 1 4 1 5 3 1 2 2 2 3 1 2 1 1 1 2 1 1 2 4 1 1 1 3 1 1 4 2 2 1 1 1 1 1 1 2 1 2 1 2 2 1 1 2 2 2 1 2 2 2 2 1 1 1 1 1 3 2 2 1 1 4 1 3 2 3 2 2 3 2 4 2 4 1 1 1 2 2 2 3 2 1 2 1 1 2 4 2 1 2 1 1 1 3 1 1 2 1 1 2 3 2 3 1 1 3 3 2 2 2 2 1 2 2 2 2 2 2 1 2 1 1 1 1 2 1 1 1 1 1 3 3 1 1 1 1 1 1 1 2 2 1 1 1 1 2 2 2 1 2 2 2 1 4 2 1 1 1 1 3 1 1 5 1 1 4 2 1 2 1 2 4 3 1 1 1 1 1 1 2 4 2 2 3 2 1 1 1 1 4 3 2 1 1 1 1 1 2 1 3 4 1 1 4 2 2 4 1 1 1 2 1 2 4 1 1 1 1 2 1 2 2 2 2 2 1 1 1 1 2 1 3 4 1 1 2 2 1 2 1 2 1 1 1 1 1 3 1 1 2 2 1 1 2 1 2 1 5 2 1 2 4 1 1 1 2 2 1 2 2 4 3 2 2 3 2 1 2 2 2 1 3 1 1 4 2 2 2 2 1 2 1 2 1 2 2 1 2 1 2 1 1 1 1 2 1 1 3 2 1 2 3 2 3 3 2 1 1 2 1 2 2 2 1 1 1 1 2 1 2 1 2 1 1 1 3 2 3 2 2 2 1 1 1 1 3 3 1 5 1 2 1 2 2 1 4 1 1 2 1 2 3 1 1 2 2 1 1 1 2 1 1 1 1 2 2 1 1 1 2 1 1 1 1 1 1 1 3 3 1 3 2 1 4 1 3 1 1 2 1 1 2 2 4 1 1 1 1 2 2 1 1 1 1 3 3 3 1 2 2 2 1 1 1 1 3 3 1 1 3 1 1 1 1 4 1 1 1 3 2 1 1 1 1 1 1 1 4 3 1 2 1 1 2 2 2 3 1 1 1 1 1 1 1 2 2 1 4 3 3 1 2 1 1 4 1 1 1 4 2 1 3 1 3 3 1 2 1 2 2 1 2 1 3 1 1 2 1 1 1 1 1 4 1 2 1 1 2 3 2 4 1 3 2 4 2 2 2 2 1 2 3 3 1 2 1 3 1 1 2 1 1 2 1 2 2 1 2 2 3 1 1 3 2 1 1 2 1 1 2 2 1 3 1 2 3 2 1 1 2 2 1 1 1 1 1 2 4 1 2 1 1 1 2 2 1 3 1 1 3 4 1 2 1 2 2 3 1 1 1 3 1 1 1 4 1 4 1 1 2 1 1 1 1 3 1 1 1 1 1 2 1 1 1 1 1 1 3 1 2 3 3 3 1 2 1 1 2 1 1 1 2 1 2 2 1 1 2 5 2 1 1 2 2 3 1 2 2 2 3 1 1 2 5 2 1 1 2 2 1 1 1 1 1 1 2 1 1 3 2 1 1 3 3 1 3 2 3 5 1 2 2 4 1 1 1 1 2 3 2 1 3 1 2 1 3 2 3 1 3 1 1 1 1 1 1 2 1 2 1 1 5 2 3 1 1 3 2 1 1 1 3 1 1 1 2 1 4 4 1 2 2 1 2 1 2 2 1 2 5 1 1 2 2 1 2 2 1 4 3 3 2 3 1 1 1 2 1 1 2 3 1 1 2 2 1 1 1 1 1 1 4 2 1 1 2 1 2 1 2 3 2 2 2 1 2 2 1 1 3 2 2 1 1 2 2 2 1 4 3 1 1 2 3 1 1 1 2 1 1 1 1 1 2 2 4 1 1 1 1 2 1 3 1 1 2 2 1 2 2 1 1 1 2 1 1 1 3 3 1 3 3 1 1 2 1 1 3 3 1 3 1 2 2 2 1 1 2 4 1 3 2 1 2 2 3 2 1 2 3 1 4 2 2 3 2 4 1 1 2 3 2 3 1 2 4 4 2 2 2 2 1 1 1 1 1 1 1 1 3 1 1 1 1 2 2 1 1 1 1 1 2 1 1 2 1 1 2 4 1 2 3 2 1 1 1 1 2 1 3 1 2 1 2 2 2 1 4 1 2 2 2 2 2 1 1 2 1 1 1 2 3 2 2 1 1 1 3 2 1 3 3 1 2 2 1 1 2 2 2 3 2 2 2 1 2 1 1 2 2 1 1 1 2 2 1 1 3 1 4 4 1 3 2 1 6 3 1 2 2 2 1 1 1 2 2 2 1 1 2 4 3 2 2 1 2 1 1 2 4 2 1 1 1 1 1 1 3 1 1 1 2 3 1 2 2 2 1 1 1 1 1 1 2 2 2 2 2 3 1 2 2 2 1 3 2 3 1 2 1 1 1 1 3 1 1 2 3 2 1 3 2 3 1 1 1 1 1 2 2 3 3 1 2 2 1 1 1 2 1 6 1 3 2 1 4 2 1 1 3 1 2 2 2 1 1 2 1 2 1 1 4 1 3 1 2 1 2 1 2 2 2 1 1 3 2 2 1 1 1 1 1 1 2 3 1 2 4 2 1 2 2 2 2 2 2 1 1 1 2 2 1 4 2 2 1 1 3 1 1 2 1 2 3 1 4 1 2 1 2 1 1 2 3 2 2 1 1 2 1 1 1 3 1 2 2 1 3 4 1 1 1 2 4 1 1 2 1 1 1 3 1 2 1 2 2 1 2 1 1 1 3 1 2 3 4 3 2 2 3 3 3 3 3 3 3 1 1 3 3 1 2 4 3 2 2 1 1 1 2 1 1 1 1 3 1 1 2 1 3 1 1 2 2 1 1 2 1 2 1 2 3 5 3 3 2 1 2 4 1 1 1 1 1 2 2 2 1 1 2 1 1 2 2 2 1 1 2 1 3 2 1 1 1 2 1 1 1 1 2 1 1 1 1 1 2 1 1 2 1 1 3 1 3 1 1 1 2 2 2 3 2 2 1 1 1 4 3 2 3 3 2 1 1 1 1 1 1 3 2 2 2 1 1 1 2 1 2 1 1 1 1 2 1 1 1 1 1 3 1 3 1 1 1 1 2 1 1 1 1 1 2 2 1 1 2 1 3 3 4 1 3 1 2 2 1 3 4 2 2 1 2 1 5 2 2 2 2 1 1 4 1 1 1 1 3 1 3 3 3 2 1 4 2 2 1 2 4 3 1 1 3 2 1 1 2 1 3 1 2 1 2 3 1 2 1 1 2 1 2 1 3 3 1 2 2 1 1 1 1 2 1 4 2 2 1 1 2 2 1 1 1 1 2 4 2 3 2 2 1 1 1 1 3 1 1 1 3 3 3 1 1 2 1 1 1 3 2 1 2 1 2 1 4 2 3 2 1 2 2 1 1 1 2 2 1 1 3 2 1 1 6 2 1 1 3 4 3 3 1 1 1 1 1 2 1 2 2 2 1 1 3 2 3 1 2 1 1 1 1 3 2 1 1 2 1 1 1 2 2 2 2 1 2 2 3 2 2 1 1 6 3 1 2 1 2 1 1 2 1 1 2 3 1 2 1 2 2 3 1 1 1 2 2 1 1 3 1 1 1 2 1 1 1 1 2 1 1 1 2 2 1 1 1 4 1 1 1 4 1 2 1 1 2 3 2 3 1 1 1 1 2 2 1 3 1 2 2 1 1 2 2 1 1 1 1 4 1 1 2 3 4 1 2 3 1 2 2 1 1 1 1 1 1 3 2 2 2 1 2 1 3 1 1 1 2 2 1 1 4 2 
  #Test Small 4301
  #Test Medium 10471
  #Test Large 16625
