Board size [mm] 175x225

Stats side 1
  #Components with background 60
  #Components with points 241
  #Components nofly 6
  #Components notouch 3
  #Pins 53989
  #GNDs 2134
  #VDDs 1774
  #Clock 20
  #NoFly points 940
  #NoTouch points 634
  #Points [total] 59491

Stats side 2
  #Components with background 53
  #Components with points 276
  #Components nofly 0
  #Components notouch 2
  #Pins 49391
  #GNDs 1535
  #VDDs 1206
  #Clock 24
  #NoFly points 0
  #NoTouch points 292
  #Points [total] 52448

Stats board (side 1 + side 2)
  #Components with background 113
  #Components with points 517
  #Components nofly 6
  #Components notouch 5
  #Pins 103380
  #GNDs 3669
  #VDDs 2980
  #Clock 44
  #NoFly points 940
  #NoTouch points 926
  #Points [total] 111939
  #Nets 5295
    Net Size: 3669 2980 44 1 2 2 3 1 1 3 2 2 2 1 3 2 3 2 1 3 1 1 1 1 2 4 2 1 3 2 3 2 5 1 1 5 2 1 2 2 1 2 3 3 3 1 4 2 1 3 3 2 1 3 4 2 2 1 2 2 4 2 1 3 2 1 2 2 2 2 1 1 2 2 1 1 1 1 1 3 1 3 4 3 1 5 2 1 5 1 3 2 3 1 4 1 1 1 2 1 1 3 1 1 1 2 2 1 1 1 4 1 1 1 3 2 2 2 1 6 2 1 3 1 1 1 1 3 1 2 3 1 1 2 3 5 3 2 2 3 1 4 1 1 1 3 1 1 2 1 1 2 2 6 1 2 3 1 1 4 2 3 2 2 3 1 1 4 1 1 2 2 1 2 2 2 2 1 5 2 3 2 3 3 1 1 1 3 1 3 1 1 1 2 4 2 2 2 1 3 1 1 3 2 2 1 2 1 3 1 1 1 1 2 3 2 1 1 2 1 2 2 1 2 1 1 1 2 1 3 1 3 3 4 1 2 1 1 2 2 1 1 4 1 4 2 1 1 3 2 2 3 1 1 1 1 2 2 2 2 1 4 1 3 1 1 3 1 3 2 3 2 1 3 2 3 1 1 2 1 2 2 1 1 5 2 1 2 1 2 3 1 2 1 1 1 2 3 1 1 2 3 3 2 2 2 1 4 4 1 2 1 1 2 4 1 1 7 1 1 2 1 2 2 3 3 3 2 2 3 2 4 3 2 3 3 2 1 1 3 2 2 2 4 1 4 1 4 1 1 4 1 4 1 1 1 2 2 3 1 3 2 1 1 1 1 1 3 2 4 1 1 1 3 4 2 2 2 2 1 2 1 3 1 1 2 2 4 2 1 1 2 1 1 2 2 3 1 1 4 1 4 2 4 2 2 2 1 4 1 1 3 1 3 2 2 4 1 1 2 3 1 2 3 2 1 2 3 2 1 3 2 1 1 3 2 1 1 2 3 3 2 2 1 2 2 2 5 1 3 1 1 1 2 3 1 1 1 4 2 4 2 1 1 2 1 6 2 3 3 1 3 1 1 1 2 2 1 2 2 3 1 2 2 2 2 2 1 1 1 2 3 1 2 4 1 3 2 1 2 2 1 3 3 2 1 2 1 1 2 1 1 1 2 3 2 1 2 1 1 1 1 1 2 3 1 1 2 1 1 1 2 3 2 2 1 2 1 1 1 1 2 3 2 1 1 1 2 2 2 1 2 2 3 2 1 2 3 2 2 2 1 3 2 2 3 2 2 1 2 1 1 1 2 2 2 1 1 2 1 2 1 3 1 2 2 2 1 1 2 2 2 2 3 2 1 2 2 1 1 1 2 1 1 1 1 3 2 1 2 1 4 1 2 1 1 4 5 2 2 5 3 3 1 1 3 2 2 2 2 2 3 3 2 1 4 4 2 4 3 2 5 5 3 1 2 2 1 2 1 1 1 3 3 3 5 2 3 2 1 1 3 2 1 3 2 1 2 3 3 3 2 3 1 2 3 2 1 2 1 1 3 1 1 1 2 1 2 1 2 2 3 2 2 1 1 1 1 1 4 1 1 1 2 4 3 2 1 4 2 1 2 1 1 1 1 3 2 1 2 1 1 1 1 1 2 2 1 1 1 2 1 3 2 4 1 1 3 1 3 2 1 1 1 3 3 3 4 1 4 1 3 1 2 3 1 1 1 1 3 3 1 1 3 2 4 1 1 1 3 3 1 1 2 1 1 2 2 1 2 1 1 1 5 3 4 3 1 4 1 2 1 3 1 2 4 2 1 2 3 1 1 2 1 4 3 3 3 4 3 2 6 1 2 2 2 3 1 1 2 3 1 3 1 4 2 2 2 4 2 3 6 1 2 1 1 1 1 2 3 2 1 2 1 1 2 3 1 2 2 3 1 4 4 3 1 1 1 1 1 2 2 2 1 3 1 4 1 2 4 1 2 2 1 2 1 2 5 2 2 2 1 1 1 1 2 3 2 1 2 2 1 2 3 2 3 3 1 4 3 3 2 4 1 3 1 1 2 2 2 1 4 2 1 4 3 1 3 2 1 2 3 1 4 1 1 4 1 1 3 2 2 3 1 2 1 5 2 1 2 2 2 1 1 1 1 2 1 1 1 2 1 2 2 1 1 2 1 2 2 1 1 1 1 5 2 3 2 5 3 1 1 1 3 1 2 1 1 3 2 3 1 3 1 2 1 2 3 1 1 6 2 2 1 3 2 3 1 3 3 1 1 3 1 1 4 2 1 1 1 3 3 1 2 4 1 1 2 2 3 2 1 3 1 1 1 3 2 1 3 2 3 1 1 2 2 2 2 3 2 1 1 2 3 1 3 3 4 3 7 1 2 1 2 2 2 1 2 2 2 4 1 2 1 1 2 1 1 2 1 1 1 3 2 3 3 2 2 2 4 4 1 2 3 3 4 2 1 1 1 3 1 2 2 3 3 1 1 2 2 1 3 1 1 2 1 2 1 2 2 1 2 2 2 1 2 2 2 1 1 3 1 1 2 1 1 4 3 2 4 1 1 2 1 1 2 2 3 2 2 2 1 3 1 1 2 2 1 1 4 3 4 3 3 1 2 2 2 2 2 2 2 1 2 1 4 1 1 1 1 2 1 1 5 2 5 1 2 1 2 1 1 1 1 1 2 3 2 1 1 1 4 2 2 4 2 2 1 2 2 1 3 1 3 1 1 1 2 1 5 1 3 1 2 1 2 1 1 2 1 2 2 2 4 1 2 2 3 1 2 1 1 2 2 1 2 3 2 1 1 3 1 2 2 1 3 1 2 3 2 1 1 1 3 2 1 2 2 1 3 2 2 2 1 1 4 3 1 2 3 2 3 1 1 1 3 3 2 1 1 6 1 2 1 1 2 1 1 2 1 1 2 5 3 1 2 2 1 1 3 2 1 3 2 2 2 4 1 3 1 1 2 2 2 1 2 2 1 1 3 5 3 1 1 3 4 1 1 1 3 1 1 1 2 1 2 2 4 1 3 1 3 1 2 1 4 2 1 4 2 2 2 3 1 2 1 2 1 2 3 1 2 3 2 3 3 1 1 2 1 1 3 3 1 1 1 1 3 3 1 3 1 2 1 1 4 1 2 3 1 3 1 1 1 3 1 1 2 1 4 3 5 2 1 1 4 1 1 2 2 1 1 3 2 2 3 1 1 1 2 2 2 1 1 3 4 1 2 3 2 1 1 4 4 3 1 2 2 3 2 1 1 2 2 2 1 2 2 1 1 1 3 1 2 3 2 1 5 1 1 2 2 2 2 2 2 5 2 2 1 2 3 2 1 2 2 3 3 1 3 1 1 4 3 1 1 3 3 6 1 3 1 2 3 1 2 1 2 2 2 1 1 1 1 3 1 1 5 4 3 1 1 2 2 2 1 1 1 1 2 2 3 4 1 4 3 4 1 1 1 3 2 1 2 2 3 2 3 1 1 2 1 3 1 2 1 2 5 2 1 4 2 2 2 3 3 5 3 3 1 4 1 2 2 1 2 3 1 1 1 2 1 1 2 2 1 2 1 2 2 4 1 2 1 2 2 1 1 1 2 3 1 2 2 4 2 4 3 1 1 3 2 3 4 3 1 2 2 1 5 1 2 5 1 1 1 2 3 2 1 3 2 3 1 2 3 2 2 1 1 3 1 1 2 3 3 1 3 1 1 2 3 1 2 1 1 3 4 2 3 1 1 2 1 1 3 3 2 1 1 1 3 4 2 2 1 2 2 1 4 2 2 4 4 2 1 2 1 1 3 4 2 1 1 1 3 1 4 2 1 2 3 1 2 2 3 3 4 2 2 1 2 1 3 4 1 2 4 3 1 2 4 1 1 1 1 2 1 3 2 2 5 1 2 4 1 2 1 4 1 2 3 1 1 1 1 1 1 2 2 1 4 2 3 1 3 2 2 1 4 3 2 3 1 1 1 2 2 3 1 1 2 2 3 4 1 2 1 2 2 6 1 3 2 2 1 2 1 2 1 5 1 1 4 1 1 1 1 2 3 2 1 1 2 2 1 3 2 1 1 2 2 1 3 1 3 2 3 3 2 1 1 1 1 2 1 1 2 1 2 3 1 1 1 2 1 3 1 1 3 2 3 2 2 5 6 1 1 2 1 5 4 3 4 3 3 1 1 2 3 1 1 1 1 1 1 1 1 2 2 2 1 1 2 2 3 5 1 2 2 2 2 1 1 3 1 1 3 1 1 1 2 4 2 2 1 4 3 1 1 2 6 1 2 5 2 1 1 1 1 3 1 1 3 1 1 3 4 4 1 1 3 3 2 1 1 3 1 3 2 1 1 1 1 1 4 2 2 3 2 1 2 1 1 2 1 2 2 2 5 1 1 3 3 1 2 2 2 3 3 1 2 3 2 2 2 1 1 3 1 3 2 2 2 1 1 2 1 1 1 1 1 1 2 1 2 2 1 1 2 4 2 7 3 2 4 3 1 2 2 3 3 3 1 2 3 1 2 2 1 3 1 1 2 1 2 2 3 2 1 2 1 1 1 1 1 3 3 2 1 2 1 2 1 1 2 3 2 2 2 2 2 2 1 3 2 2 1 1 2 2 2 4 3 1 2 4 1 1 3 1 1 3 2 1 3 1 1 3 1 2 2 2 1 4 4 1 1 1 2 1 2 2 1 2 2 1 1 2 1 1 1 2 1 1 3 2 2 3 1 2 1 2 4 1 2 4 2 1 1 2 3 1 1 1 3 3 1 4 1 3 1 1 1 2 1 1 2 2 3 2 3 1 3 2 2 1 2 1 1 1 1 2 3 2 2 2 6 3 2 4 2 1 2 2 1 5 1 2 1 2 1 1 4 2 1 7 1 4 1 1 1 3 1 3 3 2 1 3 1 1 1 2 3 2 1 2 1 1 2 1 3 2 1 5 1 2 1 1 2 4 1 3 3 2 1 1 2 2 2 2 3 1 3 3 2 3 1 4 2 2 3 1 2 2 2 1 1 1 3 1 1 2 2 2 2 2 1 4 1 2 1 2 4 2 1 1 1 4 1 1 1 3 3 3 3 1 1 1 2 1 1 3 1 2 1 2 1 2 1 1 3 1 1 2 2 1 3 1 2 2 2 1 1 2 1 4 1 1 2 2 3 1 1 1 2 2 1 3 2 1 1 1 2 1 2 1 2 1 1 1 2 4 1 1 1 1 2 2 1 2 2 2 1 2 2 1 1 2 1 1 3 3 1 1 1 2 5 3 1 2 1 1 1 1 2 1 1 1 1 1 2 2 3 1 1 2 1 1 1 1 2 1 1 2 1 1 2 1 3 1 2 1 2 1 1 2 1 1 1 4 2 3 4 2 1 1 1 1 1 2 2 1 3 2 1 1 1 2 1 3 1 1 1 1 1 1 2 4 2 2 1 2 2 1 2 3 1 2 1 1 1 1 2 1 1 2 3 1 5 1 4 1 1 4 3 2 2 2 3 1 2 1 1 3 7 1 1 1 2 1 2 2 2 1 3 1 2 3 2 1 1 2 4 3 3 1 1 3 2 1 1 2 2 2 4 2 1 2 2 1 2 3 2 1 3 4 1 1 2 1 3 2 3 4 2 1 2 2 3 1 2 1 2 1 2 1 1 1 1 3 3 3 1 2 1 3 1 1 1 3 4 4 2 4 1 1 3 2 3 1 2 2 2 3 3 3 2 3 2 1 2 1 3 1 1 2 1 1 2 2 1 1 3 3 1 1 2 2 1 2 1 1 1 1 1 1 2 2 3 4 1 1 1 3 1 1 2 1 5 1 3 2 2 1 5 2 1 1 1 2 2 2 2 4 2 2 4 1 2 1 2 1 1 1 1 3 1 1 1 1 1 3 1 1 1 2 2 1 2 1 2 1 3 1 1 2 2 4 2 2 2 1 5 1 2 1 2 1 1 1 1 1 3 1 1 3 2 3 1 1 2 1 1 1 2 1 3 4 3 2 3 4 3 3 3 2 1 1 3 1 3 1 1 2 1 1 3 3 1 2 1 2 2 2 1 2 1 2 1 3 1 1 3 2 2 1 1 2 2 1 1 2 3 2 2 4 2 1 3 1 1 2 4 1 1 2 1 3 1 1 2 1 4 2 1 3 1 3 2 1 3 1 1 3 1 2 2 1 3 6 1 1 2 1 3 1 1 3 1 1 2 1 1 1 2 2 1 1 3 2 2 2 2 2 2 2 3 2 3 1 2 1 1 1 1 1 1 3 1 2 3 1 1 2 3 5 2 1 2 2 2 2 2 1 1 3 3 2 1 2 1 1 4 1 2 2 2 3 1 2 1 3 1 2 3 2 2 2 1 1 3 1 2 1 1 1 3 3 4 2 1 3 1 3 5 1 2 3 2 4 5 2 3 1 4 3 3 2 2 2 3 2 1 4 2 2 1 2 3 1 1 2 5 1 2 3 1 2 2 1 1 3 1 2 2 3 4 2 4 2 2 2 2 1 2 3 4 5 1 1 1 2 5 3 1 4 2 2 2 1 1 2 2 1 4 1 1 1 3 3 1 1 1 1 1 2 5 1 2 1 4 1 1 3 7 2 2 2 1 2 2 1 1 1 2 1 1 2 2 2 2 3 1 1 2 1 1 2 3 2 4 2 3 4 2 1 2 4 1 2 2 1 1 3 4 2 1 3 4 2 2 1 2 2 2 3 1 1 3 1 1 2 1 1 1 2 2 1 1 2 2 2 2 1 2 1 1 1 2 1 2 2 1 1 1 3 2 2 2 1 1 3 1 3 1 4 1 3 2 1 2 1 1 5 2 1 2 4 3 1 1 1 4 2 1 1 1 4 1 2 3 2 2 1 4 2 3 2 3 2 1 3 1 2 2 2 1 4 3 3 4 1 3 1 3 1 1 1 1 1 2 1 2 2 2 1 1 2 2 1 2 1 2 1 2 2 1 1 3 2 3 2 1 5 4 2 2 2 1 3 1 1 2 1 1 2 2 2 3 1 1 4 2 3 2 1 2 1 2 1 1 3 1 4 1 1 1 4 4 1 2 1 4 1 1 1 3 2 2 2 1 2 3 1 5 1 1 2 1 1 1 1 2 1 1 1 2 1 1 1 1 2 2 2 1 2 4 2 1 2 2 4 2 1 2 3 2 2 3 1 1 1 5 3 3 1 2 1 1 2 2 1 2 1 2 2 3 4 2 3 2 3 1 3 2 3 2 2 2 2 3 1 2 2 2 1 2 1 2 1 2 2 2 2 2 3 3 1 1 3 2 2 1 1 2 1 3 1 1 1 1 3 1 3 2 1 1 2 2 3 3 4 2 1 1 2 1 1 4 5 1 3 1 1 1 3 1 1 3 2 2 2 1 1 3 2 1 1 1 1 4 1 3 1 4 1 2 1 2 1 2 2 1 1 2 4 1 2 3 3 3 2 3 1 2 3 1 2 3 1 1 1 2 4 2 2 3 2 2 3 2 3 1 5 1 3 1 1 2 1 1 2 2 1 1 1 4 3 4 3 1 2 2 2 4 1 3 3 1 3 3 1 2 1 4 1 1 2 2 1 2 2 2 1 1 1 3 3 2 4 4 2 1 3 2 6 1 1 2 1 4 1 2 3 3 5 1 1 2 1 2 3 1 2 2 1 2 2 3 1 1 3 2 2 1 1 2 3 2 1 1 5 2 2 2 1 2 2 1 1 1 1 2 1 2 2 3 3 1 1 1 2 2 2 2 3 1 1 3 1 2 1 3 2 2 2 3 3 2 2 3 1 4 2 1 5 1 5 2 1 1 2 3 2 2 2 1 1 1 3 1 3 2 1 2 4 2 2 2 2 4 1 1 1 1 1 2 3 3 3 1 2 2 2 2 2 1 1 2 4 5 1 1 2 2 2 2 2 2 2 2 3 1 1 2 1 3 3 1 1 2 1 1 1 3 3 1 1 1 1 2 1 3 2 3 1 2 1 3 1 2 1 1 1 5 2 3 1 2 1 2 2 1 4 4 1 1 2 1 3 5 1 1 3 3 1 1 1 1 1 5 1 1 3 1 2 2 4 1 2 3 1 1 1 1 1 1 1 2 3 2 2 7 2 2 2 1 1 7 2 3 2 1 1 2 1 1 2 4 5 2 1 2 2 1 2 1 5 4 2 1 2 1 2 4 1 2 2 1 2 2 4 2 1 1 1 1 1 2 3 3 1 1 3 3 3 2 1 1 1 1 1 3 2 2 1 2 1 1 2 3 1 3 1 2 1 2 1 3 2 4 1 2 1 1 1 1 2 4 3 3 2 2 1 1 2 2 1 4 1 2 4 3 1 2 3 3 2 1 1 1 2 1 3 2 3 1 5 1 2 3 1 2 3 3 1 3 1 2 1 1 3 1 2 3 1 3 3 4 2 2 2 1 2 5 1 2 2 2 1 2 4 1 2 1 3 1 1 4 2 1 1 4 2 2 1 1 3 2 1 2 1 2 1 2 1 1 2 2 1 1 3 1 4 2 3 1 3 1 2 2 1 1 2 2 2 1 8 2 2 1 2 5 2 2 2 1 2 1 2 4 1 1 2 2 1 4 2 1 2 1 1 3 2 1 1 2 4 1 1 3 3 2 1 3 1 5 1 2 1 4 4 4 3 4 1 1 2 1 1 2 2 2 1 1 2 2 2 2 2 1 2 1 1 3 2 1 1 3 2 1 1 1 1 4 4 1 1 1 1 2 1 5 5 1 1 2 2 1 2 2 2 1 1 3 2 1 2 3 1 1 6 3 3 3 3 1 1 2 3 1 4 2 4 1 4 2 3 2 3 1 1 4 2 2 2 2 4 1 2 2 5 4 4 1 2 1 1 1 3 4 1 1 1 1 2 2 1 2 5 2 3 3 3 3 3 2 3 2 4 1 2 1 1 2 1 4 2 2 2 1 2 5 1 1 3 3 2 2 1 1 1 1 3 2 3 2 1 3 3 1 2 1 4 1 2 2 3 4 3 3 1 2 3 1 2 1 2 1 1 1 1 1 1 3 1 2 2 1 2 4 1 1 3 1 3 4 2 1 2 2 2 3 2 1 4 3 1 1 1 4 1 1 3 1 2 2 5 1 2 1 1 2 1 1 2 2 2 2 1 1 1 3 1 1 1 1 2 2 1 2 1 2 3 1 1 2 2 3 1 3 1 1 1 3 4 1 2 2 1 3 1 2 1 3 2 1 2 1 3 4 1 4 3 2 1 3 1 2 1 2 3 1 2 1 2 3 2 1 1 3 1 5 1 1 1 2 2 1 3 2 2 1 1 2 1 1 4 3 1 5 1 1 1 2 3 1 1 2 3 3 1 1 1 1 2 3 1 1 1 2 2 3 2 2 3 1 2 1 2 1 4 3 1 4 1 4 3 1 1 4 2 4 2 1 1 3 3 5 2 3 2 1 2 2 1 1 4 4 2 1 3 1 3 1 1 2 1 2 2 3 1 1 1 3 3 1 2 2 1 1 2 2 4 1 1 1 1 2 2 3 1 1 1 1 2 4 1 4 2 1 1 1 1 1 2 3 4 1 4 2 3 1 1 2 1 2 2 3 1 4 3 1 1 1 4 1 2 1 2 1 1 3 1 1 1 2 3 2 2 1 3 3 4 3 2 1 1 1 2 2 1 4 1 3 1 1 1 1 2 2 7 2 3 1 4 5 1 1 2 4 2 1 2 2 4 3 3 2 3 3 2 1 2 2 1 1 3 1 3 2 2 1 2 1 2 1 2 1 1 1 1 2 1 1 1 2 2 1 3 1 1 3 2 1 1 1 1 2 3 2 2 2 1 2 1 1 3 1 1 3 1 1 1 2 1 1 2 1 3 3 2 2 1 3 2 4 1 1 1 1 2 2 1 2 2 2 4 4 1 8 3 1 4 5 3 3 1 2 1 2 1 2 3 1 2 1 3 1 4 1 1 3 3 1 3 3 3 1 3 2 2 3 2 1 1 1 2 2 3 1 3 1 1 1 2 1 3 3 3 1 2 2 2 2 2 2 2 1 4 4 1 1 4 2 1 1 1 2 2 1 1 2 3 1 2 3 3 3 1 3 4 1 4 2 1 3 2 1 2 1 1 2 2 1 2 2 1 2 2 2 1 3 1 2 2 2 4 2 3 3 1 2 1 2 3 1 1 2 2 2 2 1 1 2 2 1 1 1 2 2 4 1 2 1 2 4 1 2 2 3 1 1 2 2 1 2 2 1 1 1 1 1 1 1 1 3 1 4 1 1 1 3 1 2 4 2 3 1 2 2 1 2 1 1 2 3 1 1 2 1 2 1 3 3 1 1 2 2 2 2 5 3 2 1 1 1 1 2 1 1 2 3 1 3 3 2 2 2 1 2 1 5 1 2 1 3 3 1 4 5 1 1 2 1 2 1 2 1 1 1 2 3 3 1 2 1 3 1 2 1 2 2 1 2 1 4 4 1 5 1 2 2 1 1 2 1 2 1 1 2 1 1 2 3 3 1 2 1 1 2 1 3 3 1 1 4 1 1 1 1 2 1 2 1 1 3 3 1 3 2 1 2 1 1 2 4 1 1 3 1 1 1 1 4 2 2 2 2 1 4 1 2 3 2 1 1 2 1 1 1 2 2 2 2 1 1 1 1 1 2 1 1 1 1 2 1 1 3 1 4 1 2 1 2 3 3 1 4 2 2 1 2 1 1 3 2 3 4 1 2 2 2 3 3 1 1 1 3 2 2 3 1 1 1 2 2 3 2 2 1 1 1 2 1 3 2 1 1 2 5 2 1 1 3 2 1 4 3 1 1 5 2 4 1 1 2 1 3 3 1 2 1 1 1 1 3 1 2 3 1 3 4 2 1 3 2 1 2 2 3 1 3 2 1 1 4 2 6 2 2 2 1 1 1 2 1 5 1 1 1 1 1 1 2 1 2 2 4 2 1 1 4 2 2 1 2 3 1 2 2 1 3 1 2 2 2 2 2 2 1 3 2 2 3 1 2 1 2 2 1 1 1 1 1 1 3 2 2 1 1 1 1 1 2 1 3 1 1 2 3 1 1 1 2 1 2 1 1 2 1 4 1 2 4 2 3 2 1 4 1 2 2 1 4 2 3 1 1 4 1 1 5 1 1 3 4 6 1 2 4 1 1 2 1 3 3 1 1 3 1 2 1 3 5 2 1 1 1 1 1 1 5 2 2 4 2 3 2 1 4 2 1 1 1 1 3 2 1 1 1 5 1 1 1 1 3 5 4 1 1 1 1 2 2 1 1 3 1 3 1 3 2 1 1 1 1 2 2 2 2 3 1 1 2 2 4 4 4 2 1 1 2 1 1 2 4 1 2 1 4 3 1 1 3 3 4 2 3 2 2 7 1 2 1 3 1 1 2 4 1 2 3 2 1 4 1 1 1 2 1 4 1 3 2 2 1 3 3 2 2 1 1 1 2 1 2 2 2 4 3 4 3 2 1 2 3 2 1 1 3 4 1 2 1 5 1 3 2 5 3 2 1 1 2 1 4 3 1 1 1 1 3 1 2 1 1 1 1 3 2 2 1 2 1 2 3 2 2 1 4 1 5 2 2 1 2 4 1 3 3 1 1 2 3 2 4 2 2 2 1 2 1 2 2 1 1 1 1 1 3 2 3 5 1 2 3 2 1 1 1 3 4 1 1 2 3 2 3 2 4 2 1 1 2 4 4 1 1 3 4 1 1 1 1 3 1 3 1 3 1 1 2 2 1 3 2 2 1 1 4 1 3 4 1 2 1 2 2 1 4 1 1 2 1 2 1 5 3 2 3 5 2 1 2 4 4 2 1 1 1 2 1 1 1 1 4 1 3 2 4 2 3 3 2 3 5 4 3 1 2 2 1 1 2 3 2 1 1 2 1 1 4 1 1 1 1 4 1 2 2 4 3 2 4 2 3 3 1 3 1 1 1 1 1 5 4 1 1 3 1 1 1 1 
  #Test Small 5981
  #Test Medium 15890
  #Test Large 24255
