Board size [mm] 200x300

Stats side 1
  #Components with background 35
  #Components with points 295
  #Components nofly 6
  #Components notouch 6
  #Pins 81209
  #GNDs 2216
  #VDDs 1717
  #Clock 35
  #NoFly points 940
  #NoTouch points 1048
  #Points [total] 87165

Stats side 2
  #Components with background 28
  #Components with points 296
  #Components nofly 0
  #Components notouch 0
  #Pins 82107
  #GNDs 2461
  #VDDs 1963
  #Clock 24
  #NoFly points 0
  #NoTouch points 0
  #Points [total] 86555

Stats board (side 1 + side 2)
  #Components with background 63
  #Components with points 591
  #Components nofly 6
  #Components notouch 6
  #Pins 163316
  #GNDs 4677
  #VDDs 3680
  #Clock 59
  #NoFly points 940
  #NoTouch points 1048
  #Points [total] 173720
  #Nets 158403
    Net Size: 4677 3680 59 1 2 2 1 3 1 2 4 4 1 1 2 1 2 2 1 3 1 1 1 2 2 3 2 1 2 2 1 1 5 3 1 2 2 3 1 1 1 2 1 1 1 1 2 2 1 1 2 1 1 3 1 1 2 1 2 1 1 1 2 2 3 1 2 2 1 2 4 2 3 3 4 1 2 2 3 3 2 2 3 1 2 3 1 2 4 2 2 1 2 3 1 1 2 2 1 2 1 1 2 2 2 1 2 2 2 1 1 1 2 1 1 1 1 2 2 2 6 1 1 2 1 2 2 1 1 3 2 1 1 1 2 4 2 2 3 5 1 2 1 1 1 1 1 1 2 1 1 2 1 1 2 2 1 3 2 1 1 2 2 3 5 1 1 5 1 3 3 1 1 2 1 2 2 2 1 6 2 1 2 2 2 1 1 1 1 1 4 4 2 2 1 1 3 3 1 1 2 3 1 1 2 2 2 1 3 2 2 3 4 5 1 1 2 2 2 1 3 1 1 1 1 4 1 3 1 2 2 2 1 3 1 3 1 1 1 1 3 2 2 2 3 1 1 2 1 1 1 1 1 1 1 2 4 3 2 2 1 1 1 2 3 2 1 1 1 2 2 2 2 1 1 1 2 2 1 2 1 1 1 2 2 3 1 1 2 3 2 1 2 1 2 1 2 1 2 1 1 2 1 1 3 3 2 1 1 1 1 1 1 1 1 1 2 1 1 1 4 1 1 2 1 3 1 1 1 1 2 1 1 2 1 1 2 1 1 1 1 2 1 1 2 4 2 1 3 2 2 3 2 1 4 1 1 2 1 2 3 1 1 2 2 2 1 2 1 1 2 3 1 2 1 2 5 1 1 2 2 3 2 1 1 2 1 1 2 1 4 1 5 2 1 2 4 3 1 2 4 1 2 2 1 2 2 2 3 1 2 2 2 1 1 4 2 1 2 1 1 3 2 1 2 2 2 1 1 1 3 1 1 2 1 3 2 1 2 1 1 3 1 2 1 2 1 2 1 3 2 2 1 2 1 2 2 2 3 1 2 2 4 1 1 3 1 2 2 1 1 1 2 1 1 1 1 3 2 2 2 2 1 1 2 2 2 1 1 2 2 2 3 1 3 1 1 2 1 1 3 1 2 3 1 1 1 2 3 1 1 3 1 1 1 2 1 1 1 1 3 5 5 2 2 1 1 1 2 1 2 1 3 2 1 2 1 1 1 1 1 1 2 3 2 2 1 2 2 3 1 2 1 4 1 2 3 3 1 1 2 3 1 1 1 2 2 1 1 1 2 2 2 3 2 3 2 3 1 2 3 1 1 1 2 2 2 2 1 1 1 2 1 3 1 2 2 3 2 2 1 4 3 2 1 1 2 2 1 2 2 2 1 2 1 2 5 3 1 1 3 2 1 1 1 1 2 1 2 1 1 1 1 1 3 2 2 2 2 3 1 3 1 1 2 1 3 2 3 6 3 1 5 1 1 2 1 1 2 1 1 1 1 1 1 3 1 2 2 1 2 1 2 2 3 1 1 2 1 1 1 1 2 1 1 2 2 2 2 1 1 4 1 4 1 1 2 1 1 1 3 1 1 1 4 2 3 2 1 1 2 4 1 1 1 4 2 1 2 1 3 2 1 1 2 1 1 1 2 1 3 2 3 2 1 1 1 2 6 2 1 1 2 3 1 1 2 2 2 2 4 2 3 1 2 1 1 1 1 1 2 2 1 1 1 2 2 1 1 2 1 1 2 2 1 1 1 2 1 1 1 2 1 2 3 2 1 1 3 1 1 6 2 1 3 1 1 1 1 3 2 1 2 1 2 1 1 2 2 3 2 1 2 1 1 3 3 1 2 2 1 2 2 2 2 3 1 2 5 2 4 1 4 1 1 1 2 3 1 1 1 3 1 2 2 1 3 1 1 2 2 2 1 2 3 3 1 1 1 1 2 3 1 2 1 1 2 3 1 1 1 1 1 1 1 3 3 2 4 1 1 1 1 2 3 1 2 1 1 1 1 3 2 3 3 1 1 1 1 2 1 1 1 2 1 1 3 1 1 3 1 2 3 3 1 1 1 3 2 1 1 3 2 2 2 1 1 3 1 1 2 1 2 1 2 1 2 2 1 2 1 1 3 1 1 2 2 1 1 1 1 1 1 1 3 1 2 2 2 2 1 3 1 1 1 1 1 4 1 1 1 1 1 1 2 1 2 2 1 1 2 1 2 2 2 1 2 1 2 1 2 2 1 2 2 1 1 2 1 1 1 1 3 2 2 3 1 3 3 4 1 5 2 1 1 3 3 2 1 2 1 2 1 2 2 2 1 3 3 1 3 2 3 1 1 1 3 4 1 1 3 1 1 3 2 1 1 1 1 1 2 3 1 2 4 1 1 1 3 1 2 1 2 1 1 2 4 3 3 3 1 1 1 1 1 4 2 2 3 2 2 2 1 2 1 1 1 1 3 1 2 4 2 1 2 2 1 1 2 1 1 3 3 1 2 1 2 1 3 1 1 3 2 1 1 2 1 2 1 2 2 3 2 2 3 3 1 2 1 3 1 1 1 2 1 1 1 1 2 1 1 1 1 1 2 1 1 2 1 1 3 1 4 1 2 1 1 1 1 2 1 2 1 1 3 2 1 4 1 2 2 1 2 1 3 1 1 2 2 1 2 1 1 2 1 2 2 1 2 1 1 4 1 1 1 1 1 1 4 1 1 1 1 1 3 1 2 1 3 1 2 3 2 1 1 2 1 2 1 1 3 1 2 1 2 2 1 1 1 2 1 1 1 1 1 2 1 2 3 1 2 3 1 4 1 1 2 1 2 2 3 1 3 1 1 3 3 1 2 1 1 3 1 4 1 3 1 2 1 4 1 3 1 2 1 1 2 2 2 3 2 1 3 2 3 1 1 3 1 1 4 1 1 1 1 1 1 3 1 1 1 1 1 1 2 1 3 1 1 4 1 1 3 1 1 1 6 1 1 2 2 1 1 1 3 1 2 2 3 4 2 4 1 4 1 1 2 1 1 3 3 3 1 1 1 1 2 1 2 1 1 2 2 3 1 1 1 2 2 1 2 1 3 1 1 1 1 1 2 3 1 4 3 1 3 1 1 3 2 2 2 1 1 3 1 2 1 1 3 3 2 1 2 1 2 1 4 1 1 2 1 4 1 1 1 2 1 1 2 1 2 1 2 1 2 1 1 1 1 2 1 1 1 1 1 4 2 1 1 3 1 3 3 2 2 1 2 3 2 1 2 1 1 3 1 2 1 2 2 1 3 1 3 1 1 2 2 2 2 1 3 1 3 1 4 1 1 1 3 1 1 3 2 1 3 1 2 1 1 2 1 1 1 5 3 1 2 1 2 1 1 1 1 3 2 2 3 2 1 2 3 1 1 2 3 2 5 1 2 1 2 4 3 1 2 1 1 1 2 1 1 1 5 2 1 2 1 1 1 1 2 1 5 1 1 1 1 1 2 1 1 3 1 2 2 1 2 3 1 1 1 3 3 2 2 2 1 1 2 1 3 1 2 1 1 1 1 1 1 2 1 3 2 1 1 1 2 1 1 1 1 2 1 1 1 2 1 3 1 1 3 2 3 1 4 1 1 3 1 2 2 2 3 2 1 1 2 2 1 2 1 2 1 1 2 4 1 2 2 1 1 1 2 1 2 1 2 1 1 2 1 1 1 1 2 3 1 2 1 1 3 1 1 1 2 1 2 4 4 1 4 3 5 1 2 3 1 2 2 2 2 1 2 2 4 2 1 2 1 1 2 1 1 2 1 2 2 4 1 1 3 2 3 1 1 2 1 1 2 3 1 2 1 2 1 2 1 2 2 3 1 3 1 2 3 1 2 1 2 2 3 1 1 1 3 1 1 2 1 1 1 4 2 2 4 2 1 3 1 2 1 1 1 1 3 1 1 1 1 1 2 1 1 4 1 2 3 3 2 1 1 2 1 1 1 1 3 2 1 1 2 2 1 2 2 4 1 1 1 2 1 1 3 1 2 2 1 4 1 1 3 3 1 1 1 1 1 3 3 2 1 2 2 2 2 1 4 2 1 3 3 3 1 2 1 2 1 1 1 2 3 4 1 1 1 1 1 2 3 1 1 3 1 1 1 1 1 1 2 1 2 4 4 2 1 1 1 2 1 3 2 2 2 4 2 3 4 5 1 2 1 4 2 2 1 1 4 4 2 2 1 1 4 1 2 3 2 3 1 2 1 2 1 1 2 1 1 1 2 1 2 1 5 3 2 4 1 1 2 4 2 1 2 2 1 1 2 1 3 1 2 4 1 1 1 2 1 1 1 2 4 1 1 1 1 5 1 3 1 1 1 2 2 2 1 1 1 1 3 1 2 3 1 3 1 2 1 1 4 1 3 1 3 3 2 1 1 2 1 3 1 3 2 2 3 1 1 1 1 1 1 2 1 3 3 1 3 4 1 1 2 3 5 5 3 3 1 2 1 1 2 2 3 1 2 3 1 1 1 1 1 3 1 3 1 1 2 1 1 1 1 4 2 1 1 1 1 2 1 3 1 2 2 1 1 1 1 6 2 3 3 1 1 1 1 1 2 3 2 2 1 1 2 2 1 1 1 1 3 1 1 1 1 2 3 1 2 1 1 1 1 1 6 2 1 2 1 3 1 3 1 1 1 1 1 2 1 2 1 3 3 1 2 2 2 1 1 1 1 2 5 2 2 1 1 2 2 3 3 2 1 2 1 2 3 1 1 1 1 3 1 1 3 1 3 1 1 2 2 1 1 1 3 3 4 1 2 1 2 2 1 1 4 2 1 2 3 2 1 3 3 1 2 2 1 1 2 2 2 3 1 1 2 2 1 3 2 1 1 1 3 3 3 2 2 1 1 2 2 2 2 1 3 1 1 1 1 1 1 3 2 2 5 2 1 2 2 1 1 2 1 1 1 1 1 1 1 1 2 2 2 2 3 1 1 5 1 2 2 3 1 1 2 2 3 3 3 2 2 2 2 3 2 2 1 1 3 1 1 1 1 1 1 1 1 2 1 1 2 2 1 4 1 1 1 1 1 1 1 2 1 3 1 1 3 1 1 1 1 1 2 1 1 4 5 3 2 1 2 2 2 1 2 2 4 2 2 1 1 1 1 1 1 2 2 1 2 2 1 1 1 3 3 2 1 1 3 2 2 2 2 1 1 1 1 3 3 1 2 1 1 2 1 1 2 1 1 4 1 1 1 2 1 2 3 2 1 2 1 2 1 4 2 1 1 2 4 5 1 2 3 2 1 3 1 3 3 1 3 1 1 1 3 1 1 2 1 3 1 1 1 1 2 1 1 2 3 1 4 3 1 1 1 3 2 1 2 3 2 1 4 1 3 1 2 5 2 1 2 1 2 2 1 1 1 1 1 1 4 1 1 3 1 1 1 1 1 1 1 1 3 1 1 1 1 1 1 1 1 3 1 2 3 3 1 1 2 1 2 1 2 1 2 1 1 1 2 3 1 2 3 1 1 4 1 2 1 2 1 2 3 2 4 1 1 3 2 2 1 1 2 1 1 2 2 1 1 3 2 4 2 3 2 2 1 2 1 2 2 1 2 1 1 2 1 1 3 1 2 3 1 2 1 1 2 3 1 2 2 2 1 2 1 2 2 2 2 1 2 1 1 1 1 2 1 3 2 1 1 2 1 3 1 1 1 1 3 4 2 4 2 2 2 1 1 1 3 1 1 2 2 1 2 1 2 1 3 3 3 2 1 2 2 3 1 1 3 3 3 3 3 1 1 2 1 6 1 2 2 5 1 4 2 1 1 1 2 1 1 3 3 3 2 1 1 1 1 1 1 1 1 2 1 1 1 2 2 1 2 2 1 3 2 1 1 2 2 1 2 1 2 2 3 1 1 2 1 2 2 1 1 1 3 1 1 2 2 5 1 1 5 1 2 2 1 2 1 3 1 1 3 1 2 1 1 2 1 1 4 1 2 1 1 2 1 1 1 2 1 1 1 2 3 1 3 2 1 2 2 2 1 1 1 1 1 1 1 1 1 1 2 1 1 1 1 3 1 1 2 1 1 2 3 2 1 1 1 1 1 1 2 1 2 2 1 1 1 2 1 1 1 1 1 2 4 2 2 1 1 2 2 2 2 1 2 1 1 1 4 3 1 3 1 1 3 3 3 4 1 5 2 1 2 1 3 1 2 1 1 3 2 1 1 1 3 1 3 2 2 1 1 3 2 1 3 1 1 1 2 1 1 1 2 1 2 2 1 4 1 2 1 3 2 2 2 1 2 1 1 1 1 1 1 1 1 2 2 3 4 1 1 1 1 1 2 1 1 2 3 1 1 5 2 1 1 1 1 1 1 1 1 2 5 1 3 1 1 2 3 3 1 3 2 2 1 1 1 1 1 1 1 2 1 1 1 3 1 1 1 1 1 3 1 1 1 3 1 2 1 1 1 2 1 1 4 1 1 1 1 1 2 1 1 1 1 3 5 3 3 1 2 1 1 1 2 1 1 2 2 2 2 2 4 1 2 2 1 3 1 1 1 1 1 1 2 1 3 2 2 2 2 1 1 2 1 1 2 1 4 2 1 1 1 2 1 1 1 1 1 2 1 1 2 4 3 2 1 1 2 1 4 1 1 2 2 1 2 1 3 4 1 1 1 2 2 1 1 1 1 2 1 1 1 3 3 2 2 4 1 4 1 1 2 5 2 2 1 1 3 1 1 3 1 2 2 2 1 1 1 2 3 1 1 1 1 2 1 2 3 1 3 2 4 1 2 1 1 1 2 2 1 3 1 2 2 2 1 1 1 3 1 4 2 1 1 2 1 1 2 1 2 1 1 1 1 1 2 2 1 3 1 2 2 3 2 1 2 2 1 3 2 4 1 1 2 1 1 2 3 3 1 2 4 4 1 3 1 2 1 1 2 2 3 2 1 1 2 1 2 1 1 2 1 1 2 1 1 1 2 1 3 1 1 2 1 3 1 1 1 3 1 8 4 2 2 1 4 1 2 5 3 1 2 1 1 1 2 2 2 1 1 1 4 2 5 1 3 3 2 1 2 1 3 2 2 2 4 1 2 1 2 1 1 3 1 2 2 1 2 2 1 1 2 2 3 2 2 2 4 2 2 1 1 2 2 2 1 1 1 3 1 2 2 4 2 2 2 1 2 1 2 1 2 2 4 1 1 1 2 2 1 2 1 3 2 2 1 3 1 1 2 1 2 4 2 2 1 1 1 1 2 2 1 3 2 2 2 3 2 1 1 1 1 1 1 2 1 2 1 2 1 3 1 1 1 1 1 1 2 1 1 4 2 2 2 1 2 1 1 2 2 1 1 2 1 3 1 2 4 2 1 2 2 1 1 2 1 1 1 2 1 1 6 1 3 2 2 1 1 1 5 1 1 4 1 1 2 3 3 1 1 1 1 1 2 1 2 2 3 1 1 3 1 2 1 2 1 2 1 1 1 1 1 2 3 1 1 1 1 1 1 2 1 1 2 2 1 1 3 1 5 1 4 1 1 1 1 2 2 1 2 1 2 1 1 3 2 1 1 1 3 3 1 1 3 2 5 1 3 1 1 1 3 2 2 3 1 1 1 2 2 1 3 2 2 2 2 4 4 4 1 1 1 2 4 1 2 1 1 1 2 3 1 2 1 2 1 1 2 2 2 1 5 1 3 2 1 3 1 1 2 1 1 1 5 1 1 1 2 2 2 3 2 1 1 1 2 3 3 1 1 1 1 1 3 1 2 2 3 2 2 3 2 2 2 1 2 2 1 1 2 1 2 2 1 1 1 2 1 1 2 1 2 2 1 1 2 2 1 4 1 1 1 1 1 2 1 1 1 3 1 1 1 1 2 1 1 1 1 1 1 3 3 1 4 2 1 4 1 2 2 1 1 3 1 3 1 1 1 2 1 2 1 1 1 1 2 1 2 1 2 1 1 1 1 2 1 2 2 1 2 1 3 1 1 2 1 1 1 1 1 1 1 2 2 3 2 2 4 1 3 1 1 1 2 2 2 2 3 3 1 1 2 3 2 3 1 1 3 1 1 1 1 3 1 1 2 3 2 1 3 2 2 1 2 2 4 1 1 3 1 2 1 1 1 1 1 2 1 1 1 1 3 2 1 2 1 1 1 3 1 1 1 1 2 2 1 3 2 1 1 1 2 1 1 2 1 1 1 3 1 1 1 1 2 3 2 1 2 1 2 1 4 6 1 2 2 2 1 2 5 2 1 1 4 1 2 2 2 3 2 1 3 1 1 3 2 2 1 1 2 1 1 2 1 2 4 4 1 2 2 2 1 2 1 2 2 1 2 2 1 2 3 3 1 4 1 1 2 2 3 2 2 2 2 2 3 1 1 2 2 2 2 1 1 1 1 1 1 2 2 1 1 1 3 1 1 1 2 2 1 1 2 1 1 1 1 1 1 1 1 1 1 1 3 1 3 2 1 1 1 2 1 1 1 1 3 3 1 3 1 3 1 2 4 2 1 2 1 4 2 1 1 2 1 1 1 1 1 1 2 1 1 1 2 2 5 1 3 2 2 3 4 5 1 2 3 2 2 3 2 1 3 2 2 1 1 2 1 2 2 1 3 1 3 5 2 1 1 1 3 2 1 3 2 1 2 2 2 1 2 2 1 1 1 1 2 1 1 1 1 1 1 4 3 1 1 1 5 1 2 1 2 2 1 1 3 1 2 1 1 2 1 1 4 1 2 1 3 1 1 1 1 1 2 1 1 2 1 2 3 1 1 2 2 4 1 1 1 1 2 1 1 1 1 1 2 1 4 1 3 2 4 2 2 2 2 1 2 1 3 2 3 2 2 2 1 1 1 1 2 1 3 2 1 2 1 1 1 1 3 3 4 1 3 1 2 1 2 1 1 2 1 1 1 1 2 3 2 1 2 1 1 1 2 1 1 4 2 2 2 1 1 2 1 2 1 4 2 1 2 1 3 2 1 3 1 1 1 1 1 1 3 1 3 1 1 3 1 1 1 1 1 3 2 2 2 2 2 2 3 3 1 1 1 4 1 1 2 2 3 2 2 1 3 2 2 1 1 2 1 2 1 2 2 3 2 1 3 2 1 3 2 1 1 2 1 2 2 3 1 2 1 2 2 1 1 2 1 4 2 1 2 2 4 2 3 2 1 1 2 2 6 1 3 1 2 3 1 1 1 2 2 1 2 3 1 1 2 1 2 1 1 2 2 1 2 2 1 1 4 1 2 4 2 1 1 1 2 1 3 2 2 1 2 2 3 2 2 3 1 1 1 2 2 1 1 1 2 1 2 2 1 2 1 2 2 3 2 1 1 2 3 2 2 2 2 1 2 1 2 1 2 1 1 1 3 4 2 1 3 2 1 1 1 1 1 1 1 3 1 2 1 1 1 1 1 2 3 2 2 1 1 1 1 1 1 3 1 3 1 1 2 1 1 1 1 2 1 2 2 3 2 2 2 1 3 1 1 1 2 1 1 1 1 3 3 1 1 3 1 1 1 3 1 2 1 1 3 2 3 2 1 2 4 1 1 2 4 1 1 1 2 1 1 1 1 1 2 1 2 1 1 2 1 1 1 1 2 1 3 1 1 2 2 1 2 1 3 1 1 4 3 1 1 2 1 1 1 2 4 1 2 4 1 2 1 1 1 1 1 7 2 1 1 2 3 3 1 1 4 1 2 1 1 1 1 1 1 1 2 1 2 3 1 2 1 1 1 2 2 2 1 3 3 1 1 1 2 1 1 2 1 2 1 1 2 1 2 2 1 1 1 2 2 1 2 1 4 1 2 2 1 2 1 3 2 3 1 1 1 1 1 1 2 1 2 3 2 3 2 2 3 3 2 1 2 1 1 1 1 1 1 1 1 2 1 2 2 2 1 3 1 1 1 2 2 1 1 2 1 1 1 1 2 2 1 3 3 2 1 4 2 1 2 2 1 3 2 3 2 2 1 2 1 2 1 1 2 2 2 3 1 2 2 2 2 2 1 1 1 3 1 2 2 1 1 2 2 1 1 2 2 1 2 1 2 3 4 1 3 3 1 1 1 3 2 3 1 2 1 1 2 5 1 1 1 2 2 1 1 2 2 2 2 2 2 1 2 1 2 1 4 1 1 1 1 1 1 4 2 1 3 1 1 1 3 1 1 3 4 2 2 1 1 3 1 2 2 1 3 1 1 1 2 2 3 2 1 1 1 4 2 1 2 2 3 2 1 2 3 2 2 1 2 1 3 1 1 1 1 3 2 4 3 3 1 1 2 1 3 3 1 1 2 2 1 2 1 2 2 1 1 1 2 1 1 2 2 2 2 1 2 1 2 3 1 2 2 1 2 2 1 1 2 1 2 2 1 1 2 1 2 2 1 2 2 5 1 2 3 2 2 1 2 2 3 1 1 1 1 2 1 1 3 4 2 3 3 2 1 2 1 1 2 2 4 1 2 2 1 1 2 1 3 1 3 1 2 2 2 1 2 1 3 1 2 3 1 1 1 4 1 1 2 3 2 2 4 2 1 3 2 2 1 1 2 3 2 1 5 3 1 1 1 1 2 2 1 2 1 1 1 1 2 2 1 3 4 1 2 3 1 1 2 4 1 2 2 3 2 2 3 1 3 1 3 3 2 1 1 1 1 1 5 1 1 2 1 2 1 1 2 1 2 2 1 1 2 1 2 2 4 2 1 1 2 2 1 2 1 2 1 1 1 1 3 1 4 1 3 1 1 2 2 1 1 2 1 1 2 1 1 1 2 2 2 4 2 1 1 1 1 3 1 1 1 3 1 1 1 3 3 3 2 1 2 2 2 2 2 1 2 2 1 2 2 1 1 2 1 2 3 1 3 1 2 3 2 1 1 3 1 1 2 1 1 3 1 3 1 2 2 2 1 2 3 3 2 2 6 2 2 1 1 3 1 1 1 1 2 2 1 2 1 2 1 1 3 1 1 2 4 2 2 3 1 1 1 1 1 1 1 3 2 1 2 2 2 2 2 1 4 1 1 1 1 1 2 1 1 2 1 2 1 2 1 2 1 3 1 1 2 2 1 1 2 1 1 1 1 1 1 2 3 2 1 1 2 4 1 1 3 2 1 1 2 1 2 1 2 1 1 2 3 1 1 1 1 1 2 1 2 5 3 2 2 2 2 1 2 2 2 1 4 2 1 1 1 1 2 3 4 3 1 1 2 1 1 1 1 1 2 4 2 5 1 1 1 3 3 1 1 2 2 1 2 2 1 3 4 2 1 3 3 1 1 5 1 2 2 1 4 1 3 1 2 2 1 1 1 3 1 1 3 2 1 1 2 1 1 1 1 3 3 1 1 1 1 1 1 3 2 2 1 1 2 1 2 2 3 5 1 3 2 2 3 2 3 2 1 2 1 1 2 1 3 2 1 4 2 1 2 4 1 2 2 2 2 4 2 2 1 1 1 2 1 1 2 1 2 1 1 3 2 3 4 2 1 4 2 1 1 1 3 1 1 2 1 1 1 1 2 1 2 2 1 2 2 2 1 3 1 1 1 1 1 3 2 1 3 2 1 3 3 3 2 3 1 1 1 1 4 2 1 1 2 3 1 2 1 1 1 1 1 1 2 2 1 2 3 2 1 1 1 2 2 2 2 3 2 1 1 2 3 1 1 1 1 2 2 1 2 4 1 1 2 1 1 1 2 2 2 3 1 1 2 2 2 1 1 2 5 2 2 1 2 1 1 2 2 4 1 3 1 3 1 2 4 1 1 1 2 2 2 2 1 1 1 2 3 1 1 2 1 1 1 3 2 3 2 2 1 1 3 1 2 2 2 1 1 2 3 2 5 3 1 3 1 1 2 1 2 1 2 4 1 3 1 2 1 2 3 3 2 2 2 1 1 2 1 3 5 1 2 1 2 1 1 2 1 1 1 2 2 1 1 1 2 1 1 1 1 3 2 1 1 2 2 1 1 1 1 4 3 2 1 1 4 2 2 3 1 1 3 1 4 1 1 1 3 1 3 2 1 2 1 2 2 2 1 2 1 1 2 1 2 1 2 1 1 2 2 1 2 1 2 3 2 2 1 1 2 2 1 2 1 1 4 1 1 2 3 1 2 1 1 1 1 1 2 2 1 3 1 1 2 2 5 2 1 3 1 1 2 2 1 1 1 2 2 1 1 1 1 1 3 2 3 2 4 1 2 1 6 4 1 2 2 3 1 1 1 3 1 3 1 1 2 2 4 1 1 1 4 1 1 1 1 3 2 3 3 2 2 2 1 2 2 2 1 1 2 3 1 1 2 1 4 1 2 1 2 1 3 1 1 1 3 1 3 2 1 1 2 3 2 2 1 1 1 1 1 1 2 1 2 1 3 3 1 2 1 1 2 1 1 1 2 1 1 2 1 1 2 1 1 3 1 2 2 3 3 2 1 2 2 2 3 1 3 2 1 1 1 1 2 1 1 1 2 1 1 1 1 2 3 2 1 1 1 1 1 3 1 4 1 2 2 2 1 2 1 1 1 2 1 2 1 4 2 1 2 1 1 1 3 2 1 3 2 1 3 1 3 3 2 2 2 2 3 3 1 1 2 3 2 1 1 1 1 2 3 3 2 2 2 1 1 2 2 2 1 1 2 1 2 1 1 1 1 1 2 1 3 1 2 3 3 1 2 1 1 1 2 3 1 2 3 1 2 2 1 4 1 3 3 1 1 2 1 2 3 1 3 3 4 2 2 1 3 2 3 1 1 2 2 2 1 2 1 2 1 1 1 2 2 1 3 5 1 1 3 3 3 4 1 1 1 2 1 1 2 2 1 1 1 1 1 2 1 2 5 2 3 3 1 2 3 2 1 3 3 1 2 3 2 3 1 1 1 2 1 1 1 1 1 1 1 3 2 1 1 1 4 3 2 3 2 4 3 2 2 2 1 1 1 2 2 1 1 1 1 2 3 2 1 2 1 1 3 1 3 2 3 1 2 3 1 3 1 1 3 1 2 1 2 3 1 1 1 1 3 1 1 2 1 2 2 1 2 2 1 1 1 2 1 1 3 2 4 1 1 3 1 2 2 1 1 1 2 1 3 2 3 2 2 2 1 1 2 3 2 1 4 2 1 3 1 3 4 2 1 3 1 2 1 1 5 1 2 1 1 2 2 1 2 1 1 2 2 2 3 1 1 1 2 2 1 2 1 2 1 3 1 2 1 2 2 2 4 2 1 3 3 2 1 1 3 3 1 2 2 1 1 1 1 1 2 1 1 1 1 1 3 2 1 1 1 2 1 1 1 1 1 2 1 2 1 1 2 1 2 1 3 1 3 1 2 1 1 2 2 3 2 1 4 1 3 2 3 1 1 1 1 1 1 3 2 1 2 1 1 2 1 4 1 1 1 1 1 1 1 2 1 1 1 1 2 2 1 3 1 2 1 2 1 2 2 1 4 2 2 2 4 4 2 1 2 1 3 2 1 1 3 1 1 1 1 1 1 2 2 1 2 2 1 2 1 2 1 1 2 1 2 2 1 2 2 1 1 2 2 3 2 1 1 2 2 1 1 2 1 1 1 1 1 2 1 1 1 1 2 1 1 2 2 1 3 2 3 1 3 1 1 1 1 2 1 1 2 1 3 2 1 1 1 1 1 1 1 3 3 1 1 2 2 2 1 1 1 4 1 1 2 1 1 1 1 1 1 1 5 1 1 1 3 2 2 1 1 1 3 1 3 3 2 2 2 4 1 2 2 1 2 2 1 2 1 1 1 4 3 5 2 1 2 1 3 2 2 1 4 2 5 1 2 3 4 1 1 1 1 1 2 3 2 2 2 2 1 1 2 1 1 1 4 1 1 3 4 1 1 1 2 3 1 3 3 1 2 1 3 3 2 1 2 2 1 1 2 2 1 3 1 3 2 2 3 1 2 1 2 1 1 2 1 2 3 1 1 1 1 6 1 1 2 1 4 3 2 2 1 1 1 1 6 4 2 2 2 2 3 1 1 2 2 1 3 2 4 2 2 2 1 4 1 2 1 1 1 2 2 2 2 2 1 1 1 1 4 3 4 1 1 2 2 3 4 1 1 2 1 2 1 2 1 1 1 2 1 1 4 1 1 2 3 3 3 1 4 1 2 1 1 3 2 3 2 2 3 4 1 1 2 1 3 2 1 1 4 2 2 4 1 3 2 2 3 3 1 2 1 2 2 1 2 2 2 1 2 2 2 1 3 4 1 3 2 2 1 2 1 1 2 2 3 3 1 1 1 2 1 4 1 3 1 1 3 1 2 3 2 1 1 2 1 3 2 2 1 1 1 1 3 3 2 2 1 1 1 1 2 2 1 1 1 1 2 2 1 4 1 4 1 2 1 1 2 1 2 3 2 1 2 2 3 1 1 2 2 1 2 1 1 2 3 2 3 2 1 1 3 2 2 1 2 2 1 1 1 2 1 4 1 1 1 3 1 3 1 1 1 1 4 3 1 3 1 1 2 4 1 2 2 2 1 2 1 2 2 1 1 1 3 4 1 3 3 1 1 1 3 1 3 2 3 4 2 2 3 1 4 1 2 3 1 1 2 1 1 2 2 1 1 3 2 3 3 3 2 1 2 1 2 1 2 1 1 4 1 1 4 2 1 2 1 1 1 4 1 1 4 2 2 2 1 1 2 1 2 1 1 3 3 3 1 1 2 1 3 2 1 1 2 3 2 2 2 1 1 1 2 2 1 4 1 3 3 2 1 2 1 3 1 3 1 2 3 3 2 1 1 3 2 2 3 1 1 1 2 1 3 7 1 1 4 1 1 3 1 1 1 3 3 1 4 3 3 3 3 2 1 1 2 2 1 1 1 2 1 1 1 2 3 1 1 2 2 2 2 1 1 1 1 1 2 2 3 3 1 2 4 1 1 2 1 3 4 1 1 1 3 1 1 2 1 1 1 1 1 2 2 2 1 2 4 2 2 1 2 3 3 1 1 2 2 2 1 2 2 3 3 2 1 1 1 1 2 1 2 4 1 1 1 1 2 1 1 2 2 1 3 1 4 1 1 1 1 2 3 4 1 4 1 1 1 2 1 1 1 2 2 3 2 2 1 2 2 1 2 2 3 1 1 4 2 1 1 1 2 1 1 2 3 1 1 2 1 2 1 1 4 2 2 1 3 3 2 1 2 1 1 2 1 1 2 2 1 1 3 1 2 1 2 1 4 5 3 1 1 2 2 1 1 1 1 3 2 1 2 3 3 2 1 1 1 2 3 1 1 2 2 1 1 3 2 1 1 3 3 1 1 2 2 2 2 1 1 3 1 1 1 2 2 1 3 2 1 1 3 1 1 1 1 1 1 2 1 4 2 1 3 3 2 2 1 2 1 2 1 1 2 1 2 1 1 1 3 1 1 4 3 4 1 1 4 1 1 2 6 1 1 1 2 1 3 1 1 2 2 1 1 1 1 2 2 2 1 1 1 1 1 1 1 1 1 1 2 2 2 3 3 2 1 1 1 2 1 1 2 3 2 1 3 1 1 1 2 1 1 2 2 2 3 2 2 1 3 3 3 2 3 2 1 1 1 1 1 1 2 1 1 1 3 3 2 1 1 1 2 1 1 1 1 2 1 2 1 1 2 1 1 1 2 6 2 5 2 1 1 1 1 2 2 1 1 1 1 1 1 2 1 2 2 2 1 1 2 1 2 1 2 1 1 1 3 2 1 2 1 2 1 2 3 1 1 1 1 1 1 2 2 1 1 1 1 1 3 1 2 2 3 1 3 1 2 2 3 1 1 1 1 3 1 1 2 3 1 2 1 2 3 1 2 1 1 3 1 1 3 1 2 2 2 3 1 4 2 1 2 1 3 4 1 3 1 1 1 1 2 1 3 1 1 2 2 2 2 1 4 2 1 5 2 4 1 1 2 3 1 3 1 3 4 2 1 2 5 1 5 1 2 2 1 1 1 2 1 3 2 1 1 1 1 1 1 2 3 1 3 2 1 1 1 4 1 3 2 5 2 1 1 1 2 1 2 2 1 1 4 4 2 1 1 2 1 3 2 2 1 3 1 1 2 1 3 1 2 1 1 2 1 1 1 1 2 1 3 1 1 2 4 1 3 1 3 2 1 1 2 2 1 1 2 1 2 1 2 2 1 2 1 2 4 1 1 1 1 2 1 1 1 4 5 1 1 4 3 1 2 1 1 2 1 2 1 1 1 1 2 2 4 1 1 2 1 3 2 2 1 5 1 1 1 3 2 3 1 3 1 2 3 2 1 1 1 2 2 2 1 1 2 1 1 2 1 2 1 2 1 2 2 2 3 4 2 1 2 1 1 1 1 4 2 3 1 1 2 1 2 2 1 3 2 3 2 1 5 2 1 3 1 1 3 4 1 3 1 1 1 2 2 1 2 3 1 1 2 4 2 2 6 1 2 1 3 2 1 1 1 2 1 2 1 1 1 1 1 1 1 2 1 1 2 2 1 2 4 2 2 1 1 2 1 1 1 1 2 2 1 1 1 2 3 1 3 1 1 1 3 3 3 2 2 2 1 1 3 1 1 1 3 1 1 1 1 2 3 1 1 1 2 2 1 1 1 4 2 1 4 2 2 1 3 1 2 1 2 2 3 3 2 1 2 1 1 2 1 1 2 4 1 3 1 2 1 1 1 1 2 1 1 1 2 1 3 1 1 1 1 1 2 2 2 3 3 1 1 1 1 1 2 2 1 4 2 3 1 1 1 1 1 4 3 2 1 1 2 1 2 1 1 1 1 1 3 1 1 1 1 2 1 1 1 4 2 2 1 1 2 2 2 1 1 1 2 3 3 1 1 1 1 1 3 3 1 3 3 2 1 1 2 1 1 1 2 2 1 2 1 1 2 2 2 1 1 1 1 2 1 1 1 3 2 1 1 2 3 4 3 1 3 1 1 1 3 2 3 3 2 1 2 2 1 1 2 2 1 1 1 2 2 3 1 1 2 1 3 1 1 1 2 1 1 1 1 1 1 1 2 1 1 1 1 1 3 1 1 1 1 1 2 1 1 2 1 1 2 2 1 1 1 3 3 3 1 2 2 1 2 3 2 5 1 4 1 3 1 3 1 1 1 2 1 1 4 1 1 2 3 2 2 1 3 2 2 2 3 3 1 1 1 1 1 3 2 1 2 1 1 1 3 1 1 2 3 1 2 3 1 1 1 2 2 3 3 3 2 3 1 2 2 2 2 2 1 3 1 1 1 2 1 1 4 1 1 3 2 1 2 1 2 2 2 1 1 3 1 2 1 1 2 1 1 1 2 1 2 1 2 1 1 1 1 1 3 1 2 1 3 1 1 1 1 1 3 1 1 1 1 2 2 4 1 1 2 2 2 1 1 2 1 1 1 2 2 1 3 2 2 1 3 1 1 2 3 4 1 1 3 1 3 2 1 1 1 3 2 2 1 1 3 1 4 1 4 2 1 2 3 2 1 3 3 1 1 1 1 2 1 1 1 1 1 2 1 1 2 1 1 2 4 1 1 1 1 2 1 2 1 1 2 1 2 1 1 1 3 2 2 1 1 2 1 1 4 2 1 3 2 1 4 2 1 1 2 2 1 2 2 2 2 1 1 2 3 1 1 3 3 2 3 3 1 2 1 1 1 2 3 1 1 1 1 1 1 2 3 2 3 2 2 3 2 1 3 2 3 2 1 2 3 3 2 1 1 1 1 3 3 1 2 1 3 1 1 3 1 2 1 1 3 2 1 1 2 1 3 3 2 1 1 1 1 1 2 1 1 1 2 2 1 1 1 1 3 1 2 2 1 1 3 2 4 1 1 1 2 2 1 2 3 1 2 1 2 1 1 3 1 3 1 1 1 2 2 1 1 2 2 1 2 1 4 2 1 1 2 1 3 2 3 1 2 2 2 2 3 1 2 1 1 1 2 2 1 1 2 3 1 2 2 2 3 1 1 1 2 2 1 2 2 2 3 2 2 1 1 2 1 2 2 3 1 1 2 3 1 1 1 4 2 1 2 2 1 1 1 2 2 3 2 2 1 3 1 5 1 4 3 2 1 1 3 1 1 1 2 1 1 1 1 1 2 3 2 1 1 2 1 1 1 2 2 2 1 1 1 1 3 3 1 1 3 3 1 1 3 3 3 2 2 5 1 1 1 1 3 4 1 4 1 1 2 1 1 1 1 1 2 2 2 2 1 1 2 1 1 2 3 2 1 2 2 3 2 1 1 2 1 2 2 2 1 2 1 3 1 1 1 4 2 3 2 1 1 1 2 1 1 1 4 2 2 3 1 1 2 1 1 1 2 1 1 1 2 1 2 1 2 3 1 1 3 1 3 1 1 1 1 2 3 3 3 2 1 2 1 3 3 1 1 1 1 2 2 1 1 2 2 3 1 1 1 3 3 2 1 1 2 1 1 3 1 4 2 2 2 1 1 1 2 1 2 1 3 2 2 3 2 2 1 4 2 1 2 2 2 2 1 1 2 2 1 2 1 3 1 3 1 1 1 3 4 2 1 3 2 1 1 2 2 2 1 1 2 1 3 1 1 3 1 1 1 1 4 1 1 2 3 1 1 2 3 2 1 2 1 1 2 1 2 1 2 4 2 3 1 2 1 1 1 1 1 3 1 1 2 1 1 2 2 3 2 1 2 1 1 2 2 1 3 3 1 1 1 1 1 1 2 1 1 1 2 1 1 1 1 4 4 1 2 1 2 2 1 2 1 1 1 2 2 2 2 3 1 1 1 1 1 1 3 2 1 1 1 1 1 1 3 3 5 1 1 1 1 1 1 2 3 1 1 1 1 2 1 2 1 1 1 2 2 2 3 1 2 1 2 2 1 1 3 2 1 2 2 1 2 2 1 1 4 2 1 1 3 1 2 1 1 6 1 2 1 1 1 1 3 1 2 1 1 1 4 1 2 1 2 2 1 2 1 4 2 1 2 4 2 2 1 3 2 2 2 1 1 1 1 3 2 1 2 2 1 1 2 1 2 1 2 1 2 1 2 3 1 2 2 1 1 1 3 2 1 2 1 4 2 1 2 1 1 3 1 2 2 2 1 2 4 2 1 2 1 2 2 3 2 1 1 3 1 2 2 1 1 2 1 3 1 1 1 1 1 3 2 2 1 4 2 1 2 4 1 1 1 1 3 1 2 2 1 2 5 1 1 2 2 2 1 1 1 2 2 3 1 1 1 5 1 3 1 1 2 1 1 2 3 2 2 1 2 2 2 1 1 2 1 1 1 1 3 1 2 2 2 1 2 1 2 1 1 1 1 3 1 2 2 1 1 2 1 1 3 2 2 2 1 1 3 1 1 1 1 2 1 1 1 3 1 2 1 2 1 2 2 3 1 1 2 1 1 3 2 1 2 1 2 1 1 1 1 1 2 2 2 1 1 1 1 2 1 1 2 1 2 1 2 1 1 1 2 2 2 1 2 2 1 3 3 3 2 2 5 2 1 1 2 3 3 1 1 1 1 2 1 2 3 1 3 2 1 1 1 1 1 2 1 1 3 1 1 1 1 1 4 1 1 3 2 2 3 1 2 1 1 2 1 4 2 1 1 1 3 2 1 2 2 1 2 1 3 1 2 2 4 3 2 1 1 2 1 1 1 1 2 2 2 1 2 3 1 2 1 1 1 1 1 3 1 3 2 1 1 2 1 1 2 2 2 4 1 2 2 2 1 1 1 2 7 1 2 1 1 1 1 1 1 1 1 1 1 1 1 2 2 3 1 1 1 1 1 1 1 5 1 3 2 2 6 2 1 2 3 4 1 1 3 3 1 1 2 2 1 1 1 2 1 1 1 1 1 1 1 1 2 3 1 5 1 1 1 1 2 3 1 2 2 2 2 2 4 2 1 2 2 3 1 2 2 3 1 1 1 2 3 1 2 2 2 1 1 1 1 1 1 1 1 1 1 3 3 1 2 1 2 1 1 1 3 3 1 1 1 1 1 3 2 1 1 2 3 1 1 2 2 1 2 2 3 3 1 1 2 1 2 1 1 4 1 1 3 2 1 3 4 1 1 1 1 1 2 4 2 1 2 1 1 1 1 2 2 1 1 1 1 5 1 1 2 2 1 2 1 2 3 2 1 1 3 1 4 2 2 1 1 1 3 1 1 1 3 2 1 1 1 2 3 2 2 1 1 1 2 2 2 1 1 1 2 2 1 1 1 3 2 2 4 1 1 1 3 2 2 3 1 4 1 3 1 1 1 2 5 3 3 3 1 1 2 3 1 3 1 1 1 4 2 2 1 1 1 2 2 1 2 1 1 1 2 2 1 3 1 1 1 3 2 1 1 1 2 1 1 2 1 1 3 1 1 2 2 1 2 2 2 1 1 1 1 2 2 2 4 2 1 1 3 2 1 1 1 1 4 1 1 1 2 1 1 1 1 4 1 2 4 3 4 1 3 2 4 1 4 1 2 2 1 2 2 3 2 1 1 1 1 2 1 2 4 1 2 1 3 2 6 1 1 1 1 1 2 1 3 1 1 2 1 1 2 3 1 4 1 3 1 1 1 2 1 3 1 3 1 1 1 1 2 2 3 2 1 1 2 1 1 1 2 1 1 4 2 1 1 2 1 2 1 2 2 1 2 4 3 1 2 3 1 1 2 1 3 1 2 1 1 2 2 3 1 2 2 4 1 2 1 2 1 3 2 2 1 2 2 2 2 2 2 3 3 3 2 1 2 1 1 1 2 3 1 1 3 3 2 1 2 2 1 1 2 4 2 1 1 1 2 1 3 2 1 1 1 1 3 1 2 1 1 2 1 2 2 1 3 1 1 1 3 1 1 1 3 1 2 1 1 1 1 1 1 1 1 1 1 3 1 1 3 1 2 1 3 1 3 1 1 2 1 2 2 3 1 2 2 1 2 1 1 3 4 2 3 1 3 2 2 2 3 2 1 3 1 1 1 1 1 2 1 4 1 1 1 2 1 2 2 1 1 3 1 2 4 1 1 1 1 2 1 2 
  #Test Small 17075
  #Test Medium 24422
  #Test Large 40969
