Board size [mm] 225x375

Stats side 1
  #Components with background 140
  #Components with points 537
  #Components nofly 6
  #Components notouch 6
  #Pins 111637
  #GNDs 4395
  #VDDs 3542
  #Clock 45
  #NoFly points 940
  #NoTouch points 1048
  #Points [total] 121607

Stats side 2
  #Components with background 145
  #Components with points 599
  #Components nofly 0
  #Components notouch 0
  #Pins 109950
  #GNDs 3927
  #VDDs 3280
  #Clock 71
  #NoFly points 0
  #NoTouch points 0
  #Points [total] 117228

Stats board (side 1 + side 2)
  #Components with background 285
  #Components with points 1136
  #Components nofly 6
  #Components notouch 6
  #Pins 221587
  #GNDs 8322
  #VDDs 6822
  #Clock 116
  #NoFly points 940
  #NoTouch points 1048
  #Points [total] 238835
  #Nets 10625
    Net Size: 8322 6822 116 2 1 3 3 7 5 3 1 1 4 1 2 2 1 1 4 1 4 2 1 4 2 2 3 3 1 1 1 3 2 1 1 1 3 2 2 2 2 1 4 3 1 2 2 1 2 1 2 3 3 2 2 2 3 2 1 1 3 1 1 5 5 4 1 3 2 1 2 1 1 2 1 3 1 3 1 1 2 1 1 6 1 1 2 1 2 3 4 2 3 1 1 4 2 2 2 1 1 2 1 1 3 1 1 3 1 1 1 2 1 2 3 2 4 3 3 3 4 3 1 2 2 1 2 3 1 3 2 1 2 1 1 1 3 2 1 1 2 1 3 2 4 1 2 2 1 2 3 4 1 1 3 2 1 1 3 2 1 2 2 1 2 4 3 1 2 1 2 5 3 1 3 2 2 1 1 2 3 1 1 1 1 3 5 5 4 2 1 1 2 5 2 2 4 1 1 1 2 2 2 3 1 2 1 5 3 1 2 2 1 1 1 3 2 2 2 1 2 2 1 2 2 2 1 3 3 3 3 7 2 2 3 3 1 1 2 1 2 2 3 2 1 1 2 2 3 4 2 2 2 3 1 2 2 2 1 4 1 4 1 1 2 1 5 3 1 1 2 1 2 2 2 3 1 1 1 3 1 1 2 1 1 2 2 2 3 2 2 2 1 1 1 1 1 4 6 4 1 5 2 1 2 1 2 4 1 3 3 1 1 1 1 3 2 4 5 1 3 3 2 2 4 2 2 2 1 1 3 1 3 4 1 1 2 1 1 3 1 2 4 1 4 1 4 1 3 1 1 1 3 4 1 3 1 3 3 3 2 1 2 1 3 3 2 3 2 1 1 3 1 1 1 2 2 3 2 1 2 3 1 1 1 1 1 3 3 1 3 3 2 4 1 2 4 2 1 1 3 1 1 2 2 3 1 1 3 1 1 1 2 2 2 1 1 2 2 1 1 2 2 3 2 5 2 1 2 2 2 2 5 2 1 2 3 2 5 1 1 3 3 1 3 3 1 2 4 2 4 1 3 1 2 1 3 2 1 5 1 2 1 1 1 2 1 4 3 5 4 3 1 1 2 2 1 1 2 4 2 1 1 2 2 1 4 3 1 2 2 4 1 3 3 3 3 3 3 2 2 2 3 3 1 2 2 2 1 2 4 1 1 1 1 1 1 2 1 4 2 3 5 1 2 2 3 1 3 5 1 2 3 2 3 2 2 2 3 2 2 1 5 3 1 1 3 2 4 2 3 1 3 5 1 1 1 1 2 4 4 2 1 1 5 2 1 3 2 1 2 1 2 2 3 2 2 2 1 1 4 4 2 2 4 1 2 2 5 1 2 1 2 2 5 2 2 3 3 3 3 2 2 1 4 3 2 2 5 1 2 3 1 3 3 3 2 2 1 2 1 1 2 2 1 2 2 1 1 1 2 1 2 2 1 2 2 1 3 3 1 2 3 1 3 1 1 1 2 3 1 1 2 1 1 1 2 1 1 3 3 1 1 2 1 1 2 2 1 1 1 2 2 2 3 2 3 2 2 1 1 4 2 1 1 1 2 1 8 2 1 4 1 1 3 1 2 2 2 1 2 4 2 3 2 4 1 2 3 4 1 2 3 1 1 1 2 1 1 3 3 3 1 4 1 3 2 2 1 3 2 2 4 1 3 3 1 2 4 4 3 1 2 2 2 2 2 3 2 2 2 1 3 2 1 2 4 3 3 1 3 2 1 2 1 4 1 3 3 3 1 5 2 1 4 2 4 3 2 2 2 3 2 1 1 4 1 3 4 3 3 2 1 1 1 1 3 2 1 2 1 3 2 1 1 3 1 2 2 2 1 4 1 3 6 2 2 2 2 2 1 2 4 2 3 3 3 1 4 1 2 5 1 1 4 1 2 4 1 1 3 1 5 1 1 1 3 1 2 1 5 3 5 1 1 3 3 1 3 3 3 1 1 2 2 1 1 1 1 2 3 4 4 2 1 1 1 2 1 2 2 4 5 2 2 2 2 3 1 1 2 1 3 2 3 3 2 2 6 2 3 1 1 3 4 3 2 2 2 2 3 3 1 2 1 3 3 4 1 1 2 1 7 2 2 5 4 2 3 3 2 2 3 3 1 1 3 2 3 1 2 2 4 1 1 1 1 2 1 3 1 2 1 2 2 4 3 1 2 2 1 2 1 3 1 1 1 3 4 2 1 1 3 2 2 2 2 1 3 1 4 2 3 1 2 3 2 1 2 1 4 3 1 2 3 3 6 4 2 3 1 5 2 1 2 3 2 3 3 2 1 3 3 1 1 2 1 5 3 4 1 1 3 3 1 2 3 3 7 2 2 1 2 1 1 1 2 2 2 3 1 1 3 3 2 2 4 1 2 3 4 1 3 2 3 2 2 4 2 1 2 1 1 5 2 2 1 2 3 2 8 3 3 2 2 3 1 4 2 2 3 2 3 1 1 3 2 1 4 1 4 1 2 3 1 5 1 5 2 1 2 3 1 3 1 2 4 1 1 1 3 2 2 5 4 2 3 2 3 2 3 3 3 2 3 2 1 1 5 5 3 1 5 2 3 3 4 6 1 1 2 2 2 5 3 2 4 2 2 2 2 2 6 3 2 2 3 3 1 1 2 1 2 2 1 3 1 3 4 2 2 1 3 2 2 2 5 2 1 2 2 2 5 1 2 1 1 1 1 1 3 2 4 2 2 3 1 2 3 2 2 1 1 1 2 1 1 2 1 1 1 2 2 1 1 1 3 1 3 1 3 3 1 4 1 1 2 1 3 3 3 2 2 2 3 1 1 3 3 2 3 2 2 1 1 1 1 1 2 3 1 1 3 2 1 3 3 5 2 4 5 2 2 1 1 4 4 2 1 2 1 2 7 1 3 2 3 2 3 3 1 1 2 1 2 1 2 1 2 3 3 2 1 1 2 2 1 3 3 4 2 3 1 2 3 2 2 1 1 2 1 1 3 4 3 4 3 1 1 2 2 1 1 2 1 1 2 1 1 5 2 1 1 2 3 1 2 1 3 1 1 2 2 4 2 1 1 2 2 1 5 3 2 2 2 3 3 1 3 3 2 1 3 3 3 4 3 4 1 2 2 2 2 1 1 1 3 1 3 1 2 2 4 1 2 2 1 2 3 1 6 1 1 2 3 3 5 1 2 1 5 2 1 1 2 1 3 1 1 1 1 2 2 2 1 2 2 5 1 5 3 1 2 4 3 2 3 1 2 2 2 2 1 3 3 1 2 4 1 1 4 1 1 2 2 4 3 3 1 2 2 1 2 3 3 2 1 3 1 7 4 1 1 4 4 3 1 2 1 1 1 1 2 1 1 3 2 2 1 1 3 1 3 1 1 4 1 3 9 4 3 4 1 1 3 2 3 1 3 1 1 1 2 1 2 3 1 1 1 2 1 4 1 2 3 4 1 2 1 3 1 3 3 2 1 1 2 2 3 2 1 1 4 3 1 4 3 3 1 1 1 4 1 3 2 1 1 1 1 2 2 1 3 3 1 4 2 3 1 3 3 1 5 2 2 2 2 2 4 2 1 2 2 5 1 2 3 2 4 2 1 1 3 1 1 2 1 3 1 1 1 1 4 1 1 1 3 2 6 3 5 2 5 1 2 1 1 3 1 2 3 1 3 1 2 1 4 3 1 1 2 1 3 1 1 1 1 1 1 1 2 1 2 2 1 1 1 1 2 1 2 1 3 3 1 1 2 2 3 3 2 2 4 1 3 1 1 2 2 2 6 2 1 3 1 2 1 2 2 4 2 2 2 2 1 4 2 1 4 3 3 2 3 1 3 3 4 1 1 2 2 2 7 1 1 3 1 2 4 3 1 2 3 5 2 1 1 5 1 1 2 2 1 3 1 3 1 1 1 1 3 5 3 4 2 1 3 1 1 1 2 3 1 3 1 1 1 6 3 1 4 1 2 1 2 1 1 2 1 1 3 3 1 2 1 3 3 1 2 1 4 2 1 1 2 1 2 2 3 2 1 2 3 1 1 4 2 4 1 3 2 2 3 3 5 5 1 4 1 4 1 1 3 2 1 3 3 4 1 2 2 1 4 2 3 2 2 1 2 3 1 3 1 1 1 1 3 1 3 1 1 1 4 2 1 2 1 2 1 4 3 1 2 1 3 1 5 3 1 4 1 2 3 1 1 1 2 3 3 2 6 3 2 1 3 2 2 1 1 1 1 3 1 1 1 5 3 1 1 2 1 2 2 1 4 1 1 2 1 2 5 4 4 2 2 2 2 1 1 3 1 4 1 2 2 1 2 1 3 5 2 1 1 3 4 3 1 4 2 3 1 2 2 2 1 1 2 3 3 1 5 1 4 4 2 1 1 2 1 7 2 2 1 2 2 2 2 3 2 1 1 5 3 2 3 1 1 2 1 1 2 2 1 1 1 1 1 3 2 4 4 2 3 1 2 1 2 4 3 2 2 2 2 4 1 3 4 2 2 1 2 3 1 1 3 1 1 3 2 2 1 3 3 1 1 2 3 2 3 1 1 4 1 4 1 4 3 1 2 1 3 2 3 2 3 2 1 1 4 1 2 1 1 1 1 1 2 1 1 1 1 1 1 2 2 3 2 2 2 1 1 1 4 3 4 3 4 3 2 1 1 2 1 2 1 2 1 2 1 2 3 1 3 2 2 1 2 1 2 2 2 1 3 2 4 2 1 1 1 1 2 4 3 1 2 3 3 2 3 3 1 2 2 2 1 3 5 2 1 1 2 2 3 2 1 4 1 2 1 3 2 2 3 3 3 3 1 1 1 2 1 1 1 1 2 1 2 3 6 1 1 1 2 2 1 3 4 1 4 3 1 2 2 3 2 1 1 2 2 1 2 2 2 2 2 3 3 2 2 1 2 1 7 1 1 1 1 2 1 1 1 1 1 3 3 3 2 1 2 1 3 1 1 1 1 1 1 2 2 1 2 4 2 3 5 2 1 3 1 4 1 3 1 2 1 1 2 1 3 1 2 1 1 1 1 1 4 1 2 5 3 2 1 4 1 4 2 1 3 1 1 3 1 2 4 3 1 1 2 1 2 1 1 1 3 1 3 2 4 3 4 3 1 3 1 2 2 1 2 2 1 1 2 1 2 2 3 4 1 2 1 4 1 1 1 3 1 3 2 1 2 4 1 2 1 1 2 1 3 1 3 2 1 1 2 1 3 2 3 2 2 1 2 3 3 5 1 4 2 2 1 1 1 2 2 2 1 3 2 2 3 1 1 2 3 2 1 1 2 3 3 1 3 3 3 3 2 4 3 2 2 2 2 1 1 2 2 1 1 2 4 1 2 3 4 1 2 2 1 2 1 1 1 4 3 2 1 1 3 2 1 1 3 1 3 1 2 3 4 2 2 3 2 4 3 3 1 4 4 4 2 3 4 1 6 2 2 2 1 3 2 1 2 3 2 1 4 1 1 4 2 2 2 1 3 3 2 4 1 1 1 2 1 1 1 1 2 2 2 1 1 1 4 2 2 1 3 1 2 1 2 4 4 1 1 2 1 3 1 1 4 5 1 2 2 1 1 3 1 2 1 1 1 3 3 1 2 3 3 3 2 2 1 3 1 4 3 1 3 2 1 1 4 2 1 1 3 3 5 1 2 3 3 2 3 1 3 4 2 2 2 3 2 1 3 2 1 6 2 3 3 3 2 1 3 1 2 1 3 2 2 3 1 1 3 1 1 1 3 1 3 6 1 1 4 4 2 4 1 2 2 3 2 3 4 1 3 2 3 1 1 1 1 1 1 4 1 2 3 4 4 1 3 2 4 2 5 1 2 1 1 2 1 2 3 3 3 1 2 1 3 2 1 3 2 4 2 1 1 1 2 3 2 2 1 2 4 4 3 4 3 3 5 1 2 2 2 1 4 2 2 3 1 1 5 1 2 3 2 1 3 4 1 3 4 2 3 3 2 3 2 3 1 2 1 1 1 3 3 2 1 1 1 2 2 3 1 2 2 3 1 2 2 1 3 2 3 3 2 3 2 3 2 1 1 3 2 2 1 1 3 2 2 2 4 1 3 3 3 1 3 2 1 1 1 1 1 2 3 3 4 2 2 1 1 2 1 1 2 2 5 3 1 3 1 2 3 1 3 3 4 1 2 1 1 1 1 5 3 1 1 2 3 3 2 1 3 1 4 1 2 2 4 2 3 1 2 1 3 2 1 1 5 1 1 5 3 3 1 1 3 1 3 2 3 3 2 1 3 4 2 2 8 1 3 2 2 1 4 1 2 3 2 2 2 3 2 2 2 1 4 1 2 1 4 1 2 4 3 1 1 2 2 1 3 2 1 6 1 1 2 4 2 3 2 2 2 3 1 4 1 2 1 2 1 2 2 3 2 1 2 2 1 1 1 1 1 1 2 2 3 1 2 1 1 5 2 2 3 3 1 1 1 3 2 2 1 1 1 2 2 2 1 3 3 1 1 2 3 2 1 2 2 1 3 2 3 3 2 1 2 2 1 1 4 1 2 1 2 1 3 1 2 3 3 1 2 1 1 2 2 2 2 2 2 2 2 2 3 2 2 2 2 1 3 2 3 2 1 2 3 2 2 4 2 2 3 2 2 4 1 1 5 2 4 2 4 2 1 2 1 1 1 4 2 1 1 1 5 1 2 3 1 1 1 2 1 4 4 1 2 4 1 3 2 1 1 5 2 1 2 1 1 4 1 1 1 2 1 1 2 3 2 4 1 1 3 1 1 2 1 3 1 1 3 2 1 2 2 2 1 1 2 1 2 2 4 3 2 6 3 1 3 3 1 1 3 1 3 2 5 2 2 1 2 2 1 4 1 3 1 1 1 1 3 2 3 1 2 1 2 3 2 2 1 1 1 1 5 1 1 1 1 4 2 2 1 2 2 1 1 2 1 4 2 2 1 3 4 1 4 2 1 2 2 3 3 1 2 6 4 1 3 3 3 3 4 4 2 1 1 2 2 1 1 1 1 1 2 3 1 3 1 1 2 1 5 1 3 1 1 1 2 2 2 2 2 1 1 3 2 3 3 1 2 3 2 1 3 1 4 3 1 1 2 4 3 2 3 2 1 2 4 2 3 4 3 2 2 1 1 1 5 1 1 1 3 1 3 2 1 1 3 1 3 3 2 4 6 2 2 2 1 3 3 2 2 1 2 3 2 1 2 2 1 1 4 2 2 2 2 2 1 1 1 2 1 1 2 3 5 2 2 2 2 1 1 4 5 6 1 1 1 3 2 1 2 6 2 2 6 1 1 3 1 2 1 1 5 1 2 3 2 3 2 2 3 2 2 2 4 2 4 2 3 1 3 3 1 1 1 3 4 1 4 1 1 2 1 1 1 2 2 1 2 2 3 2 2 2 2 2 1 1 3 1 2 2 4 4 1 3 1 2 2 1 1 1 4 1 4 3 1 1 4 2 1 3 5 4 1 2 3 4 2 3 1 2 2 3 1 1 3 1 1 1 1 2 4 2 1 1 1 2 1 2 3 4 2 2 2 5 2 2 1 2 2 1 1 4 1 2 3 3 3 1 1 2 3 1 1 3 3 1 1 3 3 1 2 1 3 3 4 3 1 1 1 2 1 3 4 2 1 3 1 1 4 4 5 1 4 2 1 2 1 1 1 4 2 4 2 2 3 1 1 2 2 1 2 1 5 1 1 2 3 3 2 1 2 1 2 3 2 1 3 5 2 1 2 2 3 3 3 4 2 5 1 3 2 1 1 1 1 2 2 1 2 5 2 1 2 4 2 1 2 4 2 2 3 1 3 4 1 4 3 5 1 3 2 1 1 2 3 2 3 2 1 4 1 2 1 4 2 1 3 2 3 2 2 4 2 1 2 3 1 1 3 4 4 2 1 1 1 1 3 3 1 4 4 2 2 4 2 2 2 1 2 2 3 3 1 5 2 2 1 1 1 1 2 2 1 1 1 4 2 3 1 2 1 2 4 4 1 2 1 4 2 1 3 4 3 2 2 2 1 1 2 5 2 1 1 2 3 5 1 1 1 2 1 1 4 2 1 1 3 4 2 3 2 2 2 2 2 7 2 2 1 1 2 3 3 2 2 5 4 2 3 1 1 2 2 1 1 3 1 1 2 4 4 5 2 4 1 2 2 2 2 1 1 4 3 1 7 2 2 2 1 1 1 1 2 5 2 1 4 1 3 2 2 1 2 1 3 1 2 1 2 1 1 3 3 1 1 1 4 1 2 1 1 3 2 5 1 1 2 1 2 3 3 1 1 2 5 1 1 3 1 1 1 5 2 4 2 1 4 2 4 2 2 4 3 1 2 1 5 4 2 2 1 1 3 2 3 1 1 2 2 1 4 3 2 3 2 2 1 1 4 2 1 1 3 3 1 3 2 3 3 3 3 2 2 2 2 3 1 2 2 1 1 4 2 2 3 2 1 1 1 2 2 3 4 1 2 3 2 2 1 2 1 3 3 2 4 1 1 3 3 1 3 2 3 3 1 1 1 3 3 1 2 1 3 1 1 1 1 2 2 2 2 2 2 3 1 2 2 1 3 1 3 2 5 2 5 2 3 3 3 2 3 1 3 3 1 3 1 1 1 2 2 2 2 2 2 1 3 2 3 2 2 2 2 2 3 2 1 1 4 2 4 1 1 1 2 1 2 1 2 1 1 2 2 2 1 2 2 5 3 2 2 3 3 2 2 1 2 1 4 4 1 3 2 1 1 1 1 2 2 2 1 1 3 4 2 2 1 1 1 2 2 3 1 3 1 2 1 2 3 1 2 1 2 2 2 4 3 3 1 2 1 1 1 1 3 1 4 2 2 2 1 1 1 1 2 2 1 1 1 1 1 1 1 1 4 2 3 2 1 1 2 1 1 2 2 1 1 2 2 1 1 1 4 2 3 7 1 2 3 3 3 1 2 1 3 2 2 2 1 1 1 1 2 2 3 1 3 2 2 2 1 2 1 3 2 2 4 1 2 1 2 2 4 2 2 1 2 1 2 2 3 3 4 2 2 4 4 1 1 1 2 1 5 2 2 1 5 3 3 2 1 2 3 3 2 5 1 1 1 1 5 2 1 2 1 1 3 2 3 2 1 3 4 4 1 3 2 1 3 3 1 1 1 1 1 3 2 3 5 1 1 2 3 2 2 4 2 3 2 1 2 1 2 3 4 1 2 3 3 1 2 1 1 1 1 5 1 2 2 2 3 1 2 2 1 2 1 2 1 5 2 3 1 1 2 3 2 2 1 2 3 2 1 4 3 1 2 2 1 1 4 3 1 4 2 1 2 2 4 1 3 3 4 2 4 4 2 2 5 3 3 1 3 1 5 2 2 2 3 1 1 1 1 1 3 2 1 1 1 2 1 4 2 2 2 5 2 2 1 1 1 1 1 1 4 2 5 4 1 2 2 2 1 1 1 1 2 1 1 2 5 2 4 2 3 3 3 1 2 2 3 1 1 1 1 2 2 2 1 1 1 2 1 4 4 1 2 2 3 4 1 2 3 1 3 2 1 3 1 1 2 1 3 1 2 2 3 1 3 2 3 1 1 1 5 1 2 2 3 2 2 2 2 2 1 1 1 1 2 1 2 1 2 4 2 1 1 3 1 2 5 2 2 1 1 4 3 1 1 3 4 1 3 1 3 1 3 1 1 2 1 4 3 4 1 3 4 1 2 3 4 1 2 2 2 1 2 1 2 2 1 3 6 3 1 2 2 1 1 3 2 1 3 3 2 1 3 2 1 1 1 5 5 3 1 3 1 1 3 1 1 2 2 2 4 1 3 2 4 4 1 2 3 2 4 1 1 1 2 1 4 1 3 3 3 1 2 4 2 2 1 2 1 1 5 1 3 1 3 4 2 1 2 1 2 1 1 3 2 3 1 1 1 1 1 2 1 1 3 1 4 1 3 3 1 2 2 1 1 1 2 2 3 1 2 3 2 1 1 2 3 2 3 1 1 3 2 1 1 4 4 1 2 1 1 2 3 1 3 2 2 1 1 2 1 1 1 2 2 1 2 1 2 2 2 2 1 2 1 2 1 1 1 1 1 3 3 3 1 3 3 3 3 2 3 1 2 6 1 3 4 1 1 1 2 1 6 6 1 4 4 2 3 2 4 4 2 1 2 7 2 2 2 1 2 2 1 1 3 1 2 1 2 4 2 1 1 3 1 1 2 1 2 2 1 2 2 3 1 4 5 3 1 2 2 1 2 4 3 2 3 3 1 2 2 1 4 2 3 3 1 1 3 2 4 2 4 2 1 6 2 3 3 2 2 2 1 2 3 4 2 4 1 2 1 3 1 3 2 3 1 1 2 2 1 3 1 3 4 2 1 2 2 2 3 4 1 2 2 1 1 2 1 1 3 2 1 1 2 3 1 1 3 3 3 1 1 2 1 3 1 1 1 3 1 1 3 2 2 1 2 3 4 1 2 2 4 5 2 4 3 3 2 3 3 3 2 6 2 2 2 3 1 2 4 1 2 4 4 1 3 4 3 1 2 1 1 1 2 2 1 1 2 4 2 1 2 2 1 2 1 3 2 3 1 1 3 2 2 3 3 2 5 1 1 2 1 3 2 3 2 2 1 1 1 4 2 1 2 5 2 1 3 2 2 1 4 2 1 1 1 1 1 1 1 1 3 3 3 1 1 2 1 2 4 2 1 3 6 1 3 1 4 2 3 1 2 1 3 4 1 4 2 1 2 3 3 1 2 2 1 3 1 1 1 3 1 2 3 4 1 3 3 2 3 1 4 3 3 1 3 2 1 4 1 1 3 3 2 2 1 1 1 1 2 2 2 3 3 3 3 2 3 2 3 2 1 1 4 1 4 3 6 2 4 2 3 2 1 3 3 1 6 3 1 2 4 6 2 1 2 1 2 1 2 2 3 3 2 1 1 3 1 2 1 1 1 2 4 2 1 1 2 2 1 4 2 1 2 4 3 1 4 2 2 1 1 1 1 1 2 1 3 1 4 1 1 3 2 3 2 1 2 1 1 3 4 1 1 1 4 2 1 2 3 3 1 1 2 1 2 4 1 3 4 1 2 1 1 3 3 2 5 1 1 1 3 3 2 3 3 1 4 4 2 1 2 1 4 4 1 1 3 4 4 1 2 3 3 1 2 1 2 3 2 2 4 2 3 3 6 3 2 5 1 3 2 3 4 2 3 1 3 2 1 2 3 3 3 4 2 2 1 1 2 2 4 3 1 2 2 2 3 2 3 1 4 1 2 2 2 3 1 2 1 4 1 1 3 1 1 3 1 1 3 2 1 2 1 6 5 2 5 3 2 1 2 1 2 3 1 1 2 3 1 1 3 2 2 1 1 2 3 2 7 2 4 3 1 2 5 3 2 5 4 2 1 1 1 1 3 2 2 1 4 2 1 1 3 3 1 1 3 1 1 1 2 1 1 3 2 3 1 2 1 1 3 3 3 2 1 3 3 3 1 1 2 1 1 4 1 1 1 2 1 4 1 4 1 1 2 2 3 1 3 3 2 3 1 3 2 2 3 6 2 3 1 2 4 2 1 1 4 2 3 1 4 2 1 2 2 2 2 1 2 2 2 3 4 2 1 2 2 1 4 2 1 1 2 2 2 1 1 4 1 2 2 1 2 3 2 3 2 1 1 3 3 1 2 2 1 2 4 1 1 1 2 2 1 1 2 1 5 1 1 1 2 3 2 1 1 3 4 2 1 1 2 1 2 2 4 4 2 7 1 1 4 3 1 2 1 1 3 1 1 4 1 1 2 2 1 1 1 2 2 2 2 2 1 5 1 2 3 2 2 2 4 3 4 1 1 4 4 1 1 2 2 3 2 1 3 3 1 3 2 3 2 1 3 1 1 2 2 2 1 3 2 2 1 2 2 1 1 4 1 1 2 2 1 4 2 3 1 1 2 1 2 1 2 2 3 1 2 2 1 2 1 3 1 2 2 3 3 1 2 1 3 1 1 2 5 1 1 4 3 1 2 2 3 2 1 1 1 3 4 2 1 1 2 2 2 3 4 1 1 1 2 2 1 1 2 1 1 1 1 4 3 2 1 1 1 2 5 2 2 1 1 1 2 2 1 3 2 4 3 3 2 3 3 3 2 3 3 2 1 2 3 2 1 1 5 1 3 3 3 1 2 1 1 3 1 2 2 1 1 3 1 3 2 1 2 3 1 2 1 1 1 1 1 3 4 3 1 2 3 3 2 1 1 2 3 2 3 1 2 1 1 2 2 2 2 1 5 4 2 2 3 3 1 1 1 3 1 5 2 3 2 2 1 2 1 1 2 2 1 4 1 3 1 3 1 4 2 2 2 3 1 1 4 1 1 2 1 2 2 1 1 1 3 2 2 1 3 3 1 4 2 4 4 3 2 1 2 3 2 2 1 1 2 1 1 4 4 2 2 4 1 1 1 3 2 3 1 2 3 3 3 4 2 1 3 2 3 3 1 2 4 2 1 1 3 1 2 4 1 1 1 1 2 4 1 3 1 2 2 1 2 3 2 3 1 2 2 2 3 3 2 2 3 1 2 1 4 1 1 4 3 5 1 5 2 1 3 2 4 1 5 2 2 3 6 4 2 1 5 2 2 2 4 2 4 2 1 1 1 4 4 3 4 1 4 3 1 1 1 4 2 3 2 2 3 3 2 2 2 2 1 1 1 2 1 1 1 1 1 4 3 1 1 1 1 1 1 1 1 3 3 1 4 1 3 3 2 4 1 1 2 2 2 3 3 2 2 1 1 3 1 1 2 2 1 2 1 2 2 1 1 1 1 2 1 1 2 1 1 1 2 1 1 1 1 2 3 3 1 1 3 4 2 3 2 1 1 1 1 1 2 1 2 1 2 1 3 2 1 1 1 3 2 2 2 4 5 1 2 2 2 2 2 2 3 6 5 1 1 3 3 3 2 2 1 1 4 1 2 2 3 2 3 1 2 1 4 2 3 2 4 2 3 4 4 1 1 2 3 2 1 2 2 1 1 4 2 3 4 1 3 3 2 5 1 1 1 2 2 1 4 1 5 1 2 2 2 1 1 1 2 1 1 2 4 5 4 2 2 1 1 2 1 1 1 4 3 1 3 2 3 1 2 1 4 2 3 3 1 1 1 4 1 3 2 1 3 3 4 2 2 2 1 2 1 2 1 2 1 1 1 2 1 2 3 2 1 2 1 1 2 1 4 3 2 1 1 1 4 2 4 3 2 1 3 2 1 2 1 1 2 1 1 4 4 1 3 4 1 1 1 3 3 1 3 1 3 3 4 1 1 1 2 4 5 1 2 2 2 2 2 1 1 2 1 2 1 2 2 6 1 1 1 3 4 2 4 1 1 1 2 2 2 1 1 1 4 1 3 2 4 3 2 3 1 2 3 1 3 2 1 1 3 1 3 1 2 2 2 4 3 1 4 5 1 1 3 2 1 1 6 1 3 2 1 2 1 1 1 3 2 2 2 1 2 1 3 2 1 4 1 4 4 1 3 2 4 1 3 4 2 1 4 1 1 3 3 2 1 2 1 1 2 1 1 3 2 2 2 1 1 2 2 6 4 3 3 2 3 3 1 5 3 1 2 1 1 2 4 1 2 1 1 2 2 1 1 2 1 2 1 1 2 1 2 2 2 1 1 1 3 1 2 1 6 3 1 2 1 3 5 2 1 1 1 1 2 1 3 3 4 6 1 1 2 3 1 1 1 3 1 2 3 1 1 2 1 2 2 1 2 2 1 2 4 2 2 2 2 1 1 2 7 2 3 2 1 4 3 2 3 3 1 1 1 1 2 2 3 3 1 1 3 4 2 1 2 3 3 1 1 3 2 2 1 1 2 3 1 2 5 2 2 2 3 4 1 3 4 1 1 5 5 1 1 3 3 1 1 3 3 3 1 4 2 1 1 4 2 4 1 1 3 1 4 1 1 2 3 2 1 1 3 1 4 1 1 2 1 1 2 1 1 2 2 2 1 1 1 2 4 1 1 1 1 2 1 1 3 1 1 1 2 2 3 3 3 1 2 1 1 2 2 2 2 1 2 2 3 3 3 1 3 1 1 2 2 3 3 3 1 4 3 1 1 4 7 2 1 1 3 6 3 1 1 4 3 5 1 3 6 2 1 2 3 3 7 3 3 4 4 3 2 1 1 1 3 2 2 3 3 2 3 2 1 1 3 1 3 2 5 1 4 1 1 1 1 2 1 1 2 2 3 2 2 1 3 2 3 2 2 1 2 1 1 3 2 1 1 1 2 1 5 3 2 2 1 1 2 2 2 2 1 2 2 1 3 3 2 3 1 1 4 1 2 2 2 2 2 3 2 5 1 2 1 3 2 1 3 1 5 3 3 5 2 5 1 4 2 1 2 2 1 2 2 1 2 3 2 5 2 2 2 2 1 1 1 3 2 2 2 2 2 3 2 3 2 4 1 3 3 3 3 1 2 3 2 1 1 1 1 1 3 3 1 1 3 1 1 1 2 1 2 2 2 2 1 4 1 2 6 2 1 6 3 2 2 1 1 3 2 4 2 3 3 3 2 3 1 2 5 3 3 3 2 1 3 3 2 1 1 1 1 2 2 2 1 1 1 1 2 1 3 1 2 2 5 6 4 1 4 2 2 1 1 2 1 2 1 2 5 3 3 1 2 5 1 1 2 3 1 3 2 1 2 4 1 1 1 3 2 1 3 4 3 1 4 1 3 1 2 1 5 3 3 2 2 1 2 1 1 2 4 3 1 3 1 1 2 1 2 2 2 1 4 1 2 3 3 2 1 1 3 5 2 3 2 2 1 1 2 2 1 1 3 1 2 1 2 3 2 3 4 2 2 2 1 5 4 1 3 2 1 2 3 3 2 1 1 2 3 2 6 2 1 1 3 2 2 2 1 1 3 2 4 4 2 3 3 1 5 3 5 2 3 1 1 2 2 2 2 3 2 1 2 2 2 1 2 1 1 2 2 3 2 4 4 4 2 3 2 1 4 2 4 2 2 3 2 4 2 5 4 2 4 3 1 4 1 2 1 4 2 1 3 3 2 3 1 2 5 3 1 4 2 1 1 1 2 1 2 2 2 2 4 1 4 1 2 3 5 2 1 2 1 2 1 2 1 4 2 2 2 2 4 1 1 1 4 2 1 1 4 1 1 2 6 1 2 3 3 2 2 2 3 3 1 1 1 1 3 2 3 1 2 3 3 4 6 1 4 3 1 1 1 5 2 3 3 2 4 1 3 4 6 2 1 2 2 2 1 3 2 2 2 2 2 3 3 6 2 5 5 2 3 1 3 2 4 4 1 3 1 3 2 2 2 2 3 2 1 2 2 1 1 1 1 1 1 2 2 3 1 2 3 2 4 3 2 2 3 3 2 1 2 1 1 3 2 3 3 1 1 2 2 4 2 1 1 5 1 1 2 4 1 2 2 2 2 3 1 3 8 2 2 1 6 4 1 3 2 3 2 3 2 3 2 5 1 1 3 2 2 2 6 1 4 2 2 1 3 1 5 1 1 2 1 1 2 1 3 2 5 2 1 1 3 2 2 1 3 2 1 4 1 2 3 1 3 2 2 2 1 4 4 1 1 2 2 2 2 2 3 1 3 5 3 1 1 3 1 2 2 1 1 1 1 3 5 1 5 1 1 1 2 3 3 1 1 1 2 3 2 3 1 2 1 2 2 2 1 3 2 4 1 2 3 2 3 5 1 1 2 2 1 1 2 1 1 1 1 2 3 1 2 1 3 2 1 1 5 3 1 1 1 5 1 2 1 2 2 1 3 2 2 1 1 2 3 1 4 2 1 1 2 4 2 1 4 1 2 1 1 2 2 5 4 4 1 1 2 1 2 4 1 2 3 1 3 1 3 2 1 2 2 2 1 1 1 2 1 1 3 1 2 1 2 2 1 1 1 2 1 1 1 1 2 4 1 1 6 2 3 1 1 1 2 2 4 3 3 2 4 1 2 1 2 1 4 1 2 1 2 2 1 2 1 1 2 1 2 4 3 2 2 1 2 1 2 4 2 2 2 1 3 1 1 1 1 1 2 1 1 3 2 1 2 1 2 1 1 1 1 3 2 1 4 1 3 2 2 2 2 1 1 4 1 2 1 2 4 3 1 3 3 3 1 3 1 3 2 1 2 2 1 3 5 3 1 4 1 1 3 1 2 1 2 2 1 2 1 2 2 1 1 3 2 3 3 1 1 1 2 2 1 2 1 2 2 5 1 2 1 6 4 2 2 2 1 1 2 2 2 1 1 1 2 2 3 2 1 1 1 1 3 1 2 4 3 1 3 1 1 2 2 1 1 1 4 1 3 4 3 1 3 2 5 1 2 1 3 2 3 1 3 1 1 2 2 1 1 2 5 1 1 1 1 3 6 2 1 1 2 3 2 1 4 4 3 2 1 2 1 2 2 1 1 2 1 2 2 2 2 1 3 2 2 4 1 2 1 1 3 1 2 1 1 1 1 3 1 3 2 3 1 1 4 1 1 1 3 2 3 1 1 4 2 3 2 4 1 2 1 2 2 2 1 2 3 4 3 2 3 1 3 5 4 3 4 2 2 2 1 2 2 1 2 2 2 1 3 5 6 3 3 2 2 3 2 1 1 4 1 1 2 1 1 2 2 1 1 2 2 1 6 2 2 2 4 3 1 3 2 1 1 4 1 3 2 1 2 1 5 2 2 3 3 3 2 3 1 4 1 1 1 3 2 3 4 4 4 3 2 1 1 3 1 3 3 1 4 2 3 1 1 2 3 1 3 3 4 1 2 2 1 1 2 1 2 1 5 1 1 2 1 1 4 4 2 4 1 4 2 1 1 4 1 2 3 1 2 2 3 1 2 2 1 1 1 4 1 1 1 2 3 1 3 1 1 5 2 1 2 2 1 3 3 2 1 5 2 1 3 4 2 3 3 1 1 4 1 1 2 1 2 4 1 2 1 2 2 6 1 1 3 2 6 2 2 3 2 2 1 2 1 3 1 3 3 1 1 2 2 1 1 1 3 1 3 6 2 2 2 3 2 1 1 1 4 1 1 2 4 3 1 3 2 1 2 2 1 1 1 1 1 1 3 2 1 4 2 4 1 3 3 1 1 3 2 7 3 1 3 1 3 3 1 2 4 2 2 1 1 1 2 1 2 1 2 1 3 4 1 2 4 1 4 2 1 2 2 2 2 1 2 1 2 3 4 4 2 4 3 2 3 2 3 3 5 4 4 2 1 2 1 1 1 2 1 2 1 3 1 1 1 1 1 1 3 1 5 2 1 2 4 4 5 1 3 2 2 1 2 2 2 1 3 3 1 4 2 1 1 2 3 2 2 3 3 2 4 2 2 3 1 4 1 2 1 1 1 1 4 1 3 4 1 3 2 5 2 1 1 2 1 2 3 1 5 1 1 3 2 2 1 2 1 4 2 3 2 2 1 1 5 1 1 2 2 4 3 1 1 1 3 3 1 1 2 3 3 2 4 3 4 1 1 2 1 1 2 2 4 1 3 1 2 1 2 1 4 3 1 1 1 3 1 2 1 1 3 1 1 2 6 1 6 3 3 2 5 2 2 1 2 3 3 1 1 1 1 1 4 2 5 4 3 2 1 1 4 1 2 1 4 5 4 3 2 1 2 2 2 1 2 1 2 1 3 1 2 2 5 3 1 1 3 4 1 1 2 2 1 1 1 1 1 3 2 1 2 1 1 2 1 2 2 1 3 1 1 2 1 2 2 4 1 3 2 2 5 2 1 3 1 3 3 2 2 1 2 1 2 1 1 3 1 2 2 2 2 1 2 2 1 3 2 1 2 1 1 2 1 3 1 1 1 1 3 3 5 6 1 2 2 1 1 1 2 2 2 1 3 1 3 1 1 2 1 2 1 2 1 2 2 3 3 2 2 1 1 1 2 2 3 1 1 3 2 4 3 7 2 8 2 4 1 2 1 4 4 3 3 3 4 2 3 1 3 1 2 1 1 1 1 4 1 2 2 6 1 1 4 4 5 3 2 5 1 3 1 1 2 1 3 6 2 1 1 2 1 1 2 1 1 3 3 1 2 3 5 2 6 1 1 2 3 2 3 2 2 3 2 1 2 5 4 1 1 4 1 4 1 2 2 1 1 2 3 4 3 3 4 3 2 4 5 2 1 2 1 1 2 1 4 1 2 1 3 2 2 1 3 2 1 2 3 2 4 1 1 3 3 1 1 2 2 4 3 1 3 1 2 2 1 1 1 1 1 2 3 2 1 2 4 1 2 1 3 4 1 2 2 4 1 3 1 1 6 2 5 1 2 1 1 1 1 2 2 1 4 1 2 3 3 1 3 3 1 1 1 4 2 3 1 2 1 1 2 4 1 1 2 5 1 3 5 1 4 2 1 2 2 1 1 1 2 1 1 3 4 3 4 1 1 1 2 3 3 1 3 3 1 1 4 1 3 4 4 2 1 1 3 1 1 1 4 1 3 1 1 4 2 3 1 1 2 2 1 4 3 1 2 1 2 4 2 2 1 1 2 3 1 1 3 4 2 1 1 2 2 2 1 3 1 2 3 1 2 1 4 1 1 1 2 2 1 3 1 2 4 2 2 4 1 2 5 1 1 2 3 1 2 3 2 1 3 5 2 1 2 3 2 1 4 4 3 3 3 4 2 1 1 3 1 2 1 1 1 1 1 1 1 2 1 1 4 2 1 2 1 1 1 4 1 3 2 1 1 1 5 1 2 3 3 5 2 1 4 2 2 1 3 5 3 4 1 2 2 2 1 2 2 2 3 4 2 2 3 2 1 1 1 5 2 1 3 1 1 1 1 6 2 3 1 3 2 1 1 4 2 1 3 1 2 1 1 2 4 4 1 1 2 2 3 5 1 3 2 1 2 2 1 1 2 3 1 1 2 5 1 1 1 3 1 1 4 2 1 5 2 3 3 2 1 2 2 3 1 2 4 1 2 2 4 1 2 4 1 2 2 2 1 1 2 1 1 3 2 2 3 1 2 3 2 3 1 3 4 3 1 2 2 2 1 2 5 2 1 7 2 3 2 1 3 2 1 4 1 2 2 1 1 4 1 3 1 1 2 1 5 1 1 1 3 1 2 2 2 5 4 1 2 2 2 2 5 1 1 1 3 1 3 1 2 2 2 2 3 1 4 1 4 1 4 1 3 1 1 2 4 1 2 1 3 1 1 1 2 1 1 2 1 2 2 4 2 3 1 1 2 4 2 3 4 3 2 3 2 1 3 4 1 3 2 5 3 3 3 3 1 3 1 1 1 3 2 2 2 1 2 2 1 1 1 2 3 4 1 2 3 4 1 2 2 1 1 1 3 2 3 3 1 1 2 4 1 2 1 2 1 2 3 3 4 2 2 4 2 1 2 3 1 4 2 1 1 4 1 3 1 1 1 2 3 1 3 3 6 1 1 3 3 3 2 1 1 2 3 2 1 1 2 2 3 3 1 2 1 3 1 3 4 1 1 3 2 1 4 2 1 3 4 1 1 1 3 2 2 2 1 1 2 3 3 2 3 1 1 1 4 2 2 2 2 2 2 3 2 1 1 1 1 2 1 1 2 2 2 2 4 3 1 5 4 1 2 1 1 2 3 3 3 1 1 2 3 1 5 1 1 3 1 5 1 2 3 1 2 3 1 1 1 2 1 2 1 1 2 1 2 2 1 4 2 1 2 4 2 2 1 2 2 4 1 1 4 1 3 2 4 3 2 1 4 1 1 2 2 1 3 4 1 2 3 4 5 2 1 2 2 2 2 4 1 3 2 3 1 4 1 3 2 2 5 3 2 2 3 2 4 3 1 2 1 3 5 1 2 1 3 3 1 3 3 2 5 3 3 1 2 2 1 2 1 2 1 2 2 2 1 1 1 2 1 5 1 2 1 3 3 1 2 3 3 6 4 2 1 2 5 1 2 4 1 1 3 1 3 1 4 3 3 1 3 3 2 2 2 3 2 3 2 2 1 2 1 2 2 1 2 2 1 2 2 1 2 2 2 1 1 2 2 3 1 2 3 4 1 3 3 3 1 4 4 1 1 1 4 4 2 1 1 2 1 3 3 3 1 1 2 1 1 2 1 1 1 1 4 1 3 3 1 2 1 1 1 2 5 1 2 3 1 2 1 5 5 2 1 5 1 1 1 1 5 2 2 2 3 1 1 3 2 1 1 3 3 2 1 2 2 1 1 1 2 1 1 1 2 3 2 2 1 1 1 4 2 3 2 4 3 2 2 1 1 2 3 1 2 4 4 2 1 1 1 1 1 3 3 4 1 2 2 1 1 2 4 2 4 2 1 5 5 1 3 4 2 3 2 1 1 3 3 2 3 1 5 1 4 2 1 2 1 1 5 4 1 4 2 3 3 2 3 1 1 3 2 1 1 4 2 5 3 4 2 2 1 2 2 1 1 5 2 2 2 2 3 2 1 1 2 1 2 2 1 1 3 2 3 1 3 3 3 3 2 2 2 2 1 2 1 2 3 3 2 2 2 2 1 4 1 1 2 2 3 4 1 1 3 2 1 1 1 4 2 1 3 4 1 1 1 1 2 4 4 3 2 3 1 1 2 1 1 2 1 2 1 2 2 2 1 4 1 2 1 1 2 3 3 3 3 4 1 2 3 4 2 2 2 2 2 3 1 2 6 1 1 4 3 2 3 1 5 2 3 1 2 1 3 5 2 2 2 3 2 3 1 1 2 1 2 1 4 3 2 2 1 1 3 2 3 1 1 6 3 3 3 1 2 2 2 3 5 2 3 3 4 2 2 2 3 1 1 1 2 1 1 1 1 1 1 1 6 1 2 3 2 3 2 3 2 4 2 1 2 2 2 2 2 2 1 2 3 1 2 1 1 3 3 2 1 2 1 2 3 2 3 1 4 1 1 2 1 3 1 3 1 1 2 2 4 2 1 1 2 1 2 1 2 1 3 3 1 2 1 2 4 1 2 2 6 3 3 1 3 7 1 1 3 3 1 1 2 2 2 2 1 1 1 1 1 2 2 4 1 3 1 2 2 6 1 2 1 1 2 2 2 4 2 1 3 2 4 2 1 1 3 6 3 1 4 4 4 5 2 3 3 3 1 3 3 1 1 1 2 2 2 1 2 2 3 2 1 2 3 4 4 1 2 2 2 1 4 3 1 2 2 1 2 2 2 4 2 3 4 1 1 1 4 1 2 4 1 2 2 1 2 2 6 1 1 1 3 2 2 1 3 1 2 3 1 1 3 3 3 2 2 1 1 1 4 1 1 1 2 4 4 2 1 1 3 2 2 4 1 1 3 3 3 3 6 2 1 3 1 3 2 1 2 1 4 1 5 2 2 4 2 3 4 1 3 3 1 1 2 2 3 4 2 1 1 1 1 2 1 1 1 3 1 5 1 1 1 3 4 2 1 2 1 1 1 1 2 3 1 2 1 3 2 2 1 1 3 2 2 2 1 3 1 1 2 2 1 3 2 1 1 1 1 1 1 3 3 2 2 4 2 3 3 2 4 3 2 1 1 3 3 2 2 2 1 1 2 1 2 3 1 1 1 1 5 1 2 2 3 2 1 2 1 5 3 1 3 1 4 1 5 1 7 2 3 3 1 2 5 2 3 2 1 1 2 2 2 3 2 2 3 1 1 1 3 4 1 3 1 7 3 5 2 2 1 2 3 4 1 2 1 1 2 1 8 2 1 3 6 1 3 1 1 2 2 3 1 3 2 2 3 2 3 4 3 1 3 1 1 2 3 3 2 1 1 1 1 4 3 3 1 3 2 2 1 2 1 7 3 2 4 1 1 1 4 6 2 2 4 1 3 1 1 1 2 2 1 2 1 1 2 3 4 1 2 2 1 1 2 3 3 2 2 2 2 3 1 3 1 1 1 2 2 1 1 2 3 2 4 3 3 2 2 5 1 3 2 1 1 3 2 2 4 4 1 2 3 4 2 3 4 2 5 1 2 3 1 1 1 2 2 2 2 2 2 1 3 2 2 1 4 2 3 1 1 2 2 3 2 5 2 4 2 3 1 1 1 1 1 3 1 2 3 4 1 1 1 1 2 4 2 2 1 1 1 6 1 2 2 4 1 3 1 5 3 1 4 2 3 3 3 2 3 1 3 2 1 2 5 1 1 1 3 1 2 3 3 2 1 2 2 2 2 2 3 2 2 2 2 3 1 3 3 5 3 1 1 3 1 2 2 2 1 2 5 4 3 2 1 3 1 1 2 2 3 4 1 3 1 2 1 1 3 4 2 2 1 2 1 3 1 3 2 2 4 3 2 1 2 2 3 1 1 3 1 2 1 1 2 5 3 1 1 1 2 2 1 3 2 1 2 1 2 2 3 1 1 2 1 2 2 3 2 2 2 3 2 2 3 1 4 3 1 4 2 2 3 2 2 2 1 2 1 4 2 1 1 1 1 1 1 1 2 2 2 1 2 1 1 1 1 1 2 1 1 2 2 5 1 2 1 1 2 1 3 2 3 4 1 2 1 1 3 2 2 4 1 2 1 1 1 1 1 2 1 5 2 1 1 3 1 1 1 2 2 4 1 4 1 2 1 1 4 1 2 2 3 2 4 1 2 2 2 4 2 4 2 1 1 2 1 2 3 3 4 3 1 2 2 1 1 1 1 2 2 1 2 3 1 3 1 5 3 4 4 1 3 2 2 4 3 6 2 2 1 4 4 1 1 1 2 1 2 1 1 2 3 4 3 2 1 2 3 4 1 7 1 1 3 2 3 4 1 2 2 3 2 1 1 2 2 2 1 2 2 1 1 2 1 1 2 2 1 2 1 4 4 2 2 3 2 6 3 1 2 1 3 2 3 1 4 1 2 1 1 1 1 3 3 1 2 1 2 1 1 1 5 2 1 1 1 3 2 1 3 1 1 2 3 1 1 2 4 3 2 1 1 2 2 3 1 1 1 2 3 1 1 3 1 1 2 2 3 1 2 1 1 3 1 1 3 4 1 1 3 2 2 1 3 1 1 7 1 1 2 2 1 1 2 2 4 1 1 2 2 5 3 3 2 1 2 1 2 3 2 2 2 1 2 4 2 2 1 2 1 1 2 1 2 1 3 2 3 3 2 1 1 1 1 3 3 2 1 5 1 1 3 2 1 1 2 1 3 4 2 2 1 2 1 3 1 3 1 1 1 2 1 3 2 2 1 1 4 7 2 2 2 2 2 1 2 3 2 3 3 2 1 1 2 1 1 1 1 2 3 1 1 2 1 4 1 3 1 1 4 2 1 1 1 3 4 1 1 2 2 2 2 3 2 2 2 4 3 1 1 1 3 1 1 2 3 2 1 1 1 4 2 2 4 2 1 1 1 2 3 3 1 1 3 2 2 1 4 2 2 2 4 2 2 1 2 5 4 5 4 6 3 4 2 3 1 3 2 2 2 1 5 2 2 1 4 2 4 1 1 5 2 1 2 1 2 2 1 3 1 2 1 1 1 2 3 3 5 2 1 1 3 4 1 1 1 3 2 3 1 2 3 1 1 2 2 2 2 2 1 4 4 1 2 4 3 2 1 4 2 3 4 2 4 1 3 2 2 1 1 2 3 1 2 1 3 4 4 3 2 4 2 2 1 1 2 4 1 1 2 1 2 1 4 1 1 1 3 2 1 1 3 1 4 1 1 2 3 3 1 4 2 4 1 1 3 1 3 1 1 2 3 1 2 2 4 4 1 2 1 1 3 1 1 3 3 2 2 3 3 2 1 2 2 4 2 3 2 2 1 6 2 2 1 1 3 1 1 2 2 4 1 1 2 3 4 2 2 2 2 2 2 4 1 4 4 1 1 1 3 1 1 2 3 3 2 3 1 3 4 2 2 2 1 1 3 2 4 1 1 3 2 2 4 2 2 2 3 2 1 2 2 3 2 2 4 2 2 1 1 3 2 3 1 2 1 1 3 3 4 2 2 1 4 1 1 4 2 1 4 2 1 2 2 1 2 1 1 1 2 2 2 3 1 1 1 2 1 1 3 5 1 2 1 1 3 1 3 6 1 1 2 1 2 2 1 2 2 2 1 1 1 1 1 1 1 1 6 2 1 
  #Test Small 18121
  #Test Medium 34814
  #Test Large 56017
