Board size [mm] 375x375

Stats side 1
  #Components with background 173
  #Components with points 942
  #Components nofly 6
  #Components notouch 6
  #Pins 187290
  #GNDs 8260
  #VDDs 6741
  #Clock 127
  #NoFly points 940
  #NoTouch points 1048
  #Points [total] 204406

Stats side 2
  #Components with background 215
  #Components with points 1037
  #Components nofly 0
  #Components notouch 0
  #Pins 189548
  #GNDs 7080
  #VDDs 5641
  #Clock 109
  #NoFly points 0
  #NoTouch points 0
  #Points [total] 202378

Stats board (side 1 + side 2)
  #Components with background 388
  #Components with points 1979
  #Components nofly 6
  #Components notouch 6
  #Pins 376838
  #GNDs 15340
  #VDDs 12382
  #Clock 236
  #NoFly points 940
  #NoTouch points 1048
  #Points [total] 406784
  #Nets 18693
    Net Size: 15340 12382 236 2 2 1 1 1 3 1 3 1 3 2 4 1 4 2 1 1 2 3 1 1 1 2 1 2 3 1 2 4 1 1 2 3 3 1 1 3 3 2 3 1 1 1 4 5 1 2 2 1 1 1 3 1 7 2 3 2 3 3 1 3 1 5 1 1 5 1 5 1 2 1 1 1 1 2 1 4 1 1 3 1 1 2 5 2 1 1 1 2 3 2 1 1 3 2 2 2 2 1 3 2 1 1 5 1 2 1 4 3 2 1 4 3 3 1 3 3 1 1 2 3 2 2 2 1 1 2 2 1 7 1 1 1 3 2 4 1 4 2 2 2 5 4 1 3 1 2 1 3 3 3 4 1 1 1 2 1 2 2 1 1 1 1 3 4 3 3 3 2 3 2 1 4 3 1 2 2 1 3 3 1 1 3 2 3 1 2 2 1 3 1 1 1 1 1 2 3 1 1 2 2 2 3 5 4 1 5 1 3 2 3 1 3 1 6 2 2 4 3 2 1 1 3 2 3 2 1 4 1 1 4 2 1 2 1 3 1 2 2 2 3 2 1 1 5 1 3 1 1 3 2 2 2 1 2 2 1 1 2 4 2 2 1 1 4 1 1 2 1 2 2 1 1 2 1 3 2 4 2 1 1 1 2 1 1 1 2 3 2 3 3 1 4 1 2 3 1 4 1 3 1 1 1 1 2 2 3 2 5 3 1 2 2 1 1 2 1 5 3 5 3 2 3 1 1 1 1 6 1 2 1 1 2 4 1 1 2 3 1 4 7 3 3 1 1 2 2 2 3 2 3 1 3 1 1 2 1 1 3 2 2 2 2 1 1 4 2 1 4 2 3 6 2 1 1 2 3 2 3 1 2 1 3 5 1 2 1 4 1 1 1 1 2 2 1 3 2 2 1 1 1 2 1 3 2 2 1 1 2 1 1 3 1 3 2 3 2 3 1 1 1 1 2 3 2 1 2 1 1 2 1 3 4 3 1 1 1 3 1 1 2 1 2 3 2 2 1 2 2 1 1 2 1 5 3 1 2 3 1 3 1 3 2 2 1 1 2 1 5 1 2 1 3 1 1 1 1 1 2 1 2 3 2 1 1 2 1 1 3 3 2 1 2 2 1 2 4 3 2 1 3 3 2 1 2 1 2 2 2 2 1 3 1 3 3 1 3 1 5 2 1 1 2 3 3 1 3 1 1 1 1 1 1 1 4 2 4 3 1 1 2 1 1 3 4 1 1 3 1 3 2 2 3 2 1 3 1 3 2 4 3 1 2 3 1 1 2 3 2 1 1 3 2 2 4 4 1 2 1 1 2 1 2 1 1 1 2 1 2 2 3 3 2 1 2 3 5 2 4 2 4 1 2 1 2 3 1 4 4 4 1 3 2 3 1 1 4 1 3 1 2 4 2 5 1 2 2 4 1 5 1 3 2 2 2 1 1 5 1 1 4 3 2 2 1 2 1 2 1 2 4 1 2 1 1 2 1 4 1 2 5 4 1 2 1 1 2 1 1 2 3 1 1 1 2 1 2 2 1 2 1 1 2 4 2 1 2 1 5 2 3 4 2 5 1 2 1 3 1 3 1 1 3 1 3 3 3 3 2 3 3 2 1 2 1 1 1 2 2 2 3 1 3 1 2 1 3 2 2 1 2 2 2 2 3 4 1 4 1 1 1 4 1 1 3 1 2 3 1 5 1 1 2 1 2 1 2 1 4 4 4 5 2 3 1 1 1 2 3 2 2 2 2 1 3 4 1 2 2 3 2 1 2 1 3 1 2 2 1 1 1 1 1 1 3 2 5 2 3 1 3 2 3 3 1 4 1 1 4 2 3 1 3 1 3 4 3 2 1 2 3 3 1 1 2 1 4 2 2 1 4 3 4 2 2 1 3 1 2 2 1 6 2 2 1 3 1 1 1 4 1 2 2 3 2 4 2 1 1 6 3 1 2 2 2 2 1 1 2 2 2 4 1 2 3 1 5 1 4 1 1 1 1 3 2 1 1 1 2 2 1 1 5 6 1 1 2 1 1 2 1 3 1 2 3 2 1 3 1 2 3 2 1 1 1 1 1 1 1 1 1 2 1 1 2 4 1 5 5 3 1 1 2 2 2 3 2 1 1 2 1 4 4 1 2 1 2 1 2 3 2 1 1 2 2 1 1 2 1 3 1 1 2 2 2 2 1 3 2 3 2 1 1 2 2 2 4 1 2 1 3 2 2 2 1 2 2 1 1 1 1 4 3 2 1 1 1 2 5 2 2 4 2 1 3 1 2 1 1 2 1 2 1 3 1 2 2 1 1 5 3 1 1 1 3 2 1 2 1 2 2 1 2 3 1 1 4 1 3 1 1 1 1 1 1 3 2 3 2 2 2 1 1 1 3 2 1 2 1 2 2 1 1 4 2 4 2 4 2 2 2 1 1 3 1 2 2 3 3 3 2 1 2 3 2 3 1 1 1 1 2 4 1 1 3 3 3 1 1 2 1 1 2 1 1 3 2 1 4 1 1 2 1 3 3 1 2 3 2 1 2 4 3 3 2 4 1 1 1 3 2 2 2 3 3 4 5 1 1 2 4 1 1 1 2 1 1 2 2 1 2 3 1 1 4 2 3 2 2 3 2 3 1 2 1 1 1 2 3 2 1 1 3 2 2 3 2 2 2 1 1 1 3 3 2 2 2 1 1 2 2 1 2 2 3 4 2 3 1 2 1 2 4 3 1 1 1 4 1 1 3 1 1 1 1 2 3 1 2 2 1 2 4 4 2 1 2 4 1 2 2 1 1 2 1 1 2 1 3 2 1 1 2 1 3 1 2 2 1 1 2 2 2 1 3 1 1 1 2 3 1 3 4 3 3 2 1 2 1 2 2 3 1 1 2 2 1 1 2 3 1 3 1 1 2 3 2 3 3 2 3 3 4 2 2 1 5 1 1 3 5 1 2 6 1 2 1 1 1 2 2 1 1 2 1 1 1 1 2 1 3 3 3 1 1 2 1 4 1 1 3 1 2 2 3 2 3 2 1 1 1 3 1 2 1 2 2 2 1 1 4 2 2 2 3 1 1 2 3 3 1 1 3 1 1 1 1 2 1 1 2 1 1 1 2 5 1 1 2 3 2 2 1 3 2 1 2 2 2 2 2 3 1 2 3 4 2 3 1 1 1 1 1 4 1 3 2 3 3 1 3 1 2 1 2 1 2 2 1 1 2 2 3 3 1 1 1 3 1 1 2 1 3 1 1 1 2 6 1 3 1 3 1 2 1 1 4 1 3 1 4 4 3 1 2 1 1 1 5 2 4 1 1 1 1 3 3 2 1 1 2 1 4 1 1 4 1 1 1 2 4 4 4 1 2 1 1 2 5 1 1 3 2 2 2 1 4 1 1 1 1 2 3 2 4 2 1 2 3 2 3 1 2 2 1 1 4 2 2 1 4 2 2 3 4 3 1 3 1 1 4 2 1 3 2 2 1 3 3 1 2 1 3 1 2 3 3 1 1 1 1 3 2 1 1 3 1 4 2 1 1 2 1 1 1 2 1 2 2 2 3 3 2 1 1 4 2 1 4 1 2 3 2 3 2 6 2 2 2 1 3 3 4 2 2 3 3 2 1 1 1 3 3 1 2 2 1 3 2 1 1 2 2 2 2 1 2 3 3 1 4 5 1 1 2 1 1 2 2 3 1 1 1 1 2 1 2 3 2 5 3 2 2 3 2 2 4 4 1 2 2 1 5 2 4 4 1 2 2 3 1 4 4 2 2 1 3 1 2 3 3 2 1 1 1 1 2 1 1 5 2 2 2 3 4 2 2 5 1 1 1 1 1 3 1 2 1 1 1 2 2 1 2 4 1 1 1 2 3 3 3 1 1 1 6 2 4 1 1 4 1 1 1 5 1 5 3 3 3 2 2 5 2 2 2 1 2 1 3 1 1 2 4 2 2 4 4 2 2 2 3 1 2 1 2 1 6 1 1 2 2 1 1 1 1 2 1 1 2 4 2 2 3 3 2 5 3 3 1 3 1 1 1 3 1 1 2 2 1 3 1 4 2 2 4 2 2 3 1 2 2 2 2 3 1 2 2 2 3 2 3 1 1 1 2 2 1 1 2 2 2 1 2 2 2 5 1 2 2 1 1 1 5 1 3 1 2 3 4 6 2 1 3 4 1 2 2 2 2 5 1 1 1 1 3 2 2 3 1 2 4 3 1 3 2 1 4 1 1 3 3 2 2 3 1 2 2 5 1 3 1 2 5 1 2 2 4 1 2 1 2 1 4 1 2 3 1 3 2 1 1 3 1 2 1 4 3 1 1 2 1 4 2 1 1 2 1 2 2 2 3 1 3 1 3 2 1 2 2 2 2 3 1 1 1 1 2 3 1 2 1 1 2 1 2 1 4 5 1 2 2 1 2 2 2 2 3 2 2 1 3 2 3 2 1 2 1 3 4 2 1 1 1 1 3 1 4 4 4 2 3 4 1 4 1 3 1 3 1 2 1 2 1 1 2 2 3 2 1 2 2 2 5 1 2 2 4 3 3 1 2 1 1 4 4 3 2 2 2 1 1 1 1 2 1 3 1 2 2 1 3 3 1 4 2 2 3 1 4 2 1 2 1 2 1 2 2 2 1 1 1 2 2 2 2 2 2 3 4 1 1 1 1 2 1 2 3 2 2 4 1 2 1 3 2 1 2 3 1 2 2 2 2 2 3 1 1 1 6 2 1 3 2 1 1 2 7 2 1 3 1 2 2 1 1 2 1 1 1 1 2 4 1 4 1 1 3 1 1 2 2 5 1 2 2 1 2 2 2 2 1 3 3 1 3 6 1 1 2 2 1 1 1 2 1 3 1 2 6 1 1 4 1 1 1 1 2 2 5 3 2 1 1 1 2 2 3 3 1 1 1 1 3 3 2 2 3 2 3 1 1 2 1 2 2 1 2 3 3 1 1 2 1 4 2 1 3 1 3 2 1 1 3 2 3 1 1 1 3 2 2 2 3 3 2 1 2 1 1 1 6 1 1 6 1 1 1 1 2 1 2 1 1 1 2 5 2 3 1 3 6 3 1 2 1 1 2 1 3 2 5 1 1 2 4 3 2 4 5 1 1 1 1 3 1 4 3 1 1 4 2 2 6 1 2 1 2 2 1 2 3 1 3 4 2 1 1 3 6 3 2 2 1 3 2 1 4 2 1 3 1 2 3 1 3 1 1 4 2 4 2 2 1 3 3 1 1 1 5 3 1 4 3 1 1 2 4 1 1 3 4 2 2 2 3 1 1 1 2 1 5 1 3 2 1 1 2 1 1 2 3 1 2 1 3 2 1 2 3 2 3 1 1 1 2 4 1 1 1 1 3 1 3 1 2 2 1 2 1 1 3 2 1 3 2 6 3 2 1 4 1 3 2 1 2 1 2 1 3 1 2 3 3 2 4 1 3 3 4 4 2 1 1 1 4 1 2 1 3 1 2 2 1 3 3 3 1 3 1 2 1 2 2 3 2 2 2 4 1 4 3 3 3 1 3 3 2 2 1 2 2 1 2 5 2 1 1 1 1 3 1 3 1 2 3 3 1 2 2 2 2 2 4 4 3 1 3 1 1 1 4 1 5 2 1 3 3 2 3 2 1 3 5 3 3 2 1 5 1 1 2 3 1 2 1 4 4 2 2 1 2 2 3 2 3 1 4 1 3 1 1 2 2 2 2 1 4 2 2 2 3 1 1 2 2 4 3 2 2 4 1 1 2 1 1 1 3 2 1 3 2 6 1 1 3 4 2 2 3 1 2 2 3 1 2 1 1 1 1 3 2 3 2 3 3 2 2 1 1 2 1 1 1 3 2 1 3 1 3 1 2 3 4 1 2 2 2 1 3 1 2 1 1 2 2 1 1 1 1 2 1 2 1 1 1 1 3 1 1 2 2 1 3 1 3 1 2 2 1 4 2 2 5 1 3 2 1 1 3 4 1 2 2 3 2 1 2 1 2 1 2 2 1 2 3 1 1 4 1 1 1 1 3 1 2 2 1 1 3 3 2 3 1 1 1 3 1 2 1 1 2 1 1 4 1 3 2 1 2 2 1 2 1 3 5 2 2 2 1 2 1 3 1 1 3 3 1 3 1 3 2 4 2 2 3 5 1 2 1 1 1 1 4 1 1 1 1 4 2 5 2 2 2 4 1 1 2 5 2 1 1 2 1 1 1 2 2 1 2 1 2 2 1 1 4 2 2 2 1 1 3 2 5 3 2 3 1 2 4 1 1 1 1 1 2 3 5 5 2 1 3 1 2 2 5 3 1 2 4 3 2 3 1 3 1 3 3 2 1 2 3 1 3 3 1 1 3 1 5 3 1 1 2 1 2 2 3 1 2 1 2 3 1 4 1 2 1 2 2 3 2 2 1 2 2 2 1 2 3 1 1 1 2 1 1 1 1 2 3 3 2 1 4 1 2 2 2 1 2 3 1 3 3 1 3 2 1 3 2 2 2 1 2 2 1 1 1 1 3 1 3 1 1 5 2 3 1 1 2 4 2 2 2 1 1 5 1 2 2 3 1 2 3 2 4 1 5 2 2 2 3 1 4 2 3 3 4 1 1 4 1 3 3 1 1 2 4 1 2 2 1 2 3 2 2 1 1 3 3 2 1 2 2 3 2 1 2 3 2 1 1 2 1 2 2 1 2 5 2 2 1 1 2 1 5 4 1 2 1 1 2 1 4 3 1 3 1 1 4 5 2 1 1 1 1 1 1 3 3 1 1 1 4 1 1 3 1 2 5 1 3 1 2 2 1 4 2 2 5 1 2 2 2 1 4 1 2 1 4 1 3 2 2 1 1 1 2 1 1 2 2 2 2 1 3 1 1 1 2 2 4 2 4 3 2 3 2 1 2 2 3 1 3 6 2 4 4 1 1 1 1 3 2 1 2 1 1 1 1 1 1 1 3 2 2 3 1 2 2 2 1 2 2 1 1 3 2 1 1 2 3 3 2 1 2 2 2 1 2 2 1 2 2 1 1 2 4 4 3 1 1 1 3 3 3 2 1 2 2 4 2 2 1 4 2 3 3 1 2 2 1 4 2 3 2 1 1 1 2 1 3 1 2 2 1 1 1 2 2 4 1 2 2 1 6 1 2 1 3 3 5 6 1 1 1 2 1 1 3 2 4 2 2 2 3 1 4 2 1 2 1 2 1 2 1 1 4 1 1 2 2 1 1 1 2 4 4 2 1 1 3 1 1 3 1 1 4 3 1 1 1 1 1 2 2 1 4 4 2 1 1 1 2 1 1 2 1 5 2 3 2 3 2 1 3 1 1 1 2 2 1 3 2 5 1 2 3 2 1 1 3 1 1 1 3 4 3 1 2 4 3 1 4 2 2 2 4 1 1 3 4 3 1 2 4 3 2 1 4 1 2 2 3 2 2 1 1 2 5 2 1 7 2 1 3 3 1 2 2 1 2 1 1 3 2 1 1 4 2 4 2 2 2 4 2 3 2 2 3 2 2 1 2 2 1 1 3 2 1 1 2 1 1 3 2 2 2 1 3 4 2 4 1 2 2 2 3 1 3 2 4 2 1 2 2 2 3 2 3 5 1 2 3 1 2 2 2 1 1 3 3 2 2 1 2 1 3 1 3 1 3 2 2 2 2 1 2 3 4 1 3 1 2 2 1 2 3 2 1 2 2 3 5 1 1 2 3 4 4 4 2 4 3 2 2 3 1 3 1 3 1 3 3 2 1 1 3 3 1 2 2 4 3 1 4 1 1 2 3 1 2 1 2 2 4 1 1 1 3 2 2 2 1 1 2 2 2 2 1 1 2 2 1 3 1 3 4 1 3 1 3 4 3 1 5 2 4 1 1 3 1 3 2 3 1 2 2 1 1 2 2 2 4 2 1 1 2 2 2 1 3 1 2 4 2 2 3 1 1 1 4 2 3 3 3 3 5 2 1 2 3 1 2 2 2 2 1 5 3 3 4 1 1 1 3 2 3 2 1 1 1 1 2 3 1 2 4 3 2 2 2 2 1 2 4 2 2 3 3 2 1 1 1 1 2 1 2 3 1 3 4 1 1 3 2 1 1 4 1 3 1 2 3 2 5 3 3 4 2 2 1 3 2 5 3 2 1 3 1 3 1 4 1 1 1 4 4 2 2 1 4 1 2 3 1 3 3 4 2 1 2 2 1 2 1 1 2 3 3 1 2 1 2 2 1 1 3 1 1 3 2 3 1 1 1 2 2 3 2 2 3 2 1 3 1 2 1 2 1 2 3 3 3 2 2 1 1 3 1 1 2 3 2 3 1 3 2 1 1 1 3 2 2 1 3 2 3 1 1 1 3 2 2 1 2 1 3 2 2 2 2 3 2 2 2 4 2 3 2 2 4 1 1 1 4 3 3 1 2 2 3 2 2 2 1 1 2 1 1 3 3 1 5 2 1 3 2 2 4 1 1 2 2 3 2 4 1 3 3 1 1 1 1 5 3 3 2 3 1 2 1 2 2 1 1 2 1 1 6 1 1 1 2 3 4 2 1 2 3 4 2 3 3 4 1 3 1 1 1 1 1 4 2 2 2 1 1 2 1 3 1 2 4 5 2 1 2 1 2 1 1 1 2 1 1 1 1 2 2 3 3 1 1 1 2 2 1 1 2 1 2 1 2 3 1 2 3 3 1 2 1 1 2 1 1 4 3 2 2 3 2 3 4 4 1 2 6 1 2 1 5 1 1 1 1 2 3 1 3 3 4 3 2 1 2 1 1 1 2 1 2 3 3 2 1 2 3 1 2 2 3 2 2 3 2 2 1 2 3 3 1 3 5 2 2 2 2 3 4 1 2 1 3 1 4 1 3 1 1 1 1 4 2 1 1 1 2 1 1 2 1 2 2 2 1 1 1 1 3 1 2 3 1 3 3 3 1 1 3 3 5 2 3 2 5 1 3 1 2 2 2 1 1 1 2 3 1 1 2 2 1 1 1 3 1 2 1 5 3 2 4 1 2 2 2 1 1 1 3 1 3 1 2 2 1 2 1 4 1 2 1 1 1 3 2 2 3 2 2 2 5 2 1 1 1 2 2 2 1 2 4 1 2 4 1 3 3 3 1 1 1 1 1 4 3 3 5 3 1 1 1 3 2 3 2 1 1 1 2 2 1 1 1 1 3 6 3 2 1 1 2 3 2 2 4 2 1 1 2 4 5 1 3 1 2 3 1 2 2 2 2 1 3 2 2 3 2 2 2 2 1 2 2 4 2 1 2 3 1 1 3 1 1 1 1 1 1 1 1 1 1 1 1 2 1 2 1 2 2 1 2 1 1 2 2 1 3 1 4 1 1 1 2 1 1 3 1 4 1 2 1 2 3 1 2 1 2 1 1 1 3 2 1 2 1 1 4 1 3 4 2 3 2 1 1 1 1 2 1 1 1 1 1 1 3 1 2 3 2 1 1 1 1 1 1 4 3 1 3 1 1 3 2 3 3 2 3 1 1 2 3 1 1 1 1 2 1 1 1 1 1 2 3 3 2 1 1 3 5 5 1 1 1 1 4 2 2 1 3 4 2 3 1 2 1 2 1 1 2 1 1 1 2 2 2 2 1 1 3 2 1 1 2 5 1 3 2 1 1 1 1 1 6 1 1 1 4 5 3 1 1 4 1 3 4 4 2 3 1 2 1 1 2 2 3 1 1 1 2 3 1 3 2 1 1 1 1 2 1 1 2 3 3 1 3 2 1 2 1 1 2 2 2 2 3 1 2 1 3 3 3 4 4 1 2 4 1 2 4 2 2 2 1 2 2 2 2 2 4 4 2 2 1 1 2 2 1 1 1 4 1 1 1 2 1 1 1 1 5 1 1 3 2 2 2 3 2 2 2 1 3 2 3 1 1 3 1 3 1 1 1 1 2 1 1 1 2 5 3 3 1 1 3 2 1 2 2 2 6 3 1 1 2 5 3 4 3 1 2 3 1 2 2 1 3 1 2 3 1 2 3 2 3 2 5 4 2 1 2 2 1 1 1 1 1 2 1 4 1 2 1 2 3 1 2 1 4 3 2 1 2 4 3 1 5 1 2 1 2 1 2 2 1 1 4 4 4 2 4 2 1 2 2 2 2 2 1 3 5 1 1 3 1 2 1 1 1 1 1 4 1 1 1 2 2 3 1 4 3 2 3 1 2 1 1 4 2 3 3 1 1 3 2 2 1 4 2 1 4 2 2 2 3 2 2 1 4 2 1 2 3 3 3 3 2 1 4 1 1 3 1 2 1 1 1 1 1 1 2 4 3 3 5 2 3 1 3 3 2 1 1 2 6 2 5 2 1 1 3 1 1 1 2 2 1 1 3 1 1 1 3 5 1 2 5 2 3 1 2 1 2 2 3 1 1 2 1 1 1 2 1 2 2 3 2 2 1 5 3 1 1 2 2 1 1 3 1 2 1 1 1 3 5 3 2 2 1 1 3 1 1 1 1 2 1 1 1 3 1 1 2 3 2 1 2 1 1 1 3 1 4 2 1 2 3 4 1 1 3 1 1 4 3 1 2 2 1 2 1 3 1 4 1 2 2 4 1 1 2 1 1 1 3 1 3 1 2 2 1 3 2 2 1 3 2 2 1 5 3 2 3 1 1 3 1 1 4 3 6 4 2 1 2 1 3 3 2 3 2 2 1 5 3 1 2 2 2 1 3 1 3 2 1 1 1 2 4 1 1 2 3 1 1 2 3 1 3 2 2 1 3 2 1 2 4 3 1 1 1 1 5 3 4 1 4 1 2 2 3 1 2 1 2 2 1 5 4 1 3 3 2 3 1 1 2 4 1 1 2 3 1 1 2 2 2 2 1 1 1 2 1 1 3 1 4 3 3 1 2 1 3 1 3 2 2 3 2 1 1 3 1 2 4 1 2 4 3 3 3 1 3 3 1 1 3 2 2 1 2 1 2 2 5 3 1 2 1 3 2 5 1 1 1 4 3 1 2 1 1 1 1 2 1 2 3 3 3 2 2 4 2 1 3 1 1 2 3 2 1 2 3 2 6 2 3 1 1 4 2 2 2 3 3 4 4 1 3 2 1 1 3 2 1 1 2 2 1 2 1 1 2 2 2 2 2 2 1 1 1 1 1 3 1 1 3 4 2 2 1 5 4 4 1 3 1 4 2 2 1 1 2 1 3 2 2 4 5 2 1 4 4 1 1 1 2 3 7 2 2 1 1 1 2 5 3 2 3 2 2 5 4 3 1 2 1 1 2 5 4 3 3 1 1 2 1 1 1 1 1 1 4 2 2 1 2 1 1 1 1 2 3 1 1 2 3 3 1 5 1 1 2 1 1 2 2 3 2 2 2 1 2 2 2 4 2 1 2 3 1 2 3 3 2 1 1 5 1 1 4 2 1 2 2 3 1 1 2 3 1 2 1 1 2 2 2 2 2 2 2 2 4 3 1 4 2 2 3 1 7 3 1 4 2 2 1 5 2 1 2 3 1 5 1 3 4 3 2 2 1 5 4 1 2 1 2 5 2 1 1 2 2 2 1 3 1 3 1 2 2 1 2 2 1 4 2 2 1 2 1 2 1 2 1 1 1 1 2 2 1 1 2 7 5 1 3 4 1 3 1 3 1 2 3 2 3 2 1 4 1 1 4 2 6 1 3 4 3 5 1 3 4 1 5 1 1 2 3 6 1 1 1 2 2 2 1 3 3 4 1 3 6 2 4 3 2 2 3 3 3 2 4 2 2 1 2 1 3 2 5 3 3 4 4 1 3 1 4 1 1 2 2 3 3 3 4 4 1 3 2 1 2 2 1 6 1 1 2 3 2 1 3 1 3 1 1 3 1 5 2 1 1 2 3 3 1 4 1 3 3 1 3 1 3 4 2 3 1 3 1 1 1 1 1 3 1 1 1 1 3 2 3 1 4 1 1 1 4 1 1 3 2 1 1 2 2 1 1 2 1 3 1 4 1 3 2 2 3 3 2 2 2 1 3 2 2 3 6 1 2 1 1 5 2 2 4 1 1 2 3 1 1 2 2 2 1 1 3 2 2 2 2 1 1 1 2 2 2 2 1 1 3 2 3 4 2 2 4 2 1 1 1 2 1 1 1 2 2 2 2 2 1 2 1 3 2 1 2 1 2 3 1 5 2 1 2 2 1 2 1 2 2 1 1 1 2 3 2 1 1 4 1 2 3 3 1 2 2 2 3 2 3 1 2 1 1 2 2 1 1 1 2 1 2 2 1 2 2 2 3 2 1 4 3 1 1 1 1 2 3 3 2 4 1 2 2 1 1 2 2 2 2 2 3 2 1 2 1 2 1 1 2 3 1 2 1 2 2 2 1 1 2 1 1 3 1 2 2 3 2 1 1 1 2 2 4 2 3 2 1 4 3 1 1 2 1 1 1 1 1 4 2 1 5 2 2 3 2 5 3 4 1 2 2 2 1 1 1 4 1 2 3 1 1 3 1 3 2 1 2 3 1 1 1 7 3 1 2 1 2 2 1 1 3 1 2 2 2 1 1 5 3 1 5 1 1 3 2 1 3 3 1 3 1 1 1 2 3 3 1 2 3 1 3 1 2 2 1 3 1 1 1 2 3 1 1 1 2 4 3 1 1 2 1 3 1 3 1 1 1 2 1 1 2 1 1 1 3 2 2 2 1 1 2 3 3 2 1 4 3 2 2 1 1 4 2 2 1 1 4 1 1 2 4 1 2 5 1 1 4 1 3 5 1 1 2 4 3 1 2 2 5 2 2 3 3 3 1 1 2 1 1 1 3 1 2 2 2 1 1 2 3 1 1 2 2 3 1 2 1 2 3 5 1 1 3 2 3 5 2 4 2 4 1 1 2 2 1 1 3 1 3 2 3 3 1 3 4 1 2 4 1 2 3 2 2 1 3 4 2 1 1 2 1 2 4 2 3 1 1 3 1 2 4 2 1 1 2 2 1 2 1 2 1 1 2 2 1 3 6 1 3 4 3 2 2 1 2 1 2 1 1 3 1 3 1 2 2 1 1 2 2 1 1 1 3 3 1 3 1 1 4 3 1 1 3 1 2 1 1 2 1 2 2 1 3 1 4 2 2 1 2 1 3 3 1 1 3 2 5 4 4 1 2 1 2 1 1 3 1 1 1 1 1 1 2 2 1 1 2 1 2 2 3 4 4 2 2 3 1 2 5 2 1 3 2 1 1 1 2 1 4 2 2 1 2 2 2 1 2 2 2 2 1 3 3 1 1 4 2 3 1 2 2 1 2 3 1 2 5 3 5 2 1 4 5 2 1 2 2 5 4 2 2 4 4 3 3 2 1 2 2 4 3 1 4 1 2 2 2 3 2 1 1 3 1 2 1 2 1 1 1 4 3 1 1 1 1 2 1 4 2 3 2 4 3 2 2 2 3 2 2 1 2 1 1 1 1 1 3 1 1 1 3 1 6 1 1 2 4 1 2 2 1 3 2 2 2 1 2 2 2 3 2 2 2 2 1 3 2 2 1 2 1 2 2 1 2 2 2 2 2 2 3 1 4 3 1 4 2 2 4 2 2 3 1 2 3 4 1 1 2 1 1 2 1 1 2 1 1 3 1 2 1 1 2 2 1 1 2 2 1 1 2 1 2 2 1 1 4 6 5 1 3 5 3 1 1 1 1 2 4 4 2 4 5 3 5 5 3 2 1 2 1 1 3 2 1 1 2 2 2 2 2 1 2 1 2 2 2 2 1 1 1 1 3 3 3 4 1 1 2 2 1 6 1 3 1 3 2 1 1 2 2 1 4 1 1 2 2 1 2 2 2 4 2 2 1 2 2 1 1 1 1 2 1 3 1 1 4 2 2 1 1 1 1 1 3 1 1 3 2 1 1 1 1 1 1 1 2 1 2 2 2 3 1 2 1 3 1 1 1 4 1 1 1 3 4 2 1 2 1 2 1 1 2 4 4 1 1 3 1 1 3 1 1 1 2 3 2 2 2 2 2 3 1 4 2 4 1 2 3 1 2 2 5 1 1 2 4 2 3 1 2 2 2 3 1 1 1 3 1 1 2 2 3 2 2 2 3 2 1 1 2 1 2 1 1 2 3 1 3 2 3 1 1 2 2 2 1 2 1 2 4 1 3 1 2 1 2 7 1 2 1 4 1 2 2 1 4 1 3 1 1 3 1 1 3 2 3 1 1 2 1 2 2 1 2 4 1 2 4 3 1 4 1 5 3 4 1 1 4 3 3 3 2 1 1 3 3 2 1 2 1 1 3 5 2 1 1 4 3 2 1 1 2 1 1 1 2 4 1 2 1 3 1 1 2 2 4 1 2 2 2 4 1 2 3 1 2 1 1 3 3 2 2 3 6 1 2 1 1 2 1 1 2 1 1 4 2 4 3 1 3 3 2 1 3 2 5 2 1 2 4 1 2 1 1 2 1 1 1 2 1 1 1 1 4 1 2 1 2 1 4 3 2 1 2 5 4 4 6 1 2 1 1 5 5 1 2 2 1 2 4 1 1 1 2 2 1 1 1 4 4 2 1 3 1 3 4 1 4 2 1 2 1 1 2 1 1 1 1 3 2 2 2 3 1 3 1 1 4 2 1 3 3 3 3 3 1 2 1 3 2 1 3 2 1 3 1 3 1 1 2 1 2 1 2 2 1 2 3 2 2 1 1 3 1 4 2 1 3 2 1 3 1 1 2 4 3 2 4 2 1 1 4 2 2 1 1 2 1 1 2 4 2 2 1 3 4 2 3 1 3 1 3 2 3 1 1 2 2 2 1 1 2 4 2 1 3 3 1 1 3 3 3 2 2 1 4 3 2 1 5 2 2 2 1 2 2 1 1 2 1 2 2 1 1 3 1 2 4 1 2 3 1 1 2 1 1 1 2 2 3 2 1 2 1 2 1 1 2 1 1 4 1 1 3 2 1 3 1 1 1 1 2 8 2 1 2 2 2 3 3 2 1 4 1 2 3 5 3 2 2 2 2 2 2 2 2 1 5 2 2 1 3 1 3 1 2 2 1 2 1 4 2 4 1 3 4 2 2 1 2 3 1 1 3 1 3 3 1 3 1 1 1 3 4 1 1 1 4 1 2 1 1 3 1 3 4 2 2 4 2 1 5 2 2 1 1 1 1 3 3 1 7 1 3 1 2 2 2 3 5 1 1 2 2 2 2 1 1 1 2 2 1 3 1 1 2 2 4 3 4 1 1 4 2 5 1 1 1 1 3 1 3 1 2 1 1 1 3 1 3 2 2 1 1 3 1 1 3 1 3 3 1 1 1 4 3 1 2 2 1 3 1 2 1 1 1 2 2 3 3 3 1 2 2 2 3 2 2 2 3 3 4 2 1 2 2 2 2 1 2 1 4 1 2 1 1 3 2 1 2 2 2 1 1 2 1 3 3 2 2 1 3 1 1 3 1 1 2 4 2 3 2 3 1 1 1 1 5 2 3 3 3 2 6 1 2 1 3 1 4 7 3 1 2 1 1 2 1 2 1 2 4 2 1 5 4 3 2 3 3 3 1 1 3 3 1 1 2 1 1 2 5 3 1 1 1 1 3 3 1 3 2 3 2 3 1 3 2 2 5 2 1 2 2 2 2 4 1 3 2 2 3 2 2 2 1 2 1 2 2 4 1 2 1 4 3 3 2 2 1 1 2 2 3 3 3 2 2 2 1 2 2 1 3 1 2 1 4 2 2 3 1 3 1 2 1 2 1 1 3 4 4 1 2 2 2 1 3 2 3 1 1 2 2 1 1 2 1 2 1 2 2 2 3 2 2 2 1 3 1 4 5 2 1 3 1 1 3 1 2 1 3 2 2 2 3 3 1 3 1 2 1 2 1 1 2 2 2 1 2 4 2 1 3 2 3 3 2 5 4 1 2 1 1 1 1 4 3 1 3 1 1 1 2 1 1 2 1 2 1 3 1 2 1 1 1 2 2 2 1 1 1 1 2 1 3 2 3 1 2 1 1 1 4 2 2 1 2 1 3 3 3 1 2 2 1 1 2 1 3 2 1 2 3 3 2 1 2 3 2 3 2 1 1 1 2 1 3 2 1 1 1 1 2 4 1 1 3 3 1 1 1 1 2 4 3 3 2 3 4 5 3 3 1 1 4 1 1 1 2 1 2 1 3 1 5 1 1 1 1 1 2 2 2 4 5 1 3 1 5 3 2 2 1 3 3 2 5 2 1 1 2 2 4 3 5 1 3 1 3 1 1 2 3 5 3 3 4 1 1 2 1 1 2 2 2 1 6 1 1 1 1 1 1 3 4 1 1 1 2 1 1 2 1 1 3 2 3 1 2 4 3 1 1 1 2 5 3 2 2 2 3 1 1 2 2 4 3 1 4 3 3 1 2 2 5 2 3 3 1 2 4 4 1 2 2 1 4 2 2 2 3 1 3 3 1 6 2 1 5 1 1 4 2 1 4 2 2 1 2 1 2 2 1 2 1 1 1 3 4 2 1 3 2 2 1 2 1 1 1 1 4 1 2 2 5 2 1 2 1 1 1 2 1 1 2 2 2 3 5 1 1 1 2 2 1 2 5 2 1 2 1 1 1 1 2 2 5 1 4 2 3 1 2 2 2 2 3 1 3 1 3 3 2 2 1 4 1 1 1 3 3 5 1 1 3 1 3 4 3 1 2 2 3 1 2 1 1 1 5 5 1 4 1 2 1 1 3 2 1 1 1 3 1 2 1 1 3 1 1 3 3 2 1 3 2 2 1 3 2 3 3 1 2 2 3 2 3 3 1 1 2 2 4 1 1 2 2 3 1 1 1 2 2 1 1 1 3 2 3 1 2 4 3 2 1 3 3 2 2 1 2 2 1 1 2 1 2 2 2 2 1 4 2 1 2 1 3 3 3 2 1 2 1 2 2 1 1 1 1 2 4 1 2 1 1 2 2 1 1 1 1 1 3 1 1 1 1 1 1 3 2 2 3 1 1 1 3 3 2 2 1 1 3 2 6 4 1 1 4 3 4 1 3 3 3 3 1 2 1 1 3 5 4 1 1 1 3 2 1 1 4 1 2 1 1 3 1 1 2 3 2 1 1 2 1 4 1 1 3 3 1 1 1 2 2 2 1 3 1 1 4 1 1 1 2 1 2 2 1 2 2 1 1 1 1 2 1 2 1 2 1 3 2 3 1 1 2 2 2 2 3 2 1 1 1 2 1 4 2 2 1 2 2 1 1 4 1 2 3 2 1 1 4 2 1 1 1 1 2 3 4 2 1 2 2 2 2 1 2 1 2 3 2 2 3 4 1 1 3 2 1 2 1 2 1 3 1 1 1 4 1 2 2 1 1 1 3 2 1 3 2 1 2 1 1 1 1 1 2 1 2 3 2 1 2 2 4 2 1 2 1 2 1 2 2 2 1 1 3 2 1 4 2 1 2 3 3 1 2 5 2 4 2 2 2 3 1 3 1 3 1 1 1 1 2 1 1 2 1 1 2 2 2 2 1 2 1 2 1 2 5 2 2 1 1 3 4 1 2 2 3 2 5 1 1 1 1 1 1 3 1 2 1 3 3 1 1 2 1 3 1 2 1 2 1 1 1 2 1 3 1 2 2 2 1 3 2 3 1 1 1 2 1 2 2 3 3 2 2 4 2 1 1 2 1 2 1 3 2 3 2 2 2 1 2 3 2 2 1 2 1 2 2 1 2 1 4 1 1 1 2 2 1 3 3 2 2 1 1 1 2 1 2 2 3 2 1 1 1 1 1 1 1 3 1 3 3 1 2 2 3 2 1 2 2 1 1 1 1 4 1 1 1 2 3 1 1 1 1 2 2 1 1 3 4 3 1 3 1 1 1 3 1 1 3 2 2 2 1 3 2 2 2 1 1 1 2 4 1 2 2 2 1 1 4 1 1 1 2 1 1 1 1 1 2 2 4 2 4 1 2 1 1 4 1 4 4 1 3 1 1 1 1 1 2 1 2 4 3 2 3 1 1 2 1 2 1 1 3 1 1 1 1 2 4 1 3 5 2 2 1 2 2 3 1 1 2 3 1 1 3 1 2 3 1 2 2 2 2 4 3 2 1 4 1 2 1 1 5 3 1 1 1 1 4 2 1 2 3 2 2 3 1 5 1 1 1 3 2 1 5 1 2 2 4 3 1 1 3 2 3 2 2 2 2 2 3 1 1 1 5 2 1 1 4 2 2 1 3 2 1 2 1 3 2 1 1 2 3 3 1 1 1 3 1 2 1 1 1 2 1 1 1 4 2 1 1 2 2 2 1 1 1 1 1 1 3 4 2 2 4 2 1 1 2 3 1 1 3 3 2 1 1 2 4 3 3 2 1 3 4 1 2 1 1 2 1 1 2 3 1 1 3 1 3 1 4 2 4 1 3 1 4 3 3 3 2 1 4 2 4 3 1 4 1 2 1 1 1 1 1 2 2 3 2 1 2 1 2 3 1 1 1 3 2 1 2 1 1 1 1 1 3 1 2 2 2 2 1 2 5 1 2 1 2 2 2 1 2 2 2 2 4 3 3 1 1 1 1 1 1 1 1 2 1 1 3 2 5 3 2 1 2 1 3 3 3 2 1 1 2 5 3 3 1 4 1 2 2 1 2 2 3 1 3 2 2 2 2 3 1 1 5 4 2 2 1 3 1 2 1 1 2 1 1 1 1 2 2 4 2 1 2 2 3 2 1 2 2 1 2 3 4 3 1 1 2 1 1 1 2 1 1 1 2 3 1 1 4 2 1 3 1 5 2 1 1 2 1 1 2 2 2 2 2 1 2 1 2 2 4 2 1 1 1 2 2 2 2 1 2 3 1 2 4 1 1 2 2 3 1 1 2 2 2 2 4 2 2 3 1 1 1 1 3 1 4 2 1 2 2 2 1 1 2 1 1 1 1 1 2 1 3 2 2 3 3 1 1 3 2 2 1 3 2 2 1 2 1 1 1 3 4 2 4 4 3 2 1 1 2 1 2 1 2 5 2 4 2 2 2 1 1 1 2 4 1 3 2 4 2 2 1 1 1 1 3 2 2 3 2 3 2 1 3 1 1 4 1 1 4 4 2 4 2 1 1 3 2 2 6 2 1 3 2 1 2 1 2 1 4 1 2 3 3 1 2 1 4 2 1 1 1 4 6 1 2 1 1 2 1 1 2 2 1 1 3 1 3 1 3 3 1 2 4 1 2 4 2 3 1 2 4 2 2 4 1 3 3 1 1 7 2 1 2 2 4 3 1 1 2 3 1 2 3 1 2 1 1 2 3 4 2 4 2 1 3 2 2 1 2 1 1 1 3 3 1 1 1 2 1 2 1 2 3 2 1 5 1 2 4 2 1 1 1 1 5 1 2 1 3 2 3 2 1 3 2 4 1 3 3 1 6 2 3 2 2 1 2 1 2 2 1 1 1 2 1 1 1 5 2 3 5 1 2 2 3 2 2 4 1 1 3 1 3 2 2 3 3 4 3 1 2 8 1 1 1 3 3 4 2 2 2 3 1 2 1 1 3 3 1 2 1 2 1 1 3 1 2 3 1 1 1 2 1 1 3 1 1 2 3 1 4 3 3 2 1 1 3 1 1 2 1 2 2 1 3 1 1 3 1 2 3 1 2 3 2 1 1 1 3 1 2 2 1 2 1 1 3 2 2 2 1 1 1 5 1 1 4 1 2 1 1 3 1 1 1 1 1 2 3 1 1 1 2 2 3 3 1 1 3 2 2 5 3 2 5 1 1 3 3 1 2 1 2 1 1 3 3 2 2 1 1 1 2 3 1 3 1 1 2 2 1 1 1 1 1 1 3 1 1 1 2 3 1 3 1 4 1 1 3 4 3 1 2 1 3 2 2 5 1 1 2 1 3 4 1 3 2 4 3 2 1 1 1 3 2 1 1 1 7 1 2 1 1 1 3 4 2 2 2 1 1 3 2 1 3 5 4 2 2 1 4 1 2 1 1 2 4 1 1 1 4 3 4 1 1 1 1 3 3 2 1 4 2 4 2 2 2 2 1 2 3 2 2 2 1 1 2 2 1 2 3 2 2 2 2 2 2 3 3 2 1 1 2 3 3 3 2 4 2 2 2 2 2 4 7 1 1 1 1 1 2 4 1 2 1 1 1 2 2 4 2 2 3 4 2 3 3 2 1 2 1 1 3 2 3 1 2 2 2 1 3 6 3 6 1 2 3 2 1 2 1 3 2 1 1 2 3 3 1 2 1 4 1 2 2 1 3 2 4 1 1 1 1 3 1 2 4 1 3 1 3 2 1 2 1 2 3 2 2 1 1 1 2 2 2 3 1 1 2 2 5 3 2 3 2 3 3 2 2 5 3 2 5 4 1 3 2 5 4 2 1 2 2 1 2 2 2 1 2 4 1 2 5 3 1 2 3 2 2 2 1 1 3 1 1 2 2 2 1 2 3 1 2 2 2 1 2 4 1 1 2 1 1 6 5 1 2 2 2 2 5 5 2 1 2 1 1 1 2 2 2 3 1 1 2 2 4 2 4 2 1 1 5 2 4 3 2 3 1 1 1 1 2 2 2 2 1 1 1 2 2 2 1 3 2 1 2 1 3 2 2 4 1 2 4 2 1 1 1 3 1 3 1 4 1 1 1 1 2 1 2 1 2 2 3 1 2 2 3 2 1 2 1 2 2 1 5 1 2 3 3 3 2 2 1 1 4 2 2 4 1 2 1 3 4 4 3 2 4 1 1 2 1 1 2 1 1 1 1 1 1 2 2 1 1 1 5 1 3 3 4 1 1 4 1 1 2 1 2 1 5 3 2 3 2 3 3 3 1 1 3 1 1 2 2 2 1 1 1 5 1 1 1 1 1 2 1 2 1 1 3 3 1 2 1 1 1 2 3 2 3 3 3 1 3 1 3 3 1 3 2 2 2 2 2 1 2 1 4 2 1 3 3 3 4 2 1 2 1 3 1 4 2 1 3 1 1 2 3 1 1 2 1 2 1 4 1 1 3 4 1 1 1 5 2 1 1 1 4 2 2 2 3 2 3 1 3 5 3 3 4 1 3 1 2 1 1 1 2 4 1 1 2 2 1 3 4 3 3 3 1 1 5 1 1 1 1 2 1 2 5 1 1 1 4 3 1 1 1 1 2 1 1 2 1 3 2 3 1 2 3 1 2 1 1 3 1 1 1 1 2 1 1 2 3 2 6 1 2 1 2 2 1 3 1 1 1 2 1 4 1 1 3 1 3 1 2 1 5 1 1 3 1 2 2 1 1 3 1 1 1 3 4 4 1 2 1 5 3 1 1 3 1 3 1 2 3 4 1 1 1 5 4 3 3 5 2 1 2 3 1 3 1 2 2 2 3 1 2 2 2 1 2 4 2 2 1 2 1 3 3 2 5 3 1 2 1 1 2 1 1 3 2 1 3 3 1 2 2 2 4 1 1 4 1 2 3 2 2 1 1 3 3 6 3 3 2 2 1 4 4 2 2 1 2 1 2 2 2 1 2 2 2 1 1 3 2 1 3 2 2 1 2 1 2 3 1 3 3 2 1 3 1 3 2 1 1 3 2 4 4 1 3 4 3 3 1 2 2 2 1 2 3 1 2 1 2 2 2 3 1 2 2 4 2 2 1 2 1 2 2 4 2 2 1 1 1 1 3 2 3 1 2 1 2 1 2 1 3 2 3 1 1 2 2 1 2 2 1 3 3 3 1 1 1 2 4 1 2 2 1 1 1 2 1 1 1 5 4 1 3 1 3 3 1 2 1 1 5 2 1 3 1 1 4 2 1 2 2 1 1 1 1 1 1 1 3 2 3 6 1 3 1 2 1 5 1 1 1 8 1 2 4 2 3 3 6 2 1 2 1 2 3 2 3 2 2 4 2 1 1 2 3 1 3 6 5 2 1 2 2 3 1 3 1 3 1 1 1 2 1 1 1 1 3 3 3 2 3 2 1 2 1 3 1 2 3 1 2 1 2 3 1 1 2 1 5 2 1 1 1 1 3 2 3 2 3 1 4 1 4 1 1 2 1 3 2 4 1 4 3 2 3 2 2 1 1 2 1 3 3 1 1 2 1 3 2 1 4 1 1 4 1 1 4 1 1 1 3 5 2 6 2 3 3 1 5 2 2 2 2 4 3 1 1 2 2 2 2 3 1 1 3 3 1 2 2 1 1 2 2 3 3 1 1 1 1 3 3 3 2 2 2 1 2 4 5 1 2 1 5 2 3 4 4 1 2 2 1 2 1 3 2 3 3 1 1 2 1 1 1 1 4 5 1 1 1 1 1 5 1 4 1 2 1 2 3 1 2 3 4 2 1 1 1 1 1 2 3 2 1 3 3 2 1 1 3 1 2 3 3 3 2 1 1 3 1 1 2 2 2 2 1 3 2 1 4 1 3 1 2 1 2 4 2 2 2 2 4 1 1 2 2 2 1 1 3 1 1 1 2 3 3 2 1 1 1 2 5 2 2 1 1 3 2 2 3 2 3 2 1 1 2 2 2 3 1 3 2 4 6 1 3 1 1 3 2 2 1 2 3 3 3 3 1 2 2 2 1 2 2 1 1 3 2 3 2 3 1 1 3 2 2 2 4 4 2 4 4 2 3 1 2 2 1 2 2 1 1 2 4 2 3 2 2 2 2 3 3 4 1 1 1 3 1 2 4 1 1 2 1 1 1 2 4 1 1 2 2 3 1 1 2 3 2 2 1 2 3 1 4 1 2 1 2 1 1 1 2 1 1 2 1 2 1 1 1 1 2 2 1 1 3 1 1 2 1 2 3 1 1 4 2 3 3 2 1 3 2 1 3 2 1 2 1 2 2 1 1 3 1 2 5 2 1 2 2 3 3 2 1 2 1 2 1 2 3 2 1 3 2 3 3 2 2 2 1 3 1 1 2 2 1 2 2 1 2 1 2 1 1 5 4 1 1 1 1 2 1 1 1 1 3 1 1 1 2 2 4 1 2 2 2 2 1 3 1 5 4 5 1 3 2 1 3 1 1 3 1 1 3 3 1 2 2 3 1 1 1 1 1 1 1 1 2 3 1 3 2 2 1 1 2 1 1 2 1 2 2 3 4 1 3 1 2 2 1 1 3 1 4 2 2 1 1 3 1 1 3 1 3 1 2 1 2 6 1 2 2 3 2 1 1 1 1 2 1 1 1 2 5 2 1 4 5 1 3 2 1 3 2 1 3 2 2 3 3 3 3 2 1 3 1 1 4 4 1 1 2 1 2 5 2 1 1 1 2 2 2 1 1 4 2 2 5 2 3 1 2 2 2 4 2 3 1 1 2 1 3 3 3 1 6 4 1 1 2 2 1 3 1 2 1 5 1 2 3 1 2 1 3 1 1 4 1 2 2 1 3 4 3 2 3 2 4 3 1 4 2 3 1 1 2 1 1 1 3 1 4 1 3 3 3 4 1 1 1 1 2 3 1 3 3 2 2 2 1 1 2 1 5 2 1 5 2 1 2 1 2 1 2 2 2 2 2 2 3 1 2 1 1 2 2 1 1 1 1 1 2 1 3 3 2 3 2 2 2 2 2 3 6 2 3 3 1 1 2 1 4 2 1 1 1 2 3 3 1 1 1 3 1 1 1 1 2 2 1 1 2 5 1 2 2 1 4 3 1 1 5 3 3 5 2 2 4 4 1 5 4 3 1 1 3 1 1 1 1 2 1 2 2 1 1 4 4 3 3 2 1 1 1 3 3 3 2 3 4 1 3 1 1 2 4 1 1 3 3 2 3 3 1 5 1 1 4 1 2 1 3 1 2 3 1 2 3 2 2 2 2 1 1 2 1 1 1 2 2 2 2 1 3 3 4 2 2 2 1 1 1 1 1 5 1 4 1 1 4 2 1 3 1 2 2 1 1 2 2 2 3 1 2 3 1 2 1 4 4 5 3 1 5 3 1 2 1 2 2 1 1 2 2 3 4 3 1 2 1 3 3 3 3 2 2 5 4 1 1 1 1 4 3 4 1 1 1 1 2 2 2 1 1 1 1 2 1 2 1 2 5 1 1 2 3 4 2 3 4 1 1 1 1 3 3 2 3 3 1 1 1 1 1 2 3 2 2 2 3 2 1 3 1 2 2 3 1 1 1 2 3 3 1 3 3 1 1 2 3 2 3 1 1 1 2 1 2 3 1 2 3 2 3 4 5 2 1 4 3 4 2 2 2 3 3 3 2 2 1 1 1 1 5 2 1 1 2 2 2 2 2 2 1 2 3 1 1 3 1 3 1 2 2 1 3 2 1 1 2 1 2 2 3 1 2 4 4 1 1 2 3 1 2 4 1 1 1 2 3 1 2 2 3 1 3 3 3 2 3 4 3 2 3 2 2 4 1 1 1 3 3 1 1 2 2 1 1 2 2 1 1 2 2 3 2 3 2 1 3 1 1 4 3 1 1 3 1 1 1 2 3 5 4 1 1 2 1 2 3 2 1 3 2 1 1 2 2 3 1 2 1 1 1 4 3 4 2 1 2 1 2 2 2 1 7 2 2 1 2 1 1 2 2 1 4 1 1 2 3 2 2 1 1 2 2 2 2 2 4 2 2 2 3 1 2 1 2 4 2 4 1 2 1 2 4 1 2 2 1 3 1 3 2 1 2 2 1 2 1 3 2 3 1 3 2 2 1 1 1 1 3 2 4 1 1 1 2 1 4 1 1 1 1 1 1 2 3 2 2 2 2 4 1 1 1 2 2 1 2 2 2 3 1 1 1 3 1 2 1 2 1 1 4 1 4 1 1 2 5 1 2 2 3 2 1 1 2 4 3 2 1 2 1 3 1 3 3 1 2 5 2 2 4 1 2 1 3 3 2 2 1 2 3 2 4 1 1 1 1 1 1 3 3 1 2 2 1 2 3 3 1 2 1 2 1 2 1 1 2 4 2 1 3 3 2 2 1 2 1 2 2 2 1 2 1 3 2 2 4 1 1 1 2 2 1 1 2 1 1 1 4 2 4 3 3 2 1 4 4 1 1 1 2 5 1 2 1 4 2 1 1 2 2 1 2 2 3 1 3 1 4 1 3 1 1 2 2 1 1 2 2 1 3 2 1 1 2 2 2 1 1 2 1 1 1 2 2 2 1 1 2 1 1 3 1 4 3 3 3 1 3 2 3 2 1 2 1 2 3 1 1 1 2 1 1 2 1 1 2 3 2 1 2 2 1 3 2 2 1 3 2 3 2 1 3 3 2 2 3 1 3 1 3 3 3 2 1 1 3 1 2 2 1 1 3 1 1 2 1 4 3 1 1 2 1 3 1 3 3 1 1 2 1 3 4 2 2 3 4 1 2 3 2 2 2 3 3 1 3 4 4 4 1 3 3 3 2 1 2 4 1 1 3 2 3 1 2 1 1 1 1 1 1 3 4 1 1 2 2 1 1 2 1 1 1 2 2 2 1 1 1 1 1 2 2 3 4 3 4 3 1 4 4 4 2 2 5 1 1 3 2 1 3 2 1 1 1 4 1 1 1 1 1 5 3 4 1 4 3 1 1 1 2 2 1 1 4 3 3 2 2 2 2 3 3 2 1 2 1 1 2 1 2 3 3 1 1 5 1 2 1 2 2 1 2 2 2 2 2 3 3 1 4 1 2 1 1 2 3 4 2 5 1 1 2 1 1 2 1 5 4 1 3 2 2 1 1 1 1 2 1 2 5 3 1 1 1 1 1 1 2 3 3 1 2 2 2 2 4 1 1 2 2 3 3 3 2 3 2 2 2 1 2 1 1 3 3 2 1 2 1 1 3 2 3 2 2 2 3 1 1 3 1 1 1 3 2 1 1 2 1 3 1 7 1 1 1 1 2 2 1 2 1 2 4 2 3 1 2 1 3 3 1 1 3 3 1 2 1 1 3 2 1 3 1 3 2 1 1 6 2 5 2 1 3 1 2 1 1 1 1 3 2 2 1 1 2 4 3 1 2 2 2 2 2 1 3 1 2 1 3 1 3 1 1 1 2 5 3 3 2 3 3 2 1 2 2 3 2 3 1 2 2 2 1 2 2 1 1 3 1 1 5 1 1 2 2 3 4 1 3 1 4 1 4 1 2 1 2 5 1 1 3 1 1 1 2 2 1 1 1 1 1 4 1 3 2 1 1 1 1 1 1 2 1 1 4 1 1 1 2 2 3 6 3 2 2 4 6 2 2 2 3 1 1 1 2 3 3 2 8 1 3 1 1 2 3 2 2 2 2 1 1 1 2 5 2 3 1 1 1 5 1 3 1 3 3 2 1 3 1 1 2 1 2 5 1 3 1 4 1 1 2 3 1 1 3 1 1 1 4 1 1 2 3 2 2 1 1 1 1 1 2 2 1 1 1 1 3 2 1 3 1 2 2 2 3 1 1 4 1 2 1 2 1 1 1 1 1 2 2 2 1 2 2 1 3 2 1 3 1 4 2 4 1 3 2 2 2 1 4 1 1 4 1 2 3 1 2 2 4 1 1 2 5 1 1 1 2 1 1 2 2 1 3 1 1 2 3 4 2 2 1 3 2 4 1 1 2 1 2 4 2 5 3 1 1 2 4 3 2 2 2 1 1 1 2 1 2 2 4 2 1 2 4 4 3 2 2 1 4 1 1 3 2 1 2 2 1 2 1 1 1 1 3 4 1 3 1 1 3 1 3 2 2 2 2 1 1 2 3 2 2 1 1 2 4 5 1 1 1 2 1 1 1 2 4 5 2 4 3 1 3 5 1 1 1 1 1 4 2 2 3 3 5 1 4 3 1 1 2 5 1 1 2 2 1 1 1 1 3 3 5 2 1 2 3 1 2 1 2 1 1 2 3 3 1 1 2 1 1 2 1 1 2 1 2 1 2 2 1 2 4 1 2 2 3 1 1 4 2 3 3 2 2 2 1 2 1 1 1 1 4 1 1 1 3 2 1 3 3 2 1 1 3 1 1 3 1 2 1 3 1 1 3 1 2 3 1 2 3 2 1 1 2 1 1 2 1 1 1 3 2 2 2 2 2 2 2 1 1 1 1 1 7 1 3 2 3 1 2 2 2 3 3 3 4 2 1 2 2 2 1 2 4 2 2 1 3 2 3 1 1 1 6 1 3 2 1 1 1 1 1 2 3 2 2 3 2 4 2 1 2 3 1 3 2 1 2 1 1 3 3 3 2 1 2 2 1 3 2 2 2 1 3 1 3 2 1 1 1 2 4 1 1 2 2 1 2 1 2 3 3 3 4 2 1 1 1 2 3 5 1 2 1 1 1 2 1 3 1 3 1 3 2 4 1 3 2 3 2 1 3 2 2 1 2 1 1 3 1 3 2 1 1 2 2 1 1 3 2 2 1 1 3 1 2 3 2 1 4 3 1 1 1 2 4 2 1 2 2 1 2 3 1 1 3 1 1 6 1 1 2 1 1 2 3 1 1 3 2 1 1 1 3 3 2 2 2 1 4 3 3 1 6 1 2 1 4 2 4 2 3 3 2 2 1 4 2 2 2 1 1 5 1 2 1 4 1 1 2 4 1 2 1 3 4 2 2 3 4 3 1 3 1 1 2 2 1 1 2 4 3 1 6 1 1 1 2 1 3 3 2 1 2 5 1 2 2 2 3 3 4 2 1 1 4 1 1 1 1 2 3 3 2 2 2 1 2 5 1 5 1 1 1 2 1 3 2 1 2 2 1 2 2 3 1 2 1 2 2 1 1 1 2 3 2 1 2 2 1 3 5 3 2 1 1 2 1 3 3 1 2 2 2 5 1 1 2 2 1 3 3 2 1 2 1 3 1 2 1 4 1 3 1 1 3 2 1 2 1 2 2 2 1 2 1 1 1 2 3 4 1 2 1 3 2 2 2 2 2 2 1 1 1 4 2 1 1 3 3 1 1 1 1 3 1 4 2 1 1 4 2 3 1 1 1 1 3 1 4 2 1 2 2 3 1 2 3 1 4 1 5 3 1 2 1 3 3 1 2 2 2 1 3 2 3 4 2 2 1 1 1 2 2 3 1 2 1 3 1 3 3 1 5 2 2 1 5 2 1 4 1 5 3 1 2 1 2 3 3 1 2 1 1 2 2 4 2 1 2 1 1 1 2 2 2 2 3 2 1 2 2 1 1 3 2 3 1 1 4 2 4 3 3 3 3 1 2 2 4 2 1 1 3 1 2 2 2 1 3 1 4 1 2 2 2 2 1 1 1 2 3 1 2 2 1 2 1 2 1 3 1 1 1 2 1 2 2 2 4 1 2 4 3 2 2 1 3 3 1 3 2 5 1 1 1 1 3 1 2 2 3 1 1 2 2 1 1 1 1 2 2 2 1 1 5 3 3 1 1 1 1 2 3 1 2 3 1 2 1 1 1 1 1 1 1 2 2 1 1 5 2 2 1 2 2 4 3 1 2 2 2 2 2 2 1 1 2 4 3 2 1 1 2 1 1 2 4 1 1 2 1 1 1 1 1 3 2 1 3 1 2 6 2 1 1 3 2 2 1 4 2 4 4 1 3 1 3 3 2 1 1 1 2 1 2 3 1 3 1 2 2 3 2 2 3 2 1 1 1 1 2 2 1 3 2 1 3 4 3 2 4 1 4 3 3 2 4 3 1 1 1 2 3 2 2 2 1 4 1 2 1 2 2 1 3 1 2 4 1 1 2 2 1 3 2 3 3 1 3 4 1 2 1 2 2 1 1 1 1 2 1 3 1 3 4 3 1 3 2 5 1 1 2 1 2 1 1 2 1 1 3 1 1 2 1 2 2 2 1 1 2 4 2 2 3 2 2 1 2 3 1 1 4 2 1 3 2 1 1 1 2 1 3 2 1 1 4 1 2 1 2 3 1 2 2 2 3 4 1 2 3 1 1 4 3 1 2 1 1 4 2 3 2 3 3 2 3 1 2 1 1 1 1 3 3 2 1 1 2 2 5 3 2 3 5 3 3 2 1 1 2 3 2 2 3 2 1 3 2 2 1 1 1 2 1 3 2 2 2 2 2 2 3 1 2 3 1 3 5 4 2 3 1 2 2 2 1 2 2 1 3 1 3 2 1 3 3 2 2 2 1 2 1 2 5 2 1 2 1 3 3 5 1 1 1 4 3 1 5 2 3 2 1 1 3 1 1 1 1 1 2 2 3 1 2 1 2 1 3 2 1 2 1 2 1 1 1 2 1 1 1 2 1 2 5 1 1 1 2 2 3 4 5 2 2 1 4 2 1 1 2 1 1 1 1 2 2 4 1 1 2 3 1 2 4 2 1 1 2 1 3 2 3 1 1 1 1 1 2 3 1 1 1 2 3 1 2 2 1 1 3 2 1 1 2 1 1 2 1 1 2 1 2 2 2 1 2 3 2 1 1 1 1 2 4 1 4 2 1 4 3 2 1 1 2 5 2 4 2 5 2 1 1 3 2 2 3 2 1 1 1 3 1 1 2 2 3 1 2 3 5 2 1 3 1 2 3 3 2 1 1 3 4 4 2 2 2 1 1 1 2 2 2 4 2 1 6 1 2 1 2 2 2 3 3 3 2 2 1 2 1 2 3 1 1 2 1 2 2 1 1 2 6 2 1 1 2 1 2 2 1 1 3 4 4 1 3 1 4 1 3 3 3 1 1 3 1 1 2 1 1 3 2 1 4 2 5 3 4 1 4 3 2 2 2 3 2 1 2 1 1 1 2 1 1 1 3 1 1 2 2 2 4 1 1 4 1 2 2 5 2 1 1 1 3 1 2 2 5 1 3 1 2 1 1 1 2 2 1 3 3 1 3 3 3 2 2 2 2 1 1 3 3 2 4 3 3 1 1 1 2 1 3 2 3 2 3 1 2 3 1 1 1 1 1 1 4 3 3 1 2 2 1 4 1 3 1 2 1 1 2 1 2 3 3 2 1 1 2 3 3 3 1 2 1 2 2 4 1 2 2 4 1 2 2 2 1 1 3 2 1 1 3 1 1 3 1 3 2 3 2 2 4 5 1 2 2 1 2 1 2 2 2 3 1 4 1 3 2 2 1 3 2 1 1 1 1 1 2 2 4 1 2 2 1 1 2 2 3 1 1 1 1 3 1 2 1 2 2 1 1 1 2 1 2 4 2 4 2 1 3 2 1 4 3 1 1 1 2 3 2 1 2 2 1 3 3 3 4 3 3 1 1 1 2 2 2 1 1 4 1 3 3 3 1 1 1 2 1 5 2 2 3 3 3 4 2 3 1 3 1 2 1 1 4 2 2 1 3 1 2 2 2 1 1 1 3 1 2 2 2 2 2 1 4 1 1 2 4 2 2 2 2 3 3 2 1 4 2 3 3 1 2 2 2 2 2 3 1 1 1 3 2 1 4 2 1 1 2 3 1 1 1 1 2 2 1 3 1 2 1 1 1 2 1 1 3 2 1 3 3 1 1 4 2 1 2 3 1 1 1 1 3 3 2 3 6 5 1 4 1 2 2 2 1 3 6 2 1 2 2 2 1 1 2 1 1 1 3 1 1 1 2 1 2 1 1 1 3 4 4 2 2 1 2 1 2 1 1 3 1 3 1 1 1 3 1 4 1 5 1 1 1 1 6 2 2 1 1 3 4 3 3 2 2 1 4 1 2 4 2 1 1 3 1 1 3 1 2 1 4 2 1 2 4 1 1 1 4 1 1 3 2 2 3 1 2 1 2 1 2 1 2 2 1 2 1 2 3 2 4 1 1 1 1 1 2 4 1 4 3 1 2 1 2 2 3 3 2 2 1 1 2 3 1 4 3 1 4 1 3 3 3 2 1 4 1 7 1 3 1 1 2 1 3 2 1 1 1 2 2 2 6 1 5 1 1 4 3 3 2 1 1 3 1 1 3 2 1 1 1 1 4 1 2 4 2 3 2 1 3 1 1 1 1 2 1 4 1 1 1 1 1 2 1 2 1 1 2 3 3 1 2 3 1 3 1 3 1 1 3 1 1 4 2 1 1 2 2 1 2 1 1 2 1 1 6 3 2 2 3 2 2 3 3 1 1 1 2 1 1 4 3 1 2 2 2 2 2 3 3 4 2 2 2 2 2 1 3 1 2 2 1 1 2 2 3 2 3 6 3 1 1 2 1 1 2 2 2 2 3 3 2 2 6 1 2 3 2 1 1 1 2 2 1 1 1 1 1 3 3 2 1 1 3 2 1 2 1 1 1 2 2 4 1 1 3 3 1 2 1 1 1 2 1 1 1 1 1 2 1 1 1 2 3 2 2 2 2 1 1 3 3 2 2 2 1 1 4 1 2 3 1 3 1 3 2 2 1 1 2 1 4 1 1 4 1 1 3 2 1 2 1 2 1 3 2 2 2 1 2 3 2 2 2 2 1 3 1 1 2 1 1 2 4 2 1 4 2 2 2 1 1 1 1 3 1 1 3 1 1 1 3 2 1 4 2 1 1 1 1 1 4 2 2 1 1 4 3 2 1 3 4 1 5 2 2 1 3 3 1 3 3 2 1 1 1 2 3 4 2 3 3 3 1 1 2 3 1 2 2 3 3 3 1 1 2 1 2 1 2 1 1 1 1 5 1 1 4 2 1 1 2 3 5 1 1 2 2 1 1 2 2 1 2 1 3 1 2 3 1 3 1 1 3 3 3 5 1 2 1 3 2 2 1 3 2 1 1 2 2 2 1 1 4 1 1 1 1 2 2 2 1 1 1 1 3 3 1 1 1 3 2 2 2 1 1 1 2 1 2 1 2 4 1 1 1 3 2 3 4 5 2 3 2 4 1 3 3 4 2 1 2 1 3 1 3 1 1 1 4 3 1 1 2 2 1 2 2 1 1 2 1 2 1 2 1 1 4 1 3 1 1 1 3 1 4 1 1 3 1 1 1 1 1 3 1 3 3 4 1 1 1 1 2 2 2 1 7 1 6 1 3 3 1 2 2 1 1 2 3 1 1 2 2 4 3 2 2 2 2 3 1 2 1 1 2 3 1 2 1 2 1 2 1 3 2 2 1 1 1 2 1 1 1 1 2 2 2 2 3 1 3 3 2 3 2 1 1 2 2 1 5 3 2 1 1 1 3 2 2 1 1 1 3 3 2 1 5 2 2 1 4 4 1 1 3 1 5 1 1 1 3 2 1 3 2 2 2 3 1 1 1 1 4 4 2 1 1 1 3 1 3 2 2 1 2 1 1 2 2 1 1 2 2 2 5 2 1 1 2 1 1 4 2 1 3 2 3 3 2 3 3 1 1 4 1 2 3 4 1 4 4 2 1 2 1 1 2 3 5 4 2 1 1 1 2 1 3 3 1 3 1 2 1 2 1 3 3 2 2 3 2 2 1 2 1 2 1 3 3 1 2 1 3 1 2 2 2 1 2 4 2 1 1 3 1 2 2 1 2 1 2 3 1 1 3 1 1 2 4 1 3 2 3 1 4 1 1 2 4 1 2 2 1 1 1 1 3 1 5 2 1 1 1 1 2 2 2 3 3 3 1 2 1 1 1 1 2 1 2 2 2 2 1 3 1 5 1 3 2 2 2 4 1 2 3 3 2 2 2 1 6 1 3 1 1 2 3 1 2 1 2 1 2 2 1 2 2 1 3 1 2 4 1 1 1 2 3 1 2 1 1 2 1 2 3 1 1 2 1 3 1 1 1 1 3 2 1 1 4 3 2 1 2 1 4 1 1 1 2 2 1 2 4 2 3 2 2 5 3 1 2 1 3 1 1 1 2 1 3 1 3 1 2 2 1 1 1 5 3 1 2 2 1 1 5 3 2 3 5 1 2 1 1 2 3 1 2 2 2 3 2 1 2 1 1 2 2 2 2 1 2 2 1 1 1 1 2 1 2 2 2 2 6 1 1 1 1 1 2 3 1 1 2 6 4 4 4 1 1 4 1 2 2 3 4 2 3 2 2 4 3 1 2 3 1 3 3 2 1 1 3 2 1 2 3 1 2 2 2 2 4 2 4 2 1 1 1 1 2 1 3 2 2 4 1 1 2 3 1 1 3 1 1 3 2 1 1 3 4 1 1 2 2 3 1 2 1 2 3 2 1 1 1 2 1 2 2 2 4 1 2 1 2 2 2 1 1 1 3 3 1 2 1 2 1 1 1 2 2 1 1 2 2 2 2 1 2 1 3 1 1 2 1 1 3 1 2 2 4 1 2 1 1 2 2 1 1 4 1 2 1 1 2 2 2 2 4 3 1 4 1 3 4 3 1 3 2 3 2 1 1 2 2 3 2 4 1 3 2 1 3 2 1 4 2 1 1 1 1 3 1 1 4 2 2 4 4 4 2 2 1 2 2 1 3 2 1 2 4 1 3 1 3 1 4 5 1 1 1 2 4 4 1 2 5 1 3 3 2 3 1 3 2 5 3 2 2 4 2 1 3 1 4 2 1 1 3 3 1 1 1 2 4 1 1 2 2 2 2 1 2 5 4 2 1 4 1 1 4 1 1 1 3 1 1 2 2 1 2 2 2 1 2 1 3 2 1 4 3 2 2 2 2 2 1 1 1 3 4 1 3 2 1 5 1 2 1 2 3 1 1 2 2 4 3 2 1 1 1 2 2 2 2 2 2 5 2 1 1 1 3 5 4 2 3 4 1 1 2 2 1 1 2 1 1 2 1 4 1 2 3 3 2 1 3 2 1 2 2 5 1 1 3 2 3 1 2 1 3 3 1 3 2 4 3 2 3 3 1 1 2 3 1 1 3 1 2 2 3 3 1 2 2 1 2 2 3 2 1 1 2 1 1 1 1 1 1 2 2 1 1 2 2 2 1 2 1 4 4 2 1 1 3 2 1 1 2 1 1 2 4 3 3 3 2 2 1 2 2 6 4 2 1 4 3 4 1 1 1 2 1 1 3 2 1 2 2 1 1 1 3 2 1 1 1 3 2 2 2 1 2 1 1 3 3 1 4 5 1 2 1 2 1 3 1 1 3 1 1 1 1 2 1 2 2 1 4 1 2 3 2 4 4 1 3 1 4 2 1 3 4 2 2 1 4 2 2 3 3 3 5 2 1 2 3 3 2 1 1 2 2 2 1 1 3 3 4 1 2 3 2 2 1 1 3 2 2 5 7 1 3 2 2 2 1 4 1 2 1 2 1 1 1 1 3 2 3 1 3 2 2 3 2 1 4 2 2 2 2 1 2 2 5 1 2 1 7 3 2 2 1 3 1 2 2 3 1 5 2 3 2 1 2 1 1 1 1 2 1 1 1 2 3 3 2 1 1 2 3 3 3 3 5 2 3 2 1 1 1 1 1 1 1 3 2 1 1 1 2 2 1 2 3 2 1 2 1 1 2 3 1 4 1 2 2 3 3 3 2 2 1 2 1 2 2 2 7 1 2 2 3 4 3 1 2 2 2 4 1 1 1 1 2 4 2 1 2 2 2 2 1 1 1 2 1 2 1 1 1 3 2 3 2 5 1 2 2 1 1 2 2 1 2 3 3 2 1 1 1 1 2 2 1 2 2 1 2 4 1 1 3 1 4 1 1 1 1 4 4 2 2 1 2 1 2 5 1 3 1 2 3 1 1 1 3 4 1 1 1 2 3 3 2 2 3 1 2 4 1 1 4 1 1 2 2 2 1 2 2 2 1 4 4 1 1 3 2 2 3 2 4 2 3 2 2 2 1 1 1 2 3 1 2 2 1 2 2 1 4 2 1 1 2 1 1 2 1 3 1 2 2 1 3 5 2 1 1 2 1 1 3 2 2 3 2 1 3 3 2 1 1 5 2 1 2 3 5 1 3 2 1 1 1 1 1 1 3 1 3 1 1 3 3 1 4 4 4 2 1 1 1 1 1 3 1 1 1 2 2 1 1 2 2 2 2 3 1 3 2 2 1 2 4 2 1 1 2 1 2 1 1 1 1 2 3 2 1 3 2 3 2 2 2 2 3 1 2 1 1 1 2 1 2 3 1 3 2 3 1 1 1 1 3 2 3 1 1 3 2 2 2 1 2 1 4 2 2 2 1 3 1 4 3 2 1 3 4 4 2 1 2 2 1 3 2 1 3 3 1 1 2 2 2 3 2 1 2 2 2 2 3 2 1 2 1 1 3 2 2 1 1 2 3 2 1 2 2 4 2 1 1 2 2 2 2 1 2 1 2 1 1 1 1 1 4 2 3 1 1 1 1 2 1 3 2 3 1 1 1 1 1 2 2 3 2 4 4 1 1 1 1 4 1 1 1 5 2 1 1 2 2 4 2 2 1 3 1 1 2 2 1 1 2 2 2 1 2 2 3 1 3 2 2 2 1 1 2 1 2 3 4 3 6 1 3 1 3 6 1 1 4 1 1 1 2 1 1 2 1 3 1 3 3 2 2 1 1 2 2 1 1 1 2 3 3 1 2 1 2 4 1 4 1 1 3 1 1 2 2 4 4 3 2 1 2 2 2 3 1 3 2 2 2 3 1 1 3 3 3 1 2 1 2 4 2 3 1 2 1 2 1 3 3 2 1 1 1 2 1 1 1 1 1 2 1 3 2 1 1 3 1 2 1 1 3 1 1 4 1 1 6 2 2 1 1 2 1 1 1 3 1 1 3 2 3 3 5 2 1 2 1 1 2 4 1 1 2 1 1 2 1 2 3 2 1 2 1 1 2 1 1 3 1 1 2 1 1 1 2 1 2 2 2 1 1 2 2 2 1 1 2 3 1 2 1 2 2 4 4 3 1 3 1 2 3 3 3 2 4 3 1 4 5 1 1 2 1 2 1 2 3 2 2 2 3 1 2 5 2 1 2 6 1 1 2 1 3 2 2 1 2 4 3 3 3 2 1 2 1 1 1 2 1 1 1 2 1 1 2 3 2 1 1 3 1 2 2 2 2 1 2 3 4 1 3 3 2 3 2 1 2 3 2 4 1 1 2 3 3 1 1 3 1 3 3 1 3 2 2 2 1 2 3 4 1 5 1 2 2 2 1 4 1 1 1 4 5 2 1 2 2 2 1 1 1 4 3 3 2 1 4 2 2 2 1 1 2 1 3 1 3 2 2 3 2 4 1 2 1 2 1 2 4 2 4 1 1 1 2 4 1 4 1 2 2 1 2 2 3 1 1 2 3 1 2 1 1 3 3 1 2 1 3 3 3 6 1 2 1 3 2 3 2 5 2 2 2 1 4 1 1 1 1 2 1 1 3 3 1 4 1 1 3 2 2 3 1 2 1 1 3 1 1 5 1 2 1 2 2 3 2 4 2 1 4 1 1 3 2 1 1 2 1 1 1 1 3 1 2 1 1 1 1 1 2 1 1 2 1 1 1 5 2 2 3 1 1 2 1 1 1 4 1 3 3 3 3 3 2 1 2 1 2 3 1 2 1 2 3 2 1 2 2 2 1 1 1 1 1 4 3 1 3 1 1 4 2 2 1 4 2 2 3 3 1 2 1 1 1 1 1 2 1 2 1 4 1 2 1 3 1 2 3 2 3 5 1 1 3 2 1 2 1 4 2 2 1 1 1 2 2 1 1 1 4 3 2 1 3 1 1 3 1 2 2 2 4 1 1 2 3 2 3 1 1 3 1 3 4 3 1 2 1 2 1 1 3 1 1 1 2 4 2 2 1 2 3 4 1 1 1 5 3 1 1 1 3 1 1 1 1 2 2 1 3 2 4 2 1 3 2 1 4 1 1 1 4 1 3 2 1 3 1 3 2 2 4 1 1 1 2 2 2 1 2 1 4 1 1 2 1 1 2 3 2 5 1 1 3 1 1 2 1 1 3 2 2 1 3 2 2 3 4 2 3 2 3 2 2 2 1 1 2 2 1 1 2 2 1 4 1 1 1 4 3 3 1 1 1 2 2 3 1 2 1 1 1 2 2 2 1 1 1 2 1 1 3 2 1 3 2 3 3 3 2 3 3 1 2 1 5 4 4 2 1 2 2 1 3 1 2 2 1 1 1 2 1 1 1 4 2 3 2 1 1 2 1 1 3 1 1 1 1 1 1 1 2 4 1 1 1 2 1 4 1 2 2 3 1 1 3 2 2 2 7 3 2 2 3 2 2 1 1 1 3 2 2 1 4 2 2 3 1 1 3 1 1 2 1 2 2 5 4 1 1 1 1 1 2 3 1 1 3 1 1 1 1 1 2 2 1 2 3 1 3 1 1 4 2 2 2 2 1 1 1 1 2 3 1 4 2 1 5 2 1 1 1 2 2 2 2 2 1 1 2 1 1 3 2 2 1 1 2 2 5 3 3 1 3 1 3 2 1 1 3 2 3 1 2 2 2 1 2 1 2 1 1 1 4 1 3 2 3 1 1 2 1 1 2 2 4 1 1 3 1 1 1 1 2 6 2 2 2 1 2 1 1 2 3 1 2 1 2 1 3 2 2 2 2 1 1 4 4 1 2 2 2 1 1 1 3 2 3 2 2 1 1 1 1 2 2 2 1 3 1 1 1 1 2 1 1 2 1 3 2 2 2 1 1 1 4 4 2 2 1 3 1 2 2 1 2 1 3 2 1 2 2 1 1 3 1 1 4 1 3 2 3 2 4 2 1 2 2 2 1 2 1 1 2 7 3 2 2 1 1 4 4 1 2 3 3 4 4 4 1 2 2 1 4 5 2 2 1 1 1 1 1 3 2 2 1 4 1 4 4 1 2 2 2 2 2 1 1 2 1 3 3 3 1 3 2 2 2 2 2 1 3 4 2 4 2 2 1 3 1 2 1 2 2 2 1 1 1 1 1 4 3 2 1 1 2 2 1 1 2 2 2 2 4 3 2 1 1 3 1 1 1 1 2 4 4 1 5 1 2 2 4 2 3 2 2 3 5 5 3 1 1 1 4 1 3 1 2 5 1 3 4 1 2 1 2 2 3 1 1 1 1 1 4 6 1 4 2 1 4 1 1 1 2 1 2 3 2 2 1 1 2 1 5 2 1 2 2 1 2 1 2 2 2 1 3 3 1 2 2 1 2 1 1 2 1 2 2 6 2 2 2 3 1 1 2 5 1 1 3 2 1 1 1 1 3 8 2 2 2 1 3 6 6 1 2 1 1 2 1 3 3 2 2 4 4 4 2 2 4 2 1 3 1 3 3 1 3 2 2 1 3 1 3 1 2 2 2 5 1 2 1 1 1 2 2 3 1 2 2 4 2 2 2 1 2 3 1 2 4 1 2 2 1 2 2 3 3 2 2 1 1 1 2 3 1 1 3 2 1 1 2 2 5 2 1 1 2 1 1 1 3 1 1 2 2 2 3 2 2 2 2 1 3 1 3 1 2 2 1 3 4 2 3 2 2 4 2 3 1 3 1 1 1 1 2 2 2 1 7 2 1 2 1 2 2 1 4 1 5 1 2 1 2 2 2 3 2 1 4 1 3 3 2 2 1 1 1 1 2 1 3 1 2 1 2 2 1 1 4 3 2 1 3 1 2 2 5 2 1 3 3 2 1 1 3 1 1 1 2 3 2 1 1 1 1 2 2 1 2 3 4 1 1 1 2 2 1 2 2 4 1 2 1 5 1 1 3 2 1 1 2 2 1 4 1 1 1 2 2 1 1 3 1 1 1 3 4 1 4 1 1 3 2 2 3 1 2 3 1 2 2 5 1 2 2 2 1 2 2 1 1 2 2 3 1 2 4 2 2 1 3 2 2 1 2 1 5 2 3 1 2 2 2 2 1 5 1 3 2 1 2 1 4 2 3 3 5 1 2 2 2 1 2 5 2 1 2 1 2 1 2 1 2 2 4 2 3 2 3 2 3 2 1 1 3 2 3 3 1 3 1 2 3 3 1 3 2 5 1 2 1 3 2 2 2 4 3 3 2 4 2 1 1 1 2 1 3 1 5 1 1 1 1 1 1 2 3 3 2 2 2 1 1 1 4 3 1 6 2 1 4 1 2 4 1 2 4 1 2 1 6 1 1 1 2 1 2 2 1 1 2 1 1 1 1 1 1 2 1 4 4 4 3 2 1 2 3 3 3 5 2 2 1 1 4 3 2 3 1 2 1 2 1 2 1 1 1 1 4 3 2 2 2 4 2 3 1 1 2 1 4 2 2 2 2 1 3 1 2 3 2 1 1 1 2 2 3 1 1 2 1 4 2 3 1 4 4 4 2 4 1 3 1 1 2 2 3 5 2 1 2 4 2 2 2 4 2 3 3 3 1 4 4 2 1 3 3 1 4 1 1 2 2 2 2 2 1 3 2 1 3 3 5 1 3 1 1 1 3 1 1 3 2 3 3 3 1 1 3 4 1 1 5 2 3 4 3 4 4 2 3 3 2 3 1 3 2 1 1 2 2 1 1 1 1 2 2 2 1 5 1 2 1 1 5 4 1 2 1 5 1 1 1 2 1 1 1 1 1 3 4 1 2 3 1 3 1 2 1 2 1 1 2 1 2 1 2 2 1 1 2 4 1 4 4 3 1 1 1 1 1 2 1 1 1 1 2 3 2 1 1 2 1 1 1 3 2 1 4 1 2 1 3 4 3 1 1 4 2 2 1 2 1 2 4 2 3 3 3 2 1 2 3 4 1 1 2 4 3 2 2 2 3 1 1 1 2 2 1 1 5 3 2 1 3 1 2 1 1 4 2 4 2 2 1 1 3 1 1 1 1 3 4 2 1 6 2 1 3 1 1 2 2 1 3 1 2 2 1 3 1 2 4 1 2 1 3 4 2 1 2 1 1 1 2 2 2 2 1 3 2 2 3 1 4 1 1 1 4 1 1 2 3 1 2 1 1 4 1 1 2 1 3 1 3 1 1 3 2 1 2 1 2 1 1 1 2 2 2 2 2 3 1 3 3 1 1 1 4 2 1 1 2 2 4 2 2 4 4 1 1 1 2 1 1 1 2 2 2 3 1 3 2 1 2 1 1 2 2 2 3 1 1 1 1 3 1 1 2 1 3 2 3 1 4 4 2 2 1 1 3 3 1 2 4 1 3 3 2 1 1 1 1 1 4 3 3 1 1 1 1 3 2 1 1 2 1 1 3 3 1 3 2 1 3 1 2 1 2 3 2 2 1 2 1 1 3 2 2 1 1 3 1 1 2 1 5 2 3 1 3 3 1 4 4 2 3 2 4 2 1 1 2 1 2 1 1 1 5 3 3 2 1 1 1 2 3 4 1 2 1 1 3 1 2 3 2 2 3 2 2 3 2 2 1 1 2 1 1 3 2 2 1 1 4 1 2 1 1 2 2 3 2 4 1 1 4 2 7 1 2 1 1 1 3 3 2 1 1 4 1 1 3 3 2 1 1 4 1 1 3 1 5 1 2 1 2 1 2 2 4 2 2 1 1 2 2 1 3 3 3 2 1 2 4 3 2 2 2 3 1 2 1 2 1 4 3 3 1 2 1 4 1 2 2 1 1 4 3 1 3 4 2 1 1 4 4 2 1 1 2 2 2 5 1 1 1 3 2 1 2 1 2 1 2 1 3 2 3 2 3 1 3 1 1 2 3 1 3 3 1 2 1 1 2 2 3 1 2 2 2 1 2 1 3 2 1 2 1 1 1 2 1 3 1 1 2 1 1 1 1 2 3 2 3 3 2 5 1 4 4 1 4 2 1 1 2 1 2 2 1 1 4 2 5 2 1 3 1 1 2 2 1 3 1 1 2 2 1 1 4 1 2 2 3 2 1 1 2 2 2 2 2 2 1 2 1 2 4 1 1 1 3 3 4 1 1 2 2 1 1 2 1 3 1 2 1 1 4 2 2 1 1 2 3 4 3 1 2 1 2 1 2 3 2 1 2 1 1 2 2 2 2 1 1 2 1 1 2 1 1 2 2 1 2 2 1 2 2 3 1 4 1 1 3 3 2 7 1 3 2 5 7 3 1 1 3 2 1 2 2 3 1 1 2 3 1 1 3 2 3 2 1 3 4 1 3 1 1 3 2 1 2 1 2 3 4 4 1 4 2 2 1 3 1 2 2 3 5 1 2 3 5 2 2 1 3 1 2 2 2 1 1 4 2 1 3 4 1 1 1 4 2 2 2 2 1 3 3 2 2 3 2 1 1 1 3 5 3 3 1 1 3 1 3 1 1 2 4 4 1 1 1 1 1 3 1 2 1 1 1 1 4 1 1 2 3 1 3 1 1 1 4 3 1 2 1 2 2 1 2 3 2 2 2 4 2 2 2 2 3 3 3 1 4 1 1 3 1 1 1 1 5 1 1 1 1 2 2 2 1 2 1 3 1 1 2 2 4 1 1 1 5 1 3 2 1 1 1 1 3 2 2 1 3 3 1 2 1 1 4 2 1 3 2 3 2 1 2 1 5 2 1 3 3 1 1 1 2 2 1 1 1 4 2 1 3 2 2 1 2 2 2 1 2 1 1 1 1 6 1 1 2 1 3 3 2 3 2 1 1 4 1 2 2 2 1 3 1 4 3 5 1 1 2 4 2 2 2 2 2 1 1 2 1 3 3 2 2 1 1 1 2 2 1 1 4 3 1 1 2 2 2 3 2 3 2 3 2 3 1 3 1 2 1 1 2 2 2 3 3 1 1 3 1 1 3 5 3 2 3 2 3 2 1 1 2 1 1 4 1 4 1 2 1 1 1 2 3 3 2 2 1 1 4 1 2 2 1 3 5 3 3 1 2 2 3 2 1 1 2 2 1 1 1 3 2 3 2 1 4 3 3 2 1 1 1 2 1 1 2 1 2 3 4 2 1 6 2 2 1 1 1 1 1 1 3 1 1 1 3 2 2 2 4 3 2 3 6 2 3 2 1 2 1 4 1 1 1 3 1 2 1 4 1 4 3 5 1 3 2 1 1 2 2 3 1 1 3 3 2 1 3 2 1 3 4 3 1 1 1 3 2 1 2 4 1 3 3 2 1 2 1 1 2 1 3 1 3 3 3 1 2 2 3 3 1 3 1 2 2 1 1 1 2 3 2 4 1 2 4 1 1 3 2 3 2 5 3 1 3 1 4 2 3 1 2 2 5 2 2 2 1 2 4 3 4 2 1 2 1 1 1 5 2 1 2 1 1 2 2 2 1 1 2 1 1 1 2 1 1 2 1 4 1 1 1 1 1 1 1 3 1 1 1 3 2 1 1 1 2 2 1 1 1 1 3 2 3 3 2 3 5 4 1 1 4 2 3 2 3 3 2 1 2 1 1 1 2 1 4 1 4 5 1 2 2 2 4 1 1 3 1 2 2 1 1 2 2 1 2 1 2 1 3 2 1 3 1 5 4 1 1 2 3 1 1 1 2 1 2 2 3 3 1 4 2 2 1 5 2 1 1 1 1 1 2 1 4 5 3 2 3 5 1 1 2 1 1 2 1 1 2 1 3 2 4 2 1 4 2 1 2 2 3 1 
  #Test Small 25693
  #Test Medium 53424
  #Test Large 85207
