Board size [mm] 275x225

Stats side 1
  #Components with background 114
  #Components with points 407
  #Components nofly 6
  #Components notouch 4
  #Pins 81586
  #GNDs 2541
  #VDDs 2035
  #Clock 47
  #NoFly points 940
  #NoTouch points 804
  #Points [total] 87953

Stats side 2
  #Components with background 67
  #Components with points 455
  #Components nofly 0
  #Components notouch 1
  #Pins 85026
  #GNDs 3541
  #VDDs 2698
  #Clock 25
  #NoFly points 0
  #NoTouch points 122
  #Points [total] 91412

Stats board (side 1 + side 2)
  #Components with background 181
  #Components with points 862
  #Components nofly 6
  #Components notouch 5
  #Pins 166612
  #GNDs 6082
  #VDDs 4733
  #Clock 72
  #NoFly points 940
  #NoTouch points 926
  #Points [total] 179365
  #Nets 9659
    Net Size: 6082 4733 72 1 3 1 2 1 1 3 3 3 1 1 2 2 3 2 2 2 1 2 3 1 1 2 1 1 1 3 2 1 2 4 1 1 2 2 1 3 1 1 1 1 3 1 3 2 2 4 4 2 2 1 1 1 1 2 3 2 3 1 1 2 1 1 1 2 2 1 1 2 1 2 2 2 2 1 2 1 1 3 2 2 1 1 1 2 1 1 1 3 1 1 1 1 3 3 1 2 3 3 3 1 2 2 1 1 1 2 2 4 1 1 2 1 2 1 2 1 1 1 2 2 1 1 1 1 1 3 1 1 1 1 1 1 2 2 3 1 2 2 1 1 1 2 1 1 1 1 3 1 1 1 1 2 1 3 2 1 2 1 1 1 2 2 1 2 2 1 2 1 4 1 1 1 1 2 1 2 1 3 2 1 1 1 2 1 3 3 3 1 1 1 1 1 1 1 1 1 1 1 1 2 1 2 2 1 1 2 1 2 2 1 1 1 2 2 1 1 4 1 2 2 2 2 1 2 3 3 1 1 1 2 2 1 2 1 1 2 1 1 3 1 3 1 1 1 2 2 1 2 1 1 2 2 1 2 3 1 2 1 4 1 2 1 2 2 1 1 1 3 1 1 1 2 3 2 1 2 1 3 2 2 1 1 1 1 1 1 3 1 2 1 2 3 1 1 1 2 2 1 1 3 2 1 3 3 1 1 1 2 1 1 1 1 1 1 1 1 1 1 1 1 4 1 1 2 1 4 1 2 1 1 1 1 1 1 3 2 2 4 1 2 2 3 1 1 1 3 1 1 1 2 2 1 2 1 1 3 1 3 1 1 1 1 1 3 2 2 2 2 1 2 2 1 1 2 1 2 1 1 2 4 1 1 1 1 3 1 2 1 3 2 1 3 2 2 1 3 1 1 2 1 5 2 1 2 1 3 3 2 1 2 1 4 1 3 1 2 5 2 2 1 1 2 1 1 2 2 1 2 4 1 4 1 3 1 2 2 2 3 2 1 1 2 1 1 2 2 3 1 1 1 3 1 1 3 3 2 2 1 2 3 1 1 1 4 4 1 1 3 3 1 3 1 1 1 1 2 1 1 1 2 1 1 1 3 3 2 1 3 3 2 1 1 2 1 3 2 2 2 2 1 2 1 1 1 1 3 4 1 1 2 1 1 1 1 1 1 2 2 2 2 2 3 2 1 1 3 1 4 2 2 2 1 2 1 2 1 3 2 1 2 1 1 1 1 4 2 3 1 1 1 1 2 2 1 1 1 1 1 2 2 3 1 2 2 3 4 3 1 2 2 2 2 1 2 1 2 2 2 3 1 2 3 2 2 4 1 1 2 2 1 2 2 1 1 2 2 1 3 2 1 1 1 1 1 1 3 1 2 2 1 3 3 1 1 4 1 1 4 1 1 1 2 2 1 3 1 2 1 1 2 3 1 1 3 1 1 3 1 4 1 2 2 1 1 1 1 3 1 1 2 1 2 2 1 2 1 3 2 2 1 3 3 3 2 2 1 1 2 4 1 1 2 4 2 1 1 1 1 1 1 4 3 2 2 3 1 2 1 1 1 1 3 1 3 2 2 2 1 1 1 2 1 3 1 1 1 4 1 2 1 2 1 2 3 1 5 1 1 2 6 1 3 1 1 4 1 3 2 4 1 1 2 1 3 2 1 2 2 1 1 1 2 2 1 1 1 2 1 1 1 1 2 2 2 1 1 2 1 4 1 1 1 1 1 1 1 2 2 1 1 1 1 2 2 1 2 3 2 2 1 1 1 4 1 1 2 1 2 1 3 1 1 1 2 1 1 1 1 4 1 2 1 2 3 1 1 2 2 1 3 1 3 1 2 3 1 3 1 2 1 1 1 1 1 1 1 2 1 1 2 1 3 1 3 1 2 2 2 1 1 1 3 1 1 1 1 1 1 2 2 1 1 2 1 2 1 1 2 1 2 1 2 2 1 2 1 2 2 1 3 2 2 2 1 1 1 3 1 2 1 1 1 2 2 2 1 2 4 2 2 1 2 4 1 2 2 1 1 2 1 2 2 2 2 1 2 1 1 3 1 2 2 1 1 2 2 1 2 1 1 1 3 1 2 1 1 1 1 1 1 2 2 1 1 2 2 1 4 1 1 1 1 1 2 1 2 2 1 1 1 3 2 1 3 1 1 1 3 1 1 2 3 1 1 2 2 4 3 1 2 1 1 4 1 2 2 1 2 1 1 1 1 3 1 2 1 2 2 2 2 1 1 2 2 3 2 3 2 1 2 4 1 2 1 1 2 3 3 2 4 1 1 2 2 2 1 3 1 1 1 1 3 1 1 1 1 3 1 2 3 1 1 1 1 2 2 4 3 3 1 3 2 4 3 2 3 1 1 2 1 2 2 2 3 4 1 1 2 2 1 1 1 3 2 3 1 1 1 1 1 3 2 3 2 2 1 1 2 1 3 2 1 3 1 1 1 1 1 3 1 3 1 4 2 1 1 1 2 1 2 1 2 1 4 4 3 2 1 4 1 4 3 1 1 1 3 1 1 3 3 3 2 2 2 1 2 2 1 1 2 1 2 1 3 2 1 1 1 3 2 2 1 1 1 1 3 1 3 3 1 1 2 1 3 1 1 5 5 5 2 1 3 1 3 1 1 2 4 1 1 2 3 1 1 1 3 1 2 4 3 4 1 2 1 2 1 2 2 1 1 3 1 2 1 1 1 5 3 2 1 1 1 1 1 1 2 2 2 1 2 6 1 1 1 2 1 1 2 2 1 1 1 4 1 2 1 1 1 2 2 2 3 2 2 4 1 1 1 1 3 3 1 4 2 1 1 1 3 2 3 4 1 4 4 3 2 1 1 2 1 1 2 1 1 2 3 1 1 1 1 5 2 1 1 2 5 1 2 1 2 1 5 2 2 1 3 2 1 2 2 1 4 2 1 1 1 2 1 5 2 5 1 1 1 1 2 1 1 1 2 1 1 1 2 3 2 3 1 1 1 2 3 2 2 1 1 1 2 2 1 2 2 1 1 1 3 1 4 1 2 3 2 2 1 1 1 1 5 2 1 2 2 3 1 2 2 2 1 3 2 3 2 1 1 2 3 1 1 2 2 1 1 1 4 1 1 1 1 1 1 1 2 1 2 3 1 2 2 2 1 2 1 1 6 2 1 1 2 4 1 2 2 3 2 1 2 1 1 2 4 1 1 3 1 1 2 1 1 1 1 1 2 2 3 1 2 1 1 1 1 3 2 2 1 1 1 2 2 1 1 1 4 1 2 2 2 1 2 2 1 1 1 2 2 1 1 1 2 2 4 1 1 2 2 1 1 1 2 1 3 1 1 1 1 1 1 1 1 1 1 4 1 2 2 1 1 2 2 2 1 2 2 1 1 4 2 2 1 1 1 3 2 3 2 2 2 1 1 1 1 2 1 3 2 2 1 1 1 3 1 2 3 1 1 1 2 1 2 1 1 1 3 1 1 1 3 1 1 1 1 1 1 3 3 3 2 1 1 2 1 2 1 1 1 1 1 1 2 3 3 3 1 2 2 1 2 1 1 2 3 3 4 2 1 1 1 1 2 1 2 1 2 2 2 1 3 1 2 4 2 1 2 4 1 1 1 3 1 1 1 1 2 2 1 1 1 4 1 2 1 2 1 1 1 1 2 1 3 1 2 1 2 2 4 4 1 1 4 3 2 1 2 1 2 1 2 1 2 2 1 1 1 1 1 1 2 2 2 1 2 1 2 2 1 1 1 2 2 1 1 1 1 5 2 2 1 2 2 1 1 4 1 3 1 1 1 1 2 1 2 3 1 4 1 1 4 1 1 1 2 3 1 1 1 1 2 1 2 1 2 1 2 1 1 1 2 1 1 1 1 1 2 1 1 1 1 1 1 1 1 1 1 2 1 1 1 1 1 3 1 2 1 2 3 1 2 1 2 1 1 2 2 2 2 2 2 2 2 3 1 1 1 1 1 1 1 6 1 1 3 1 2 1 3 1 1 2 3 1 2 1 1 1 1 1 1 2 2 2 3 1 2 3 2 1 1 1 1 2 2 1 2 1 2 4 1 4 2 1 3 2 2 1 2 2 1 2 2 1 1 2 3 3 2 1 1 2 1 2 2 1 2 1 1 1 3 2 1 2 1 2 4 4 2 1 2 1 1 2 2 2 1 1 2 1 2 2 1 1 1 2 1 2 3 3 1 1 3 3 1 1 1 2 1 3 2 2 2 2 2 1 2 1 1 1 1 2 1 1 3 4 2 1 3 4 2 1 1 3 2 3 1 2 3 2 1 2 1 1 1 5 1 1 2 1 4 1 1 2 1 2 1 1 1 2 2 1 1 1 1 3 1 1 1 2 1 1 1 5 1 1 1 2 4 1 1 1 1 3 1 1 2 1 1 2 3 2 1 3 3 1 1 1 2 2 1 1 2 2 1 5 1 1 1 1 1 2 3 1 1 3 1 1 3 1 4 2 1 2 3 2 1 3 3 3 2 2 1 4 2 2 3 4 2 2 2 3 2 1 2 2 1 1 2 3 2 1 3 1 1 2 3 1 2 1 1 3 1 2 4 1 1 2 1 1 1 1 3 1 2 1 1 1 1 1 2 3 1 1 2 2 2 1 1 1 2 1 1 1 1 3 2 1 2 2 2 1 1 2 1 3 1 1 1 1 3 1 1 3 1 1 2 2 3 2 2 2 2 1 1 4 1 3 1 1 2 2 1 1 1 1 3 1 1 2 2 1 2 1 2 2 1 1 1 1 1 1 1 1 1 1 1 1 1 2 1 1 2 2 4 1 1 1 1 1 1 2 2 1 1 1 1 2 4 1 1 1 3 1 2 1 1 1 1 1 2 2 1 2 3 2 2 1 1 2 1 4 1 3 1 2 2 2 2 1 3 2 3 1 1 1 3 2 2 2 2 1 1 3 4 2 1 1 1 2 2 1 1 4 5 2 1 1 2 1 1 1 2 2 2 6 1 1 1 1 3 1 2 1 1 1 3 2 1 1 2 1 1 1 1 2 2 3 1 2 2 2 2 1 1 1 2 1 1 3 1 3 2 1 2 1 1 1 2 2 1 1 1 2 1 2 1 2 3 1 2 1 1 1 4 1 1 1 1 2 2 1 1 2 2 3 4 4 1 4 2 1 1 2 2 1 1 2 2 1 2 3 1 1 1 1 1 1 3 2 1 1 2 1 3 2 1 1 1 2 2 1 3 1 1 1 1 1 1 1 4 1 1 3 3 1 1 3 1 1 1 1 2 1 2 1 2 1 1 2 1 1 4 1 1 1 1 1 1 2 2 1 2 2 1 2 1 2 2 1 3 2 2 2 2 1 1 1 2 1 1 2 2 1 1 1 3 1 2 2 1 1 2 2 4 3 1 2 1 1 2 1 1 2 2 2 1 2 2 2 2 1 3 1 1 1 1 1 1 1 3 1 2 3 1 4 1 2 1 2 1 1 1 3 1 2 1 1 1 3 1 1 2 1 1 1 2 1 1 2 1 3 2 1 1 1 2 3 2 1 2 1 3 2 2 1 1 1 1 2 2 1 2 1 1 5 3 2 1 2 2 1 1 1 1 1 1 2 4 3 1 2 1 2 2 2 2 1 2 3 1 1 1 1 2 1 1 1 2 1 2 1 1 2 1 3 1 1 1 1 1 1 1 2 1 2 1 2 1 3 1 1 2 1 2 1 1 2 1 1 1 1 3 2 1 1 1 2 1 2 2 1 3 1 2 1 2 2 3 1 2 2 1 7 1 2 1 2 2 1 1 1 2 1 2 2 1 2 3 2 3 1 2 3 4 2 2 1 2 1 2 2 2 2 3 2 3 1 2 2 1 4 2 2 2 1 2 1 1 1 1 2 2 1 1 2 2 1 1 1 2 2 2 2 1 2 1 1 1 1 2 2 2 1 4 2 1 2 3 2 1 3 1 1 1 3 1 3 1 4 1 1 2 2 1 1 2 2 3 1 2 1 1 1 1 2 2 2 1 1 2 1 1 1 2 1 1 1 1 2 2 3 1 2 1 2 1 2 1 3 1 1 2 1 2 1 2 2 1 1 1 3 1 1 2 1 2 1 2 1 1 2 1 1 2 3 1 1 1 2 4 4 3 3 2 1 2 3 2 2 1 1 2 1 1 1 3 3 1 2 2 3 2 1 1 2 2 2 2 1 1 2 1 2 3 3 1 1 1 2 1 1 1 3 1 1 1 1 1 2 2 1 1 2 1 1 1 1 1 1 1 2 2 2 2 2 1 3 1 3 2 3 4 1 1 1 3 2 2 2 2 2 1 1 1 1 3 2 3 3 2 1 2 2 1 2 1 2 1 2 2 1 2 1 1 2 1 4 2 1 3 2 1 5 2 1 1 4 1 1 1 1 1 1 1 1 3 3 2 1 1 2 3 2 2 3 2 1 2 1 2 1 1 1 3 3 1 1 1 2 3 1 2 3 2 1 1 2 1 1 1 4 2 2 1 2 1 2 2 2 1 3 1 1 1 2 4 1 2 1 1 2 2 1 3 1 2 3 1 1 4 2 2 2 1 1 3 1 3 1 1 2 2 1 3 5 2 1 1 2 1 1 2 1 4 2 2 2 1 1 2 1 1 1 3 1 3 2 2 1 2 1 1 2 1 1 2 1 1 1 3 1 4 1 2 1 3 1 1 2 2 1 1 1 1 1 1 3 2 1 1 2 1 1 2 1 2 1 4 2 3 2 1 1 1 3 2 3 2 2 2 2 1 3 1 2 6 2 1 1 1 1 1 1 2 2 1 1 2 1 3 3 1 1 1 1 1 2 1 1 1 2 1 1 1 2 2 2 1 1 2 1 1 1 1 1 2 1 1 2 1 4 1 1 1 1 1 1 1 2 1 2 2 2 1 2 2 2 1 1 2 3 2 1 2 2 1 2 2 3 1 1 1 1 3 2 3 1 3 1 1 2 2 1 1 1 3 3 1 1 1 2 1 1 1 4 1 1 1 2 2 2 1 4 2 3 2 3 3 1 1 3 2 1 1 3 1 1 1 1 1 2 1 1 1 1 1 1 2 2 3 1 2 2 2 4 3 1 1 5 1 5 1 2 1 2 1 1 3 2 2 1 2 1 2 4 2 1 1 1 1 1 1 2 1 1 4 1 1 1 3 1 1 2 1 2 1 2 1 1 2 3 1 1 3 3 1 2 1 2 3 3 2 1 2 1 6 1 3 3 1 3 2 1 2 1 3 2 1 1 1 1 2 1 2 2 1 2 1 1 1 2 1 3 1 1 2 3 1 1 1 3 2 2 1 2 1 1 1 1 2 1 1 1 1 1 2 1 2 1 1 2 4 2 1 1 1 1 1 1 2 1 2 2 3 2 1 1 1 1 1 3 3 1 2 2 1 2 3 3 1 4 1 1 2 1 1 2 1 2 2 1 3 1 1 2 1 3 2 4 5 2 1 2 1 1 1 1 1 3 1 2 3 2 1 2 1 1 1 1 2 1 1 1 1 1 1 3 3 2 2 1 1 3 4 2 2 1 2 1 2 1 2 1 2 2 1 3 3 3 2 1 2 2 1 1 3 1 2 1 1 1 2 2 1 2 1 1 3 1 3 3 1 2 1 1 2 5 1 1 2 2 2 3 2 2 2 2 1 1 2 2 2 1 5 1 1 2 1 1 3 1 1 2 3 1 2 2 2 1 1 2 1 1 1 1 3 1 3 1 3 1 4 1 1 2 3 1 1 2 2 2 3 1 1 1 3 2 1 2 2 1 1 1 1 2 2 1 2 3 4 2 2 2 2 1 1 1 3 1 2 2 2 3 1 2 1 1 1 2 1 1 1 2 1 3 1 3 2 2 1 1 3 2 1 2 1 1 1 1 4 1 2 2 1 2 1 1 2 2 1 2 2 2 1 2 1 1 4 1 1 1 1 1 1 1 1 1 2 2 2 1 2 2 1 1 1 3 4 2 1 2 4 1 1 1 3 2 1 1 3 2 1 1 1 1 6 1 2 1 2 1 5 1 3 3 1 2 1 2 1 2 3 2 1 1 1 2 3 1 2 3 1 1 1 2 3 1 3 1 1 3 1 1 2 1 2 1 3 1 2 1 3 1 1 2 1 1 2 2 1 1 2 1 1 1 1 2 1 2 1 1 2 1 1 1 1 1 2 1 1 3 2 1 1 5 1 2 3 1 1 3 1 1 1 1 1 3 1 2 1 1 3 2 1 2 2 1 1 1 2 1 3 1 1 1 1 1 1 2 3 1 1 1 2 2 1 2 1 1 1 1 1 1 1 1 2 1 2 3 1 2 1 1 2 2 2 1 2 1 4 1 1 1 1 4 1 2 2 1 4 1 1 1 1 2 1 1 1 2 1 2 1 1 3 1 4 2 1 1 4 2 2 2 3 4 1 1 2 1 3 1 1 1 1 1 3 3 3 1 2 1 3 3 1 1 3 1 1 2 2 2 1 3 1 1 1 3 2 2 2 2 4 1 1 1 2 2 2 1 1 2 1 2 1 2 1 1 1 1 1 1 1 2 2 1 1 1 1 1 2 3 1 1 2 2 2 1 3 1 1 1 5 2 1 4 2 1 1 1 1 2 3 1 1 1 1 2 3 1 2 2 2 1 1 1 1 3 2 3 2 2 1 1 2 2 3 1 3 2 1 3 1 3 1 1 1 1 2 2 2 2 2 2 3 2 3 1 1 3 3 2 4 1 1 1 1 3 2 2 1 1 1 1 1 2 3 1 1 1 1 2 2 2 3 1 3 2 3 2 2 3 2 2 1 1 1 1 1 2 2 1 1 2 1 2 1 2 1 3 1 2 1 1 1 2 1 2 1 1 3 3 2 1 2 1 2 1 1 1 1 4 1 1 2 2 1 1 3 1 3 2 1 1 1 2 4 2 2 2 2 1 2 1 2 1 4 2 1 1 4 2 1 1 1 1 2 2 2 2 2 1 2 1 2 3 2 3 1 1 1 1 2 1 4 2 2 2 1 1 4 1 2 2 2 1 2 1 2 1 2 2 1 1 1 1 1 2 1 1 1 3 1 1 2 1 1 1 1 1 5 1 3 1 3 4 4 1 1 2 1 2 2 1 1 2 1 1 1 2 2 2 5 2 1 3 3 1 2 1 2 2 1 1 1 2 1 2 1 1 1 1 3 2 1 1 2 1 3 1 2 1 1 1 2 1 1 1 3 2 3 1 2 1 2 2 1 1 1 3 1 1 1 2 1 2 1 1 1 1 1 1 1 1 1 4 2 1 1 7 4 1 1 1 1 2 2 1 1 2 1 1 1 1 2 1 2 1 1 1 1 3 1 1 1 3 2 1 1 1 2 1 2 2 1 5 1 1 1 2 1 4 1 2 2 1 2 3 1 1 1 3 1 1 2 3 4 2 1 1 1 1 1 2 1 2 1 1 4 2 1 1 1 1 4 2 1 1 1 1 2 1 2 2 2 1 1 1 1 2 3 1 3 3 1 1 2 1 1 4 2 2 1 1 3 1 1 2 1 3 1 1 1 1 3 1 3 2 1 3 1 2 1 1 2 1 1 1 1 2 1 1 2 2 1 2 1 2 2 2 3 1 3 1 1 2 1 2 1 1 1 3 1 1 2 3 1 1 4 1 1 3 1 1 2 1 2 2 1 3 1 1 1 1 3 1 2 1 1 1 1 1 2 2 1 1 1 1 1 3 2 2 1 2 3 2 1 1 1 2 1 2 1 2 3 1 2 1 1 1 3 1 1 1 1 3 2 1 1 2 2 1 1 2 2 2 1 1 1 2 2 1 1 1 2 2 1 1 1 2 2 2 1 1 3 2 1 1 1 1 2 1 2 1 2 3 3 4 1 2 1 2 2 2 3 2 1 2 1 2 2 1 3 2 1 1 1 1 2 1 2 1 1 1 1 2 1 2 2 1 1 1 2 2 1 1 1 2 2 1 1 2 1 1 2 1 1 2 3 1 2 1 2 2 1 4 3 4 2 1 2 4 2 3 3 3 1 1 1 1 1 2 2 1 3 1 1 1 1 2 1 1 2 3 1 2 5 2 1 2 2 2 1 1 1 1 2 1 1 1 1 2 1 3 3 5 1 1 3 1 3 1 1 1 1 2 3 1 1 1 3 1 2 1 1 3 1 4 1 3 1 1 1 2 1 1 1 1 1 2 1 1 1 1 1 1 2 2 1 1 1 1 3 2 1 2 2 3 2 2 1 1 2 1 1 2 1 2 1 1 1 1 1 1 2 1 1 2 1 1 1 1 2 1 1 2 1 1 1 1 3 3 1 1 2 2 1 2 1 2 1 3 1 1 1 1 3 1 2 1 1 1 2 2 1 1 1 2 2 2 1 1 2 2 2 2 1 1 2 3 3 1 1 2 1 1 1 4 1 2 2 1 2 4 1 1 2 3 3 1 3 1 1 3 4 1 2 2 4 1 2 2 1 1 2 2 1 1 3 1 1 1 1 1 2 1 2 3 2 1 1 4 1 2 1 2 1 1 3 2 1 1 1 2 1 1 1 4 3 2 1 2 1 2 1 1 1 2 2 3 3 1 1 1 4 2 4 3 2 1 1 3 2 2 3 1 1 1 1 1 1 2 1 4 1 1 1 1 5 1 1 2 1 2 1 3 1 3 1 1 3 2 1 1 2 2 1 1 1 2 1 1 1 1 2 1 1 1 2 1 3 4 1 1 1 2 2 1 3 1 1 1 2 1 1 1 2 2 1 1 2 2 2 2 3 1 4 1 3 1 1 3 2 2 1 1 3 1 1 1 2 1 1 1 2 2 3 3 1 1 2 1 1 1 2 1 2 2 1 1 2 1 2 2 2 1 1 3 2 4 3 1 1 1 4 1 1 4 1 1 1 3 4 1 2 3 4 2 3 2 3 2 1 2 3 1 1 2 1 1 1 2 5 1 2 1 1 1 2 1 2 3 1 4 1 2 2 5 2 1 2 1 5 2 1 2 1 1 1 1 4 1 2 1 1 1 1 3 2 1 2 1 1 2 4 2 2 1 3 1 4 2 2 1 1 2 1 1 2 3 1 1 3 1 1 2 3 1 2 2 1 1 1 1 1 1 2 1 2 3 1 1 2 3 2 2 2 1 1 1 2 1 1 1 3 1 1 1 1 2 1 1 1 1 3 2 1 2 2 2 1 1 1 3 2 2 1 1 4 1 2 2 1 1 2 1 2 3 3 1 1 1 2 2 2 1 2 3 1 2 1 1 1 1 1 3 1 4 2 1 2 2 1 3 3 3 1 4 2 2 1 1 2 2 4 1 2 2 2 2 2 2 1 1 1 3 2 2 1 2 3 2 1 3 1 2 3 2 3 1 2 1 1 1 2 2 2 2 1 1 2 1 2 1 2 3 1 1 2 1 2 3 1 1 1 1 1 1 1 1 2 1 2 1 1 1 3 2 2 1 3 2 2 2 2 1 1 2 1 2 1 1 3 1 1 2 1 1 2 1 1 1 1 3 1 2 3 1 4 2 1 2 1 1 1 2 1 1 3 1 4 2 4 1 4 1 1 1 3 3 4 1 2 3 3 1 2 1 1 2 2 2 1 1 2 1 2 2 2 1 3 3 1 2 1 1 1 1 3 1 1 1 1 3 1 2 2 1 2 2 2 1 2 1 2 1 1 1 1 2 1 1 2 1 2 3 1 3 1 1 1 2 2 3 1 2 1 1 2 3 1 2 3 2 1 3 2 2 1 2 2 2 1 1 1 2 1 1 2 2 1 1 1 3 2 1 1 1 2 1 2 1 1 3 2 3 2 1 1 1 1 1 1 3 2 1 1 1 1 2 1 1 1 1 2 2 1 1 1 4 1 1 3 2 3 1 2 2 2 2 2 1 1 3 1 1 1 1 2 2 2 1 1 4 1 3 1 3 1 2 2 3 1 2 2 1 2 1 2 3 1 1 1 1 3 1 1 2 1 1 2 2 3 1 2 2 3 2 1 1 2 1 3 1 3 1 4 2 2 2 1 1 2 1 3 1 2 1 1 1 1 3 1 1 1 1 1 3 1 4 1 3 2 1 1 4 2 2 1 1 1 1 2 2 3 3 1 2 2 1 1 3 1 1 2 1 1 2 1 1 1 1 1 1 2 1 2 1 1 4 3 4 2 3 2 2 3 1 1 1 2 1 1 3 1 3 2 1 1 2 2 3 2 1 2 3 1 1 2 1 1 1 1 2 2 2 1 2 2 2 1 1 1 5 1 1 2 1 3 1 2 1 2 1 1 3 3 1 1 1 1 2 1 2 2 1 1 4 1 3 2 1 1 1 2 1 2 2 1 1 1 1 1 3 2 4 2 1 1 2 2 1 2 1 1 1 2 2 1 1 2 1 2 2 1 1 1 1 1 1 1 1 1 1 2 2 3 1 3 3 2 4 1 1 2 1 1 3 1 2 2 4 4 2 1 2 1 1 1 1 1 1 1 4 1 1 1 3 4 3 3 3 1 1 1 1 1 3 1 1 1 1 1 2 2 2 3 1 2 1 2 2 1 2 1 1 1 3 4 1 2 4 1 3 1 1 2 1 1 2 1 2 1 3 1 2 1 2 1 1 1 1 2 1 1 1 3 2 2 2 2 2 1 2 1 3 1 1 2 1 3 2 1 1 5 1 1 1 1 1 1 2 2 1 1 2 1 1 4 2 3 3 3 2 2 3 1 2 1 1 1 2 2 3 2 3 1 2 1 2 1 1 2 3 1 1 2 1 2 1 1 1 3 3 1 2 2 2 1 1 1 1 2 1 1 2 3 3 1 2 6 2 1 3 2 3 4 2 1 1 3 1 2 1 1 1 1 1 2 2 3 2 1 4 3 1 1 2 2 2 2 2 1 3 1 1 2 1 1 1 2 2 1 2 2 1 2 1 1 1 1 1 2 2 1 1 2 1 1 1 2 2 3 2 3 2 1 3 1 4 1 2 1 2 2 1 2 3 1 1 1 1 2 3 2 1 2 1 2 1 2 2 2 1 3 2 1 1 2 1 2 1 1 1 1 1 2 2 3 1 1 4 1 1 3 2 1 1 1 1 2 1 1 2 1 2 1 3 1 2 1 1 1 1 1 1 1 1 3 1 2 1 1 2 1 3 1 2 1 1 3 1 1 1 4 1 3 2 1 1 1 1 1 1 1 1 2 1 3 1 1 2 1 1 2 2 1 7 1 1 5 3 1 2 1 2 1 2 1 2 2 1 1 1 2 1 2 1 2 1 2 3 2 1 2 1 2 2 2 4 3 1 2 2 2 2 3 3 1 3 1 3 1 2 1 1 2 1 1 1 1 1 3 1 1 2 2 2 2 1 1 3 2 1 3 2 1 1 3 1 4 2 1 1 2 1 1 2 1 4 2 2 3 1 1 3 1 1 2 2 2 1 3 2 4 1 1 2 2 3 1 2 1 2 2 1 1 3 2 2 1 1 1 1 2 3 1 1 1 2 1 2 1 1 1 1 2 2 1 1 2 2 1 2 1 2 7 4 2 3 1 1 1 1 2 1 1 1 4 4 1 3 1 2 2 1 1 1 5 1 4 2 1 3 1 4 1 3 2 1 2 1 2 1 1 1 1 2 1 3 2 1 1 2 1 2 1 2 2 2 1 1 2 1 1 1 3 2 1 1 2 3 1 2 2 1 1 3 2 1 2 3 2 3 1 1 1 3 4 1 1 1 1 1 1 1 1 4 1 2 2 1 1 3 1 2 3 1 2 3 1 2 3 1 1 2 2 1 1 1 2 2 1 1 1 1 1 1 1 1 1 3 1 1 3 2 3 3 1 2 1 1 1 3 2 4 1 2 1 1 1 3 1 1 1 1 3 2 4 1 2 2 1 2 1 3 1 2 2 1 1 2 1 1 2 2 1 1 3 1 3 1 1 2 1 2 3 2 1 1 4 1 3 1 2 2 3 4 2 2 2 1 1 1 2 2 3 1 1 3 1 2 4 1 3 1 1 1 1 2 1 1 3 3 2 3 2 2 1 3 1 2 2 2 3 3 1 1 2 1 1 1 2 1 2 2 1 3 1 2 2 1 2 1 3 1 1 1 1 4 1 1 2 2 2 1 2 1 1 1 3 1 1 2 1 2 1 2 1 3 1 1 3 1 1 2 1 7 2 1 1 1 1 3 1 2 1 1 2 2 2 3 2 2 3 2 1 1 2 1 1 1 1 1 3 1 2 3 1 2 2 1 1 2 2 1 1 3 2 1 1 1 1 1 2 1 1 3 1 2 2 2 1 1 1 1 1 1 1 2 1 1 2 1 2 1 2 3 1 2 2 1 2 2 4 1 2 2 2 2 2 1 2 1 3 1 2 2 2 1 3 2 2 1 2 1 2 2 1 1 2 1 1 1 1 1 2 3 1 1 3 1 1 3 2 1 2 2 3 2 2 1 1 1 1 1 2 1 1 1 1 2 1 2 2 2 1 1 2 2 1 1 1 1 1 1 1 1 1 2 2 2 2 1 1 4 3 1 1 2 2 2 1 1 2 3 1 1 1 1 2 3 1 2 2 2 1 2 1 3 1 3 1 2 1 3 2 2 3 1 1 1 1 1 1 2 2 1 1 2 3 2 1 3 1 2 1 1 3 1 1 3 1 1 1 1 1 1 2 1 2 1 2 3 1 1 1 1 2 2 3 2 1 1 1 1 1 1 2 3 2 3 1 1 1 1 3 2 1 2 1 2 3 3 3 2 2 1 2 2 1 1 2 1 1 4 1 4 3 1 3 1 1 2 3 2 2 2 1 2 2 1 5 2 1 1 1 1 1 1 2 2 2 1 4 1 2 1 1 3 2 1 5 1 2 2 2 1 2 2 1 1 2 1 2 3 1 1 2 1 1 1 1 1 2 1 4 1 2 1 2 1 3 2 1 2 1 1 3 3 2 3 1 1 2 1 1 2 3 1 1 1 3 1 1 4 2 3 1 2 1 1 2 1 2 1 1 6 1 1 3 2 1 1 2 2 2 3 2 2 3 2 1 2 2 2 1 2 1 1 2 4 2 2 1 1 1 1 2 7 1 1 2 3 2 2 2 4 1 1 2 1 2 2 1 1 2 3 2 1 1 2 1 1 1 2 1 1 1 1 1 1 1 2 1 3 1 2 3 1 1 5 1 1 2 2 1 2 1 1 2 1 2 1 3 3 1 1 1 5 4 2 1 2 1 1 2 4 5 2 2 1 1 1 1 1 2 1 2 1 2 3 1 2 1 2 2 1 1 1 1 2 2 3 2 1 1 1 1 1 1 2 1 1 1 2 1 3 5 1 1 1 1 2 2 2 1 3 1 2 4 1 1 1 1 1 1 3 1 2 1 2 1 3 3 1 3 1 1 1 3 1 1 2 2 2 1 5 2 1 3 2 1 3 2 3 4 2 1 2 2 1 1 2 2 1 2 1 1 1 1 3 1 1 1 1 2 1 3 1 1 1 3 1 2 1 3 3 1 1 2 2 1 3 1 4 1 4 2 3 1 1 2 1 1 1 2 2 1 1 1 2 3 1 1 1 2 1 1 1 1 2 1 1 2 2 2 1 1 2 2 2 1 3 3 1 1 2 2 1 1 2 1 3 3 2 1 1 1 2 3 2 2 2 2 1 1 1 2 4 1 1 3 1 1 1 2 1 1 1 1 1 2 2 2 1 1 2 1 1 2 1 1 1 1 3 1 1 1 2 3 3 3 1 2 1 3 1 2 2 1 1 2 1 1 3 3 2 1 2 1 1 1 3 1 1 1 2 1 1 2 1 2 3 1 3 3 3 2 1 2 1 3 1 1 1 1 3 3 1 3 1 1 3 1 2 2 1 1 1 1 2 1 2 1 1 2 1 2 1 1 2 1 1 2 3 1 2 1 1 1 2 4 1 2 1 2 1 1 1 1 3 1 2 1 1 2 1 1 1 2 2 1 2 2 3 1 2 1 1 3 1 1 1 1 3 1 2 1 1 2 2 2 1 1 3 1 2 1 2 3 2 1 3 1 1 3 1 2 1 3 2 1 1 1 1 1 2 1 1 1 2 1 1 1 1 1 2 1 2 1 1 1 2 2 1 2 3 1 1 1 1 1 2 1 2 1 3 1 2 3 3 1 3 2 1 1 4 1 1 1 1 2 3 1 1 2 1 2 3 3 3 1 2 1 2 2 2 2 2 1 3 1 2 1 1 1 4 1 2 1 1 2 2 4 2 2 1 1 1 2 1 3 4 3 1 2 1 2 1 1 2 3 1 1 2 2 3 1 3 2 2 1 2 2 3 1 2 3 1 2 1 2 1 1 2 2 2 2 1 1 2 3 1 2 1 1 1 2 1 2 1 2 5 2 1 1 1 1 2 2 1 2 2 3 2 1 3 2 2 3 1 3 1 1 2 3 3 1 2 3 2 1 1 2 1 3 1 2 2 1 2 2 2 1 5 2 4 1 1 1 2 1 4 3 1 2 2 1 1 2 1 1 3 2 1 2 1 4 1 1 2 2 2 3 1 1 2 2 4 1 2 1 2 1 1 2 1 2 1 2 1 1 1 2 1 1 2 2 1 2 3 2 3 2 1 2 1 1 2 1 1 3 2 2 3 2 1 2 1 1 2 3 1 1 3 4 1 4 2 1 4 1 4 1 2 3 1 1 3 1 1 1 4 1 3 1 1 1 1 1 1 1 2 1 5 2 1 2 3 1 2 1 1 3 1 1 1 1 3 3 1 2 1 1 1 1 2 1 1 1 1 2 1 1 1 3 2 3 2 2 1 4 2 2 2 1 3 3 4 1 2 2 3 1 1 1 1 1 3 2 2 2 1 1 1 2 2 1 3 2 1 2 2 1 1 1 1 1 2 3 2 3 2 2 3 1 2 4 3 1 1 2 1 2 1 1 2 1 1 3 1 2 1 4 2 2 2 2 2 1 1 1 1 1 2 3 1 1 1 3 5 4 1 2 1 2 2 1 3 1 1 1 1 2 2 1 3 1 1 1 2 2 1 1 1 5 2 1 1 2 3 1 3 2 1 1 1 1 1 2 2 1 3 4 2 1 2 2 2 1 1 1 1 2 1 3 1 2 1 1 2 2 2 1 3 1 3 2 1 1 1 1 1 1 1 1 1 1 1 1 1 2 2 1 1 1 2 1 2 1 1 1 1 4 1 1 1 1 2 1 1 3 3 1 1 1 2 1 2 2 2 1 2 1 1 2 4 1 2 3 1 1 1 1 2 2 2 1 2 1 2 2 2 1 2 2 3 2 2 2 1 4 2 2 2 3 1 2 2 1 3 2 2 4 1 2 2 2 1 2 3 2 1 2 2 1 1 1 1 2 2 3 1 2 1 2 3 2 1 3 2 2 5 1 1 2 1 1 2 2 1 2 1 1 1 1 3 3 1 1 1 4 1 2 2 3 1 1 1 1 2 4 5 1 1 1 1 3 2 1 1 2 1 2 3 1 1 1 2 1 1 1 1 1 1 1 1 1 1 1 1 1 1 1 4 3 1 2 2 2 1 2 3 1 2 3 1 3 1 1 1 1 3 1 1 2 1 1 2 4 1 1 2 3 1 4 1 1 1 1 2 2 2 1 2 1 1 1 1 1 1 1 3 2 2 1 1 2 2 1 1 1 2 2 1 1 3 1 2 1 3 1 2 2 1 1 1 2 2 2 1 1 1 4 1 1 1 2 1 1 1 2 3 1 1 1 3 2 1 2 2 1 1 1 4 1 1 2 2 2 2 1 1 3 2 1 4 1 2 2 2 3 1 2 1 2 3 1 1 1 2 1 2 1 1 2 1 1 1 2 1 2 2 4 2 1 3 1 1 1 1 2 2 1 1 5 4 1 1 2 3 2 2 2 3 1 3 1 1 4 1 1 1 2 2 2 4 1 3 1 2 2 1 1 1 1 2 1 4 2 1 3 2 3 1 1 1 3 1 1 2 1 2 3 2 2 1 2 2 1 1 4 1 1 1 3 3 2 1 2 4 2 2 1 2 1 3 2 5 2 1 2 1 1 1 3 1 2 1 2 1 2 3 1 1 2 5 2 1 1 1 1 2 1 2 3 2 1 2 1 3 1 3 1 3 3 2 3 1 4 2 4 2 2 1 3 2 1 1 1 2 1 2 2 1 3 2 2 2 3 2 3 1 1 2 2 2 2 2 3 2 2 2 1 1 1 1 1 2 2 1 4 1 1 1 3 1 3 1 1 2 2 3 2 1 1 2 2 1 3 1 5 2 1 4 3 1 4 1 3 2 1 1 1 2 2 1 2 1 2 1 6 1 2 1 1 3 1 3 1 1 2 3 1 2 2 3 1 2 1 1 1 2 2 1 1 1 1 1 3 1 3 1 3 1 2 3 4 1 3 2 2 2 2 1 1 3 2 1 1 1 2 1 1 1 3 1 2 1 3 2 3 2 2 1 1 2 2 2 2 1 2 2 1 2 2 2 3 2 1 1 3 1 1 3 2 1 1 1 1 1 2 1 1 3 4 1 2 1 3 3 1 3 1 2 1 1 1 5 2 1 1 2 2 2 1 1 1 3 2 3 1 1 2 1 1 1 2 2 1 1 1 1 1 1 2 2 2 1 1 1 2 1 2 3 3 1 1 2 3 1 1 1 3 2 1 1 1 2 1 1 2 6 3 1 1 2 1 2 1 1 1 2 1 2 1 1 2 1 1 1 2 1 2 1 3 3 1 1 3 2 1 1 1 3 1 1 1 1 2 4 1 2 1 1 2 2 1 1 1 1 1 1 1 1 1 3 3 5 1 1 1 2 1 2 3 2 2 2 3 1 1 4 1 2 1 1 2 2 2 1 1 1 2 1 1 2 2 2 1 2 1 1 1 3 1 3 2 2 2 1 1 2 2 1 3 1 2 1 1 4 3 1 1 1 1 1 1 1 1 2 2 3 2 2 1 3 1 1 1 2 1 3 2 1 2 4 2 2 2 3 1 3 1 2 1 1 1 1 2 1 3 1 3 2 2 1 1 1 2 2 2 1 1 1 1 1 2 3 1 2 1 3 2 1 1 2 1 4 1 3 1 3 1 1 1 1 1 1 1 2 1 1 4 2 1 2 2 1 2 1 1 2 1 4 3 1 1 2 1 1 2 1 2 1 4 2 1 1 3 3 1 2 2 1 1 3 3 3 2 1 1 1 1 1 2 1 2 1 1 1 3 3 1 2 1 3 1 1 3 1 1 3 2 1 4 1 3 1 2 3 1 2 3 2 2 3 2 2 1 1 1 1 1 5 2 3 1 2 2 1 1 2 1 1 1 3 1 1 1 2 1 4 2 1 1 3 1 1 1 2 1 2 1 1 2 3 2 2 2 1 2 1 1 2 1 3 3 1 1 1 1 1 2 1 1 2 1 2 4 1 4 1 1 1 1 1 2 1 2 2 2 3 3 2 2 1 1 1 2 1 1 1 2 1 1 3 1 1 1 3 1 1 2 1 5 1 3 1 3 2 1 1 1 2 2 1 3 3 2 2 2 2 1 2 1 3 3 1 4 3 3 1 2 1 1 2 2 2 2 2 1 1 4 2 1 2 1 1 1 1 2 1 4 1 2 1 3 1 2 1 2 1 3 4 2 1 5 1 1 1 4 4 4 2 1 2 1 2 1 1 1 1 1 1 2 2 2 3 1 1 1 2 2 2 2 2 2 1 4 2 1 1 2 1 1 1 1 3 1 3 1 1 1 3 1 1 3 1 3 2 4 1 4 2 2 1 1 3 3 2 2 1 1 4 1 3 1 1 2 4 2 1 2 2 2 2 1 2 1 1 3 1 1 2 1 1 2 3 1 1 1 1 4 1 1 1 3 2 1 3 1 2 3 1 1 2 2 3 2 1 1 1 2 1 2 3 1 2 2 1 3 2 1 3 4 1 3 3 1 2 2 3 2 1 1 1 2 1 3 3 1 2 4 1 1 4 1 1 2 1 2 3 1 1 1 1 2 1 3 1 3 1 1 2 2 1 1 3 1 1 1 2 2 3 4 1 2 1 3 1 3 2 2 1 2 3 1 1 2 4 2 1 1 2 1 4 1 3 1 1 1 1 2 2 1 4 3 1 1 1 2 2 1 1 1 1 1 1 2 3 2 2 3 1 3 2 1 1 4 1 2 1 1 1 1 2 1 2 1 3 2 1 1 1 3 2 1 1 5 2 3 2 4 1 2 1 1 1 2 5 1 2 1 2 1 2 1 2 3 2 1 4 2 2 3 2 3 1 1 2 1 2 2 2 1 3 2 3 1 2 1 2 1 2 1 2 2 2 4 1 2 3 1 1 4 4 1 1 1 2 2 2 2 1 3 1 1 2 2 2 2 2 3 2 1 1 3 2 3 1 4 2 1 1 2 2 2 4 1 1 1 2 2 1 3 1 1 1 3 1 2 3 1 1 1 2 4 1 2 1 1 1 1 2 3 1 1 1 1 2 1 4 1 2 2 4 1 2 1 2 1 2 1 1 2 1 2 3 3 2 1 2 3 1 1 1 4 1 3 3 1 1 1 1 3 1 1 5 2 1 2 1 1 2 2 1 1 1 1 3 3 2 3 3 1 1 1 2 2 1 1 1 2 2 1 1 1 1 1 2 3 1 1 1 2 1 3 5 2 1 3 1 2 1 2 1 1 1 1 1 1 1 1 4 1 1 1 2 1 2 1 3 3 1 2 1 2 1 4 1 2 3 1 1 2 1 1 2 1 1 2 1 1 2 1 3 2 2 2 1 1 3 2 2 1 2 2 3 2 1 3 1 2 3 3 1 1 2 1 1 2 1 3 2 1 1 1 1 1 1 1 2 1 2 2 2 1 1 6 1 4 1 1 4 2 1 3 1 1 1 2 1 1 1 2 1 1 1 3 2 3 2 2 2 1 1 1 1 1 2 1 1 1 2 1 1 1 1 1 1 2 4 1 2 3 1 1 3 1 3 1 2 2 1 1 2 1 1 3 2 2 2 2 3 3 2 3 3 2 3 2 1 1 3 1 1 2 2 2 1 3 1 1 1 4 1 2 1 2 1 1 1 1 2 3 1 2 2 3 2 2 2 2 1 3 2 1 1 4 1 1 1 1 3 2 1 1 1 2 1 1 2 1 2 1 1 1 2 1 1 2 2 1 1 1 1 1 3 2 2 2 1 1 1 1 2 1 3 3 1 2 1 3 2 2 2 1 2 1 2 1 1 2 2 1 1 1 1 2 1 2 1 2 2 1 1 1 4 5 2 1 3 2 1 2 1 2 1 1 3 1 2 2 2 2 1 2 1 1 2 1 1 1 1 2 5 1 2 1 2 4 3 1 1 1 1 4 1 1 1 2 2 1 2 1 1 2 1 2 1 1 1 2 1 1 3 2 1 4 2 1 1 2 2 1 2 1 3 1 1 1 1 2 2 2 1 1 2 1 2 3 2 4 1 1 1 2 2 3 1 1 1 1 1 3 1 1 1 2 2 1 1 2 4 1 1 1 1 2 2 1 4 2 4 1 1 1 2 2 1 2 3 2 1 1 1 2 4 1 3 1 3 1 1 1 1 2 3 1 3 4 2 2 1 4 2 2 2 2 1 2 2 1 2 1 2 1 1 1 2 2 4 1 1 1 1 1 1 2 1 1 1 1 1 3 2 1 3 1 1 2 3 2 4 1 1 2 1 1 3 1 2 1 1 1 3 2 1 2 1 1 3 1 1 4 2 2 2 1 2 1 1 1 1 3 2 1 1 1 1 1 1 1 1 3 1 3 2 1 2 2 1 1 1 1 1 1 2 2 1 1 1 2 2 3 1 3 1 
  #Test Small 10675
  #Test Medium 27859
  #Test Large 37260
