Board size [mm] 400x200

Stats side 1
  #Components with background 54
  #Components with points 408
  #Components nofly 5
  #Components notouch 6
  #Pins 105798
  #GNDs 3101
  #VDDs 2495
  #Clock 36
  #NoFly points 802
  #NoTouch points 1048
  #Points [total] 113280

Stats side 2
  #Components with background 61
  #Components with points 391
  #Components nofly 1
  #Components notouch 0
  #Pins 117515
  #GNDs 2662
  #VDDs 2095
  #Clock 28
  #NoFly points 138
  #NoTouch points 0
  #Points [total] 122438

Stats board (side 1 + side 2)
  #Components with background 115
  #Components with points 799
  #Components nofly 6
  #Components notouch 6
  #Pins 223313
  #GNDs 5763
  #VDDs 4590
  #Clock 64
  #NoFly points 940
  #NoTouch points 1048
  #Points [total] 235718
  #Nets 216037
    Net Size: 5763 4590 64 2 1 2 4 1 1 1 1 1 3 2 2 1 1 2 1 1 1 1 3 1 1 1 1 1 1 3 1 2 1 6 1 2 2 2 2 1 2 1 1 1 1 1 2 2 1 1 1 1 2 1 1 2 1 2 1 2 2 1 2 2 1 1 1 2 1 1 1 4 1 2 1 1 4 1 2 3 2 2 3 2 1 2 3 1 2 2 1 1 1 1 3 2 1 1 2 2 1 3 3 3 2 1 1 2 2 1 3 4 2 2 2 2 2 2 2 1 1 1 2 1 3 2 1 4 3 2 1 4 2 2 2 2 3 3 1 2 2 1 1 1 1 1 1 2 1 1 2 2 2 2 2 2 2 1 5 2 1 2 3 2 1 1 1 2 1 1 1 2 2 1 1 1 2 1 3 2 3 1 3 3 2 3 1 2 1 1 3 4 1 2 2 2 3 1 1 3 2 2 2 1 1 2 2 3 2 4 1 1 3 2 2 2 2 2 2 2 1 2 1 2 4 4 1 3 2 2 2 1 1 2 1 2 2 1 4 1 2 1 2 1 3 1 2 2 2 1 3 3 1 2 1 1 2 2 1 1 2 1 2 2 1 1 1 3 2 1 1 2 1 2 1 4 2 2 2 2 1 1 2 1 3 1 1 4 3 2 2 2 1 3 3 4 1 3 1 1 2 1 1 1 1 2 1 1 2 2 1 1 1 1 2 1 1 2 1 3 1 2 4 1 2 1 1 1 2 1 1 1 1 2 2 3 2 2 1 1 1 3 3 2 1 1 1 4 1 1 3 1 3 5 1 3 1 1 2 1 1 2 4 2 1 2 2 3 1 2 1 1 2 3 2 4 2 1 2 1 2 2 2 1 1 2 1 1 1 3 1 2 1 1 1 1 1 2 1 1 1 2 3 1 2 1 2 3 1 2 3 1 3 1 3 1 2 1 3 3 2 1 1 3 2 2 3 1 3 2 2 4 2 2 2 3 2 2 2 3 3 1 2 3 1 2 1 4 1 3 1 2 1 2 2 3 1 3 1 2 2 2 3 3 1 2 1 3 1 1 1 2 2 4 1 1 3 1 1 2 1 2 1 3 2 1 2 3 3 1 2 2 3 1 1 3 1 2 1 2 2 2 4 2 2 1 1 1 1 1 2 1 1 2 2 4 2 3 2 3 2 2 1 2 2 2 2 3 1 4 2 2 4 2 2 1 1 3 3 1 1 1 2 2 1 4 2 2 1 2 2 3 3 1 1 1 1 3 1 2 1 2 2 1 1 3 3 2 1 1 1 2 3 3 1 1 1 2 1 2 1 1 2 5 4 3 2 2 1 1 1 1 2 1 1 2 2 2 2 1 3 2 1 2 2 2 2 1 2 2 1 2 1 1 2 1 1 3 2 1 2 2 3 2 1 2 1 1 1 3 1 2 2 1 2 2 1 1 2 1 1 3 4 2 2 1 4 2 3 2 1 1 2 1 1 3 1 2 2 2 4 2 1 1 3 2 2 4 1 1 1 1 1 2 1 1 3 1 2 2 2 4 3 1 1 2 1 2 2 2 1 2 1 2 1 3 1 2 1 2 2 1 4 3 2 3 1 2 1 2 2 1 2 1 1 3 1 3 1 3 2 1 1 2 1 3 2 1 2 2 1 1 3 1 1 1 2 1 3 3 3 3 2 2 1 1 1 1 3 2 1 2 4 1 2 2 1 1 2 3 4 3 1 2 1 1 1 1 2 1 1 1 1 1 2 3 1 2 4 1 1 1 1 2 3 1 4 1 1 3 1 2 1 4 3 1 3 2 4 2 2 1 1 1 2 1 2 2 2 2 3 1 2 2 2 1 3 1 2 1 2 1 2 2 2 2 3 2 1 3 2 2 1 3 1 1 1 1 3 2 2 1 1 1 2 1 3 1 2 3 1 1 1 3 1 1 1 3 1 3 1 1 1 1 3 1 2 2 2 2 2 2 1 3 1 1 3 1 3 4 2 3 3 2 1 4 1 2 3 2 2 2 1 3 3 2 3 2 1 5 2 2 1 3 1 1 3 3 2 1 1 2 1 1 1 1 1 3 3 1 1 1 1 4 1 2 2 1 2 1 2 1 1 1 3 4 1 1 1 2 3 1 1 1 2 4 4 2 3 1 1 1 3 3 2 2 4 1 2 2 1 5 1 1 2 1 2 4 2 2 1 3 1 2 1 1 2 2 1 3 1 1 3 1 2 2 2 2 1 4 2 2 1 2 2 2 4 2 1 2 1 1 2 1 1 2 3 3 3 3 2 1 1 1 1 2 2 1 2 1 2 1 2 2 2 4 1 1 2 1 2 2 1 2 1 2 1 1 1 1 2 1 1 2 1 1 1 1 2 2 3 1 1 1 2 1 1 3 2 1 2 2 3 1 1 2 2 1 1 1 2 1 1 1 1 1 2 1 1 3 2 2 1 1 2 1 1 1 1 1 3 1 3 1 1 2 1 1 2 1 2 1 1 2 1 3 2 1 1 1 1 1 1 2 1 2 1 1 1 2 1 1 3 3 3 1 1 1 3 3 2 3 4 1 2 3 1 2 1 4 1 1 2 2 1 3 2 1 1 1 1 1 2 1 1 3 2 4 1 3 3 2 2 3 1 4 1 1 2 3 3 3 2 1 3 1 2 1 2 3 1 2 2 2 2 2 2 1 3 1 2 2 1 1 1 1 1 3 2 3 1 3 2 3 3 2 2 1 1 1 1 2 1 2 1 1 3 2 1 1 1 1 2 1 2 1 3 1 1 1 3 1 1 2 2 2 1 3 2 1 2 1 2 2 3 1 2 1 1 2 1 1 3 1 1 1 2 1 1 1 1 1 3 2 1 1 1 2 1 2 3 1 1 1 2 2 1 1 4 2 3 2 1 3 1 1 1 2 2 1 3 1 2 3 3 3 2 2 1 2 1 1 1 3 1 2 3 3 2 1 2 1 1 3 1 2 1 1 1 2 3 3 1 2 3 1 1 3 1 3 2 2 1 1 1 2 3 1 2 2 2 3 3 1 1 1 1 1 1 1 2 1 1 2 1 2 1 2 2 1 1 4 2 2 2 2 1 4 2 1 2 1 3 1 2 1 3 4 2 3 2 1 1 1 1 1 3 1 2 1 2 2 1 1 1 3 2 2 2 2 1 3 1 1 4 1 3 1 2 1 2 2 2 1 1 2 2 3 2 1 1 1 1 1 1 2 1 1 1 3 1 4 1 3 1 1 1 1 2 1 1 1 3 2 1 1 3 1 4 2 2 2 1 2 1 2 3 1 1 2 2 2 2 1 2 1 1 2 1 2 1 2 1 1 2 2 2 3 1 3 2 3 3 1 2 1 1 1 2 1 2 2 1 2 5 1 2 1 2 2 1 1 1 3 1 3 1 1 3 2 2 2 2 1 4 1 1 1 1 3 1 2 2 3 1 2 1 3 1 2 1 2 1 1 2 1 3 1 2 1 2 1 1 2 2 3 3 4 1 2 3 3 1 1 1 3 5 1 1 2 1 1 5 1 2 2 2 1 1 1 1 3 2 5 3 1 2 1 1 1 1 1 1 1 2 2 1 1 2 1 2 1 1 3 2 1 3 1 2 1 2 3 4 1 2 1 1 2 2 1 3 2 2 2 1 1 1 1 2 2 1 1 1 1 2 2 1 1 1 2 3 2 4 3 1 3 1 3 2 2 1 1 2 1 4 1 4 3 2 1 1 1 2 1 2 2 1 1 1 2 2 3 1 2 1 2 1 2 2 1 1 1 1 2 1 4 1 2 2 1 2 2 1 2 1 2 1 2 2 5 3 2 1 1 1 1 1 2 1 1 1 1 1 2 1 1 2 2 1 1 3 1 1 1 2 1 2 1 1 1 1 3 2 1 2 1 3 1 1 3 1 1 1 1 3 1 1 1 3 2 2 1 2 1 1 1 3 2 1 3 2 3 1 2 3 1 3 2 1 1 1 1 1 2 1 2 1 1 2 4 1 3 1 3 2 2 2 3 2 1 3 1 1 2 1 1 4 2 3 2 1 1 2 2 1 3 2 1 3 1 1 2 2 1 2 3 2 2 3 3 1 2 1 2 1 2 3 4 2 2 3 1 4 3 1 3 1 1 1 1 2 2 2 2 1 1 2 1 1 1 1 2 1 1 2 4 2 3 1 2 1 1 2 1 3 1 2 1 2 1 1 1 1 2 2 2 1 1 2 1 1 1 2 2 1 2 1 1 2 1 1 3 3 3 2 1 2 1 1 1 2 1 1 1 3 3 1 2 1 2 1 3 1 2 4 2 1 1 1 1 3 1 4 1 2 2 1 2 1 1 2 1 1 2 1 2 1 2 1 2 3 2 1 1 1 1 1 1 1 2 1 2 2 2 1 2 2 1 1 2 2 1 2 3 1 1 3 2 2 2 1 4 1 1 1 1 2 1 1 1 1 1 1 1 1 1 3 1 1 1 1 1 3 1 2 1 1 2 2 1 1 2 1 1 1 3 1 1 2 2 2 2 2 2 2 1 1 1 1 1 1 2 1 1 2 3 2 1 3 5 3 1 2 3 3 1 1 2 4 3 2 2 1 3 2 1 1 1 1 1 1 1 2 1 2 3 1 2 2 4 1 1 3 2 4 2 1 2 4 2 1 2 2 2 1 1 1 1 2 4 1 2 1 3 2 2 1 1 3 1 2 2 4 1 3 1 1 3 1 3 2 1 1 1 1 1 1 2 1 1 1 1 1 3 2 1 1 3 2 2 2 2 2 3 3 1 1 2 2 2 2 2 2 1 2 4 2 1 1 2 2 1 2 4 1 1 2 1 1 1 1 1 2 1 1 1 1 1 1 3 3 1 2 1 2 2 1 2 1 1 1 1 2 1 1 2 2 1 3 2 1 1 1 1 3 4 1 1 3 1 2 1 1 2 1 3 1 3 1 1 5 1 2 1 1 1 1 1 2 1 1 2 1 1 1 1 1 1 4 3 2 2 2 1 2 3 3 1 1 2 1 1 1 1 3 1 1 2 1 1 2 1 2 1 1 1 1 1 2 2 2 1 2 2 3 1 1 1 4 1 2 2 1 1 2 2 2 2 3 2 2 1 1 1 1 2 1 3 1 1 1 3 2 4 1 1 2 1 1 2 1 3 1 1 1 1 2 1 4 2 2 1 1 2 1 1 1 2 1 1 1 1 2 2 3 2 1 1 1 1 2 1 1 1 1 2 1 1 1 1 3 1 1 3 3 1 2 2 1 1 2 3 1 1 1 1 3 2 2 1 1 1 1 3 1 1 1 1 1 3 3 1 1 4 1 1 2 1 2 6 2 2 2 1 4 1 2 1 1 1 3 4 3 1 2 3 1 1 2 1 1 1 1 1 2 2 2 2 1 3 2 2 2 2 2 1 1 1 1 3 1 2 2 3 1 1 1 1 2 3 2 2 1 1 1 1 1 1 2 2 1 2 1 3 1 1 2 2 3 2 2 2 1 1 2 1 4 1 2 1 1 2 1 1 1 2 2 1 1 2 1 2 1 1 3 2 1 1 1 1 1 1 1 3 1 1 2 1 2 3 1 2 2 1 2 2 1 1 2 1 2 2 1 2 2 1 2 1 1 1 1 1 3 3 1 1 3 1 1 3 1 1 2 2 2 3 1 3 5 1 3 1 2 1 3 2 1 1 3 3 1 2 1 2 1 1 1 1 2 1 1 4 1 1 1 3 1 1 1 1 1 3 1 1 2 1 1 1 1 2 1 3 2 1 1 1 1 3 2 2 2 4 1 1 2 4 2 4 2 3 3 4 1 1 2 1 1 1 3 1 2 1 2 2 1 1 1 3 1 3 1 1 1 1 1 2 1 1 2 1 1 2 1 1 1 1 3 2 1 1 2 1 1 1 2 1 1 2 1 2 3 2 1 1 1 1 1 3 1 2 1 2 1 2 1 1 2 1 3 2 1 2 5 3 1 3 3 2 1 3 2 4 3 1 2 1 1 2 2 3 1 3 2 1 1 1 2 1 2 1 1 1 1 1 1 1 4 1 1 3 1 3 2 1 2 1 3 1 2 2 1 2 1 3 2 2 1 2 2 1 2 4 1 3 5 1 1 2 2 1 1 4 1 2 1 2 1 1 1 1 3 1 1 1 1 1 1 1 3 3 1 2 2 1 1 1 3 1 1 1 2 1 1 1 1 1 1 2 1 1 2 1 1 2 1 1 2 2 2 2 1 2 3 1 2 3 1 1 2 5 1 4 1 1 1 1 2 1 1 1 1 2 1 1 2 2 1 1 2 2 2 1 1 2 1 2 2 1 2 3 3 1 2 2 2 1 1 2 3 1 4 1 1 1 2 1 1 2 1 7 3 2 1 2 1 1 1 1 1 1 3 1 1 2 2 3 1 3 1 3 1 1 1 1 1 1 1 2 4 2 1 2 5 2 1 1 1 1 1 1 1 3 3 2 2 2 1 1 2 2 3 1 2 2 2 1 3 2 1 3 1 2 1 4 1 1 1 2 3 1 1 2 2 3 1 1 2 2 1 2 1 2 3 1 3 1 1 1 1 3 4 1 2 1 2 1 2 1 1 1 2 1 2 1 1 1 1 2 3 1 1 2 2 4 2 2 1 2 1 1 4 1 1 2 1 1 1 1 1 1 3 2 2 1 1 2 2 4 1 1 3 1 1 2 1 2 2 2 3 1 2 2 1 2 3 1 2 1 1 2 1 1 2 2 3 1 4 2 1 1 1 1 2 2 1 1 3 1 3 1 3 2 3 2 3 1 2 1 1 2 2 1 3 3 1 1 1 2 3 2 3 3 4 3 2 1 2 3 2 2 3 2 2 1 2 2 3 1 1 1 2 2 1 1 1 2 2 3 3 2 1 1 2 1 1 1 1 2 1 2 4 2 3 2 1 1 1 1 1 2 2 1 2 1 2 2 3 2 1 1 1 3 3 1 3 2 2 2 1 1 3 1 1 1 1 3 1 4 1 1 3 3 3 2 4 2 1 2 2 3 1 3 2 1 3 1 2 1 1 3 1 1 2 1 1 2 2 2 2 3 1 1 1 1 1 2 2 1 1 1 1 1 1 3 1 4 1 1 1 1 1 1 1 1 1 2 2 1 1 1 2 4 3 1 2 1 1 3 1 3 1 1 2 2 3 1 1 2 3 1 1 1 1 1 3 1 1 3 2 2 2 2 1 1 1 4 1 1 2 3 1 1 1 1 1 1 2 1 1 2 1 1 1 1 2 1 2 1 4 1 1 1 1 2 1 3 1 1 1 1 1 1 3 2 3 2 1 3 3 1 2 1 1 1 1 1 5 2 3 1 1 1 1 2 1 2 2 1 3 1 1 2 2 2 1 1 1 2 2 1 3 2 1 1 1 3 2 1 1 1 2 4 3 1 2 1 3 2 3 3 5 1 3 3 2 1 1 3 1 2 1 2 1 2 4 2 1 2 3 2 1 3 1 1 1 1 3 2 3 1 3 1 1 3 1 2 1 2 2 2 2 2 1 2 3 2 1 1 1 1 3 4 3 2 3 2 2 4 2 5 3 1 1 1 2 1 1 1 1 3 1 1 1 1 3 1 1 3 1 4 2 2 3 1 1 2 1 1 2 2 3 2 1 1 2 1 3 2 2 4 3 3 1 1 2 1 2 2 1 1 3 1 1 2 2 1 1 2 1 2 2 4 2 1 3 1 3 2 2 1 1 2 2 3 2 2 5 1 1 2 3 1 3 3 1 1 1 1 2 2 2 4 3 2 1 3 1 3 1 1 1 2 1 3 1 2 2 2 3 1 1 1 1 2 2 1 2 2 2 1 3 1 1 1 2 1 2 1 2 1 2 2 3 1 2 2 4 2 2 1 1 1 1 1 2 2 3 2 2 2 3 3 1 2 2 2 1 2 1 1 2 2 1 1 1 4 1 1 1 2 1 1 1 1 1 2 4 2 3 1 1 1 1 1 1 2 2 2 2 2 2 1 2 2 1 1 2 2 1 1 3 3 2 1 1 2 1 2 1 1 1 1 1 3 3 4 3 1 1 2 2 2 2 1 2 1 4 1 2 3 2 3 2 1 2 3 1 1 1 1 2 2 1 2 1 1 1 2 2 2 1 1 3 2 1 2 1 3 2 1 1 2 2 4 1 1 1 3 2 1 1 5 1 1 2 1 3 1 1 2 3 2 1 1 2 2 2 2 3 1 2 2 1 1 2 1 2 2 2 3 2 1 1 1 1 1 3 4 2 1 1 2 2 1 1 2 1 1 2 1 2 1 2 1 3 2 1 1 1 3 1 5 1 1 1 2 3 2 1 3 1 1 1 1 2 1 3 1 1 2 1 2 1 2 3 1 1 1 1 2 1 1 3 1 1 3 2 3 1 1 1 4 2 1 1 2 1 1 3 1 1 1 2 1 1 1 1 2 1 2 4 2 3 1 4 1 2 2 2 1 1 2 3 1 2 1 1 1 3 1 1 1 1 3 1 5 2 1 2 1 1 1 1 1 2 1 1 2 2 2 3 1 2 1 1 1 1 1 1 3 1 1 1 2 1 2 2 1 2 1 3 2 1 1 1 1 1 1 2 2 1 1 3 1 1 2 2 2 3 1 1 3 1 2 1 2 2 1 4 1 1 2 1 1 1 2 1 1 2 2 3 2 1 2 1 1 1 1 1 3 1 2 3 1 4 5 3 1 2 2 1 1 2 3 2 2 2 1 4 1 2 3 2 1 1 3 3 1 4 1 2 1 1 4 1 1 2 2 6 2 2 1 1 2 1 2 3 1 2 3 1 2 1 3 3 2 2 2 1 2 2 1 1 1 1 2 1 2 2 1 4 1 1 1 2 1 1 2 4 1 3 2 2 1 1 1 1 4 3 2 1 2 5 3 2 1 4 2 2 4 3 1 2 1 1 2 1 1 2 2 1 3 2 2 2 2 2 1 1 1 2 1 6 1 1 1 2 2 1 2 1 1 1 1 2 1 1 1 2 2 1 2 1 2 1 1 2 1 1 1 1 1 2 3 3 1 1 1 3 2 2 1 1 1 1 2 1 1 2 1 1 2 1 1 1 1 1 2 1 1 1 2 1 1 1 2 1 3 1 1 1 1 1 1 1 3 3 1 1 1 1 1 2 2 1 1 2 2 2 3 3 2 2 3 1 1 3 3 2 2 2 1 1 1 2 1 2 1 2 2 1 1 2 1 1 1 1 2 1 1 1 4 1 1 2 1 3 2 1 1 3 2 2 2 1 4 2 2 4 1 2 2 1 2 1 2 1 1 2 2 1 2 2 2 2 3 2 5 2 1 2 1 1 2 1 1 1 2 3 3 2 1 1 1 1 3 2 2 1 2 3 3 3 1 1 1 1 1 1 2 2 2 1 4 1 2 1 2 2 1 2 2 1 2 1 2 1 4 1 2 1 1 1 1 3 2 3 1 1 3 1 1 3 2 1 2 3 2 1 2 1 2 2 1 1 1 3 2 1 2 2 3 1 1 1 1 1 2 2 1 1 2 1 5 2 3 4 1 3 2 1 1 3 3 3 6 1 4 3 1 2 1 1 3 2 1 3 1 3 1 3 1 2 1 1 2 2 3 3 1 1 1 3 1 2 1 1 2 1 1 4 1 1 1 2 4 2 1 1 1 3 1 1 3 1 1 3 2 1 2 2 2 2 1 1 1 3 2 4 2 1 2 2 3 1 2 2 1 2 2 2 1 1 1 2 3 1 1 1 2 2 1 1 1 2 6 2 1 3 4 2 1 1 1 1 2 2 1 2 2 2 1 2 2 2 1 1 1 2 2 3 2 2 2 1 3 1 3 2 2 1 1 2 2 2 2 2 3 1 2 1 1 3 1 1 2 1 1 1 3 1 1 2 1 2 2 2 1 1 1 1 2 1 1 5 2 2 1 4 2 3 1 1 4 1 3 2 4 1 1 2 1 1 2 2 1 1 2 1 1 2 1 2 1 1 1 1 1 1 1 3 1 2 1 1 1 2 2 1 1 2 1 4 2 1 3 1 1 1 3 1 1 4 1 2 1 2 2 1 1 1 1 2 1 1 2 1 3 1 1 1 1 1 1 1 2 2 1 1 1 2 3 1 1 2 3 2 2 2 3 2 2 3 1 2 1 2 1 2 1 1 1 1 1 1 1 2 2 1 1 1 1 2 1 2 2 1 1 2 1 2 1 1 1 3 2 3 1 2 3 2 1 3 2 1 1 2 3 1 2 1 2 1 2 1 1 3 2 1 1 2 1 3 3 1 2 1 1 1 1 3 3 1 2 2 1 1 1 2 1 4 2 4 1 1 1 2 1 2 2 2 2 2 1 2 1 1 4 3 1 1 4 2 1 1 1 1 1 1 1 2 3 2 1 1 1 4 1 3 1 3 1 1 1 4 1 1 3 2 4 4 1 2 1 3 1 1 2 1 2 3 3 2 3 1 3 1 2 2 1 1 1 1 4 1 3 1 1 2 1 2 2 1 1 2 1 2 1 1 1 2 1 1 2 2 2 2 2 3 1 4 1 2 1 1 1 1 2 1 2 1 2 1 2 1 1 3 1 4 1 1 1 2 1 1 1 1 1 1 1 2 2 1 4 1 2 1 3 1 2 4 1 1 1 1 1 1 2 2 2 1 2 2 1 1 4 1 1 5 1 2 2 1 2 2 2 2 1 3 2 4 1 1 1 1 3 2 1 2 1 3 1 2 1 1 1 3 1 1 1 1 1 1 1 3 2 3 3 2 1 1 1 3 1 5 1 1 1 1 4 1 2 1 2 3 4 1 1 2 1 1 3 1 2 2 3 2 3 1 3 2 1 2 1 1 1 2 1 2 1 2 2 1 1 1 3 1 2 4 1 2 1 1 1 1 1 2 3 2 4 1 1 4 1 1 2 1 1 2 4 2 1 1 1 3 2 1 1 2 2 1 1 2 1 4 2 2 1 1 2 2 4 1 1 1 1 1 1 1 1 1 1 1 1 4 1 1 1 1 1 1 2 4 1 1 1 1 1 1 1 1 2 2 1 2 2 2 3 1 1 1 2 1 1 2 2 1 5 1 3 1 2 1 4 2 2 4 1 2 2 2 2 3 1 2 3 4 3 4 1 2 2 1 2 1 1 2 1 1 1 1 3 1 1 4 1 1 1 2 1 1 1 1 2 1 2 4 1 1 1 2 1 2 2 3 1 1 1 2 2 1 1 1 2 3 1 1 2 1 1 2 1 1 2 1 2 1 1 2 2 2 1 2 1 3 1 3 2 1 2 3 1 3 4 2 2 2 2 1 2 4 1 1 1 3 1 1 1 2 3 1 3 1 2 3 2 1 2 2 3 2 5 1 1 3 1 1 2 1 1 2 1 1 2 3 2 1 3 2 1 2 2 2 2 2 1 1 2 3 4 3 1 1 1 1 1 1 3 1 1 2 3 1 3 1 1 2 2 1 2 1 2 1 2 1 1 2 3 4 2 1 2 3 3 1 2 1 2 1 2 2 2 2 2 2 1 2 2 2 2 4 4 1 3 3 2 1 2 2 1 3 1 3 1 1 3 1 2 1 1 3 2 1 1 2 2 2 1 3 2 2 1 2 1 1 1 3 1 1 4 2 3 3 2 5 3 1 2 1 1 1 3 1 2 1 1 2 6 2 2 2 2 2 1 1 1 1 1 3 1 2 3 1 1 2 1 2 4 1 1 3 1 2 2 1 2 1 1 2 2 6 2 1 1 1 2 2 1 1 1 1 2 2 1 1 1 1 1 2 2 3 3 1 1 1 1 2 3 2 2 2 2 2 2 1 1 2 1 1 1 3 1 1 1 2 1 4 2 2 3 1 1 1 4 1 1 1 2 3 1 2 2 2 2 1 2 1 1 2 1 1 2 1 1 1 1 1 1 2 1 1 1 1 1 2 1 1 1 1 3 1 2 2 1 2 1 2 3 1 1 2 2 1 1 1 1 1 1 1 3 3 1 2 1 1 1 2 1 1 2 2 3 2 1 1 2 2 1 2 1 1 1 1 1 1 2 1 2 1 1 2 1 3 1 2 2 2 1 1 2 1 1 2 2 1 5 2 4 4 1 1 1 3 3 2 1 2 2 3 1 1 2 2 3 2 4 1 2 3 3 2 1 2 3 2 2 1 1 2 1 1 2 1 2 3 1 2 3 1 1 1 1 1 2 1 2 1 2 3 1 3 1 2 3 3 5 3 1 1 1 2 5 1 2 2 1 1 2 3 3 1 1 2 1 2 1 3 2 3 3 2 1 3 2 1 2 2 1 4 1 2 4 4 1 2 1 1 3 1 1 1 3 2 2 1 3 1 1 2 4 1 2 2 1 2 1 1 3 1 1 1 2 2 1 2 2 1 3 2 1 2 3 1 2 3 2 1 2 2 1 1 1 1 3 1 1 1 3 2 2 2 2 1 2 2 5 1 1 4 3 1 2 1 1 1 1 1 2 4 1 3 1 1 3 2 1 1 2 1 1 1 2 3 1 1 1 2 2 2 1 1 3 1 1 2 4 1 3 3 2 1 1 1 2 3 1 1 1 1 2 1 1 1 2 1 1 1 2 1 2 2 1 3 2 1 2 3 3 2 4 1 2 1 1 1 2 3 1 1 2 1 1 1 3 1 2 1 2 1 2 1 1 1 1 1 1 2 2 1 1 1 1 5 3 2 1 2 2 1 1 3 1 2 1 1 1 1 1 2 2 1 3 1 2 1 2 1 2 1 2 1 1 1 3 1 1 1 1 2 2 1 1 2 4 4 1 3 1 1 1 1 1 2 1 1 1 1 3 1 1 1 1 2 2 1 2 2 1 1 3 1 1 1 2 1 1 1 2 1 2 1 1 1 1 1 1 3 1 1 2 2 1 1 1 2 3 1 1 2 6 3 1 2 2 2 3 2 1 1 2 2 1 2 1 1 2 3 1 2 2 2 2 3 1 2 1 1 1 1 3 2 2 1 2 1 1 2 1 1 1 1 2 2 1 2 2 2 2 1 2 2 3 1 1 1 3 1 1 1 1 2 1 1 1 1 2 1 2 2 1 1 1 2 4 1 2 2 1 4 1 4 2 1 1 2 1 1 1 1 1 1 1 2 1 5 3 1 2 1 2 2 1 2 1 3 3 2 3 1 3 1 3 2 2 1 1 4 1 1 2 3 3 2 2 1 2 1 3 1 4 2 1 1 1 1 2 1 1 1 1 2 2 1 1 1 1 1 1 1 1 3 1 3 1 1 1 1 2 2 1 2 1 3 1 1 1 1 1 2 2 1 2 2 1 1 2 1 2 1 1 1 1 2 2 2 2 1 2 1 1 1 3 1 1 1 1 1 1 3 3 1 1 2 1 2 2 2 1 2 1 1 1 1 2 1 1 5 3 1 1 1 1 1 1 1 3 1 1 2 1 3 2 1 1 1 1 3 1 3 1 1 2 1 2 1 1 3 1 3 1 2 1 1 2 4 3 1 1 2 1 2 2 1 1 2 2 1 1 2 1 2 2 1 1 2 1 1 1 2 2 3 1 1 2 4 1 1 3 1 1 2 2 1 2 1 1 1 3 2 2 1 1 4 1 2 1 1 3 1 2 1 2 3 4 3 2 3 1 2 1 1 1 1 1 2 1 2 1 4 2 4 4 1 1 4 2 1 2 1 1 3 1 1 2 2 1 1 2 1 2 1 2 1 1 1 1 2 1 1 1 1 1 1 1 2 1 2 1 2 4 4 2 2 1 1 2 3 2 1 2 1 1 1 1 1 1 1 2 2 1 2 2 1 3 1 1 1 3 1 1 5 1 1 1 1 1 1 2 1 1 1 2 1 2 3 2 2 2 2 3 2 2 1 1 4 1 1 1 1 1 1 1 1 1 3 2 1 3 1 4 1 2 1 1 1 1 2 1 4 2 3 2 1 1 1 1 1 1 1 2 2 1 1 1 1 2 2 1 1 1 1 1 3 2 4 3 4 2 1 2 1 3 4 3 1 2 1 2 1 2 1 1 1 1 1 2 1 1 1 2 1 1 3 2 2 1 1 1 1 3 3 2 1 1 2 2 4 1 1 2 2 1 2 1 2 1 1 1 2 3 1 1 2 3 1 1 4 4 3 2 2 2 1 2 1 1 1 1 2 2 1 2 3 1 1 1 1 1 2 1 1 1 2 1 1 1 3 1 2 4 1 1 3 3 2 1 2 1 1 2 3 2 1 3 2 1 1 3 3 1 2 1 1 2 1 1 2 2 1 1 2 1 2 1 1 2 1 2 2 2 1 1 2 2 1 2 3 2 2 1 2 1 1 3 2 1 2 1 1 2 1 1 2 1 2 2 1 1 1 1 5 1 1 1 3 1 2 1 2 2 1 2 1 1 1 1 2 2 2 1 1 1 1 1 3 1 4 1 1 3 1 1 3 3 1 1 1 1 1 1 3 1 1 1 1 2 1 1 2 2 1 2 1 3 1 2 4 1 1 2 1 1 1 1 2 3 1 1 3 1 2 1 1 4 1 1 3 2 1 2 2 2 2 3 1 2 1 1 1 1 2 1 1 1 1 1 1 1 2 2 1 3 4 1 2 1 3 4 2 1 2 3 1 2 2 2 2 1 2 4 3 1 2 1 2 2 3 1 1 2 3 5 2 1 1 2 1 1 1 1 1 1 2 4 1 1 2 1 1 1 2 1 1 3 3 1 1 2 3 2 2 1 3 2 2 1 1 1 1 2 1 2 2 1 3 2 1 1 1 1 1 2 3 1 1 1 1 1 1 2 2 1 2 3 1 1 1 2 2 3 2 1 1 3 1 2 2 1 1 1 1 2 1 1 1 1 1 1 1 2 2 2 1 1 3 1 1 1 2 1 3 2 3 1 1 1 1 1 1 2 2 2 3 1 3 3 2 1 1 2 2 1 1 1 5 2 1 2 2 2 1 1 1 1 1 1 1 3 3 4 1 1 2 2 2 2 2 1 2 2 3 1 2 2 5 1 3 1 1 1 3 3 2 1 2 2 1 1 2 1 1 3 2 2 1 1 2 1 3 1 2 2 3 1 2 1 1 1 1 4 1 3 4 1 2 1 3 4 1 2 3 1 2 1 2 3 1 1 1 1 4 1 2 1 3 1 1 1 1 4 1 1 1 2 1 1 1 2 3 2 5 1 1 2 1 1 1 1 2 1 2 2 1 2 3 1 1 2 4 1 1 1 1 1 1 1 1 1 1 1 2 1 2 2 2 1 1 2 2 1 1 1 3 2 1 2 2 1 1 1 1 1 1 3 3 3 1 1 3 1 1 1 1 1 3 2 1 1 2 1 4 3 2 2 1 4 1 1 2 2 4 1 1 1 2 2 2 3 1 1 1 2 1 2 2 2 5 2 4 1 2 1 2 2 2 1 2 2 1 1 2 4 1 1 1 2 3 2 1 1 1 1 1 1 1 2 2 4 2 2 1 2 2 2 1 1 2 1 1 1 2 2 1 1 1 2 2 1 1 2 3 1 1 1 2 1 2 1 1 3 3 1 1 1 2 1 4 1 3 1 1 2 3 3 1 2 2 1 2 1 1 3 2 4 2 4 2 1 1 2 3 3 1 2 2 1 1 1 1 1 3 1 4 1 1 2 1 2 1 1 2 1 1 1 1 2 2 3 2 1 3 1 2 1 1 3 1 2 1 3 2 2 1 1 1 2 1 2 2 2 1 2 1 3 3 1 1 4 1 1 4 3 1 1 2 2 3 1 2 2 1 3 1 1 2 1 2 2 1 4 2 2 2 3 1 2 1 2 2 1 1 1 4 1 2 1 1 4 1 1 3 1 2 2 1 1 1 1 1 1 1 2 1 1 1 1 1 3 3 3 1 1 2 2 1 1 2 1 1 1 2 1 1 2 2 2 1 2 3 1 1 1 1 1 2 4 2 2 2 1 2 1 2 4 1 2 2 1 2 1 2 2 1 1 2 1 1 4 1 2 1 1 1 1 1 1 2 1 2 2 2 1 1 1 2 1 1 1 1 2 1 1 3 1 2 1 1 2 2 1 2 2 3 2 2 2 5 1 2 1 2 1 2 1 1 3 1 2 2 2 2 1 1 3 1 1 2 4 2 1 2 1 2 1 2 1 2 1 1 1 4 3 1 1 1 1 3 1 2 1 1 4 1 1 2 1 1 1 1 3 1 3 1 1 1 1 4 3 3 2 1 1 2 3 3 3 1 1 1 3 1 1 1 2 2 1 2 2 1 1 1 1 2 1 3 4 2 1 1 1 1 1 1 3 1 1 1 2 2 4 2 2 1 2 1 2 2 2 2 2 2 1 1 1 1 1 1 4 2 2 1 3 2 1 1 1 2 2 2 2 1 2 1 1 3 1 2 2 3 1 1 5 1 1 3 4 2 1 1 3 2 2 2 5 2 1 4 1 2 2 3 3 1 1 1 1 1 1 1 3 1 3 1 1 1 2 2 2 1 2 1 1 1 1 2 2 1 2 3 2 2 1 2 1 1 1 1 3 2 1 1 2 1 2 1 2 2 1 2 1 2 1 3 1 1 1 3 2 2 3 2 3 1 1 1 1 1 3 1 1 1 1 1 2 1 1 1 3 1 1 1 1 1 2 2 2 3 2 3 3 3 1 1 1 1 1 2 3 2 1 2 2 2 1 2 1 1 1 2 1 3 3 1 2 2 1 1 1 2 3 2 2 3 3 1 1 1 1 1 1 2 2 2 2 1 2 2 1 2 3 2 1 2 1 2 1 2 1 1 1 1 3 2 2 1 2 2 2 2 3 1 1 2 1 2 2 2 1 1 1 2 2 1 2 1 1 2 2 2 1 1 3 1 1 1 1 1 2 2 2 3 1 3 1 4 2 2 1 1 1 3 1 1 1 1 1 2 1 1 1 2 4 2 1 2 1 4 2 1 1 2 1 1 4 1 2 3 2 1 1 2 1 2 2 3 2 2 1 3 1 3 1 1 2 2 2 3 2 2 1 1 1 3 1 2 1 2 3 1 2 4 4 1 2 2 1 3 2 1 1 1 2 3 2 5 4 2 1 1 2 1 2 1 2 1 1 2 3 4 2 2 2 1 1 2 1 1 1 2 1 1 1 1 2 2 1 1 1 1 3 2 1 4 1 3 1 2 1 1 2 1 2 2 2 2 1 1 3 1 3 2 1 1 1 1 1 2 2 3 1 2 2 3 2 2 2 1 1 1 1 4 2 1 1 1 1 2 2 1 3 1 2 2 1 2 2 1 2 2 1 1 1 1 1 2 2 3 3 1 1 2 1 1 1 3 2 2 2 1 2 3 1 1 3 1 3 1 2 3 1 1 2 1 1 3 1 2 2 2 5 1 1 3 1 1 1 1 2 2 3 1 1 1 1 3 1 1 1 1 3 1 1 2 1 2 2 1 2 1 1 2 2 3 1 1 1 1 2 3 1 1 1 1 3 3 3 1 1 1 1 1 3 1 2 1 2 3 4 1 2 1 3 3 1 2 1 1 2 1 1 4 1 1 2 3 1 2 2 3 3 1 1 2 1 1 2 1 1 1 2 1 1 2 1 3 1 1 2 1 1 1 1 3 1 1 1 2 3 1 1 1 3 1 2 1 2 1 1 2 1 1 4 2 3 1 3 2 2 1 1 1 2 2 1 3 2 2 1 2 1 2 2 1 1 3 2 2 1 4 1 1 3 1 1 1 1 2 4 1 2 1 1 2 1 1 1 1 2 1 1 1 1 2 5 1 3 2 3 1 3 1 1 1 1 1 1 1 4 1 3 2 1 1 2 1 2 2 1 2 1 1 2 1 1 3 1 3 1 3 1 1 1 1 1 1 1 1 1 2 1 2 4 1 2 1 2 1 2 2 1 2 1 1 1 1 2 3 1 3 1 5 1 1 1 3 1 1 1 1 2 1 2 1 1 3 1 1 1 4 2 4 1 1 1 4 1 2 1 2 1 1 1 1 2 1 1 1 1 1 2 2 2 2 3 2 3 2 1 1 2 1 1 3 1 3 1 1 2 1 1 1 4 3 1 1 1 1 2 5 3 2 2 1 1 2 2 1 2 2 1 3 2 1 1 2 1 4 1 1 1 1 2 2 1 2 2 2 4 1 1 3 1 2 1 3 1 1 1 1 1 2 1 2 1 1 1 1 2 1 2 1 1 1 2 1 2 1 1 2 3 3 1 3 2 2 1 3 1 2 1 2 1 1 2 1 1 1 2 1 1 3 2 3 2 1 3 2 1 1 1 2 2 1 1 2 1 2 1 2 2 1 2 1 1 1 4 1 1 3 1 1 1 1 1 1 1 1 1 1 2 1 2 4 1 2 3 1 1 1 2 1 1 2 2 1 1 2 1 1 2 1 1 2 4 1 1 1 1 1 2 2 2 1 2 2 2 1 2 3 1 1 1 1 2 2 2 1 1 1 3 1 2 1 1 1 2 2 4 2 1 1 1 2 1 1 2 3 1 5 3 2 1 1 1 1 2 1 1 1 2 1 3 1 2 1 2 1 2 1 1 1 1 2 4 1 1 3 1 2 2 3 1 3 2 1 2 1 1 1 2 1 1 3 2 3 1 1 2 1 2 2 2 1 2 1 1 1 3 3 2 3 2 1 1 2 5 2 1 1 2 4 2 3 2 1 1 4 1 1 2 2 1 1 3 1 1 1 2 2 2 3 6 2 1 3 1 2 2 1 1 1 2 1 2 1 1 1 1 2 1 1 1 2 1 1 1 6 1 1 2 1 1 1 4 2 1 1 1 1 2 1 3 3 1 1 1 2 2 4 1 2 2 2 1 2 3 3 1 2 1 1 1 3 2 2 4 1 3 1 1 1 2 1 1 2 2 1 1 1 2 2 1 1 1 2 1 3 1 3 2 1 2 1 1 2 2 2 1 3 1 1 3 1 1 2 1 1 1 4 1 1 2 2 1 1 3 3 1 2 2 3 2 1 3 1 1 2 1 2 1 1 3 1 1 1 3 4 3 1 2 2 1 2 2 2 1 2 1 1 1 2 1 5 2 1 1 1 1 3 1 1 1 2 1 1 2 2 1 2 1 2 3 2 3 1 1 1 2 2 4 1 1 1 1 1 2 3 2 2 2 2 2 2 1 1 1 1 1 2 1 1 2 4 1 3 1 1 3 4 1 1 2 1 6 1 1 3 4 1 1 2 2 1 2 2 1 2 1 1 1 2 1 1 1 2 1 3 2 1 2 1 2 1 1 1 1 2 4 3 4 5 1 1 4 1 2 1 2 2 2 1 2 1 2 2 1 2 2 3 1 1 2 2 1 2 2 5 5 1 1 3 2 1 2 3 1 3 2 2 1 1 1 2 2 2 1 1 3 2 1 2 2 2 2 2 2 1 1 1 1 2 1 1 4 1 1 1 1 1 1 4 1 4 2 2 1 1 1 2 2 1 3 1 2 2 1 1 1 2 2 2 1 2 2 1 3 1 1 2 4 1 1 1 2 3 1 4 1 1 2 1 4 1 1 1 3 1 1 3 3 1 3 3 1 1 4 1 1 2 1 1 2 2 2 3 2 3 2 1 2 3 1 1 1 1 1 1 2 2 2 1 1 2 1 2 1 3 2 1 1 2 3 2 1 1 2 1 1 4 2 3 1 1 1 1 1 1 3 1 1 2 1 2 3 3 2 1 1 1 2 2 1 1 1 1 4 3 1 2 5 3 3 1 1 2 2 3 1 1 2 1 1 2 1 2 3 4 1 2 1 2 1 1 1 1 1 2 3 2 3 4 1 5 3 1 1 3 2 1 2 1 2 2 1 2 2 2 1 1 5 1 1 1 1 1 2 1 1 2 2 3 1 1 4 1 1 1 1 1 1 2 1 1 2 1 3 1 1 1 3 4 3 2 1 4 2 1 1 1 1 1 3 1 2 2 4 2 3 1 1 2 2 1 1 1 1 3 1 2 1 1 2 2 1 5 2 1 2 1 2 1 3 1 1 1 1 2 1 1 1 1 1 2 1 1 1 1 1 1 2 1 1 1 1 3 2 2 1 1 1 2 1 2 1 1 2 1 1 1 1 1 1 3 1 1 1 2 1 1 2 1 2 1 1 1 2 1 1 4 2 3 3 1 3 1 2 1 1 2 3 2 3 2 1 4 1 3 3 2 3 2 1 2 3 2 1 2 1 3 2 1 1 3 1 3 4 1 1 2 2 2 1 1 1 3 1 1 1 2 1 1 3 1 2 1 1 1 1 2 2 1 1 4 2 2 2 1 3 2 2 1 2 1 1 1 1 1 1 1 1 2 2 3 3 1 2 3 5 2 1 3 1 1 1 2 5 2 1 1 1 1 1 2 3 1 1 1 3 1 1 1 5 4 3 3 2 1 5 1 1 1 1 3 2 1 1 2 1 2 1 5 1 1 1 2 1 2 2 1 5 1 1 1 1 1 1 1 1 1 1 2 1 3 2 1 2 1 2 2 1 2 1 1 1 1 3 1 1 1 1 3 1 2 1 1 1 2 1 2 2 2 1 1 1 2 1 1 1 1 2 1 1 2 1 2 3 2 2 1 1 1 3 3 1 1 1 1 2 1 1 1 2 1 1 2 1 2 1 1 2 2 2 2 1 1 2 2 1 3 1 2 1 2 1 2 1 2 2 3 1 1 3 3 1 2 1 2 2 1 1 1 2 1 1 2 1 2 1 1 2 2 1 1 1 1 1 3 1 1 1 2 6 1 2 2 2 2 2 2 2 2 3 1 5 1 1 1 1 1 1 3 2 1 1 1 2 2 1 1 1 3 2 4 1 2 2 2 1 1 1 2 1 1 2 5 1 2 4 2 1 2 1 1 1 1 3 1 1 1 4 4 3 1 1 2 2 1 3 6 2 2 4 1 1 1 2 2 3 2 1 1 2 2 2 1 4 3 2 1 1 2 1 1 1 1 2 1 1 5 1 1 4 4 1 4 2 1 1 1 4 3 3 2 2 2 1 1 4 2 1 2 1 1 1 1 1 3 1 2 2 3 1 2 4 1 1 4 1 1 3 1 1 4 2 1 2 1 1 2 2 1 2 1 1 1 1 2 1 5 1 1 2 3 6 1 1 1 1 1 1 2 1 3 1 1 3 3 1 3 3 1 2 1 3 1 1 2 3 1 2 2 2 2 1 1 1 1 2 3 2 1 3 1 1 1 2 3 1 2 1 1 2 1 1 1 1 2 1 1 1 1 3 3 3 1 1 2 2 1 2 1 3 1 3 1 1 1 1 2 1 2 1 1 1 1 1 2 1 2 1 1 1 2 2 3 3 3 2 1 1 1 2 1 2 4 2 1 2 1 1 2 2 1 1 2 2 2 2 1 1 2 1 4 1 2 4 2 1 2 1 1 1 2 2 3 3 1 4 2 1 2 1 1 2 1 3 1 3 2 3 3 2 1 2 2 1 1 2 1 2 1 3 1 3 4 3 2 2 3 2 4 2 2 1 1 1 1 1 1 1 2 2 2 1 1 1 2 1 1 1 2 1 2 1 1 1 2 1 2 2 1 2 2 2 2 1 2 3 3 1 1 2 3 1 2 1 2 1 1 1 1 1 1 1 1 3 2 4 1 1 1 1 1 3 1 3 1 2 2 2 1 1 2 1 2 3 4 2 1 1 3 2 3 3 2 2 1 1 1 1 3 1 2 2 4 1 4 2 1 1 2 1 1 1 1 2 1 1 1 1 2 1 1 2 1 1 1 1 2 1 1 3 1 3 1 1 1 1 2 3 4 1 1 1 2 2 3 3 1 2 1 1 2 3 2 5 2 1 1 1 1 1 1 3 1 1 2 1 1 1 1 1 2 4 2 2 2 3 4 1 1 3 1 2 3 4 1 3 1 2 1 1 1 1 1 2 1 2 1 1 2 2 1 2 2 1 3 1 1 3 1 1 2 3 1 1 3 2 1 2 1 5 2 3 4 1 2 3 1 1 6 1 1 2 1 2 2 1 2 1 2 1 2 1 1 2 3 1 1 1 1 3 3 5 1 2 1 1 2 2 2 2 1 1 2 1 2 3 1 1 1 3 1 2 2 1 1 3 1 1 1 2 2 2 1 2 1 2 3 3 2 2 2 2 2 2 2 1 1 2 2 1 1 2 1 2 3 2 2 1 2 3 2 1 1 3 1 1 1 2 1 1 1 1 1 2 1 1 1 1 2 3 1 2 2 1 1 2 3 1 1 1 1 2 1 1 3 1 2 2 2 1 2 2 1 1 1 2 1 1 3 1 3 1 2 1 1 2 1 1 2 2 1 1 2 4 1 2 3 2 2 2 1 1 1 2 1 2 1 1 1 1 1 1 1 2 1 1 1 1 4 1 4 1 2 1 2 1 1 2 1 3 1 1 1 1 1 2 3 2 1 2 1 2 1 1 1 1 2 1 2 2 1 2 1 2 2 4 1 3 2 1 1 3 1 2 1 2 1 1 1 1 1 1 2 1 2 3 1 1 1 1 2 2 1 1 1 1 1 1 1 3 2 2 2 2 4 3 2 2 1 3 1 1 3 2 2 1 4 2 2 1 1 1 2 1 3 4 1 1 1 1 1 1 2 2 3 2 1 3 1 2 1 1 1 1 2 1 1 1 1 3 3 1 2 2 2 1 1 1 2 1 1 2 2 1 1 1 3 1 1 1 3 2 1 2 3 1 4 2 2 1 3 1 2 1 2 3 1 1 1 1 3 1 3 2 2 3 2 2 2 4 3 1 2 2 2 1 1 1 1 1 1 2 3 1 1 1 1 2 2 1 2 3 2 2 1 1 3 2 2 1 2 2 1 1 2 1 2 1 3 1 1 3 3 1 3 2 2 4 2 2 3 2 1 2 1 1 1 1 2 1 1 3 1 1 2 1 1 4 1 1 2 4 2 1 3 2 1 2 1 4 2 1 1 1 2 2 3 2 1 1 2 2 1 1 1 1 1 2 2 1 2 1 1 2 1 2 2 4 1 1 1 3 2 2 1 2 3 1 2 1 2 2 2 1 2 2 1 4 3 1 1 1 1 2 1 1 3 1 3 1 3 1 1 1 1 3 1 1 2 2 4 1 1 1 2 2 1 3 2 1 2 1 1 2 1 4 4 1 1 1 1 3 3 1 1 2 1 2 1 2 1 2 2 1 1 2 2 2 2 1 2 1 3 3 1 1 2 1 3 2 1 1 1 3 1 1 1 1 1 2 2 1 1 1 1 2 4 2 1 2 1 1 2 1 1 1 2 2 1 3 1 1 2 1 3 1 3 1 1 1 2 1 2 2 2 1 2 1 2 3 2 1 3 2 3 1 1 1 2 2 2 1 3 2 1 1 1 1 2 2 2 2 1 1 3 2 2 1 1 2 1 3 2 1 6 2 2 2 1 1 2 1 3 1 1 3 3 2 1 3 2 1 2 1 2 1 2 1 3 1 2 1 1 2 2 1 1 1 1 1 1 2 2 2 2 1 1 1 1 5 2 2 1 1 3 3 3 1 1 1 2 2 2 1 2 1 1 1 1 1 4 2 1 2 1 1 1 2 2 1 1 4 3 1 1 1 1 1 2 2 2 2 1 3 2 1 2 2 1 1 2 2 1 1 1 2 1 2 1 1 1 2 1 2 2 1 1 3 3 2 2 1 1 3 1 1 2 2 2 3 1 2 1 1 1 1 1 5 2 2 1 3 1 1 2 3 1 1 3 2 1 4 3 1 2 1 1 2 2 1 2 1 2 3 2 3 1 1 1 1 5 2 2 3 2 3 1 2 1 2 1 1 4 2 2 1 2 1 1 1 4 2 2 1 1 1 1 2 3 1 2 1 3 4 1 2 2 1 3 2 1 1 2 1 1 2 1 1 2 1 1 2 2 1 2 2 1 1 1 1 1 2 7 2 1 1 1 1 1 2 1 2 2 1 1 4 1 1 1 2 4 2 2 4 2 1 2 3 2 4 1 2 1 1 2 1 1 3 1 1 1 3 3 1 4 1 2 1 1 2 1 2 1 1 1 2 2 1 2 1 1 3 2 1 1 1 1 3 1 1 1 2 2 3 2 3 1 2 1 3 1 1 1 2 2 1 4 1 1 4 2 3 1 1 3 1 2 2 1 2 1 2 1 1 2 1 1 2 3 1 1 1 2 2 1 1 2 2 1 2 4 2 5 1 1 4 1 1 2 2 3 2 1 2 1 2 1 1 3 3 1 2 2 3 2 2 1 1 1 2 2 1 2 1 2 4 1 2 1 2 4 1 1 1 5 2 1 1 2 1 3 2 1 2 3 1 1 1 2 3 2 1 2 1 3 2 1 1 4 2 1 2 2 2 2 2 4 1 1 1 1 1 1 4 1 1 2 1 1 3 2 2 1 2 1 1 3 1 1 3 1 4 3 1 1 2 1 3 3 2 2 2 1 1 2 2 2 1 2 2 1 2 3 1 1 2 2 1 2 1 2 1 1 1 1 1 1 1 1 1 1 1 2 2 2 2 1 4 4 2 1 1 2 2 2 3 1 2 2 1 2 1 3 1 1 1 3 1 4 1 2 1 3 2 1 1 1 2 1 1 3 1 1 1 2 1 2 2 3 1 1 2 1 1 1 1 1 1 1 3 2 1 1 3 1 2 2 1 1 2 2 2 3 1 2 3 1 3 1 1 3 1 1 2 1 2 2 1 2 1 1 1 1 3 4 3 2 2 1 1 3 1 3 2 1 1 1 2 3 2 4 2 1 2 2 2 4 2 5 2 1 1 2 1 1 4 1 2 2 3 1 3 1 2 1 4 5 2 3 1 1 1 1 1 2 1 3 2 1 1 1 1 1 1 1 1 2 1 4 1 2 2 4 2 2 1 2 1 2 4 2 1 1 1 1 1 3 2 2 1 3 2 3 1 1 4 5 2 1 1 1 1 1 1 4 2 1 1 4 1 2 1 1 1 2 3 2 1 2 3 3 2 1 1 1 1 1 1 3 1 3 1 4 1 3 2 3 2 1 1 1 1 3 1 2 1 1 2 1 3 2 1 3 1 1 2 1 2 1 3 1 1 2 5 1 2 2 3 2 3 1 1 1 2 3 1 1 1 1 4 2 2 1 1 2 2 2 2 1 1 1 3 1 1 1 2 1 2 1 1 4 1 1 2 3 3 1 1 1 1 2 1 1 1 3 2 1 1 2 1 2 2 2 2 1 2 1 1 1 2 4 1 2 1 1 1 2 1 4 2 1 1 3 1 4 4 2 1 1 2 2 3 1 2 1 2 2 4 4 1 1 2 3 3 2 3 1 3 2 2 3 4 3 1 1 1 1 2 2 3 3 2 2 1 1 1 2 4 1 3 2 2 3 1 4 2 1 2 2 3 1 1 3 2 1 1 2 1 2 1 1 1 1 1 1 1 1 2 2 1 2 2 1 1 1 2 1 2 1 2 1 2 1 1 1 1 3 1 2 2 1 1 1 2 1 1 4 1 1 2 1 1 3 2 1 2 1 2 2 1 2 2 1 1 2 2 2 1 5 2 1 1 1 1 1 4 3 1 1 1 1 3 3 1 2 2 3 1 3 1 3 2 3 1 1 2 1 1 2 3 1 1 2 3 1 1 2 1 1 1 2 2 1 1 1 1 1 3 1 2 1 1 2 6 1 3 2 2 2 1 2 1 2 1 1 1 2 1 1 5 1 1 1 1 2 1 1 1 1 2 1 2 2 1 1 2 2 1 1 1 1 2 3 3 1 1 2 4 1 3 3 4 2 1 2 1 3 1 3 2 3 2 1 2 2 2 1 2 3 1 4 1 3 1 1 1 2 2 1 1 2 1 2 2 2 2 3 1 1 4 1 1 2 1 1 2 1 3 1 1 1 1 2 2 2 1 3 2 2 2 1 1 1 2 1 2 1 1 2 2 1 1 2 2 1 1 1 2 2 1 1 2 5 2 1 2 1 3 1 1 2 1 1 1 2 2 1 2 4 1 1 2 2 3 1 1 1 3 2 1 2 2 1 1 1 1 2 2 1 1 1 1 3 1 2 1 1 1 1 2 1 2 1 1 1 3 2 1 1 1 2 2 2 1 3 1 3 5 2 1 1 1 2 1 2 1 2 1 1 1 1 2 2 3 1 2 3 1 1 3 1 1 1 2 1 2 1 1 3 1 1 1 1 2 1 2 1 1 1 1 2 1 1 3 4 1 1 1 1 1 2 2 1 1 2 1 3 1 1 2 3 1 1 1 1 1 2 1 2 1 1 2 1 2 1 2 1 1 3 1 2 2 2 1 1 1 1 2 4 1 1 3 1 1 1 1 1 1 1 4 1 3 2 2 1 2 1 3 1 1 2 2 1 1 1 1 1 1 1 2 2 1 1 2 2 1 1 1 2 3 1 3 3 1 1 1 2 1 1 2 1 2 1 2 2 1 5 2 1 1 3 2 1 1 2 1 1 1 1 2 2 1 2 1 1 5 2 3 1 3 1 2 1 1 1 2 1 1 1 1 1 1 2 1 2 1 3 2 1 1 1 1 1 1 3 1 1 2 1 2 2 1 3 2 1 1 2 1 3 3 2 1 1 2 1 1 2 2 1 1 2 1 1 1 3 2 1 2 2 2 1 2 2 4 1 1 2 2 2 1 1 1 2 1 1 1 1 2 1 1 1 1 2 2 2 1 1 1 2 2 1 2 1 1 1 1 1 1 2 2 1 3 1 2 1 1 1 4 2 2 2 2 1 1 1 1 1 1 1 1 1 1 1 1 2 2 2 3 1 1 1 2 1 1 2 1 4 2 2 1 1 1 3 2 2 2 2 1 1 1 3 3 1 3 4 1 2 1 2 1 3 2 1 2 1 1 4 3 5 1 4 3 1 4 1 1 1 1 1 1 1 3 2 1 1 1 1 2 2 2 1 4 2 3 1 1 1 1 1 1 1 4 1 1 2 1 1 2 1 1 2 1 1 2 3 2 1 1 1 1 2 1 1 2 1 3 2 2 2 1 1 1 1 1 1 1 1 2 4 1 1 1 1 2 1 1 1 1 1 2 1 1 2 1 5 2 1 1 1 1 1 3 1 2 2 6 2 1 1 3 3 1 1 4 2 1 1 3 2 1 2 3 1 3 1 4 1 1 1 1 2 2 1 3 4 5 2 2 1 1 2 2 2 1 1 3 1 2 3 1 1 3 2 2 1 1 1 2 2 2 3 1 4 2 1 1 2 2 1 1 1 3 4 2 2 1 2 3 2 1 1 1 3 1 1 2 1 1 1 2 1 2 1 1 2 1 2 1 3 2 1 2 2 2 1 2 1 2 1 1 1 1 2 2 1 3 1 3 1 1 1 2 6 1 1 1 1 2 3 2 1 5 2 2 1 1 2 3 1 3 1 1 1 1 1 1 3 1 2 2 2 2 2 2 1 1 3 1 2 1 3 2 2 1 1 2 1 2 2 2 2 1 3 1 2 3 3 1 1 2 2 2 1 1 2 1 2 2 3 1 1 2 5 1 2 2 1 1 1 2 1 2 1 2 3 3 2 3 2 4 1 1 4 2 2 1 1 2 1 1 3 2 2 2 1 2 2 1 1 1 1 1 2 2 1 2 4 1 3 1 2 1 4 2 2 3 1 2 1 1 3 2 3 2 2 1 1 1 1 3 1 2 1 1 1 1 1 2 1 1 2 1 2 2 4 3 3 1 1 1 2 3 1 3 1 3 1 1 1 2 1 4 1 1 1 1 3 1 4 1 2 2 1 2 1 2 1 1 4 2 1 2 2 2 3 1 1 1 3 1 2 1 1 1 2 2 3 1 1 2 1 2 1 2 2 3 2 1 2 3 2 2 1 1 1 2 1 1 1 1 1 1 1 2 1 1 2 1 2 2 1 2 1 1 1 1 3 1 1 2 2 1 1 1 2 1 1 1 2 1 3 1 2 1 2 3 1 2 2 2 1 1 1 1 2 1 1 1 2 1 3 1 2 3 1 2 2 2 1 1 1 3 2 1 1 2 1 3 3 3 1 1 1 2 1 1 3 1 5 1 2 1 1 1 2 1 1 2 1 1 2 1 1 1 1 1 1 2 2 2 1 1 1 2 1 2 1 1 1 1 3 3 1 1 3 2 2 2 5 3 1 2 1 3 1 1 2 2 1 1 1 1 2 1 1 3 1 1 1 4 2 2 4 1 1 1 1 1 3 1 2 2 1 2 1 1 2 2 1 3 1 1 2 2 2 4 1 2 1 3 1 2 1 2 1 2 1 1 1 2 2 1 2 2 1 1 1 3 4 2 3 3 2 1 1 1 2 2 1 1 3 1 3 1 3 3 2 3 1 2 1 2 1 4 2 4 3 1 1 1 2 1 2 1 1 1 1 1 1 2 2 1 1 1 1 2 2 1 2 4 2 1 1 1 1 1 2 2 2 1 2 2 2 1 1 1 3 1 1 3 2 4 2 1 2 1 3 2 1 3 1 1 1 1 1 1 2 1 1 1 1 2 1 1 1 2 1 3 1 2 2 1 2 2 2 1 3 1 1 1 1 1 1 2 1 1 4 1 1 1 2 2 2 1 4 1 1 1 1 4 2 1 1 1 1 2 2 3 3 1 1 2 1 1 2 3 2 3 1 2 1 1 2 4 1 1 1 1 1 2 1 1 2 3 1 2 1 1 2 3 1 1 2 2 3 5 4 2 5 1 2 2 1 4 1 1 1 2 4 2 3 1 3 1 1 1 3 1 2 3 3 1 1 2 2 1 1 1 2 1 3 3 1 2 1 1 1 2 1 1 1 2 1 1 2 2 2 1 2 2 1 2 2 1 1 1 2 1 1 1 1 2 1 2 4 4 2 1 3 4 2 1 1 2 1 1 1 4 4 1 1 1 1 1 2 5 5 1 1 3 2 1 1 1 2 1 1 1 1 1 2 3 1 1 2 3 1 1 1 3 1 2 4 1 1 1 1 1 3 1 2 1 2 1 1 1 4 1 3 3 1 1 2 3 1 4 1 2 1 1 4 1 1 2 1 1 2 2 2 2 1 1 4 1 1 1 1 2 1 1 3 1 1 1 2 2 1 3 2 2 1 1 2 3 2 1 2 1 1 2 1 2 3 2 1 1 2 2 2 3 1 2 2 2 3 1 1 2 2 2 1 1 1 1 1 1 4 3 2 1 1 1 3 2 2 2 1 
  #Test Small 21267
  #Test Medium 34376
  #Test Large 51369
