Board size [mm] 100x100

Stats side 1
  #Components with background 5
  #Components with points 42
  #Components nofly 2
  #Components notouch 1
  #Pins 7803
  #GNDs 539
  #VDDs 457
  #Clock 3
  #NoFly points 276
  #NoTouch points 232
  #Points [total] 9310

Stats side 2
  #Components with background 8
  #Components with points 35
  #Components nofly 2
  #Components notouch 3
  #Pins 10266
  #GNDs 120
  #VDDs 74
  #Clock 4
  #NoFly points 240
  #NoTouch points 524
  #Points [total] 11228

Stats board (side 1 + side 2)
  #Components with background 13
  #Components with points 77
  #Components nofly 4
  #Components notouch 4
  #Pins 18069
  #GNDs 659
  #VDDs 531
  #Clock 7
  #NoFly points 516
  #NoTouch points 756
  #Points [total] 20538
  #Nets 18483
    Net Size: 659 531 7 1 7 2 2 2 3 1 4 2 1 1 2 1 1 3 2 2 1 3 1 2 2 1 1 2 3 2 2 2 1 1 2 1 2 5 2 1 2 4 4 2 1 1 1 1 1 2 2 5 1 1 2 1 3 1 3 1 1 1 1 1 2 3 1 2 2 4 1 1 2 1 4 2 1 1 1 2 2 2 2 1 4 2 3 2 1 2 2 2 1 1 1 1 1 3 2 1 2 4 1 2 1 1 1 1 1 1 1 1 3 2 4 1 2 1 3 4 2 2 1 1 1 2 3 2 2 1 1 1 4 2 1 1 2 1 1 1 1 1 1 2 1 2 2 2 2 1 4 3 1 1 5 1 1 1 1 1 2 2 2 2 1 1 1 2 1 1 3 2 3 2 2 1 1 1 2 3 2 1 1 1 3 1 2 2 1 2 2 2 2 1 2 3 1 1 1 1 3 3 2 3 1 1 2 1 2 3 3 1 1 1 1 1 4 1 2 4 1 1 1 1 1 2 3 3 1 1 1 1 1 1 1 3 2 2 1 2 2 1 2 3 1 1 4 1 2 1 1 1 2 3 1 3 1 2 1 2 2 2 3 2 2 3 2 1 1 1 2 2 2 2 4 1 1 1 2 2 3 2 1 3 2 3 1 2 2 1 1 1 1 1 3 2 2 2 1 1 2 1 2 1 2 3 4 3 1 2 2 2 2 1 2 2 2 2 1 1 2 2 3 2 4 3 2 2 1 1 1 3 1 2 1 1 2 3 1 1 1 1 6 1 2 1 2 1 3 3 1 2 1 1 2 2 2 1 2 1 3 1 1 3 3 1 1 1 2 1 1 2 2 1 3 1 3 2 2 1 1 1 1 2 3 1 4 1 2 4 1 2 3 1 1 1 1 3 3 1 2 2 1 4 2 2 1 2 1 4 1 2 1 1 1 3 2 2 2 2 1 2 3 2 1 1 2 1 2 2 2 5 2 2 1 2 3 4 1 3 1 2 2 3 1 2 3 2 2 1 2 4 4 1 2 2 3 1 2 1 3 1 1 1 1 2 2 2 1 3 2 3 1 1 3 1 5 1 1 2 1 3 2 1 3 2 4 3 2 2 4 1 4 2 6 4 1 1 3 1 1 4 1 3 1 3 3 2 1 3 2 1 1 2 1 1 3 1 1 1 2 2 1 3 1 2 2 1 1 3 2 1 3 1 1 3 3 2 2 1 3 1 1 1 2 1 3 3 1 2 1 1 1 2 2 1 1 1 1 3 1 2 3 1 2 1 2 1 3 1 5 3 2 3 1 2 2 1 1 3 1 1 3 1 1 1 1 2 3 1 1 1 2 1 1 2 1 1 1 2 3 2 3 2 2 1 2 4 2 1 4 2 7 2 2 1 1 2 2 1 2 1 2 1 2 4 3 3 2 1 1 1 1 5 2 1 3 1 1 1 1 1 1 2 1 1 3 1 1 2 2 1 1 3 1 1 4 1 1 1 2 1 1 4 4 1 4 1 2 1 2 2 2 3 2 1 1 2 2 2 1 1 2 1 2 2 2 3 4 1 3 3 2 1 2 2 2 1 3 1 1 1 2 2 1 1 2 1 2 2 1 3 1 2 1 1 2 1 1 2 1 1 1 2 1 1 3 5 1 1 1 1 1 1 2 3 2 2 3 1 1 1 1 1 1 1 2 1 1 2 3 3 3 1 2 4 2 2 1 1 2 2 1 4 2 1 2 2 1 2 2 1 1 1 4 2 2 2 1 2 1 2 3 2 2 1 2 3 1 1 3 2 3 3 2 1 1 1 3 1 1 1 2 5 2 5 2 1 1 1 2 2 1 1 2 1 2 2 1 1 1 1 1 3 1 1 2 2 1 3 3 2 4 2 1 4 1 1 1 1 3 2 2 3 2 1 2 2 1 1 2 1 1 1 3 4 4 1 2 1 3 2 2 2 1 2 3 1 1 1 2 3 5 1 3 1 4 3 2 1 3 2 1 1 1 1 1 3 2 1 2 1 2 4 2 1 2 1 1 1 1 1 1 2 1 1 1 3 2 1 1 6 3 1 2 4 2 2 1 2 1 3 1 3 1 1 2 2 2 1 3 3 2 3 2 2 1 2 4 3 1 2 4 1 1 3 1 1 3 1 4 3 3 3 3 2 2 2 2 1 1 2 2 2 3 2 2 1 2 2 3 1 2 2 1 1 1 2 1 1 6 1 1 1 1 3 2 1 1 1 1 2 2 1 2 2 4 3 1 2 1 2 4 4 3 2 1 1 1 3 3 1 
  #Test Small 1598
  #Test Medium 2983
  #Test Large 4674
