Board size [mm] 300x50

Stats side 1
  #Components with background 10
  #Components with points 61
  #Components nofly 5
  #Components notouch 2
  #Pins 19431
  #GNDs 525
  #VDDs 437
  #Clock 8
  #NoFly points 820
  #NoTouch points 354
  #Points [total] 21575

Stats side 2
  #Components with background 6
  #Components with points 47
  #Components nofly 0
  #Components notouch 1
  #Pins 14021
  #GNDs 592
  #VDDs 504
  #Clock 4
  #NoFly points 0
  #NoTouch points 122
  #Points [total] 15243

Stats board (side 1 + side 2)
  #Components with background 16
  #Components with points 108
  #Components nofly 5
  #Components notouch 3
  #Pins 33452
  #GNDs 1117
  #VDDs 941
  #Clock 12
  #NoFly points 820
  #NoTouch points 476
  #Points [total] 36818
  #Nets 33432
    Net Size: 1117 941 12 2 2 3 1 3 2 1 2 2 1 1 2 2 3 3 1 4 2 1 2 1 1 1 2 4 1 1 1 1 4 1 1 1 1 1 2 1 1 2 1 1 1 3 1 3 2 1 1 1 3 1 2 1 1 1 1 1 1 1 3 1 1 1 4 2 1 2 1 2 1 2 1 2 1 2 2 1 2 1 3 1 1 1 2 1 2 1 3 2 1 1 2 1 1 1 1 2 3 2 1 2 3 1 1 3 1 1 3 1 1 2 1 2 2 2 2 3 1 1 1 3 3 3 3 1 1 1 1 2 1 1 1 2 1 3 1 1 2 2 1 3 1 1 1 1 2 1 1 1 2 4 2 1 1 3 1 1 2 1 2 1 1 1 1 2 1 1 1 1 2 1 1 2 2 1 2 2 1 1 2 2 3 1 2 1 3 1 1 3 1 1 2 1 1 2 1 3 2 1 1 3 2 1 1 1 4 1 1 1 2 1 1 1 2 2 1 3 1 1 2 1 2 2 1 1 1 1 1 1 2 1 2 1 1 1 1 1 3 1 1 1 1 2 2 2 2 1 1 1 3 2 1 3 1 1 1 1 1 1 1 4 1 2 1 1 1 1 1 1 2 1 1 1 2 2 1 2 2 1 1 1 1 2 1 2 3 1 1 5 3 1 2 3 4 2 1 2 3 1 2 1 1 1 1 1 2 3 1 1 1 1 1 2 2 1 1 1 2 2 2 4 2 3 1 3 3 1 1 1 2 3 1 1 2 2 2 1 1 2 3 1 2 1 2 2 2 2 1 2 1 1 4 2 1 3 1 4 1 1 1 2 1 2 1 1 2 2 1 2 1 1 2 3 2 1 1 4 1 2 1 2 1 2 3 1 1 1 2 3 2 2 1 4 1 1 1 1 1 2 2 2 2 1 2 3 3 1 3 1 1 2 3 1 2 3 3 1 3 2 1 1 1 2 1 1 2 2 2 1 1 2 2 1 1 4 2 1 1 1 1 1 1 4 1 1 4 1 1 3 1 1 1 1 2 1 1 3 2 4 3 1 2 1 1 1 2 1 2 3 3 2 1 2 1 1 3 2 3 2 1 1 3 1 1 2 2 1 3 1 2 1 1 1 1 3 3 3 1 4 1 1 3 2 2 1 1 2 1 1 1 1 2 2 2 1 2 4 1 2 3 1 2 1 1 1 1 1 2 2 1 2 1 2 1 2 2 3 2 2 1 2 1 2 1 5 1 1 1 1 1 1 1 1 1 1 2 1 1 1 1 2 4 1 1 3 1 1 2 1 2 3 3 1 1 1 2 1 1 1 1 2 2 1 3 2 1 1 2 1 1 1 2 1 2 3 1 2 2 1 1 2 1 2 2 4 1 1 1 1 4 1 2 2 1 1 1 1 4 1 1 1 3 3 2 1 1 2 2 2 2 1 1 5 2 1 1 1 1 1 4 1 1 6 2 1 1 1 2 3 2 1 2 4 1 1 4 1 3 2 1 3 2 3 1 1 2 1 2 1 2 1 1 1 1 1 1 1 2 3 1 1 1 1 1 1 2 1 2 1 1 2 2 1 1 2 1 2 4 2 1 1 2 3 1 2 2 2 1 1 5 1 1 3 3 1 1 1 2 1 2 1 1 1 1 2 2 1 2 1 2 1 2 2 1 1 1 2 1 1 1 2 2 1 1 1 2 2 1 4 3 3 2 2 1 1 2 1 1 1 2 1 2 1 2 2 2 1 1 1 1 2 1 1 2 1 4 1 1 2 1 4 3 2 1 2 3 2 1 1 2 2 2 1 3 1 1 1 1 3 1 1 1 1 4 1 4 2 2 2 2 1 2 3 3 1 1 1 5 1 2 1 1 1 1 2 3 2 1 2 1 1 1 1 1 1 1 1 1 1 1 2 1 1 1 1 3 1 3 2 2 1 1 1 2 2 3 1 1 2 2 1 2 3 2 3 2 1 2 1 1 2 1 1 2 2 1 1 3 1 1 3 1 1 4 1 2 1 3 2 3 1 2 1 2 1 1 3 3 1 1 2 3 1 1 1 3 3 1 2 1 1 2 1 1 2 1 1 2 2 1 1 1 1 1 1 2 2 1 1 1 1 1 1 3 1 4 2 2 3 3 2 1 3 2 2 1 1 2 3 1 1 2 1 1 1 1 2 3 1 2 1 1 1 3 1 2 2 1 1 1 1 1 2 1 2 1 1 1 1 1 1 2 2 1 1 1 1 2 1 1 2 1 1 2 4 3 1 3 2 1 2 2 1 5 2 1 1 1 3 3 1 3 1 2 1 2 3 1 3 3 3 1 2 2 2 2 1 1 2 1 2 2 1 3 1 1 1 1 1 2 2 1 3 1 1 1 2 1 1 2 3 2 1 1 2 1 1 1 2 1 1 1 1 1 2 2 1 1 1 1 3 2 2 2 1 2 3 2 4 1 1 1 1 1 1 2 1 2 1 2 1 1 1 1 1 1 2 1 1 1 2 3 1 2 2 1 1 2 2 1 3 2 2 1 2 2 3 1 3 1 2 1 2 2 2 1 2 1 2 1 2 1 1 2 3 3 2 1 3 1 1 2 3 1 1 1 1 1 2 2 1 1 1 2 2 2 2 1 2 2 1 2 1 1 2 1 1 2 1 1 1 2 4 2 2 3 2 2 2 1 1 1 1 1 2 3 2 1 4 2 1 1 1 1 1 1 2 2 1 1 1 2 2 1 1 1 2 1 2 1 2 2 1 3 2 2 1 3 1 2 1 3 2 2 1 1 4 2 1 3 1 1 1 1 1 3 1 1 2 2 1 1 1 1 1 3 1 1 2 1 2 1 2 4 1 2 2 1 2 1 1 1 4 1 2 1 1 1 1 1 3 3 2 1 1 2 1 1 1 1 1 1 2 1 1 2 1 1 1 1 2 1 2 2 2 4 2 1 2 2 1 1 1 3 1 1 2 1 1 1 1 1 2 1 3 1 1 1 2 1 1 1 1 1 1 2 1 1 3 1 1 3 2 1 2 2 2 2 1 1 1 1 1 1 3 1 3 2 1 1 2 1 1 1 1 2 2 1 1 3 1 1 1 1 2 1 1 1 2 1 2 2 1 1 1 2 2 2 1 2 3 1 2 2 1 1 2 2 1 1 2 3 4 1 1 2 1 1 1 3 2 1 2 1 2 1 1 1 3 3 2 2 1 1 1 2 1 3 1 1 1 1 3 1 5 1 2 2 1 2 3 3 2 1 1 1 3 2 2 2 2 2 2 1 1 2 1 2 1 1 2 1 3 1 3 2 2 2 2 2 3 1 1 1 1 1 3 2 1 1 4 1 1 1 1 2 1 1 1 3 3 1 1 2 2 2 1 2 4 1 2 3 1 1 1 1 1 1 1 2 2 2 2 2 3 1 1 3 3 1 1 1 1 2 1 1 1 3 4 1 2 2 1 1 1 2 2 2 3 1 1 1 1 1 3 4 1 3 2 1 1 1 1 1 3 1 1 4 1 3 2 1 2 2 1 2 1 1 2 1 1 2 3 1 1 2 2 2 1 2 1 1 1 1 1 1 1 2 2 2 1 4 2 2 1 1 1 2 1 1 1 2 1 1 1 1 3 2 1 2 1 2 1 3 1 1 1 2 1 1 1 1 2 2 1 2 1 2 1 2 1 2 1 1 1 1 1 1 1 2 1 3 2 1 3 1 2 3 2 1 1 2 1 1 1 2 1 4 1 1 1 1 1 1 1 1 1 1 2 1 1 1 2 1 1 2 1 1 3 1 3 1 1 4 1 1 1 1 1 1 2 2 2 1 6 3 2 2 4 2 4 1 1 2 2 2 2 1 4 1 2 2 3 1 2 2 1 1 1 1 2 3 1 2 1 2 1 2 1 3 1 2 2 1 2 1 2 1 2 2 1 1 4 1 2 2 2 1 6 2 2 2 1 1 2 1 1 1 2 2 1 1 1 1 2 1 1 1 2 2 2 1 1 1 2 2 1 1 1 2 2 1 1 1 2 2 1 1 3 1 1 2 4 2 2 1 1 2 3 1 1 2 1 2 1 1 2 2 1 1 1 4 1 2 3 2 2 3 1 1 2 2 3 1 3 4 1 1 1 1 2 2 1 1 1 1 1 2 1 1 2 2 1 2 1 2 2 3 5 1 3 1 4 1 1 1 2 2 2 1 2 2 1 2 3 1 2 1 1 2 1 1 3 1 1 3 1 1 1 1 1 2 3 3 1 2 2 2 1 1 3 2 3 2 1 1 2 1 1 3 2 1 1 4 1 1 3 1 1 2 1 1 2 1 3 2 1 1 1 1 1 1 2 1 1 2 2 1 1 1 1 1 1 2 1 1 2 5 4 2 2 3 2 1 1 2 1 1 2 1 1 3 1 1 1 2 2 3 2 2 3 1 1 1 1 1 3 1 1 1 3 1 2 1 1 1 3 1 2 2 1 1 1 1 1 2 1 1 4 3 1 2 1 4 2 3 2 3 2 2 1 1 2 1 3 2 2 1 2 1 2 2 1 1 1 1 1 2 3 2 2 3 1 1 1 2 1 2 3 3 1 3 1 1 2 1 2 1 1 2 2 4 2 1 2 2 1 2 1 4 1 2 1 1 2 1 2 2 1 1 1 1 1 1 2 
  #Test Small 2321
  #Test Medium 4923
  #Test Large 8531
