Board size [mm] 275x275

Stats side 1
  #Components with background 107
  #Components with points 489
  #Components nofly 6
  #Components notouch 6
  #Pins 97608
  #GNDs 4179
  #VDDs 3313
  #Clock 45
  #NoFly points 940
  #NoTouch points 1048
  #Points [total] 107133

Stats side 2
  #Components with background 91
  #Components with points 539
  #Components nofly 0
  #Components notouch 0
  #Pins 101586
  #GNDs 4134
  #VDDs 3097
  #Clock 67
  #NoFly points 0
  #NoTouch points 0
  #Points [total] 108884

Stats board (side 1 + side 2)
  #Components with background 198
  #Components with points 1028
  #Components nofly 6
  #Components notouch 6
  #Pins 199194
  #GNDs 8313
  #VDDs 6410
  #Clock 112
  #NoFly points 940
  #NoTouch points 1048
  #Points [total] 216017
  #Nets 9657
    Net Size: 8313 6410 112 2 1 2 5 4 3 2 1 5 1 1 4 1 2 1 3 1 1 2 2 3 1 2 2 3 1 2 1 2 1 1 1 2 2 3 1 2 3 1 1 3 2 1 2 3 1 2 4 2 2 1 3 1 1 1 1 2 3 1 2 3 3 3 3 1 2 3 4 3 1 1 2 2 2 4 1 1 2 2 1 6 3 2 2 3 4 3 1 2 2 2 1 3 3 2 2 1 1 2 2 1 2 1 3 3 1 1 1 3 2 2 3 4 4 1 2 3 4 2 1 2 1 4 1 1 1 3 4 1 3 2 2 1 2 3 2 2 4 2 3 1 2 2 2 1 1 2 4 3 1 1 2 2 1 2 2 2 3 1 1 3 1 1 2 3 3 1 1 1 4 3 1 1 4 3 1 2 1 1 2 3 2 3 1 3 3 2 2 3 2 2 1 2 2 1 4 4 2 3 3 2 4 2 3 3 2 2 3 1 1 1 3 3 2 2 4 1 1 1 1 1 2 2 4 2 4 1 4 3 1 1 1 3 2 1 1 2 1 1 1 2 2 2 3 1 3 2 1 2 2 1 2 1 3 2 2 3 1 1 1 2 1 2 2 1 1 6 1 1 1 3 7 4 2 2 4 1 1 3 2 1 3 1 3 2 2 2 1 2 3 1 1 5 2 1 2 1 5 2 3 4 2 2 2 1 2 1 3 4 3 1 1 2 1 5 1 2 1 1 2 2 2 1 3 1 2 2 1 1 2 2 2 2 2 1 4 3 2 3 3 2 1 2 2 2 2 2 2 3 2 2 2 2 3 1 2 1 1 1 2 2 2 6 1 1 1 1 1 4 5 4 2 4 3 2 1 2 4 4 4 1 2 2 1 1 1 1 1 3 1 1 2 1 3 1 2 2 3 2 1 1 2 4 2 3 2 1 3 3 2 2 2 4 1 3 1 2 1 1 1 2 1 1 1 2 1 1 1 5 1 3 1 2 1 1 2 2 3 5 2 1 1 1 1 1 2 4 1 3 3 2 3 1 1 1 1 4 1 1 1 2 3 3 3 1 4 1 1 3 2 3 1 3 1 2 3 5 2 1 2 2 2 2 4 1 1 1 1 3 3 2 2 1 2 1 2 6 2 2 3 4 1 1 5 4 2 1 1 2 3 1 3 2 4 2 3 1 2 2 2 2 3 2 3 4 1 5 7 4 3 1 1 1 3 2 4 3 1 2 1 1 3 5 1 1 2 1 4 2 3 2 3 2 4 1 2 2 2 1 2 3 2 2 1 3 3 1 2 1 1 4 1 4 3 3 2 3 2 1 2 4 4 3 1 1 3 2 3 1 3 1 5 3 1 5 1 2 1 1 1 1 2 1 1 1 2 4 2 1 3 2 1 2 1 3 3 3 1 1 2 1 5 2 2 6 1 2 2 4 3 2 1 2 1 3 1 2 1 4 1 1 2 1 2 3 1 1 1 4 1 3 3 3 1 2 1 1 2 1 3 3 4 5 2 2 2 2 4 3 2 1 3 2 2 4 3 1 3 3 2 2 1 2 3 2 4 2 1 2 4 5 3 2 3 2 2 2 2 1 3 1 2 1 1 1 5 1 4 1 1 1 4 1 1 1 1 2 2 1 2 2 1 4 2 3 1 1 1 2 2 2 1 2 3 2 2 1 2 1 2 2 4 1 2 3 4 1 1 3 5 1 2 1 2 1 1 2 4 3 1 1 1 3 1 1 1 3 1 3 3 5 1 1 2 2 4 2 1 1 2 2 2 1 2 2 3 3 1 2 3 1 1 2 3 1 2 1 4 2 2 1 3 2 4 1 6 1 1 2 1 2 1 4 5 2 3 3 4 1 1 2 2 3 4 1 1 6 2 1 1 2 1 2 3 1 2 1 2 1 2 1 2 2 2 2 1 2 1 1 2 3 3 2 1 2 1 1 1 3 4 3 3 1 3 2 2 2 2 2 2 2 1 2 1 4 1 2 2 1 1 1 3 3 3 1 2 3 2 2 2 1 3 4 1 2 1 4 2 4 2 1 1 2 1 4 1 2 2 2 1 1 2 4 2 2 3 3 1 1 3 1 1 2 1 3 1 3 1 1 2 1 2 1 3 1 6 1 1 1 1 3 5 3 1 2 1 2 3 4 2 2 2 2 1 4 2 1 1 1 4 2 6 2 2 3 3 2 2 2 2 1 2 2 3 5 1 2 1 2 2 2 1 1 1 4 3 2 3 1 4 5 1 4 1 2 1 1 4 5 1 1 3 1 1 4 3 1 3 1 1 4 2 5 3 2 1 3 1 1 6 3 1 4 2 1 1 3 1 1 1 3 3 1 1 2 1 2 2 1 1 2 4 1 2 1 3 1 1 1 1 2 1 2 2 2 3 2 4 4 3 4 4 1 1 4 3 4 1 1 2 1 4 1 2 2 1 2 2 2 1 1 3 1 3 1 3 1 3 1 1 1 1 1 1 2 3 1 1 3 3 2 2 1 1 1 1 2 3 2 2 3 3 1 1 3 3 1 2 2 3 3 2 4 2 4 1 1 1 1 1 2 3 5 1 2 1 3 1 1 2 1 4 1 4 2 3 3 1 2 4 1 2 1 2 4 2 1 2 3 3 2 1 2 3 1 1 1 1 1 4 5 2 5 5 3 1 1 6 1 3 2 2 3 1 2 3 7 1 2 2 1 1 2 3 1 1 1 1 2 3 3 1 2 2 2 2 1 1 3 2 2 1 1 2 3 1 5 4 2 1 1 1 1 2 4 3 5 2 1 2 3 2 2 1 4 1 2 3 3 2 5 2 4 2 1 2 1 1 1 4 2 3 1 2 3 2 3 2 2 2 2 1 5 3 3 1 2 2 1 2 2 1 1 2 1 1 3 3 1 4 2 1 1 2 1 1 2 3 3 2 3 3 1 1 1 2 2 5 1 2 1 2 1 2 1 1 1 1 2 1 2 4 1 2 1 2 3 6 1 4 1 3 3 1 1 2 1 4 2 2 3 3 1 1 1 4 1 4 2 2 3 1 3 1 3 2 2 5 2 3 1 1 2 2 2 2 2 2 1 3 5 1 1 1 3 3 3 1 1 2 1 1 1 1 2 1 3 1 2 3 1 1 1 1 1 1 3 2 1 2 2 2 1 3 2 2 2 1 2 2 2 1 1 2 1 1 2 3 1 1 2 2 2 1 2 2 3 3 2 3 2 3 4 1 4 3 3 2 2 2 2 1 3 3 1 2 4 1 3 1 2 3 1 1 2 3 2 2 4 1 3 1 3 2 1 2 2 1 3 2 2 1 1 4 2 2 5 1 3 1 2 1 2 1 2 1 1 5 2 1 2 1 1 1 1 5 1 2 1 2 4 1 3 1 3 4 1 3 5 2 3 1 1 3 2 1 1 2 1 1 1 2 2 3 3 1 2 2 3 2 3 3 2 1 3 4 5 1 2 1 3 1 1 1 1 2 2 3 3 1 4 1 4 1 3 4 2 3 4 1 1 1 1 4 4 1 2 1 1 2 1 2 2 1 1 1 1 2 1 1 1 4 2 1 8 1 1 3 3 2 2 1 2 2 3 3 3 3 1 5 1 3 1 2 2 2 3 1 2 5 2 2 4 1 1 1 4 2 3 2 5 2 4 5 3 4 3 1 3 1 1 4 1 1 3 4 2 1 1 2 2 2 2 6 1 2 3 1 1 2 2 3 2 1 1 2 1 1 4 2 1 2 2 1 1 1 2 1 1 2 3 1 1 1 2 3 1 2 1 4 4 2 2 1 3 3 2 2 1 2 2 1 3 2 2 1 3 3 1 2 2 2 1 1 3 4 3 1 2 2 3 2 5 3 2 2 2 2 2 1 2 2 1 1 1 2 1 4 1 1 1 2 2 2 2 1 1 2 2 1 2 2 3 2 2 2 3 1 2 3 1 1 1 3 1 2 1 3 1 2 1 4 1 2 3 1 1 1 2 2 1 2 2 1 3 1 3 1 2 1 1 1 2 4 2 2 2 2 1 2 3 3 3 1 1 1 3 2 1 2 3 3 1 2 4 1 1 3 3 1 1 3 1 2 2 1 1 3 3 1 2 1 3 1 1 2 1 2 2 4 2 2 1 4 1 2 2 1 2 1 1 2 2 1 2 2 2 4 1 2 3 2 2 5 1 1 1 5 2 2 3 2 1 1 2 3 1 4 4 3 2 2 3 1 2 2 3 3 1 1 1 2 1 2 5 2 2 2 1 2 3 2 1 3 1 1 3 2 3 2 1 1 2 1 2 1 1 1 1 3 3 2 4 1 2 2 4 3 2 1 1 1 1 3 4 3 3 1 2 2 1 1 2 2 4 1 2 3 1 2 2 2 1 2 2 2 4 1 1 1 1 4 2 2 1 2 2 1 4 3 2 2 2 2 2 2 2 2 1 1 2 2 3 1 6 1 1 6 3 2 1 1 3 2 3 2 4 1 1 3 3 1 3 1 2 1 3 1 5 1 2 2 1 5 2 1 3 2 3 4 3 2 4 2 1 3 1 2 1 6 1 3 3 1 1 1 2 1 2 2 1 2 2 5 2 1 1 1 1 1 3 2 2 2 3 5 3 3 1 2 5 2 2 1 5 1 4 2 2 1 1 2 1 3 4 2 2 1 1 2 3 2 6 1 1 3 3 2 1 5 1 3 2 5 4 1 6 1 6 3 2 3 2 1 2 1 1 2 1 6 3 2 6 1 1 1 2 1 1 3 2 1 4 1 1 3 3 3 3 2 3 1 2 2 1 3 2 1 2 2 1 2 1 2 1 1 2 2 2 1 1 4 1 2 2 2 1 1 1 3 2 4 2 3 3 1 1 3 8 3 1 4 5 2 1 3 1 1 1 1 3 2 2 4 1 3 5 1 1 2 3 2 3 1 3 1 2 2 4 1 1 1 1 3 4 2 2 1 4 1 3 4 2 4 1 2 1 1 1 1 1 1 2 1 4 1 1 2 2 2 4 1 1 1 2 1 3 1 2 1 2 1 4 2 1 2 2 2 5 3 3 1 2 2 3 3 2 1 3 1 2 3 1 3 3 1 2 1 1 2 3 4 2 1 3 1 2 4 2 1 2 2 2 2 4 1 1 2 3 2 1 2 1 3 2 1 4 2 1 2 3 2 1 2 4 2 3 2 2 2 3 1 1 1 1 3 1 2 3 2 1 3 2 1 2 2 1 1 3 1 1 5 1 1 1 1 7 1 1 2 1 4 3 4 1 3 1 2 1 3 1 1 1 4 2 1 3 2 2 1 2 3 1 1 2 2 2 2 3 2 1 1 3 1 2 4 3 2 2 3 1 4 4 2 1 1 1 2 2 2 4 1 2 2 3 2 2 2 1 4 1 4 1 4 1 1 1 5 2 1 3 2 1 3 1 4 2 2 1 1 1 1 3 1 2 4 1 3 1 3 3 1 2 1 4 2 1 2 1 1 1 1 1 1 1 1 1 2 1 3 1 2 1 1 2 1 1 2 2 3 2 1 2 1 3 5 1 2 2 1 4 3 1 1 1 3 4 1 1 2 1 1 1 2 2 3 2 1 1 3 6 1 2 1 3 1 1 1 2 3 2 1 1 3 1 1 1 2 2 3 1 4 1 1 3 2 2 3 3 6 1 3 2 2 2 1 1 1 3 1 2 1 4 2 1 2 1 2 3 2 2 3 1 1 2 2 2 2 3 1 3 3 1 2 2 1 1 4 1 1 3 3 2 3 3 4 1 3 1 1 2 1 2 3 5 3 1 3 7 1 4 3 2 3 1 1 2 2 3 1 3 1 1 1 1 3 3 1 1 1 3 3 1 1 2 3 2 1 1 1 4 3 1 2 2 3 3 3 3 3 2 2 1 2 1 3 1 5 3 2 3 2 1 2 2 3 3 1 1 3 2 1 2 4 1 1 1 3 2 2 2 2 3 2 1 2 1 2 2 1 2 4 3 2 3 2 2 1 2 1 2 2 1 4 3 1 2 1 1 1 2 1 1 1 1 1 2 3 1 1 2 2 1 4 2 1 2 2 1 4 3 8 4 1 2 3 1 3 1 1 1 1 2 1 2 3 2 2 2 3 2 1 3 1 4 2 1 1 2 1 1 2 2 2 3 3 1 1 3 1 3 4 2 1 1 2 4 1 2 2 1 4 2 4 2 1 5 2 2 1 1 4 2 1 1 1 2 1 5 3 5 2 6 1 1 2 2 1 2 2 3 1 1 1 1 2 1 2 2 2 2 1 2 2 1 2 1 3 1 1 1 1 1 2 4 2 4 1 1 3 1 2 2 1 3 1 2 1 2 1 3 1 1 2 4 1 3 4 4 1 2 1 3 1 1 1 2 1 3 1 1 3 3 2 2 2 4 2 5 2 1 2 1 2 3 1 2 3 2 3 2 1 4 1 3 3 1 3 2 1 2 3 1 2 2 2 2 2 3 2 2 1 2 3 1 1 2 2 3 1 2 1 1 1 1 3 4 1 7 2 1 1 2 2 1 2 1 4 1 3 1 1 3 1 3 1 1 2 2 4 1 3 2 1 2 2 1 3 1 2 1 1 2 3 3 3 1 3 4 1 1 1 3 3 2 2 2 1 3 1 1 1 1 1 2 3 3 3 1 3 4 1 2 2 2 4 2 4 2 1 4 2 1 1 3 2 3 4 3 2 1 2 1 2 1 3 4 3 5 4 2 2 4 1 2 4 2 1 2 1 4 3 4 1 2 3 1 2 2 2 1 2 1 5 2 2 3 1 4 2 2 5 4 3 3 1 2 5 2 2 1 2 1 4 3 1 1 4 2 2 5 1 1 3 2 1 1 3 2 2 4 4 1 2 1 2 4 2 1 1 3 3 1 4 2 1 3 1 2 2 1 2 2 1 2 1 4 2 1 1 1 3 6 2 1 4 1 2 1 1 5 3 5 2 2 1 1 4 2 3 1 3 1 2 1 2 3 1 4 3 1 1 2 1 2 1 2 2 3 1 2 4 1 2 2 7 3 2 2 1 1 1 2 1 3 3 2 4 1 1 1 1 2 3 1 1 2 2 1 2 1 2 2 2 2 2 3 1 3 3 2 2 1 2 1 2 2 1 1 5 3 3 1 1 3 3 6 3 5 1 1 3 2 1 3 2 1 1 2 4 2 2 4 5 1 2 3 2 2 1 2 4 2 3 1 2 1 2 4 2 1 3 4 1 3 2 2 2 1 1 2 1 1 1 2 2 1 2 3 1 1 2 1 5 1 3 1 1 3 2 1 1 2 1 1 4 1 4 1 1 2 2 2 1 1 5 1 2 1 1 1 3 3 1 1 2 1 1 1 1 2 3 1 1 2 1 3 1 2 3 1 1 3 1 1 4 1 5 1 5 5 2 3 1 1 2 1 4 1 1 1 1 1 1 2 1 2 3 3 3 1 2 3 2 3 1 2 2 2 1 3 3 1 2 3 3 3 1 1 3 2 4 5 1 2 1 1 2 2 4 3 1 2 1 4 2 1 3 4 2 3 3 3 3 1 1 1 3 3 3 1 1 1 2 2 3 1 2 1 1 3 1 1 2 2 1 2 2 3 1 2 1 1 2 3 4 5 3 6 2 2 2 2 1 1 1 1 1 1 1 2 2 2 1 4 1 4 2 1 1 3 1 3 2 1 1 4 1 3 3 3 2 3 1 1 2 1 3 4 3 4 3 3 7 3 1 3 1 1 4 1 1 3 1 4 2 1 4 2 3 2 2 2 1 4 4 2 1 1 3 3 2 7 2 1 2 1 4 2 1 2 3 6 2 2 4 1 2 2 1 3 4 4 6 2 1 1 2 3 3 1 2 1 2 3 2 1 2 1 2 2 2 1 1 4 1 1 1 4 2 1 4 2 1 1 2 1 3 2 2 1 3 1 1 2 1 4 1 2 2 3 1 1 1 2 2 2 1 2 1 1 5 1 1 6 1 1 2 1 2 2 1 1 4 1 2 1 4 1 4 5 1 1 2 2 2 3 4 2 1 1 3 1 2 1 1 2 1 3 1 1 1 1 2 1 2 1 1 3 3 1 1 3 3 4 1 2 2 1 1 1 1 2 1 4 1 1 1 3 2 3 1 1 2 1 2 4 2 3 2 4 3 1 1 2 2 4 1 3 1 1 2 3 4 1 2 2 1 2 1 3 1 3 3 3 1 2 1 2 1 1 3 2 2 2 2 1 2 2 1 2 2 1 6 1 2 3 3 3 2 3 1 1 2 1 1 3 1 3 3 2 4 2 2 3 1 3 2 1 1 4 1 1 2 1 1 3 1 2 3 3 3 1 1 1 3 1 1 2 2 4 1 3 1 3 1 1 1 1 2 1 2 4 2 1 1 2 3 1 2 1 3 2 1 2 3 2 2 4 2 1 5 3 5 2 1 3 2 2 1 3 2 2 1 1 2 3 1 1 4 1 2 2 1 5 1 1 1 3 2 2 3 3 1 1 2 2 2 5 3 1 2 1 2 2 1 2 1 2 1 4 3 3 1 5 1 1 2 1 1 3 3 4 3 2 4 1 1 3 3 4 4 1 1 2 2 1 2 1 1 5 4 1 1 1 2 1 1 4 1 3 1 1 3 1 1 4 1 1 2 5 1 2 1 5 4 2 4 2 3 4 1 1 1 1 3 1 2 2 2 1 1 3 2 3 2 1 3 3 2 1 2 2 3 1 2 2 4 2 1 1 1 1 1 1 5 1 7 1 2 2 2 3 1 1 2 2 5 4 3 1 1 1 3 2 3 2 3 1 1 1 1 1 2 2 3 2 2 3 2 2 2 2 2 3 2 1 1 2 1 4 2 4 2 1 1 1 2 1 3 3 1 2 2 2 1 1 1 4 2 2 1 1 1 2 2 2 1 1 3 4 1 2 3 1 4 2 3 2 1 1 3 1 2 2 1 4 2 5 3 1 1 1 1 2 4 1 2 2 1 2 1 2 4 3 2 2 2 3 4 2 1 3 2 2 1 2 2 1 1 1 2 2 1 3 4 1 1 2 2 1 3 1 1 3 2 2 1 1 3 3 1 1 1 1 4 2 3 2 3 1 2 3 2 1 2 4 1 4 1 1 1 2 1 3 3 3 3 1 2 1 2 3 1 3 1 3 2 1 3 2 4 1 1 1 2 2 1 6 1 2 1 3 1 1 4 2 1 1 4 2 1 2 2 4 2 3 2 1 1 2 1 2 1 1 4 1 2 1 3 1 2 3 1 1 1 2 3 5 2 1 1 3 1 2 2 1 2 8 5 1 2 3 3 1 1 3 1 3 3 1 2 2 4 1 2 5 4 4 2 4 2 1 2 1 2 2 3 2 2 1 3 3 1 1 3 3 1 1 4 1 2 3 2 4 3 1 1 2 1 1 2 2 2 1 1 1 4 3 3 1 3 2 2 3 4 3 4 3 2 1 3 1 2 1 1 1 1 1 2 1 1 2 1 1 2 2 1 3 2 3 1 1 3 1 2 5 2 4 1 3 1 3 4 1 1 1 1 2 2 2 4 3 1 3 1 1 3 4 1 2 1 3 1 2 2 1 2 1 2 1 2 1 1 2 1 1 1 5 1 1 3 2 3 1 4 3 2 2 1 1 3 1 2 1 2 3 4 1 2 3 1 2 2 2 2 3 1 3 1 3 1 6 2 2 3 2 2 2 2 2 1 3 1 2 1 4 2 1 1 1 1 3 3 2 2 5 2 2 3 3 2 2 2 2 2 2 3 2 1 2 3 3 2 1 4 3 1 1 4 2 1 3 2 2 2 6 2 1 2 2 4 1 1 2 1 2 3 1 2 1 3 1 1 2 1 1 2 6 1 1 3 2 1 1 1 1 3 1 1 1 1 1 3 2 1 3 2 1 2 3 2 2 1 2 1 3 1 2 3 3 2 2 1 2 3 1 3 1 3 3 3 1 5 2 4 1 2 1 5 5 3 3 1 3 1 2 2 1 1 4 2 1 1 1 2 3 3 1 1 6 2 4 3 1 2 4 2 3 1 2 3 1 1 1 2 2 5 3 1 2 3 1 3 2 3 3 2 3 1 2 3 1 2 1 3 1 3 4 3 2 3 1 1 2 2 1 5 4 2 1 2 4 3 1 2 2 1 3 1 6 2 1 2 1 1 1 1 1 2 4 3 1 1 1 1 1 3 2 1 2 2 2 1 3 1 1 2 1 1 1 3 2 1 2 2 1 3 2 2 3 4 2 2 1 1 1 1 4 5 3 2 1 2 1 3 1 1 1 3 1 2 1 4 2 2 3 2 6 2 2 3 1 2 1 1 2 2 2 2 1 5 1 4 3 2 1 2 1 1 2 3 2 4 1 1 1 1 2 1 2 1 3 1 2 1 2 2 1 3 3 4 2 3 2 2 1 3 2 3 3 2 1 2 1 3 2 5 4 3 4 2 3 2 2 3 1 1 2 4 2 1 2 3 1 3 1 3 2 1 1 1 2 3 3 1 1 1 1 2 1 1 1 4 3 4 1 1 2 2 2 3 1 4 3 2 2 3 1 2 1 3 3 1 3 1 3 2 1 2 4 2 1 2 3 3 3 1 1 4 6 3 1 1 1 3 1 1 3 4 1 2 3 3 4 1 3 3 1 1 1 1 2 5 2 1 2 3 1 2 3 3 1 1 1 2 3 1 1 2 3 1 2 1 1 2 5 1 2 3 2 1 2 1 4 3 2 3 1 1 2 3 3 6 1 1 2 2 1 1 1 1 1 2 1 2 1 1 2 1 2 1 1 2 5 2 3 1 2 3 2 5 2 1 2 1 4 1 3 3 4 1 1 3 1 3 5 2 3 1 1 1 2 3 1 2 3 5 1 3 2 2 1 3 1 1 1 1 2 1 3 1 2 1 3 2 1 1 3 4 2 5 2 6 3 3 1 3 1 2 2 1 3 2 3 2 2 2 4 2 1 1 1 3 2 1 1 1 1 6 2 1 3 2 2 2 1 3 1 3 1 1 1 1 2 2 1 1 2 1 1 2 2 1 2 1 1 2 1 2 2 2 1 1 3 4 4 1 2 1 2 3 6 5 3 4 2 3 3 2 1 2 2 2 1 5 2 1 2 2 1 1 2 2 1 2 2 3 1 1 2 2 2 1 1 2 2 2 1 2 3 1 1 3 1 2 2 3 1 2 1 1 5 2 2 1 2 4 2 3 2 2 1 1 1 2 1 1 1 1 4 2 1 1 1 2 1 5 2 1 2 2 2 1 2 1 2 4 2 1 4 3 2 1 3 2 1 1 1 2 5 1 1 2 2 5 1 3 2 4 2 4 1 2 1 3 5 1 2 1 1 2 2 2 2 2 1 2 1 4 4 2 2 1 3 3 1 4 2 2 2 3 1 1 3 3 2 2 3 3 1 2 1 3 1 3 2 2 4 2 1 2 2 3 1 1 2 2 2 1 1 1 1 1 1 1 3 3 3 2 3 2 3 1 1 1 4 2 4 4 2 1 1 3 1 4 2 3 3 3 4 1 4 3 1 1 3 4 4 3 2 2 2 2 1 5 5 2 5 1 2 2 2 1 2 6 4 3 1 2 2 1 1 2 3 1 2 1 2 4 2 2 1 1 2 1 4 2 3 4 1 2 1 2 2 2 2 2 1 3 3 2 4 3 2 1 3 5 3 2 1 1 5 3 2 2 1 2 1 2 2 1 1 2 1 3 2 3 3 1 1 1 5 4 3 3 1 1 4 1 1 1 2 1 2 2 3 1 1 2 2 1 1 4 1 1 1 3 2 2 2 2 1 1 1 3 2 2 5 3 2 1 3 2 3 1 2 1 2 1 1 1 1 4 1 3 2 4 1 2 3 1 4 4 1 2 2 1 1 3 1 2 1 2 1 1 1 2 1 3 1 4 3 2 2 2 3 2 2 2 2 2 1 2 4 1 1 1 2 2 1 1 3 3 1 2 2 5 1 1 6 1 1 2 1 2 1 6 1 1 1 2 1 1 2 1 3 2 3 2 2 2 3 2 2 1 3 4 2 4 2 4 1 5 2 2 2 2 3 1 1 2 1 2 1 1 1 2 2 3 2 2 2 1 1 4 2 2 1 2 2 1 1 3 3 1 1 2 1 2 2 4 2 2 2 3 1 2 2 4 2 5 1 1 3 2 1 1 1 1 1 3 1 2 1 2 3 4 2 1 2 1 4 4 1 4 2 2 3 2 1 2 7 1 2 1 2 1 2 3 4 4 1 2 1 2 2 1 2 2 2 2 1 5 3 3 3 2 2 4 2 2 1 1 2 2 2 1 2 4 1 1 1 1 3 2 2 1 1 4 1 2 1 2 2 2 3 1 3 2 1 1 2 2 2 2 5 2 4 3 4 4 1 1 1 3 4 2 2 3 2 4 1 4 2 1 1 1 1 1 2 1 2 1 2 5 3 1 3 1 1 2 1 1 2 4 4 2 2 2 3 6 2 1 2 3 5 2 2 1 2 2 1 3 3 5 1 2 1 3 3 2 3 3 3 3 2 3 1 2 2 3 4 2 2 3 2 3 4 1 3 1 2 4 2 2 1 2 3 1 1 2 1 1 4 2 1 4 1 2 1 2 2 1 1 1 1 3 1 3 1 4 1 2 1 3 2 3 2 2 2 2 1 4 2 1 2 2 1 3 2 1 1 5 1 3 3 1 4 3 1 2 1 2 1 1 3 2 1 6 1 2 3 1 1 1 3 1 2 1 1 1 2 1 2 3 2 1 6 1 1 1 3 2 2 2 1 1 3 2 1 2 1 2 2 2 1 1 2 3 1 2 1 1 1 1 3 2 1 3 1 4 2 2 1 1 2 3 2 1 3 5 1 2 1 1 1 3 3 1 4 2 4 4 2 3 1 1 3 2 3 1 2 1 2 2 2 2 2 3 2 1 2 2 3 1 3 2 5 2 4 2 1 4 1 1 3 1 3 1 2 3 3 2 2 1 2 3 2 1 7 1 1 1 3 2 2 1 1 3 3 1 1 2 3 3 1 1 1 3 3 2 1 2 1 2 2 4 1 3 2 2 4 3 2 1 2 1 2 6 1 4 3 1 4 3 2 1 1 1 2 1 5 1 1 4 1 1 2 4 1 3 1 2 4 2 2 6 1 1 2 3 1 2 2 2 1 3 1 3 1 1 2 3 5 2 1 3 1 2 1 5 1 1 3 3 2 2 2 4 2 1 2 2 3 1 3 3 1 1 3 1 2 4 2 3 2 2 1 3 3 4 2 2 2 1 1 3 2 2 2 2 4 1 1 1 4 1 1 4 2 2 1 3 1 3 1 2 2 3 3 2 2 1 3 3 1 1 4 1 1 1 3 3 1 4 2 1 2 2 2 2 1 6 2 2 3 4 2 3 1 1 5 1 1 3 1 1 1 3 5 3 4 1 2 1 4 1 3 2 5 2 3 1 1 2 3 1 2 1 3 2 4 3 3 4 2 1 1 2 3 1 3 4 2 2 1 3 5 1 3 1 2 3 2 1 1 4 1 2 2 2 1 1 4 2 2 2 3 1 1 4 4 2 1 1 3 4 1 4 2 3 1 1 1 3 2 1 2 2 1 1 1 1 1 1 3 2 1 2 6 4 4 1 2 1 2 2 1 1 6 1 1 1 1 1 3 1 2 2 5 2 2 2 2 2 2 2 3 5 2 1 1 2 3 1 1 3 2 1 1 1 1 3 2 2 1 1 3 1 1 2 1 3 1 1 2 1 1 1 3 7 2 1 4 2 1 1 2 6 1 2 2 5 3 2 6 2 2 2 2 1 1 3 1 5 4 1 1 3 1 1 3 1 2 1 3 3 1 2 2 2 6 3 3 3 1 2 1 2 1 2 1 3 2 2 1 1 1 3 1 3 2 3 2 1 2 1 2 1 3 1 1 1 2 2 3 1 2 2 3 1 2 2 3 3 2 1 1 2 2 2 3 1 2 1 2 3 3 3 1 2 4 1 1 5 5 2 3 2 3 1 1 1 3 1 1 1 1 1 1 2 2 1 2 1 3 2 3 2 3 3 4 1 4 1 3 2 3 4 1 2 2 3 3 3 2 1 1 1 1 1 3 1 2 3 1 2 3 1 2 1 5 1 1 2 1 2 5 2 2 1 1 2 1 1 2 3 2 1 2 1 1 2 3 2 1 1 3 1 2 2 1 1 1 4 5 1 3 2 1 1 5 2 1 5 3 4 2 2 4 1 3 1 1 1 4 2 2 2 1 1 1 2 2 1 3 3 1 2 1 3 1 2 1 2 2 1 3 2 4 2 1 1 3 1 1 1 1 1 1 2 1 3 2 2 1 4 4 1 4 2 1 1 1 1 1 2 1 1 2 2 2 2 3 2 2 4 2 1 3 1 3 3 2 2 2 3 2 2 2 2 2 2 2 3 2 3 1 2 2 2 2 2 4 3 4 1 3 3 3 1 2 2 1 3 3 3 2 4 1 1 1 1 2 2 1 2 3 3 1 4 1 1 1 1 1 1 1 2 1 2 1 2 2 3 3 3 1 2 1 1 1 1 1 4 2 1 1 2 2 1 2 1 2 4 2 1 1 2 1 1 1 1 4 2 1 1 1 3 2 1 3 1 2 1 2 1 2 1 1 1 3 1 3 4 3 5 1 2 1 1 4 2 2 1 3 3 1 2 4 2 3 3 2 2 1 1 2 2 2 3 5 2 2 2 2 1 1 3 1 1 4 2 1 1 1 2 1 1 1 1 3 1 1 1 3 2 1 1 1 3 4 1 2 3 2 1 2 1 2 1 1 2 1 1 1 2 2 2 1 3 6 1 1 1 1 1 1 2 2 2 1 2 2 3 1 3 2 1 3 3 3 1 1 1 1 3 2 1 3 3 2 3 1 2 2 3 4 2 1 2 3 2 1 2 2 1 1 1 1 2 4 2 2 1 2 3 2 2 2 2 4 1 2 3 1 1 1 3 5 2 1 1 1 1 1 6 4 3 2 1 2 3 1 2 4 2 2 2 1 4 3 2 1 3 4 1 1 1 5 1 3 2 1 1 1 2 2 1 2 1 1 1 2 1 2 1 3 2 1 2 4 3 1 2 1 4 1 2 2 2 1 2 4 1 1 1 1 2 3 3 2 2 3 2 2 1 4 1 4 4 1 3 1 1 2 2 2 1 2 1 2 1 3 3 3 2 3 2 2 1 4 2 4 3 3 3 1 2 2 1 1 1 3 2 3 1 3 2 2 3 4 1 1 1 2 2 2 3 2 2 2 5 3 1 1 3 1 1 2 2 1 5 1 1 2 2 3 1 1 1 2 1 1 2 2 1 4 5 1 1 3 2 1 4 1 4 2 2 1 1 1 2 1 2 2 4 3 2 1 2 1 3 2 3 3 2 2 2 1 2 4 1 1 3 2 2 1 1 3 1 2 1 1 1 1 3 2 1 3 1 2 1 4 2 3 2 7 2 2 3 1 1 2 2 4 1 2 6 2 1 2 1 3 2 4 4 2 5 1 1 1 1 2 3 2 5 2 1 2 1 2 4 5 1 3 1 2 2 3 3 3 1 3 1 1 3 1 1 1 3 1 1 3 1 2 2 2 4 2 3 1 1 1 4 5 1 1 1 2 2 1 1 1 1 1 5 2 2 2 1 1 1 2 2 2 3 1 1 2 3 1 3 1 2 1 1 1 2 3 1 2 3 2 4 2 2 1 2 1 2 2 2 4 1 1 2 1 1 2 3 4 2 3 2 3 1 3 1 2 5 1 2 1 3 3 2 1 1 2 4 2 1 2 3 1 2 3 1 2 2 3 3 1 3 3 2 5 3 2 4 2 1 2 2 6 1 1 1 1 3 1 1 1 2 2 3 3 3 3 2 1 1 3 4 4 3 3 1 2 3 2 1 3 3 2 4 2 2 3 2 2 3 3 4 4 1 3 3 1 3 2 2 1 1 2 3 2 2 3 2 2 1 1 2 5 4 2 2 2 1 1 1 5 1 2 2 1 6 3 1 2 2 2 2 4 1 2 3 3 3 1 1 2 4 4 3 2 2 2 2 4 3 2 3 1 2 2 1 2 1 4 4 3 3 2 1 2 1 1 4 1 1 3 1 1 3 2 2 3 3 2 2 4 5 1 2 2 1 3 4 3 2 2 1 2 3 1 4 1 2 5 5 3 2 1 6 1 2 1 5 2 1 2 2 3 1 2 2 1 4 1 1 1 2 1 2 3 1 1 1 4 2 2 1 1 2 6 2 3 3 3 1 3 3 1 2 1 2 1 1 2 2 3 3 4 1 1 1 1 1 5 1 4 1 6 2 3 1 2 2 1 1 2 2 2 3 6 2 3 2 5 5 2 3 2 1 2 4 1 2 2 2 2 2 3 1 6 1 1 3 5 2 2 1 2 5 1 4 1 1 3 4 1 2 1 5 3 1 2 3 1 5 1 1 3 1 3 3 3 3 2 3 1 1 2 1 7 2 3 2 1 1 2 4 2 1 3 1 1 3 2 1 1 5 1 2 1 3 2 2 1 1 5 3 1 4 1 1 3 3 6 1 1 3 4 2 1 1 2 1 2 1 6 1 2 2 2 1 1 1 1 1 2 1 1 3 1 2 1 2 2 1 2 3 2 1 1 5 4 2 3 2 2 3 1 1 2 3 2 1 1 4 2 3 3 1 2 1 2 4 2 4 3 2 3 1 3 1 4 2 2 2 2 2 3 2 2 1 1 2 3 1 5 2 2 1 3 1 2 1 3 3 2 2 1 3 3 3 1 2 3 2 1 2 1 4 2 1 3 3 5 2 3 2 1 1 1 2 2 1 4 1 1 1 1 1 2 1 1 1 2 1 2 1 2 2 4 3 3 2 1 1 1 4 1 1 1 1 1 1 1 2 1 1 1 1 2 3 1 2 1 4 1 3 2 1 1 2 3 1 5 3 1 1 2 1 1 4 3 1 3 3 2 1 2 1 1 3 4 3 3 1 1 3 1 3 5 1 1 1 1 2 1 1 2 1 1 2 4 1 2 1 4 2 3 5 2 1 1 1 1 1 1 1 2 1 6 1 3 2 4 2 1 2 1 4 2 3 2 1 1 3 1 1 3 3 3 5 3 3 1 1 2 1 1 3 1 2 1 2 3 3 2 3 3 4 5 2 2 3 1 1 1 2 2 2 4 3 2 1 3 1 1 1 1 2 2 2 2 2 3 2 2 1 3 3 2 1 1 1 2 3 2 3 1 2 1 1 2 1 1 3 2 2 1 2 1 2 5 2 1 3 1 1 1 3 2 2 1 2 2 1 3 1 2 2 3 1 1 4 1 3 1 2 2 3 1 1 1 5 3 1 2 3 3 2 3 3 2 3 2 2 1 3 2 2 2 1 2 3 2 6 2 2 1 3 1 1 2 1 2 1 2 1 1 4 2 3 1 3 2 3 1 2 3 2 1 2 1 4 4 2 3 3 1 4 4 1 2 1 1 2 2 1 1 2 4 1 3 1 2 2 2 1 2 3 1 4 3 4 2 3 1 2 1 2 2 4 1 1 2 1 6 2 1 2 2 1 1 1 2 4 3 2 1 1 1 1 3 2 1 2 2 1 1 1 3 1 3 2 1 1 3 1 2 4 2 2 1 2 3 2 1 3 2 2 4 1 2 3 2 1 2 4 3 1 1 2 1 2 4 1 2 1 2 6 3 1 3 3 1 2 1 1 1 1 1 1 1 1 6 3 1 1 1 1 1 3 2 4 1 4 2 2 5 1 6 3 1 4 2 1 3 3 1 2 3 1 1 1 1 4 3 1 1 2 6 4 1 5 3 2 3 2 1 2 2 3 3 4 1 5 2 2 2 4 2 1 2 1 1 5 2 2 1 2 2 1 1 1 3 2 3 1 6 2 1 3 2 1 1 3 1 2 1 4 1 1 2 1 1 4 1 6 1 2 2 3 1 3 3 3 2 4 2 2 2 2 2 4 1 2 2 2 1 5 2 3 2 1 2 4 1 5 3 1 2 3 2 5 1 1 3 3 3 3 2 1 1 2 2 1 2 3 2 4 1 1 1 1 1 1 6 1 3 2 1 1 2 1 1 2 2 5 1 1 4 2 2 3 2 1 2 4 3 1 1 3 3 1 2 1 1 1 3 3 1 2 1 1 2 2 2 1 1 2 1 2 2 2 2 1 3 2 1 2 1 3 1 1 4 2 2 1 1 1 3 2 1 7 2 3 2 3 1 2 1 1 1 3 1 1 3 1 1 1 1 1 1 1 1 1 2 1 1 3 1 1 2 2 4 3 1 4 2 3 3 1 1 1 2 2 1 2 1 4 4 3 1 2 1 2 4 1 1 1 3 2 1 1 3 1 1 2 1 3 2 2 3 1 2 2 2 1 2 3 3 3 1 3 3 2 3 3 1 1 2 2 1 1 1 1 4 3 1 1 2 4 2 1 1 1 3 4 2 2 2 1 5 1 2 2 4 1 1 3 4 2 3 2 2 1 2 4 3 4 3 6 2 1 3 1 2 3 3 1 1 4 1 3 2 1 1 2 3 3 4 1 1 1 2 2 3 4 2 3 1 3 1 1 1 5 4 3 2 1 2 2 2 1 3 2 4 4 3 3 4 5 2 1 2 5 1 1 2 2 2 2 1 2 2 2 3 4 2 3 2 1 4 2 5 2 1 2 2 2 3 2 6 1 3 3 2 3 1 1 2 2 2 1 2 1 2 1 2 2 1 4 4 3 1 3 2 2 3 1 1 4 1 1 1 1 2 2 1 2 2 3 1 3 2 2 1 1 2 2 1 1 2 5 1 3 1 2 3 3 3 2 6 2 2 1 4 4 1 2 2 1 6 1 3 2 1 2 1 2 4 1 1 6 4 2 3 1 2 3 2 1 2 3 3 1 1 2 1 1 2 4 2 4 1 2 3 1 3 1 1 4 3 2 1 2 1 2 2 2 3 1 1 1 1 2 1 1 1 4 1 2 2 1 2 4 4 1 2 1 2 3 1 1 2 1 2 1 3 3 1 1 2 1 2 1 1 2 2 2 2 3 3 3 1 2 1 1 2 3 1 2 3 1 1 2 1 1 3 2 3 1 2 1 5 2 2 3 3 2 1 2 1 2 3 7 1 1 1 3 5 1 1 1 2 2 3 4 4 2 2 3 2 1 1 2 1 1 1 4 2 2 1 2 1 1 1 3 3 1 1 4 1 4 1 3 2 1 1 3 2 1 2 1 1 3 2 1 3 3 2 3 1 1 2 4 1 1 2 3 2 1 1 1 3 3 3 3 1 1 3 1 1 1 3 2 4 1 2 2 2 3 3 2 2 1 4 2 2 1 3 2 1 1 1 2 2 2 2 1 4 1 1 2 1 4 2 4 1 1 1 2 3 2 1 3 4 4 2 2 2 2 3 2 3 5 3 1 1 5 2 1 2 1 3 1 2 2 2 1 1 1 3 3 1 1 2 2 2 2 2 1 2 1 1 3 2 1 3 1 3 2 2 2 3 1 1 2 4 1 3 1 1 3 3 3 3 1 1 2 1 2 2 1 2 3 1 5 1 4 1 2 1 1 3 2 1 2 4 2 3 1 1 4 2 1 1 3 4 3 1 3 1 4 1 1 1 4 2 3 1 2 1 3 1 1 1 2 5 1 2 2 1 3 1 2 3 3 1 1 3 3 1 2 3 1 1 2 3 1 3 2 1 1 1 1 3 1 1 4 1 2 3 2 1 4 2 4 1 2 4 1 2 1 1 1 1 1 2 2 2 1 1 2 1 2 1 1 1 3 1 1 2 1 3 1 1 1 3 1 4 1 3 1 6 1 4 1 1 5 3 1 1 3 5 1 2 1 1 1 2 2 2 2 3 2 1 1 1 1 1 1 2 2 1 2 1 1 3 2 3 1 2 1 2 2 1 3 2 1 3 1 2 2 1 1 2 4 3 1 2 3 2 3 1 2 4 5 3 4 2 4 4 2 1 4 1 1 1 4 3 2 1 1 3 2 4 2 1 4 2 1 2 1 1 1 2 1 2 2 2 1 2 2 1 2 4 3 1 2 1 2 3 5 2 3 2 2 4 5 1 3 2 2 2 6 4 1 3 1 1 1 1 3 1 1 1 3 2 1 2 1 1 4 1 1 1 1 1 1 3 2 2 5 7 2 2 1 1 2 3 2 1 2 2 1 1 2 2 4 1 1 1 1 1 1 2 1 2 2 2 1 2 1 2 1 4 2 3 3 2 4 1 1 1 2 1 4 1 1 1 1 1 1 3 5 2 2 1 1 4 1 1 3 1 1 1 4 2 1 1 3 1 3 2 2 1 2 2 3 4 2 1 2 2 1 2 2 2 1 1 2 1 1 2 1 3 2 2 4 3 1 3 2 1 1 2 3 2 2 3 3 1 3 3 1 2 2 1 2 3 3 2 2 3 3 1 2 1 4 1 4 1 1 2 1 2 3 1 3 1 2 2 1 3 1 1 2 3 1 2 2 1 2 1 1 4 3 1 2 1 2 1 1 1 2 2 2 1 3 1 1 4 1 2 1 2 1 2 2 1 4 1 2 1 1 4 1 2 2 4 2 3 3 3 1 4 1 1 2 1 1 4 2 3 2 4 2 1 1 3 3 1 2 2 2 2 2 2 4 3 3 3 1 3 3 3 2 1 2 3 1 2 1 1 1 3 1 3 2 1 4 3 3 2 1 2 2 2 2 2 3 1 1 5 1 1 2 2 3 1 1 1 2 1 7 2 1 1 1 2 4 1 2 2 1 1 1 2 1 1 3 1 3 2 1 3 1 1 3 3 2 1 2 4 1 4 1 2 4 3 3 2 2 2 3 1 2 1 1 1 3 2 1 1 1 2 1 2 2 3 1 4 1 1 1 3 3 1 2 2 1 5 1 1 2 1 1 2 3 2 1 3 2 5 1 1 2 4 1 2 2 3 2 3 5 3 3 3 1 3 1 2 3 5 1 2 3 1 4 3 1 4 1 1 1 1 1 1 2 3 1 3 1 4 2 3 2 4 1 1 1 1 1 1 3 1 3 2 1 1 4 2 3 1 1 1 3 1 1 2 2 1 1 2 3 3 1 1 1 3 1 2 4 3 1 2 2 1 2 1 5 4 1 3 2 4 1 4 4 3 2 2 2 2 1 3 2 3 4 1 1 3 2 3 2 2 1 1 6 3 3 3 5 1 2 3 1 1 2 1 3 6 1 1 3 6 1 3 1 1 2 1 1 1 2 1 1 5 1 1 1 1 2 4 3 2 4 2 1 3 2 3 4 4 1 2 2 1 2 3 1 4 1 2 2 4 2 1 1 1 4 1 1 3 1 1 2 2 1 2 1 3 3 2 2 1 3 3 3 5 2 1 1 2 1 2 1 1 2 1 2 3 2 2 3 4 3 1 4 3 2 1 2 2 1 3 2 2 4 4 6 1 2 4 2 3 1 1 1 1 1 1 2 1 3 2 3 1 1 1 2 1 1 1 1 2 1 3 1 2 3 1 1 3 2 3 4 2 4 2 4 1 2 5 2 4 1 7 7 2 3 3 1 2 1 2 3 2 3 1 3 3 2 2 4 1 2 2 1 1 2 2 1 2 1 3 1 2 5 2 3 1 1 1 2 3 3 2 2 2 2 1 1 6 2 2 2 5 2 1 2 2 1 2 2 1 1 2 3 2 1 2 2 2 1 2 2 2 2 1 1 1 2 2 1 2 3 1 1 3 2 2 1 3 1 2 2 2 2 3 3 3 1 1 1 3 1 2 1 1 2 3 1 3 1 
  #Test Small 11248
  #Test Medium 34192
  #Test Large 47784
