Board size [mm] 100x300

Stats side 1
  #Components with background 17
  #Components with points 136
  #Components nofly 2
  #Components notouch 5
  #Pins 39956
  #GNDs 803
  #VDDs 621
  #Clock 23
  #NoFly points 258
  #NoTouch points 878
  #Points [total] 42539

Stats side 2
  #Components with background 25
  #Components with points 129
  #Components nofly 4
  #Components notouch 1
  #Pins 34669
  #GNDs 1143
  #VDDs 738
  #Clock 24
  #NoFly points 682
  #NoTouch points 170
  #Points [total] 37426

Stats board (side 1 + side 2)
  #Components with background 42
  #Components with points 265
  #Components nofly 6
  #Components notouch 6
  #Pins 74625
  #GNDs 1946
  #VDDs 1359
  #Clock 47
  #NoFly points 940
  #NoTouch points 1048
  #Points [total] 79965
  #Nets 73066
    Net Size: 1946 1359 47 3 1 2 3 2 1 2 1 2 1 1 1 2 1 3 1 2 3 3 1 1 1 1 3 1 2 1 2 1 1 2 1 3 2 3 1 2 2 1 1 2 1 2 1 1 1 1 4 1 2 2 4 3 2 6 2 2 2 1 1 5 3 3 2 1 2 3 3 1 2 2 2 1 1 1 1 2 2 2 2 1 1 1 1 2 2 1 2 3 2 2 4 3 2 2 3 4 3 2 2 2 1 2 3 1 1 1 1 1 2 4 1 2 3 1 2 2 1 1 3 2 2 2 3 2 3 2 1 1 2 2 2 1 3 2 1 1 2 3 3 1 1 1 3 1 3 1 3 1 1 1 2 1 2 2 6 1 3 1 2 3 2 1 2 1 2 4 2 2 2 3 4 2 2 2 1 1 1 2 1 1 3 3 1 1 4 4 1 2 2 1 2 1 2 1 2 3 2 4 1 1 3 3 2 2 1 4 2 1 2 1 3 1 2 2 1 1 2 1 1 1 2 2 1 1 1 2 2 3 3 2 1 4 2 3 1 3 2 2 1 1 4 2 2 1 1 1 4 2 2 1 3 2 2 2 2 1 1 1 3 3 1 1 1 2 1 1 1 3 1 1 2 3 3 1 3 1 2 2 5 2 1 1 1 1 2 2 2 2 1 2 1 2 3 4 1 5 1 2 2 1 2 2 3 1 2 4 1 1 1 1 2 3 3 2 1 2 2 1 2 2 2 3 2 1 4 4 2 4 3 1 1 1 1 1 2 2 2 1 1 3 1 1 3 2 1 1 4 1 3 1 4 1 2 3 2 1 2 1 1 2 2 1 2 1 2 2 1 1 2 2 1 1 1 1 2 1 5 2 3 1 1 1 1 2 1 2 1 1 1 1 2 1 4 1 1 2 1 1 1 1 3 2 1 1 3 2 3 3 1 1 3 1 2 3 1 1 1 1 1 2 1 3 2 2 1 2 1 1 2 4 2 2 2 2 3 1 1 2 1 3 1 1 1 1 1 1 1 1 1 1 1 2 1 3 3 2 1 2 1 1 1 1 2 4 1 2 4 5 2 2 2 3 1 1 1 1 2 4 4 3 1 4 1 1 2 3 1 2 2 3 3 1 1 2 1 1 2 4 1 3 2 2 1 2 1 1 3 2 3 1 5 3 2 5 2 2 3 1 2 1 1 3 1 2 2 3 3 1 3 2 6 4 1 1 1 2 1 1 3 1 1 3 3 1 1 1 4 1 1 2 3 3 2 2 2 2 1 3 1 1 3 2 2 2 1 3 1 2 1 1 1 4 2 2 1 2 2 3 2 2 2 3 2 1 1 1 2 1 3 1 3 2 2 1 3 2 2 6 3 1 1 1 1 1 2 1 1 1 5 1 2 1 1 2 2 2 2 1 2 1 2 1 1 2 6 1 2 2 1 2 1 1 1 1 1 3 1 2 2 1 2 3 3 3 1 2 2 2 1 1 1 3 2 1 3 2 4 2 1 1 1 2 1 3 2 2 2 2 2 2 1 1 2 3 1 1 1 1 2 1 2 2 1 1 1 2 2 1 3 3 2 1 1 1 2 2 1 1 3 4 2 3 1 6 1 3 2 3 3 4 2 2 1 3 2 3 5 3 2 2 3 1 2 2 3 4 1 1 2 2 3 2 1 2 1 1 1 2 2 2 1 1 2 3 2 1 4 1 1 1 4 1 2 2 1 2 1 4 3 1 1 3 2 2 2 5 2 2 2 3 2 4 2 2 1 1 1 2 2 2 4 3 2 2 3 1 2 2 2 1 1 2 2 1 2 2 2 1 1 1 1 1 1 1 1 2 2 3 2 2 4 3 1 1 1 3 2 2 4 3 2 5 2 2 3 1 1 1 1 1 2 1 2 2 1 3 3 2 1 2 2 2 1 1 2 2 3 4 2 1 3 2 3 2 1 2 1 1 1 1 2 3 3 3 1 3 2 1 1 2 2 1 1 4 1 1 3 2 1 2 1 3 1 1 4 1 1 5 1 1 2 2 1 1 2 1 1 2 1 5 1 4 2 1 4 2 4 1 1 5 3 3 1 2 3 1 1 1 3 3 1 1 3 3 1 2 1 1 1 4 2 1 2 2 3 2 2 2 2 2 3 1 1 2 1 2 2 1 1 2 2 2 2 1 1 1 3 3 1 2 2 1 1 1 1 2 1 1 2 2 1 3 1 1 1 2 2 1 1 1 4 2 1 1 1 7 1 1 2 4 1 1 1 2 2 2 5 2 2 1 2 1 1 2 3 1 1 2 3 3 3 1 2 1 1 3 1 1 1 4 2 3 1 2 1 1 3 4 1 1 2 4 3 3 2 2 3 2 1 1 2 1 1 4 1 1 2 1 2 3 2 2 2 5 2 2 5 1 1 1 3 2 2 1 2 1 1 1 1 1 2 2 2 3 1 3 1 2 2 2 3 2 2 1 4 3 2 2 3 2 3 1 1 4 1 1 2 1 1 3 3 1 3 3 2 2 1 1 2 2 1 2 4 1 3 1 5 1 4 5 1 1 2 1 1 1 1 2 2 1 1 1 2 2 2 1 1 2 4 1 1 2 1 1 3 3 2 1 2 4 2 1 3 4 1 2 1 1 1 3 1 2 1 1 2 1 1 1 1 2 2 3 2 2 3 2 2 2 3 1 1 2 1 2 1 1 3 1 2 1 2 2 4 1 3 2 2 1 2 1 1 4 2 2 1 2 3 1 4 2 4 1 4 2 3 1 1 3 2 1 1 2 2 5 1 4 2 2 1 2 1 1 2 1 2 2 1 1 1 1 3 2 2 2 1 2 1 6 1 2 3 2 3 1 1 1 1 1 1 3 4 1 1 4 1 1 3 2 2 3 2 1 1 1 3 2 3 1 3 3 1 3 4 1 2 1 3 1 4 1 1 1 1 3 2 2 1 2 1 1 2 2 3 4 2 2 1 2 1 2 1 1 1 2 1 1 3 2 1 3 1 1 5 1 1 1 1 1 2 2 1 1 3 1 2 2 1 2 1 1 2 1 2 1 1 3 3 1 1 3 2 2 2 3 3 1 3 1 3 1 2 2 1 3 2 2 2 2 2 3 2 1 1 1 2 1 1 1 1 2 1 1 4 1 2 2 3 4 2 1 4 1 1 1 2 1 1 2 1 2 2 3 2 2 1 4 1 2 3 2 2 3 3 2 3 1 2 5 2 3 1 1 2 2 4 1 1 2 3 1 4 1 1 2 1 1 2 3 1 1 1 1 1 3 4 1 1 4 4 3 4 1 4 1 1 2 3 2 2 3 1 2 2 1 2 1 1 1 2 1 1 2 1 1 1 2 1 1 1 2 2 3 1 1 1 2 3 1 1 2 4 1 1 1 2 2 1 2 4 2 1 1 2 1 4 1 1 2 3 3 1 1 3 2 3 1 3 1 1 3 3 2 1 3 2 1 1 3 1 2 1 1 2 2 3 1 2 2 1 1 3 1 3 1 3 1 3 1 2 1 2 2 2 1 1 1 2 3 2 1 1 1 1 1 1 2 1 1 2 2 4 3 1 1 1 1 1 1 1 1 2 3 1 1 2 1 1 3 2 2 1 1 2 2 1 4 2 2 3 1 2 1 3 2 1 1 3 4 1 2 3 1 1 1 3 7 3 1 2 4 2 1 1 2 4 2 2 1 2 3 1 1 1 1 4 1 1 3 5 1 1 1 2 1 1 1 1 2 2 4 3 1 1 2 1 2 4 1 1 1 3 3 1 2 1 3 2 1 2 1 2 2 3 2 2 3 1 1 1 2 2 1 1 2 4 2 2 1 1 2 1 3 3 2 1 4 1 3 1 2 1 3 2 1 2 3 1 2 2 2 3 2 1 1 1 1 5 4 2 1 3 1 1 2 1 2 4 1 2 2 3 1 3 2 3 3 2 1 1 2 2 2 1 2 3 3 2 3 3 1 1 1 1 2 1 1 2 2 3 2 2 1 1 1 2 1 5 1 2 2 3 3 1 1 1 2 2 1 1 2 1 3 2 1 1 2 1 1 2 2 2 5 2 2 1 1 1 1 3 1 2 2 4 1 2 3 3 3 2 2 2 1 1 3 3 1 1 1 4 6 1 3 1 1 4 1 3 3 1 2 1 3 2 2 2 4 3 1 1 1 2 3 2 1 3 2 1 1 1 1 2 2 1 1 1 2 1 2 2 1 1 4 2 1 2 2 2 2 2 2 3 2 3 2 3 1 1 2 2 2 1 1 2 1 1 3 1 1 1 1 2 2 1 1 1 2 1 1 1 2 2 1 1 2 1 2 2 3 2 4 2 2 2 1 1 2 1 2 2 3 2 2 2 1 2 1 1 2 2 1 1 1 1 1 2 5 3 3 2 1 1 1 1 1 7 1 4 3 5 1 5 1 2 4 1 1 2 1 1 1 2 2 1 1 2 2 4 2 1 1 2 1 1 2 2 2 1 1 1 1 3 1 2 2 2 2 1 1 2 1 1 2 3 2 1 3 2 1 3 1 2 1 3 4 1 1 1 1 2 2 1 1 3 2 1 1 1 2 1 4 1 1 1 1 1 1 2 1 2 2 3 1 1 2 1 2 1 3 4 2 2 1 3 1 3 1 1 1 1 3 1 2 1 1 1 1 1 4 3 2 2 3 1 1 1 1 1 2 2 1 1 1 1 2 1 2 1 1 1 1 1 1 5 3 2 1 1 2 1 1 1 2 2 1 1 1 2 2 1 1 2 2 3 2 2 2 3 3 1 4 1 1 2 2 1 2 2 3 2 2 1 2 2 1 1 2 3 1 1 1 1 5 1 3 2 1 4 1 3 1 1 1 4 1 2 2 4 1 3 4 1 1 3 1 1 1 2 1 1 2 1 2 2 2 1 1 4 3 3 2 2 2 4 1 3 3 3 1 3 2 1 3 2 4 2 1 1 2 1 1 1 3 3 3 1 2 3 2 2 3 1 2 1 2 1 1 1 1 3 1 2 2 2 2 2 1 1 2 1 3 1 4 1 2 3 2 2 1 3 2 1 2 1 1 3 3 1 1 1 1 2 1 2 5 1 1 1 2 1 3 2 1 3 2 1 1 1 3 3 1 1 2 1 4 2 4 1 3 1 2 1 1 1 3 2 1 1 2 1 2 3 2 3 3 4 3 4 1 3 3 1 3 2 1 3 3 3 4 1 1 1 2 1 4 3 2 1 1 5 3 1 1 2 1 1 2 1 1 2 2 1 2 1 4 1 2 2 2 3 1 2 1 2 1 1 1 6 2 3 2 3 4 5 2 1 2 3 1 1 1 1 1 1 2 1 2 1 1 2 1 2 2 1 1 1 2 2 1 2 1 2 1 3 2 1 2 1 1 2 1 2 1 1 1 1 1 2 2 3 1 4 2 1 1 4 1 1 2 1 2 1 2 1 1 1 1 2 1 3 2 1 2 1 3 2 3 1 5 1 3 2 2 2 1 3 1 1 3 3 2 1 3 1 4 1 1 1 2 2 1 3 1 1 1 3 2 3 1 2 2 3 1 1 1 2 2 2 1 3 1 1 1 1 1 3 2 2 1 1 3 2 2 2 1 2 1 3 2 1 2 3 3 1 1 3 1 1 1 3 2 4 4 2 1 3 1 2 1 2 1 4 4 4 4 3 3 4 1 5 3 5 3 1 1 1 4 1 1 2 4 1 1 3 3 3 1 2 2 1 1 2 2 3 1 2 1 2 2 1 1 1 1 1 1 1 1 1 2 2 1 1 1 1 2 2 1 1 1 3 2 1 2 2 1 2 1 4 3 2 1 3 5 3 3 1 2 1 2 2 3 2 3 1 2 2 2 1 1 1 1 1 2 2 3 1 2 1 2 2 1 4 1 2 1 1 1 1 3 1 1 1 1 1 1 3 2 1 1 1 2 2 1 2 1 3 4 1 2 3 3 1 2 2 2 1 1 2 2 4 1 1 2 2 1 2 2 1 1 1 2 1 5 2 1 2 1 1 3 1 3 3 3 1 1 2 2 1 1 2 1 3 1 1 2 2 2 2 3 1 3 3 1 2 3 1 1 1 1 5 1 2 1 1 2 4 2 3 2 3 4 2 6 1 2 1 1 1 3 1 1 3 1 1 1 1 2 3 2 3 3 2 2 2 1 4 1 1 1 4 1 1 2 1 4 1 5 1 2 2 3 3 1 1 2 2 1 3 2 2 2 1 2 2 1 1 1 3 2 1 3 1 1 6 1 2 2 2 3 1 1 1 1 2 1 2 3 1 1 3 1 2 1 1 1 1 1 2 3 5 2 2 1 3 1 3 1 3 2 3 1 2 3 1 1 1 3 2 2 5 1 2 2 2 1 1 1 3 2 1 4 4 1 1 2 1 2 1 2 1 1 3 1 1 1 2 3 2 1 3 1 2 3 1 2 2 1 1 1 3 2 1 1 2 2 1 1 2 1 1 1 1 4 1 1 3 2 1 2 1 1 2 1 2 2 2 2 1 4 2 2 3 2 1 1 2 1 3 4 1 2 2 5 2 1 1 2 3 1 2 3 2 1 3 2 2 4 3 1 1 1 1 1 1 1 1 1 1 2 1 1 2 3 1 6 2 2 1 1 1 1 1 2 2 1 1 4 3 1 2 4 3 2 1 5 2 4 1 1 3 2 1 1 1 1 1 2 2 1 1 1 2 1 1 1 1 2 2 2 2 2 2 1 2 2 3 1 2 4 1 1 1 2 2 1 1 4 3 1 3 2 2 1 2 1 1 1 1 2 1 3 2 1 3 3 2 2 1 1 3 2 3 4 4 3 1 2 1 2 1 1 1 1 3 2 1 2 3 1 3 1 1 1 1 2 1 1 1 1 1 2 1 2 1 3 4 2 1 1 1 1 5 1 3 3 1 1 1 4 2 2 4 2 1 2 1 4 3 1 1 1 2 1 2 1 2 1 3 5 2 2 1 1 2 1 2 4 3 1 3 4 1 3 1 3 2 1 2 1 2 2 1 2 2 2 2 2 1 4 3 2 1 3 2 2 2 2 3 2 3 4 1 4 3 1 2 3 1 1 2 1 3 3 2 2 4 2 1 3 2 1 2 2 2 2 2 1 5 2 3 1 1 1 2 1 2 2 4 2 1 1 1 1 1 5 2 1 2 1 1 1 1 3 1 2 1 1 3 1 1 2 1 2 1 1 2 4 3 1 2 1 1 1 2 1 3 2 7 2 2 3 2 1 2 2 2 1 1 2 2 1 2 4 3 1 3 1 1 3 1 3 1 1 1 3 1 1 2 2 3 3 2 4 2 1 1 3 1 1 1 5 2 3 1 3 1 2 1 1 1 2 1 4 2 2 1 1 1 1 3 1 5 1 2 1 1 3 6 3 2 1 3 2 3 1 2 2 2 3 5 3 2 2 1 1 4 3 3 1 1 2 2 1 2 1 2 3 1 2 1 2 1 1 3 2 1 2 2 2 3 2 2 3 3 2 2 2 2 3 3 2 5 1 3 3 2 3 1 3 3 6 2 1 1 2 2 3 2 1 2 2 1 1 2 2 1 3 4 1 3 3 3 1 1 3 4 2 2 1 3 1 1 4 2 1 6 3 1 3 1 1 2 3 3 2 3 4 2 3 2 2 1 3 2 1 1 3 2 1 1 3 1 3 1 2 1 2 1 1 2 1 1 2 3 2 2 4 1 1 3 1 1 1 1 2 3 1 2 1 1 2 3 3 2 1 2 2 1 1 2 3 1 1 3 2 2 4 1 1 2 3 2 3 4 4 1 2 2 2 1 2 3 1 1 1 1 2 1 1 1 1 1 2 3 2 4 3 2 1 1 1 3 1 1 1 1 2 1 3 1 1 1 2 1 1 2 3 1 4 5 2 4 3 2 2 1 3 4 1 2 3 3 3 3 2 1 1 1 3 3 2 1 3 4 2 3 1 1 1 1 3 1 1 1 1 3 2 2 1 1 1 6 2 1 2 2 2 4 3 3 1 1 1 2 3 2 2 2 1 2 1 1 2 2 1 2 3 2 3 3 1 1 4 3 2 1 2 2 3 1 1 2 2 1 3 1 2 2 3 2 6 1 4 1 1 4 2 1 1 1 4 3 2 1 3 4 2 2 1 3 1 2 2 3 1 2 3 4 1 1 4 1 1 1 1 2 4 2 1 2 1 1 2 2 2 1 4 3 3 3 3 2 1 2 1 1 2 1 3 2 2 3 1 1 1 2 4 2 1 1 1 2 1 1 3 1 2 1 1 1 2 2 2 1 2 4 2 1 1 1 1 1 3 2 1 3 2 2 1 1 2 1 1 2 1 1 2 1 1 1 2 2 1 3 5 1 1 1 4 2 1 2 1 3 2 1 2 2 2 1 1 1 1 1 2 4 2 1 2 2 1 2 2 1 4 4 3 1 2 3 3 2 2 1 2 2 2 1 2 1 1 1 2 3 3 3 1 1 1 1 1 1 2 3 1 2 4 1 1 1 1 1 1 1 1 3 2 3 3 3 1 1 1 4 1 2 3 2 3 1 4 1 1 3 1 1 1 2 2 2 1 4 2 2 1 3 3 1 4 2 1 2 1 2 3 3 4 4 1 2 1 2 1 1 2 3 3 1 1 3 1 1 1 1 2 1 3 4 1 1 2 1 1 1 1 1 2 3 2 1 3 1 2 4 1 1 3 1 1 2 3 2 1 2 4 1 1 2 1 3 1 2 1 2 2 1 2 1 1 1 3 1 2 3 2 4 1 1 2 4 2 3 2 1 3 3 1 1 1 3 1 2 2 1 1 3 1 1 3 2 1 3 3 1 1 4 1 1 2 1 2 1 2 1 2 3 1 2 2 3 1 1 1 2 2 3 2 3 3 2 1 1 2 1 4 4 3 1 2 2 2 3 3 1 2 2 2 3 1 1 1 1 1 1 2 1 2 1 2 1 1 3 
  #Test Small 6688
  #Test Medium 12146
  #Test Large 17169
