Board size [mm] 325x375

Stats side 1
  #Components with background 176
  #Components with points 875
  #Components nofly 6
  #Components notouch 6
  #Pins 158085
  #GNDs 6102
  #VDDs 4667
  #Clock 93
  #NoFly points 940
  #NoTouch points 1048
  #Points [total] 170935

Stats side 2
  #Components with background 146
  #Components with points 777
  #Components nofly 0
  #Components notouch 0
  #Pins 169834
  #GNDs 7644
  #VDDs 6128
  #Clock 77
  #NoFly points 0
  #NoTouch points 0
  #Points [total] 183683

Stats board (side 1 + side 2)
  #Components with background 322
  #Components with points 1652
  #Components nofly 6
  #Components notouch 6
  #Pins 327919
  #GNDs 13746
  #VDDs 10795
  #Clock 170
  #NoFly points 940
  #NoTouch points 1048
  #Points [total] 354618
  #Nets 19878
    Net Size: 13746 10795 170 2 2 3 2 2 3 1 2 2 1 1 1 1 3 2 2 2 1 1 2 3 1 1 1 2 3 1 5 1 1 1 2 6 2 1 1 1 1 1 2 2 1 2 1 1 3 2 3 3 2 1 1 2 1 2 1 2 2 2 2 1 1 2 1 3 1 1 2 2 1 1 1 3 1 1 2 1 2 3 4 1 1 1 3 3 1 1 2 1 1 1 2 1 1 1 1 2 1 3 1 1 1 1 6 5 2 1 3 1 1 1 2 1 1 1 1 1 3 1 1 1 3 1 1 2 1 1 2 2 1 2 2 2 1 1 1 2 2 2 2 1 2 1 3 2 1 2 1 1 3 1 3 2 3 2 1 1 3 2 1 1 1 2 1 2 1 3 1 3 3 2 3 2 1 2 1 2 1 1 2 2 1 1 1 2 2 1 1 3 2 1 1 1 2 2 1 1 1 1 2 2 2 1 1 2 1 3 1 2 2 1 3 1 2 1 1 3 3 2 1 3 1 4 1 1 1 3 1 2 1 1 1 2 2 2 1 2 2 1 1 1 1 2 2 1 1 5 1 2 3 3 1 2 1 1 2 1 1 1 1 1 2 2 1 1 1 1 2 1 1 1 1 2 2 2 3 2 4 2 1 2 1 2 1 1 2 2 3 2 5 1 1 3 2 2 2 2 4 1 1 1 1 2 3 1 1 1 1 1 1 3 3 1 1 2 1 2 1 3 2 1 2 1 3 1 1 3 1 4 4 2 1 1 1 1 1 2 1 1 1 1 1 3 1 3 1 1 1 2 2 1 2 1 1 3 1 1 2 2 1 2 1 2 1 1 1 1 2 4 2 1 2 2 1 1 1 1 1 1 1 3 2 1 1 2 1 1 1 1 1 1 1 3 1 2 2 1 2 3 1 1 1 2 1 1 2 1 1 1 2 1 2 2 2 1 2 1 2 1 3 2 1 3 2 2 1 1 3 1 1 1 1 1 1 1 1 1 2 1 4 3 2 1 2 1 1 1 1 1 3 1 2 4 2 2 1 1 1 1 1 3 2 1 3 1 1 2 1 1 2 1 2 3 1 2 1 1 3 4 3 2 1 2 3 1 1 2 2 2 3 2 2 1 2 2 1 2 3 1 3 2 2 2 2 1 2 1 1 3 4 4 4 3 2 3 1 1 2 1 3 2 1 2 2 1 1 2 3 2 2 1 2 1 3 3 2 3 1 1 2 3 1 1 1 2 1 1 2 2 3 3 1 3 2 1 1 1 4 2 1 1 1 1 1 1 2 1 1 3 5 2 1 2 1 1 2 1 1 1 2 1 1 1 1 2 1 2 1 2 1 1 1 1 2 1 1 1 1 1 3 2 3 3 1 2 1 2 1 1 2 1 3 2 2 3 1 1 1 1 3 1 1 4 2 1 1 1 5 1 3 2 1 3 1 1 1 2 1 2 2 2 1 3 1 2 1 1 1 1 1 1 1 2 1 2 1 1 1 2 3 2 1 3 1 1 1 3 3 1 1 1 1 2 1 2 1 2 2 4 1 3 1 1 2 2 1 3 1 2 1 2 2 1 3 2 1 2 2 3 3 4 1 2 2 1 1 2 1 1 1 1 1 1 2 1 4 1 2 1 2 1 1 1 1 2 1 3 2 1 2 1 1 2 1 2 1 1 1 2 2 1 1 1 5 2 3 2 1 3 2 1 1 2 3 1 2 2 1 1 2 3 1 1 1 1 3 4 1 3 1 1 1 2 1 3 3 3 2 2 1 2 1 2 1 1 2 2 1 1 1 1 2 3 1 1 3 4 1 2 7 2 2 2 2 1 3 1 1 3 1 2 1 1 1 1 2 4 3 1 1 1 2 2 4 1 2 2 2 3 1 1 1 4 3 1 3 2 2 1 2 2 1 1 1 2 2 1 1 1 1 1 2 2 1 1 2 2 1 1 2 2 1 3 3 2 1 2 1 2 3 2 1 2 3 1 1 1 1 4 1 1 1 2 3 1 2 3 1 2 1 1 3 3 1 1 2 3 3 1 2 1 2 2 1 1 1 3 2 3 1 1 2 2 1 1 5 3 2 1 1 2 1 2 1 4 1 1 2 1 2 3 1 1 2 1 1 1 3 3 4 2 2 1 2 3 1 1 1 1 1 1 1 2 1 1 1 1 2 3 2 1 1 3 1 1 1 1 1 2 1 2 2 1 1 3 2 1 2 3 1 3 2 3 3 1 1 1 1 2 1 1 2 1 3 2 1 2 3 1 1 1 2 2 2 2 1 1 1 3 3 1 1 1 1 1 1 1 1 1 2 1 1 1 2 1 1 1 1 1 1 1 3 1 1 2 2 1 2 1 2 1 1 2 2 2 1 1 1 3 1 4 2 1 1 4 1 1 1 1 1 1 3 2 1 1 1 1 1 2 3 1 2 1 2 1 1 2 1 2 3 1 1 1 2 3 1 1 1 2 1 1 1 1 3 2 1 2 1 2 1 1 1 2 1 2 1 1 1 1 2 4 2 4 2 1 3 1 1 1 2 1 1 2 1 1 1 2 3 1 1 1 4 3 2 2 1 1 1 1 1 1 2 2 1 2 2 1 5 2 1 1 2 1 3 3 2 1 2 3 2 1 1 1 1 3 1 2 2 3 1 1 2 2 1 2 2 1 2 2 1 1 1 1 1 2 1 1 1 3 2 3 3 3 2 1 1 3 1 2 1 2 1 2 2 3 1 2 2 2 2 2 2 2 1 3 3 1 1 4 1 1 1 1 2 1 3 2 3 1 3 1 2 1 1 2 1 1 1 3 1 1 1 1 2 1 3 1 2 2 2 1 1 2 1 1 1 2 2 1 1 1 1 2 3 2 3 2 2 1 1 4 2 2 1 1 1 1 1 1 4 1 2 1 1 1 1 2 2 1 1 1 1 1 3 1 1 2 2 1 2 2 1 1 1 1 2 2 3 2 1 2 1 1 3 1 1 2 1 2 1 1 1 1 1 3 1 2 1 1 3 1 2 1 1 2 2 1 2 1 2 2 1 1 1 2 5 1 3 1 3 1 2 3 1 1 2 4 1 1 2 2 1 2 2 2 3 2 1 2 3 1 1 2 2 2 1 1 1 2 1 1 1 1 2 1 1 1 2 1 1 4 1 1 1 2 1 2 1 1 2 3 2 2 2 1 2 2 1 2 1 1 1 2 2 1 1 1 2 2 2 1 1 1 2 1 3 2 1 1 2 3 1 1 1 1 1 1 1 1 2 1 2 1 2 1 1 2 3 3 1 2 2 1 1 1 2 2 2 4 2 1 1 1 1 1 1 2 4 1 2 2 1 1 3 1 1 1 1 1 2 1 1 1 2 1 2 1 1 1 1 1 2 2 1 1 4 2 3 1 2 3 1 1 1 2 1 2 2 2 1 3 1 3 1 1 1 5 1 1 2 1 2 2 2 3 2 1 2 2 3 2 1 1 1 3 1 1 4 2 1 1 4 1 1 1 2 1 1 2 1 1 1 1 5 1 1 2 1 1 1 1 1 2 1 1 2 1 2 1 3 3 2 2 1 2 1 1 2 2 3 1 1 3 4 5 3 1 2 2 1 3 1 2 2 2 1 2 1 2 3 1 2 1 3 1 1 1 1 1 1 2 2 3 2 2 1 2 1 1 3 1 1 1 1 1 1 2 2 1 2 1 2 1 2 2 3 1 1 3 1 2 1 2 1 1 1 2 3 1 1 1 1 2 1 1 2 2 1 2 2 3 1 1 1 1 1 2 1 2 1 1 1 2 1 5 2 2 2 2 2 1 2 3 1 1 3 1 1 1 2 3 2 1 2 2 2 4 2 1 3 1 1 1 3 2 1 2 1 3 1 1 1 4 1 1 1 1 1 1 1 3 2 2 1 1 1 1 2 2 4 1 3 1 1 1 2 4 1 1 1 3 2 1 1 1 4 3 1 1 3 1 3 1 2 1 2 1 1 2 2 2 2 2 2 3 1 1 1 1 1 1 2 1 1 1 2 3 2 3 1 1 1 1 1 2 5 1 2 2 2 1 2 3 1 1 2 3 1 3 2 1 2 2 1 2 1 1 3 1 1 1 1 2 2 3 1 2 2 1 2 1 1 2 3 2 3 2 2 1 3 1 1 1 3 1 1 1 2 1 1 1 1 1 1 1 2 2 2 1 1 2 2 2 4 1 1 1 1 2 4 2 2 3 2 1 1 1 1 1 2 1 1 3 2 1 2 1 1 2 1 1 2 1 1 4 1 2 3 1 1 3 2 1 2 1 1 1 1 4 1 4 2 1 1 2 1 1 1 1 1 1 2 1 1 1 3 2 1 1 1 2 3 7 2 1 2 2 3 1 3 3 1 1 2 2 1 4 1 1 1 1 1 3 1 1 1 2 1 1 2 2 2 1 2 3 1 2 1 1 2 2 2 1 2 3 2 1 1 1 1 3 1 1 1 2 2 2 1 1 1 2 1 2 4 1 1 2 2 1 2 2 1 1 2 1 3 3 2 1 1 2 1 3 1 2 2 3 3 2 1 2 1 1 2 1 1 1 1 2 2 1 1 1 1 1 1 1 2 1 2 1 2 1 1 2 1 3 2 1 1 2 3 3 1 1 1 1 4 2 1 1 1 3 1 1 1 2 1 2 2 1 1 1 1 1 1 1 2 1 1 1 1 2 1 1 2 1 1 2 2 1 1 1 2 2 1 2 2 4 2 1 1 1 1 3 1 2 1 2 2 1 1 2 1 1 2 1 2 1 4 1 1 1 1 1 2 1 2 1 2 2 1 2 3 2 2 1 1 3 4 1 1 1 1 2 2 1 1 1 1 1 2 3 1 1 4 1 2 1 1 2 1 1 1 3 1 2 1 3 2 1 1 1 2 1 2 4 1 2 2 1 3 1 1 1 1 1 1 1 1 2 1 2 2 2 1 3 1 1 1 1 1 1 1 1 1 1 4 2 1 1 2 2 1 3 2 1 1 1 2 1 1 2 2 1 1 1 2 3 2 2 2 3 1 2 2 6 1 2 1 1 1 1 1 1 1 2 3 1 2 1 1 1 2 2 2 1 2 2 1 4 2 1 4 1 1 2 1 1 1 2 1 2 1 3 2 1 2 1 2 1 2 1 1 2 1 1 3 2 1 4 1 1 1 1 1 2 1 1 1 1 1 1 3 2 3 1 2 3 1 1 1 1 4 2 2 2 2 1 3 2 2 1 3 2 1 1 2 1 3 1 1 1 1 2 1 1 1 2 2 1 1 1 1 2 1 1 1 2 2 1 3 1 2 2 1 1 1 1 1 1 1 1 1 1 1 2 2 2 1 2 2 1 1 1 2 1 2 2 1 2 1 2 1 1 2 1 2 2 1 1 1 3 1 1 5 1 1 2 2 1 2 1 2 3 2 3 2 2 1 2 2 2 1 1 1 1 2 1 4 1 2 2 1 1 2 1 1 3 1 2 1 1 1 1 2 2 1 2 1 1 1 1 1 2 2 2 1 3 2 1 1 4 1 2 1 1 2 1 1 1 1 1 1 1 1 2 1 1 3 2 3 3 2 1 1 1 2 1 1 1 1 2 1 2 1 2 1 2 1 1 1 1 1 1 2 1 1 1 1 2 3 2 1 3 1 1 1 1 1 1 3 3 2 2 1 1 1 2 2 1 1 3 3 3 1 1 1 3 2 1 4 2 1 2 1 1 1 1 3 1 2 2 1 2 1 3 1 2 1 2 1 2 2 2 3 2 1 1 1 1 1 1 2 2 2 2 1 1 1 1 1 1 2 2 5 1 3 1 1 1 1 1 2 1 2 1 2 1 1 2 2 1 1 3 1 1 2 2 1 3 1 3 2 1 2 1 2 3 3 1 1 1 4 1 3 2 1 3 1 2 3 3 1 1 3 3 3 1 1 1 1 1 2 4 1 2 1 2 1 1 1 1 1 1 1 1 1 1 1 2 1 1 1 2 1 2 1 3 1 2 2 1 2 1 1 2 1 1 3 1 1 1 1 1 5 1 1 1 1 1 2 1 3 2 1 2 1 2 2 1 4 2 2 2 2 1 2 3 2 1 1 1 1 1 2 1 1 2 5 2 1 2 2 1 2 4 3 1 1 1 1 3 1 1 1 1 1 2 2 1 2 2 4 2 1 1 1 1 1 2 4 2 1 2 2 1 1 3 1 1 1 1 1 1 2 2 1 1 3 2 1 2 1 1 1 1 1 1 3 2 2 2 1 2 2 1 1 3 2 1 1 1 1 1 2 1 3 1 1 2 4 5 3 1 1 2 1 1 2 1 2 2 3 1 2 1 2 3 1 2 1 1 2 2 1 1 3 1 3 1 2 3 1 1 1 2 3 1 1 4 2 4 1 1 1 1 1 1 2 1 1 2 1 2 2 1 3 2 4 1 1 1 3 2 1 1 4 1 1 1 2 1 3 1 2 2 1 1 2 1 1 2 4 2 1 1 2 1 2 5 2 2 1 3 1 2 1 1 1 2 1 1 1 1 1 2 1 2 3 1 1 1 2 1 1 1 1 1 1 1 2 3 2 3 2 2 1 1 2 2 1 2 1 1 1 1 1 1 1 1 1 1 2 2 3 2 4 1 1 1 3 1 1 2 1 1 2 1 1 2 2 4 1 2 1 3 1 1 1 1 1 2 2 3 2 1 3 1 2 1 1 1 1 1 1 3 4 1 1 1 1 1 2 2 2 1 2 2 2 1 1 3 1 2 1 1 1 2 2 1 1 1 2 1 1 1 2 1 1 1 1 4 1 2 1 2 1 3 3 1 1 1 2 3 2 1 2 3 4 2 1 1 2 1 2 1 1 1 1 1 1 1 2 2 2 1 1 2 1 1 1 2 1 1 2 3 1 1 4 1 1 1 1 1 1 2 1 1 1 1 2 2 2 3 2 1 1 1 2 2 1 1 2 2 1 2 1 1 2 2 2 2 1 2 1 1 2 2 1 1 1 1 2 1 1 2 1 1 1 2 1 4 2 3 1 1 2 1 2 2 1 2 1 4 1 1 2 1 4 1 2 1 1 1 1 1 1 2 2 1 2 2 1 1 2 3 1 4 1 3 1 1 3 2 1 1 3 2 2 2 1 2 3 2 1 1 1 1 1 1 2 3 1 1 1 1 2 1 1 2 2 1 3 2 1 3 2 2 1 1 2 2 1 1 1 1 2 2 2 1 4 1 1 1 3 3 1 3 3 1 1 3 2 1 1 2 1 2 1 1 1 1 1 2 4 1 1 1 1 5 2 2 4 2 1 2 1 1 1 1 1 1 1 1 1 1 3 2 1 1 1 2 1 1 2 2 2 2 1 2 1 1 1 1 1 2 2 2 4 2 3 1 1 1 2 2 1 2 1 1 2 1 2 2 3 1 3 4 1 1 1 3 1 3 3 1 1 1 1 1 1 3 1 2 2 1 1 1 1 1 2 1 1 2 2 3 1 2 2 2 1 3 1 2 3 1 1 1 1 2 3 2 1 3 2 2 1 2 1 2 1 1 2 3 2 1 4 1 1 1 3 2 2 3 2 2 1 4 1 1 2 1 2 1 2 1 1 1 1 1 1 3 1 1 1 1 2 1 2 2 2 1 1 1 2 1 1 2 1 1 1 2 1 1 2 3 3 1 1 2 2 1 1 1 1 1 1 2 2 1 1 1 1 4 1 2 3 2 1 2 1 3 1 1 1 1 1 1 1 3 1 2 1 2 1 1 3 2 2 1 1 1 1 3 2 3 1 1 1 1 1 4 3 2 1 4 1 2 1 1 3 3 3 2 1 1 4 2 2 1 1 1 1 1 2 3 2 1 1 1 1 1 1 1 2 1 1 2 2 1 1 1 1 1 1 2 2 1 2 2 3 2 1 1 2 1 3 2 1 1 4 2 1 1 4 1 1 2 2 1 2 1 2 1 1 3 2 1 2 3 1 2 1 1 1 2 3 1 3 3 2 1 1 2 1 1 2 2 6 1 2 2 1 1 1 1 2 1 1 1 2 1 1 2 2 2 1 2 2 3 1 2 1 4 2 3 2 2 1 5 2 1 1 1 2 1 1 2 1 1 1 1 1 2 2 1 3 1 1 1 1 1 1 1 2 1 1 3 4 1 1 2 3 4 3 1 1 1 4 1 3 2 1 1 1 3 1 1 2 1 1 2 1 1 1 1 1 3 1 2 1 1 2 1 4 2 1 1 1 1 2 1 1 1 3 2 1 1 1 1 2 1 2 1 1 2 1 2 2 2 4 2 1 2 1 1 3 3 1 2 1 2 2 2 3 2 1 3 1 1 1 1 2 2 2 2 1 1 1 1 2 3 3 2 2 2 1 2 1 1 3 1 2 3 1 1 2 1 2 1 2 4 2 2 3 2 2 1 2 2 2 1 2 2 3 1 1 3 1 1 1 1 1 1 1 1 1 1 2 1 4 2 1 2 2 1 1 1 1 1 1 1 2 2 1 1 1 1 1 1 2 1 1 2 1 1 2 1 1 2 3 1 3 3 3 4 1 2 2 1 1 3 1 1 1 1 2 3 1 1 1 1 1 3 2 2 2 1 1 2 2 1 2 2 2 1 2 2 2 4 2 2 1 2 1 1 2 1 2 1 1 3 1 1 1 1 1 1 2 2 2 2 3 1 1 1 2 3 1 2 1 2 2 1 1 2 1 1 1 1 1 2 1 1 2 1 2 3 2 2 1 1 1 2 2 2 1 2 1 2 2 2 1 1 2 1 1 1 4 1 2 2 2 2 3 1 1 1 1 4 1 1 1 4 2 1 3 3 2 1 2 1 2 1 1 2 2 2 2 1 2 2 2 1 1 2 3 1 1 4 1 1 1 2 2 3 1 3 1 2 2 1 4 1 2 3 3 2 1 2 1 1 2 1 1 2 2 1 1 1 1 4 1 1 2 1 2 1 3 1 1 1 1 1 1 1 5 3 2 3 3 3 1 3 2 1 2 1 1 1 1 1 2 2 1 1 2 2 3 1 3 1 1 2 1 1 1 1 1 2 1 2 1 1 1 1 1 3 1 1 1 1 3 1 3 2 2 1 1 1 1 1 1 1 1 1 1 1 2 4 1 1 3 1 3 5 2 1 1 2 2 1 1 1 2 3 2 2 1 1 3 3 1 1 1 2 1 1 1 1 1 1 2 1 2 2 2 3 1 3 1 1 2 1 1 1 1 2 1 1 1 2 1 4 1 1 1 1 1 3 2 1 1 3 3 1 1 3 1 1 1 2 2 1 1 1 3 2 2 1 2 1 1 1 2 1 1 1 2 2 1 1 1 2 1 1 1 1 3 1 1 1 2 1 1 1 1 1 2 2 1 1 3 3 1 2 3 1 1 1 1 1 1 1 1 2 2 1 2 1 1 1 3 1 2 2 1 2 1 1 1 1 2 2 2 1 1 1 1 1 1 3 1 2 1 3 2 1 3 1 2 1 1 1 2 1 1 2 3 2 1 2 1 1 1 3 2 2 1 2 1 3 1 1 4 1 1 1 2 1 2 1 1 1 1 1 1 1 1 2 2 1 2 1 1 1 1 3 2 2 1 1 1 2 3 4 1 1 1 1 1 1 1 2 2 2 2 1 1 1 1 3 1 1 1 1 3 1 1 1 2 1 1 3 3 1 1 2 1 1 2 2 1 1 1 1 1 1 2 1 1 4 1 4 1 3 1 1 1 3 2 1 2 3 2 2 2 1 1 1 1 2 1 1 1 2 2 1 1 1 1 1 2 1 1 1 1 2 4 1 6 1 1 1 2 4 2 3 2 1 1 2 1 2 2 1 1 3 1 1 1 1 1 2 2 1 2 1 2 1 3 2 2 2 1 1 3 2 1 1 3 1 1 1 1 2 1 2 1 1 1 1 2 1 3 1 1 1 3 1 3 1 1 1 3 1 5 2 4 2 1 1 1 1 2 2 1 1 1 1 1 2 1 2 2 2 1 2 2 1 1 1 4 1 1 1 2 2 2 1 2 2 3 1 1 3 1 6 1 2 1 2 1 1 4 3 1 2 1 3 1 1 2 1 2 1 2 1 1 1 1 1 1 3 1 2 2 1 1 1 1 1 2 3 1 1 3 2 1 1 1 1 1 2 1 1 1 2 1 2 1 2 3 3 1 1 1 2 1 1 1 1 2 1 1 1 2 4 2 2 6 1 3 1 1 1 1 1 1 3 1 1 1 3 2 1 2 1 2 1 1 1 1 3 1 2 1 2 1 1 1 4 1 1 4 3 2 2 1 1 2 1 1 2 2 2 2 2 1 2 1 1 3 2 1 4 1 1 1 1 1 1 1 1 1 1 1 2 1 2 2 1 1 1 2 1 3 2 1 1 5 2 1 1 1 2 1 1 1 2 1 1 3 4 2 1 1 2 1 1 1 2 1 2 1 1 3 1 3 1 2 1 1 2 1 1 2 2 1 1 1 1 3 5 2 1 1 1 1 4 1 3 1 1 2 1 2 2 3 1 1 1 2 3 1 1 2 1 2 1 1 2 2 2 4 1 2 1 2 1 1 1 3 2 2 1 1 1 2 2 1 2 1 1 1 5 1 2 3 1 2 1 2 1 1 1 2 1 1 1 2 3 1 1 1 2 2 1 1 3 1 1 3 2 2 1 4 2 4 1 1 3 2 2 2 1 1 2 1 1 1 1 1 2 1 2 3 2 1 2 2 1 2 3 2 2 1 1 1 2 1 2 3 1 2 2 1 2 2 1 2 1 1 1 1 1 3 1 1 4 1 1 1 1 1 2 2 3 2 1 3 5 1 3 2 2 2 1 1 3 1 1 2 2 3 2 1 1 1 3 2 1 2 2 2 1 2 2 3 2 1 2 1 2 2 1 1 3 1 1 1 2 1 1 1 1 3 2 1 1 2 1 1 1 1 2 1 3 1 2 1 2 1 2 3 3 1 2 2 2 2 2 1 1 2 1 1 1 1 1 2 1 1 1 1 2 1 1 1 2 2 2 1 2 2 2 1 2 3 1 1 1 1 1 1 1 2 5 1 1 1 2 4 2 2 1 1 4 1 2 1 1 2 4 1 2 3 1 2 1 2 1 3 1 4 2 1 2 2 1 1 1 3 1 2 1 2 1 1 2 2 2 1 1 1 1 1 1 1 1 4 3 1 1 1 1 1 2 2 1 1 1 1 1 2 1 2 1 2 1 1 1 1 1 3 1 3 3 1 1 2 4 4 1 1 1 3 1 3 3 1 2 3 1 1 2 2 1 1 1 1 2 1 1 1 1 1 2 1 1 2 4 1 2 2 1 2 2 1 2 2 2 1 1 1 2 3 1 4 1 1 3 1 3 1 1 1 3 2 3 1 2 1 2 1 6 2 1 4 1 2 2 2 2 2 1 2 1 1 3 1 2 2 1 2 1 3 2 6 1 5 2 4 1 1 2 1 2 1 3 3 1 2 3 3 2 1 1 2 1 1 1 2 2 3 2 1 3 1 2 3 1 1 1 2 1 1 2 1 2 2 1 2 1 3 2 1 2 1 2 1 3 2 2 2 1 1 1 2 2 1 1 2 1 1 3 3 1 1 1 1 3 1 2 2 2 2 3 1 3 2 1 4 1 1 2 2 2 1 1 1 2 1 2 2 1 2 1 1 2 1 1 2 2 1 1 1 1 1 3 1 2 1 2 1 2 2 3 2 3 3 1 1 2 1 2 1 1 1 1 2 1 1 1 1 2 3 3 1 2 1 3 1 1 1 1 2 1 1 1 2 2 1 1 2 3 3 2 2 3 1 1 2 1 2 2 1 3 2 1 2 1 2 1 1 2 2 2 1 1 1 3 2 2 2 1 1 1 1 2 1 1 1 1 2 2 2 2 1 1 1 1 2 3 1 2 1 4 1 2 2 1 1 1 2 1 2 1 1 2 1 1 2 2 2 1 3 2 3 1 1 1 1 2 1 1 2 2 1 2 3 1 1 2 3 1 1 2 1 2 2 1 2 2 2 2 3 3 2 2 1 2 2 1 1 1 1 1 1 1 1 2 2 2 3 2 2 1 7 1 4 1 1 1 4 2 1 1 3 1 5 2 2 1 1 3 2 1 2 1 1 1 2 1 1 4 1 2 1 1 2 2 1 2 1 1 3 2 2 2 1 3 2 1 2 1 1 1 1 2 1 2 1 2 1 2 2 3 1 2 1 1 1 1 2 1 1 3 1 1 1 2 3 3 1 1 1 1 1 1 1 3 2 2 3 1 2 1 2 1 3 3 1 2 2 1 3 1 1 3 2 1 1 1 2 1 2 1 1 2 1 1 1 1 3 3 1 3 1 1 1 1 3 1 2 2 2 3 2 2 1 1 3 1 2 3 1 1 1 2 1 3 1 1 1 3 1 3 1 1 1 1 2 1 1 1 2 1 2 2 1 2 3 3 2 1 1 1 3 1 1 1 1 1 1 1 3 2 1 1 1 1 2 1 2 1 4 1 2 1 1 2 2 1 1 1 1 1 1 1 2 2 3 1 1 1 1 3 1 2 2 1 1 1 2 1 1 2 1 1 1 3 2 1 1 2 1 1 2 1 1 3 1 3 1 1 1 3 1 1 1 1 1 2 1 2 2 1 2 2 1 3 1 2 2 2 2 1 2 1 1 1 1 2 2 2 1 1 2 2 2 2 3 1 1 1 1 1 1 2 2 1 2 2 1 2 1 2 1 2 3 2 2 1 1 3 1 1 3 2 3 3 1 2 1 2 1 1 1 1 2 2 1 1 1 1 1 2 3 2 3 1 1 1 2 1 1 1 3 1 2 1 1 1 2 3 1 2 1 2 1 1 1 1 3 1 1 2 1 1 2 1 2 1 2 2 1 4 5 3 2 2 1 1 1 1 1 3 3 2 1 1 3 5 1 2 3 1 5 1 2 2 2 4 1 1 1 1 1 1 1 1 3 1 1 4 1 2 1 3 2 3 3 1 1 2 1 1 3 1 1 2 4 1 1 2 3 2 2 1 3 2 1 2 1 2 2 1 1 1 2 1 2 2 3 1 2 2 2 1 1 1 1 1 1 2 1 3 3 3 1 2 2 1 1 1 2 1 3 1 1 3 1 2 2 1 3 1 1 2 1 2 1 1 1 4 2 1 3 3 1 2 2 2 1 2 1 1 2 1 1 1 1 1 1 3 3 2 4 2 1 2 2 3 1 1 1 1 1 2 1 1 1 3 4 1 1 2 1 1 1 1 1 1 1 3 2 1 1 3 2 2 1 1 1 1 3 2 1 2 1 1 2 1 2 3 1 3 2 2 2 2 1 2 1 1 3 1 4 1 1 1 1 1 1 1 2 1 1 1 1 2 2 2 3 2 1 1 1 4 1 1 2 2 2 1 1 5 2 1 3 1 2 3 2 2 2 1 1 2 1 2 2 1 3 3 1 1 1 1 2 1 1 1 1 2 1 2 3 1 1 5 1 2 2 1 1 2 2 2 1 2 1 2 2 1 1 1 1 2 2 2 1 2 2 2 1 3 1 1 2 5 4 3 1 1 4 1 1 1 1 3 1 2 1 2 1 1 1 1 1 2 2 2 1 1 1 2 2 2 2 2 1 2 4 1 1 2 2 1 1 3 2 1 1 1 1 3 1 2 1 3 1 1 1 2 1 2 1 1 2 3 1 1 4 2 1 1 3 1 1 2 3 1 1 2 1 1 2 3 1 2 1 2 1 1 1 1 2 1 2 1 1 1 1 1 3 1 1 2 1 1 1 1 1 2 1 1 1 3 3 1 1 1 3 1 1 1 1 2 2 1 1 2 2 2 1 1 1 1 1 2 1 2 1 3 2 1 1 1 1 1 1 1 2 2 5 3 2 2 1 1 1 2 3 1 1 1 1 4 2 1 2 1 2 1 1 1 3 1 1 1 2 2 3 3 1 2 2 1 2 1 2 3 1 2 2 1 1 1 4 1 1 1 1 1 3 3 2 3 1 1 2 2 2 3 1 1 2 2 1 2 1 1 2 3 1 1 1 2 1 1 1 2 3 1 1 2 1 1 1 1 1 2 1 1 1 1 1 2 2 1 1 3 1 1 1 1 4 2 1 1 1 2 1 1 1 1 1 1 1 1 4 1 1 2 1 1 1 2 1 2 2 1 1 3 1 1 3 3 1 1 3 1 1 1 2 2 2 1 1 2 1 4 2 3 2 3 5 1 1 2 1 2 1 3 2 3 1 1 1 1 1 1 1 1 2 3 4 2 1 1 1 1 2 1 1 2 1 1 1 2 1 1 1 1 2 3 1 1 1 1 2 5 1 2 1 2 3 1 1 1 1 4 3 2 1 3 1 2 1 3 2 1 3 2 1 2 1 2 1 2 1 1 2 2 1 3 1 1 1 3 1 1 4 1 2 1 3 2 1 1 1 2 1 3 2 2 3 1 2 1 1 1 1 1 2 2 2 1 2 3 2 1 1 2 2 4 1 1 1 2 1 1 2 1 2 1 1 4 1 3 2 3 4 2 1 1 1 1 1 1 1 2 1 2 2 1 2 3 2 1 1 2 2 1 1 1 2 1 3 3 1 1 3 3 3 2 1 1 1 1 4 1 2 2 2 2 3 2 1 2 1 2 2 1 1 1 1 1 3 1 1 1 1 1 1 2 2 2 1 1 2 2 1 3 3 2 1 2 1 1 1 1 4 3 4 2 2 2 1 1 1 2 1 2 1 1 2 1 1 4 1 1 1 1 2 2 1 2 4 1 1 2 2 1 2 1 2 2 1 2 1 1 2 2 3 2 1 2 2 1 4 2 3 2 1 2 3 2 1 1 1 1 4 2 1 1 2 1 2 1 1 1 1 1 2 1 1 1 2 3 1 2 4 2 1 2 2 2 1 1 2 3 1 1 4 3 1 2 1 2 2 1 1 2 3 3 1 1 1 2 1 1 1 1 1 1 2 2 1 2 1 2 2 1 2 1 1 4 2 2 2 2 1 1 1 2 1 3 3 1 5 1 1 2 2 1 1 3 1 1 2 3 1 1 1 1 2 2 1 2 1 1 4 2 2 1 5 2 1 1 3 1 5 2 2 2 1 1 1 1 1 1 2 1 1 1 1 1 1 2 1 1 1 2 3 3 1 2 1 1 3 2 5 2 1 3 1 2 1 3 1 3 2 2 1 1 1 2 1 1 1 1 1 2 2 1 1 2 1 1 1 1 1 1 1 1 1 2 1 1 1 1 1 1 1 1 2 1 1 1 1 1 2 1 1 1 1 1 1 1 4 1 1 1 1 3 1 1 1 1 1 2 1 1 1 2 2 1 3 3 1 1 1 2 1 1 2 1 1 1 3 1 2 2 3 1 1 2 1 2 3 1 1 2 1 3 2 1 1 3 2 1 1 1 3 2 1 1 1 1 3 1 1 1 1 1 1 2 1 1 1 1 1 1 1 1 1 1 1 1 2 2 1 1 1 3 1 1 1 1 1 1 1 1 3 1 2 3 1 1 3 3 1 2 2 1 1 4 1 2 1 1 1 1 1 1 2 1 2 1 1 1 1 2 1 3 1 1 1 1 1 2 3 4 6 2 1 1 2 2 3 1 1 2 1 2 3 1 2 1 2 1 4 1 2 3 1 1 1 1 1 2 3 1 1 1 1 2 1 3 1 2 2 2 3 1 1 2 3 2 1 1 2 1 2 1 1 3 2 2 2 3 1 2 2 3 1 3 1 2 3 2 1 2 1 1 1 1 1 1 1 2 1 3 2 1 1 1 1 1 2 2 4 1 4 1 2 1 2 1 1 1 2 1 1 2 2 4 3 2 2 1 1 3 2 3 1 1 1 1 1 1 2 2 1 1 1 1 1 1 4 1 1 2 2 1 1 4 3 3 1 1 2 2 2 2 2 1 2 1 2 1 2 1 1 3 1 3 4 2 1 3 1 1 2 1 1 2 2 2 1 1 1 1 1 1 2 1 2 3 3 2 2 1 1 2 1 1 2 1 2 1 2 2 1 1 2 1 1 1 2 1 1 2 1 1 2 3 2 3 2 1 1 1 2 1 1 1 1 1 1 1 1 1 2 2 1 1 1 1 1 2 1 2 1 1 2 2 1 1 2 1 3 1 3 1 1 1 1 2 1 3 1 1 1 1 1 2 1 2 2 1 2 1 1 1 1 1 2 2 1 1 1 2 1 1 1 1 2 2 1 4 1 1 1 2 1 1 1 2 1 1 1 1 3 1 3 1 3 1 1 1 2 1 2 2 1 1 1 1 2 1 1 2 2 4 1 1 1 1 1 3 1 3 1 1 1 1 4 1 1 1 2 1 1 2 1 1 3 1 1 2 2 1 2 1 3 3 1 3 1 1 1 1 1 2 1 2 2 3 1 3 2 1 1 2 1 2 3 3 3 1 3 1 2 1 2 2 3 1 4 3 3 2 2 1 3 6 2 1 1 1 1 3 1 1 3 2 2 1 2 1 2 1 2 1 1 3 4 1 2 2 2 2 1 1 3 3 2 1 1 2 2 1 1 2 1 2 2 1 3 1 2 2 1 2 4 1 1 2 1 1 1 1 1 2 5 1 2 1 1 3 2 2 2 2 1 1 1 1 1 1 1 1 1 2 1 1 1 2 3 2 1 1 1 2 3 5 1 1 1 1 2 3 1 4 1 1 1 1 3 2 4 1 2 1 1 2 1 1 1 1 1 2 2 1 1 2 3 1 3 3 1 1 1 1 1 1 1 2 2 1 2 2 1 1 2 1 1 3 3 1 2 4 1 1 1 1 2 2 3 1 1 3 1 1 2 2 2 2 2 1 4 2 2 2 2 1 3 1 1 1 1 1 1 1 2 1 3 1 2 1 3 1 1 1 1 2 3 2 1 2 1 4 1 2 1 1 2 3 3 1 3 2 3 1 2 1 3 1 1 1 3 2 1 1 2 1 1 1 1 2 1 1 5 2 1 1 1 1 1 1 2 1 1 2 1 1 3 1 1 1 1 1 2 1 1 2 1 1 2 2 1 4 2 2 1 2 1 1 2 2 1 2 1 1 2 3 1 1 1 1 1 2 1 1 1 2 1 4 1 2 1 1 1 2 2 2 1 1 2 3 1 2 2 2 1 2 1 1 1 1 1 2 2 5 1 1 1 2 2 3 1 1 1 1 3 1 2 4 2 1 2 1 2 1 1 2 2 2 3 1 3 2 1 1 3 3 3 2 1 2 1 2 1 3 1 1 3 3 2 1 2 1 1 1 1 2 1 1 3 1 1 2 2 1 1 1 1 1 3 1 1 1 2 1 1 1 5 3 2 1 2 1 2 1 1 1 1 2 2 2 2 1 3 1 1 2 2 7 1 1 1 1 1 1 1 2 1 1 1 2 1 4 1 2 1 1 1 2 3 2 1 1 1 1 1 2 1 1 1 1 2 1 2 1 2 5 1 1 1 2 1 1 1 2 1 2 1 4 1 2 1 2 2 1 2 1 1 2 1 1 2 2 1 2 4 3 4 3 1 2 1 2 3 1 2 3 2 1 1 3 1 1 1 3 1 1 3 1 1 2 2 2 1 2 2 1 4 1 1 2 3 1 1 1 1 1 1 1 1 3 2 2 1 2 1 2 1 1 1 1 1 1 1 2 2 1 1 2 3 1 1 4 2 1 1 3 1 1 1 1 1 1 1 2 3 3 1 2 4 1 3 1 1 2 3 1 3 2 1 1 1 1 3 3 1 2 1 1 2 1 1 3 2 1 2 1 1 1 2 2 2 2 1 1 1 1 1 1 2 1 1 1 2 4 1 2 2 2 3 3 1 1 1 1 1 3 1 1 4 1 3 3 1 1 2 1 1 4 1 1 2 2 2 2 1 1 3 2 1 1 2 3 2 1 1 2 4 2 2 1 3 1 1 3 1 3 3 1 1 2 1 1 1 1 1 1 2 2 2 1 4 2 2 3 1 1 3 2 1 1 1 1 3 2 1 1 5 1 1 2 3 1 1 2 1 2 1 3 1 1 1 2 2 2 1 1 3 1 1 2 2 2 3 2 1 1 1 2 2 1 1 1 3 3 1 1 2 1 3 1 2 1 2 3 2 2 1 1 4 1 1 2 1 3 3 2 1 1 1 1 1 1 1 1 5 1 1 3 1 1 1 3 1 2 1 3 1 4 1 2 1 1 1 1 1 2 1 1 1 3 2 1 1 1 1 1 2 6 3 3 2 2 1 1 4 1 1 1 3 3 1 2 1 1 1 2 1 2 2 1 1 1 1 1 2 1 4 1 3 1 1 1 1 4 1 2 1 3 2 1 1 1 2 2 1 1 4 2 2 1 2 3 2 1 1 2 1 1 1 2 3 3 1 1 2 2 1 1 3 1 2 2 1 1 4 1 1 3 2 3 2 2 3 1 3 1 2 1 1 1 2 1 1 4 4 2 5 2 2 2 2 1 1 1 1 3 4 3 2 4 1 1 1 1 3 2 2 1 2 3 1 1 4 3 1 3 1 1 2 2 1 2 1 1 2 1 3 2 1 1 1 1 1 1 2 2 1 2 1 1 2 2 2 1 2 2 2 1 4 2 1 1 3 2 1 3 1 1 2 3 1 1 1 1 1 3 1 1 3 2 1 1 3 1 2 4 1 2 1 1 3 5 1 1 2 3 1 3 1 2 1 1 1 2 1 1 2 5 1 4 1 1 1 2 2 1 2 2 1 1 1 1 1 1 3 3 2 1 1 3 3 1 1 2 3 1 3 1 2 4 2 1 2 2 1 2 1 1 2 3 1 3 2 1 2 2 1 2 1 1 2 1 1 2 3 2 3 1 1 1 1 2 2 2 2 1 2 1 1 2 3 2 3 1 1 1 2 3 2 2 1 1 1 3 1 1 1 2 1 2 2 1 1 3 2 1 1 2 2 1 3 1 3 1 2 1 3 1 1 1 2 1 3 1 2 2 1 1 1 1 1 1 2 1 3 2 2 4 1 1 1 1 1 1 1 1 4 1 1 1 1 1 1 1 1 1 2 1 1 1 1 1 2 2 5 3 1 2 2 2 1 1 1 1 2 2 1 1 2 2 2 1 1 1 1 2 1 1 1 2 2 2 1 1 1 2 1 1 4 1 1 1 1 1 2 1 2 2 1 1 2 1 2 2 1 2 3 1 2 1 3 1 1 2 1 2 1 1 1 1 2 1 2 2 1 1 1 2 4 1 1 1 2 1 2 2 3 1 1 1 1 2 2 3 2 1 1 1 1 2 3 2 1 4 1 2 1 1 1 2 2 1 2 2 2 1 1 1 2 2 2 1 1 3 3 1 3 3 2 2 1 4 1 1 2 2 2 1 1 2 1 1 1 1 1 1 3 2 3 1 1 1 2 2 1 2 2 1 1 2 4 2 3 2 2 3 2 1 1 1 2 1 1 4 2 2 1 2 2 1 1 4 1 2 1 1 1 2 3 1 1 2 3 1 1 3 1 1 1 4 2 1 1 1 1 1 1 2 1 2 1 1 2 2 2 1 1 1 1 1 2 1 1 2 3 1 2 2 4 1 1 1 2 1 3 3 2 2 3 1 1 1 2 2 2 1 1 1 2 1 1 1 1 1 3 3 1 2 2 2 2 1 1 1 3 1 2 2 1 4 3 2 1 1 1 1 1 1 1 2 2 1 1 1 1 1 3 1 2 1 1 1 1 1 1 5 3 1 1 2 1 1 2 2 1 1 1 1 1 1 1 1 1 1 3 2 1 3 2 1 1 1 2 3 1 1 2 1 2 2 1 1 1 1 2 2 1 4 1 2 4 1 2 1 2 1 2 1 2 1 1 1 2 1 1 1 1 2 1 2 1 2 1 2 1 1 1 1 2 3 1 3 3 3 1 1 1 1 1 2 2 2 1 2 1 3 3 1 3 1 1 2 1 2 1 1 3 1 1 4 1 1 4 3 2 1 1 2 2 1 3 1 1 2 2 3 1 1 3 1 1 3 1 1 1 4 2 3 2 1 1 3 1 3 1 2 2 1 1 2 4 2 2 1 1 1 1 1 1 3 1 2 3 1 2 2 4 2 1 2 2 2 1 1 2 1 1 1 2 1 1 1 1 1 1 2 2 1 1 3 1 1 1 1 1 2 1 1 2 1 1 1 2 3 1 2 3 1 2 2 2 1 1 1 2 3 1 1 2 3 2 3 1 1 3 2 1 2 2 1 4 2 1 2 4 1 1 1 3 3 1 3 1 3 2 2 1 1 1 2 2 1 1 1 2 1 1 2 1 3 1 1 1 1 5 1 1 1 2 1 2 1 2 1 3 1 1 1 1 3 2 1 1 1 1 1 1 1 2 1 2 1 5 1 1 2 2 2 1 1 1 3 1 1 2 3 3 1 1 3 2 1 1 3 2 1 2 3 1 2 1 5 1 3 1 1 2 4 2 1 2 1 1 1 1 1 2 1 1 2 2 3 2 1 1 2 1 1 1 2 1 1 3 1 1 1 2 3 1 2 1 2 1 1 1 1 1 1 1 1 1 2 1 2 1 2 1 1 1 1 1 1 4 2 2 1 1 1 3 2 2 1 3 1 2 1 1 2 1 1 3 1 1 2 2 4 2 1 1 2 3 1 2 1 1 2 1 2 2 1 1 1 1 1 3 1 3 1 3 1 3 3 1 2 1 1 1 1 1 2 2 1 2 4 1 1 2 1 2 1 1 3 3 1 1 1 2 2 1 1 1 1 3 1 1 3 2 1 1 1 3 1 2 2 3 4 1 2 1 2 1 1 2 1 1 1 1 1 1 3 3 3 2 1 1 1 2 1 1 3 2 2 1 1 3 3 1 1 2 2 2 1 4 1 2 2 3 2 2 2 1 4 2 1 2 1 2 1 1 1 1 1 1 1 1 1 1 3 1 2 2 1 3 1 1 1 1 2 1 3 2 3 1 2 1 2 1 5 2 1 2 2 1 1 2 1 1 3 2 1 3 1 3 1 3 4 1 1 1 3 1 1 1 1 1 4 1 1 1 1 3 1 2 2 1 2 3 1 4 2 1 2 2 2 3 1 1 1 4 3 1 2 1 1 1 1 1 2 2 1 1 1 1 2 1 1 1 3 1 1 1 3 1 2 3 2 1 1 1 2 1 1 3 1 1 1 1 1 1 3 1 1 1 2 1 2 2 1 2 2 1 2 2 1 1 1 1 1 1 3 2 1 2 2 1 1 1 3 3 2 2 1 1 1 1 1 1 1 1 2 2 2 1 1 1 1 4 1 3 1 1 2 1 1 1 3 1 2 3 2 1 1 1 1 4 1 1 2 1 1 1 1 1 1 1 2 1 2 1 1 1 2 2 1 3 2 3 1 3 1 1 4 1 1 1 4 1 3 3 2 1 2 3 1 1 1 1 2 2 2 2 2 3 1 3 1 1 1 1 3 2 1 1 1 1 1 1 1 1 1 1 4 1 1 1 1 1 2 4 1 3 1 1 1 1 1 1 2 2 1 1 1 1 2 3 3 1 1 2 1 1 3 1 1 2 3 2 2 1 3 1 1 2 1 2 1 5 1 1 2 2 4 1 1 2 1 1 1 1 2 1 1 1 2 3 1 3 2 1 1 2 1 1 3 1 2 4 1 1 1 2 3 2 1 1 2 1 1 2 1 1 1 3 1 2 2 1 1 3 3 3 2 2 1 3 1 1 2 2 2 3 2 2 2 2 2 2 2 2 1 2 1 1 1 1 2 1 1 1 2 2 1 2 1 3 2 1 2 1 2 1 1 1 1 4 2 1 1 3 3 1 2 2 1 1 2 1 1 1 3 1 2 1 1 2 3 1 2 1 1 1 2 1 3 1 2 1 1 1 1 2 1 4 5 1 5 1 1 1 2 3 3 1 1 2 2 1 1 3 1 1 1 2 1 3 1 2 1 1 3 1 3 1 3 2 1 1 1 1 1 1 1 3 1 2 1 3 1 2 1 1 1 1 1 2 3 4 3 2 1 2 2 3 1 1 1 1 1 2 1 2 2 3 2 1 1 2 2 4 1 1 1 2 2 2 1 1 1 2 1 2 1 1 2 1 1 1 1 1 1 4 2 2 1 1 2 2 1 2 1 1 2 1 2 2 1 2 1 1 3 2 2 1 2 1 2 1 2 2 2 2 4 4 1 1 2 1 1 1 1 2 1 2 2 3 2 2 3 1 1 1 1 1 1 1 1 1 2 1 2 1 2 1 1 3 4 3 1 1 1 1 3 3 2 1 2 1 2 1 3 1 1 1 1 4 2 2 3 3 1 2 1 3 1 1 1 1 3 2 1 1 1 1 2 1 2 1 2 1 1 1 2 1 1 2 2 2 4 1 2 3 2 1 3 1 1 1 2 2 2 1 2 1 2 2 2 2 1 1 2 2 1 2 1 3 2 1 1 1 1 1 1 1 1 1 1 1 1 1 1 1 2 1 2 1 3 2 1 5 1 2 1 1 1 3 2 2 1 1 1 1 3 2 1 2 1 1 2 1 1 1 1 2 1 2 1 1 4 3 2 1 1 1 1 2 4 1 1 1 4 1 1 1 1 3 4 1 4 1 1 3 3 1 2 2 3 1 2 1 1 1 1 1 1 2 1 1 2 3 2 2 3 1 2 1 1 1 1 3 1 1 2 1 1 1 1 2 2 1 1 1 1 2 2 1 1 1 1 1 2 2 1 1 1 1 3 1 1 2 2 1 1 5 1 2 2 1 1 1 1 1 2 2 4 2 1 1 1 2 1 1 2 5 2 3 1 1 2 2 1 2 2 1 1 1 1 3 1 1 1 1 1 1 3 2 1 2 3 3 1 3 2 1 2 2 1 2 1 3 4 1 1 2 2 1 1 3 2 1 2 2 3 2 3 2 3 2 2 1 3 2 1 2 1 2 1 2 1 3 1 1 1 1 1 4 2 1 1 1 1 1 1 1 1 1 1 1 2 3 1 4 2 3 2 4 1 1 1 1 1 3 1 1 3 1 1 1 2 1 3 1 2 3 2 1 1 1 2 2 2 3 2 1 1 2 2 1 1 1 2 1 2 1 1 1 1 2 1 2 1 1 2 1 1 1 1 1 2 1 2 4 1 2 1 2 1 1 1 2 3 1 2 3 1 1 2 1 2 2 1 1 3 3 1 2 2 1 1 3 3 3 1 1 1 2 3 2 1 1 2 2 3 3 1 1 2 1 1 1 1 2 3 3 2 2 2 1 1 1 1 1 3 1 1 1 1 1 1 3 1 3 1 2 1 1 1 1 1 2 1 1 1 1 1 2 1 3 1 1 3 1 1 2 1 1 1 1 2 1 2 1 2 1 1 2 4 1 2 1 3 1 1 2 1 3 1 1 1 1 3 1 2 1 1 1 2 1 2 1 2 1 1 1 1 7 2 1 2 1 1 3 4 1 1 2 3 1 3 2 2 1 1 2 1 2 2 1 1 6 2 1 3 1 1 2 2 1 2 4 2 2 2 1 2 2 1 3 2 4 1 1 1 2 1 4 1 1 1 2 1 1 1 2 3 6 1 1 1 2 1 1 3 1 2 1 1 1 1 1 3 2 1 1 5 1 1 1 4 1 1 3 3 1 1 3 2 2 2 3 2 1 1 2 2 1 2 1 1 2 1 1 2 2 1 2 2 1 1 1 2 2 2 1 2 1 1 2 2 1 2 1 1 2 2 2 3 1 1 1 3 1 2 1 3 2 1 2 3 1 1 2 2 2 2 2 2 1 2 2 1 1 1 1 3 2 2 1 3 1 2 2 1 5 1 1 1 2 1 1 4 1 1 2 1 1 2 1 2 2 1 1 1 1 2 1 1 1 1 3 2 1 1 2 2 1 3 1 1 1 1 2 2 1 1 1 2 1 1 2 1 5 1 1 2 1 1 1 2 1 3 2 2 1 1 3 1 1 1 1 1 3 2 2 1 2 1 1 2 2 1 2 3 3 1 1 2 1 2 1 1 2 1 1 2 3 1 3 1 2 5 6 2 3 1 1 2 2 2 2 1 2 1 2 1 3 3 1 2 1 1 2 1 1 1 1 1 1 1 1 2 2 1 1 1 2 1 1 1 1 1 1 2 1 1 1 3 2 2 1 1 1 1 1 1 1 1 1 1 2 1 1 2 1 2 3 2 1 2 2 1 2 1 2 2 1 2 3 2 2 1 1 1 2 2 3 1 2 3 2 1 1 2 1 4 2 1 4 2 1 3 4 1 2 2 1 1 1 1 2 4 1 2 2 1 3 3 1 1 2 2 1 3 2 1 5 2 1 1 2 1 1 1 1 1 1 2 1 1 3 1 1 1 3 1 2 2 1 1 1 2 2 2 3 1 4 1 3 1 1 2 1 2 3 2 1 1 2 2 1 2 1 3 1 3 1 5 2 1 2 1 1 2 3 1 1 2 1 1 3 1 1 2 1 1 1 1 2 2 1 1 2 1 1 5 1 1 2 1 1 1 1 1 1 3 1 1 1 2 1 1 1 2 1 1 2 1 5 3 1 3 3 1 3 1 1 1 2 2 2 1 3 4 2 2 1 2 2 2 3 2 1 1 1 1 1 3 1 1 2 1 1 3 4 1 1 1 1 1 1 2 1 2 2 2 3 2 2 2 1 1 2 1 1 3 1 1 1 2 3 1 1 2 2 1 2 2 2 2 1 2 1 4 4 2 1 4 2 3 2 1 2 1 1 1 1 1 1 2 2 2 3 1 3 1 1 1 1 2 1 2 1 1 1 1 1 2 1 1 1 1 2 2 1 1 1 1 3 1 1 1 1 2 1 1 1 1 2 1 1 3 1 2 2 2 1 4 1 1 1 2 1 2 1 3 2 1 1 1 3 1 1 1 2 1 2 2 1 2 1 1 1 1 1 3 2 2 1 1 1 1 1 1 1 1 2 4 3 1 1 1 1 1 1 1 2 1 2 2 2 2 3 2 1 1 1 2 1 1 2 4 2 2 1 1 1 1 1 1 1 2 1 3 2 2 1 1 1 1 1 1 1 2 2 1 4 1 2 2 1 1 1 1 2 1 1 1 1 1 1 1 3 3 1 1 1 2 3 1 2 1 2 1 4 1 1 1 2 1 1 2 3 1 1 1 1 1 2 1 3 3 1 2 1 4 3 1 2 1 4 1 1 1 4 2 2 4 2 2 1 1 1 2 2 2 2 1 1 1 2 1 2 2 2 1 2 3 2 1 1 1 1 1 2 1 3 1 3 2 2 1 2 2 2 1 2 1 1 2 3 3 1 1 1 1 1 1 1 3 1 1 2 1 2 1 1 2 2 2 3 2 2 1 1 3 1 1 1 1 1 3 2 2 3 1 1 2 1 2 3 2 2 1 1 1 1 3 1 1 1 1 2 1 2 2 1 4 2 1 1 1 1 1 4 3 1 1 2 1 1 2 1 2 1 2 5 1 1 1 2 1 1 1 1 1 2 4 2 2 1 1 1 3 1 2 3 4 2 1 1 2 3 1 2 1 1 2 2 2 2 1 1 2 2 4 3 2 1 1 2 1 1 2 2 1 2 2 3 1 1 2 1 2 3 2 1 1 1 1 2 2 1 2 2 1 1 2 1 4 2 4 2 2 2 3 1 2 1 3 1 1 1 4 1 1 1 1 1 2 2 2 2 1 1 5 4 2 1 3 2 1 1 1 1 1 2 1 2 1 1 2 2 2 2 2 4 1 2 1 2 2 2 2 3 1 1 3 3 3 2 1 3 2 2 3 1 1 1 1 1 1 2 2 1 1 3 3 3 1 2 1 3 1 2 1 4 1 1 2 1 1 2 2 1 1 1 1 2 1 2 2 2 1 1 2 2 1 1 1 1 1 3 2 1 3 4 1 3 1 2 1 2 3 1 2 1 1 1 2 1 1 1 1 1 2 2 1 2 1 1 4 2 2 1 1 2 1 1 1 1 2 2 1 2 2 1 2 2 1 1 2 1 1 1 4 2 1 1 1 2 2 1 1 1 2 1 1 2 1 2 3 3 2 4 1 1 3 1 1 1 2 1 1 3 2 2 2 1 2 2 1 1 1 1 3 1 1 1 1 1 1 1 2 2 2 2 1 1 2 2 1 2 1 1 1 2 1 1 2 1 1 2 1 1 2 2 1 1 3 2 3 1 2 2 1 2 2 1 2 1 1 1 2 3 3 1 1 2 2 2 1 1 1 1 2 2 2 1 1 2 1 3 2 2 2 3 1 1 1 1 1 2 1 1 1 2 1 1 1 2 2 2 2 1 1 2 1 1 1 1 2 3 1 1 2 3 1 3 1 1 3 1 1 1 1 2 1 1 1 1 1 4 1 2 4 1 4 2 1 2 1 1 1 2 2 1 1 1 1 1 1 1 4 2 1 1 1 3 1 1 1 1 3 2 3 2 2 1 1 1 3 1 1 2 5 1 1 1 1 2 1 1 3 1 4 2 1 2 2 1 2 2 1 5 3 1 1 4 3 2 1 1 1 2 1 1 3 1 1 1 1 1 4 2 1 1 1 1 2 1 1 1 1 1 1 1 2 3 1 1 2 1 1 1 1 1 2 1 1 2 1 2 1 1 1 1 1 2 2 3 1 2 2 1 2 1 1 3 1 2 2 1 2 2 2 2 3 1 1 2 1 2 3 2 1 2 5 3 1 1 1 1 4 3 1 2 3 3 2 1 2 2 2 1 1 2 2 1 1 2 2 5 1 2 2 1 1 4 1 1 6 1 1 1 2 1 2 3 1 1 2 2 3 3 1 2 2 2 2 2 3 1 2 1 2 3 2 1 1 3 1 1 3 1 1 1 2 3 3 1 3 3 2 2 1 2 2 2 1 2 2 1 1 1 1 2 2 2 3 3 1 2 2 2 2 5 3 2 2 3 2 4 3 4 2 1 1 1 2 3 1 4 1 1 1 2 3 3 1 2 3 2 1 1 2 2 3 1 1 1 2 1 3 1 2 2 1 4 1 2 1 1 4 1 2 2 2 1 4 1 1 1 2 1 1 1 1 3 2 1 2 2 3 3 1 2 2 3 2 1 2 1 1 2 4 1 2 1 1 2 2 3 2 1 4 1 1 2 2 2 1 2 1 2 2 1 1 2 2 1 1 1 2 1 1 2 1 2 3 2 4 3 2 2 1 3 4 1 2 2 1 2 1 1 1 2 1 2 3 1 1 1 1 5 1 2 1 1 1 1 3 1 2 1 1 2 3 2 5 1 4 2 4 1 2 1 1 1 2 1 1 2 1 3 1 3 2 2 1 2 1 4 1 1 2 1 3 2 1 2 1 2 1 1 3 1 2 1 2 2 3 1 3 1 1 1 2 1 3 1 2 3 1 3 1 2 3 3 2 2 1 2 1 1 2 1 1 3 1 3 3 4 2 5 1 2 3 2 1 2 1 1 1 2 1 2 1 1 1 2 1 1 3 1 1 2 1 1 1 2 1 1 1 2 1 3 1 1 1 1 1 1 1 3 2 2 2 3 1 1 3 4 2 1 2 3 1 2 2 2 2 2 2 1 3 2 4 5 1 1 1 2 1 2 7 1 2 1 4 2 4 3 1 1 1 2 1 1 1 1 1 1 2 1 2 2 1 1 4 1 2 2 2 1 1 1 2 1 4 1 1 2 1 1 1 2 1 2 4 1 1 2 1 2 3 2 3 1 3 2 1 2 1 1 2 4 3 1 1 2 2 2 3 3 2 1 1 1 3 1 1 2 3 2 2 1 2 2 3 1 2 2 1 4 1 2 3 1 1 2 1 6 4 2 1 1 1 1 1 1 1 1 1 1 1 3 1 2 1 3 1 1 1 2 1 2 1 1 2 1 1 3 1 2 2 1 1 2 1 1 2 1 2 1 2 2 1 2 3 2 2 1 2 1 1 3 2 1 1 5 1 1 3 1 1 2 1 2 2 3 1 2 1 1 1 1 1 1 1 1 3 2 5 4 2 3 1 1 1 1 3 1 3 2 1 1 1 2 1 3 1 1 2 3 1 2 2 3 2 1 2 1 1 2 1 3 3 1 4 1 1 1 1 1 2 1 1 2 1 1 3 1 1 1 3 1 2 3 1 2 2 1 1 1 2 3 1 1 3 2 1 2 1 2 1 1 1 1 1 3 3 2 1 1 2 2 1 1 1 4 1 2 2 2 2 1 2 2 1 1 1 2 1 1 1 1 5 1 1 2 5 1 2 1 2 2 2 1 1 1 2 2 1 1 1 2 2 1 2 2 3 1 2 1 3 3 1 1 1 3 2 1 1 2 2 2 2 1 1 1 1 1 1 1 1 4 3 2 2 2 1 1 1 1 1 2 3 3 1 1 1 1 1 2 2 2 4 4 2 3 1 1 2 4 2 1 1 1 2 1 3 3 2 2 1 1 3 2 2 2 2 3 3 2 1 2 4 1 3 1 3 3 1 3 2 5 1 3 1 3 1 2 1 2 1 3 1 1 1 2 1 2 1 2 3 3 1 3 2 3 2 1 1 1 1 2 1 2 2 1 1 1 1 3 1 2 3 1 2 1 3 2 3 1 1 1 1 2 2 1 1 1 1 1 1 1 1 1 1 2 1 1 1 2 1 1 2 1 1 1 1 2 1 3 1 3 1 2 1 3 1 2 2 1 1 3 4 2 4 1 3 2 1 1 1 2 1 2 2 1 2 2 3 1 1 1 2 1 3 1 2 2 1 2 1 1 1 1 1 3 2 2 1 1 1 1 1 3 1 2 1 2 3 1 3 1 1 1 2 1 1 1 1 1 1 1 1 1 1 1 2 1 1 3 2 1 3 1 1 2 1 2 1 2 1 2 1 2 1 3 4 1 3 1 1 1 1 3 2 3 1 1 2 2 1 1 3 3 3 1 3 2 1 1 6 2 1 2 1 1 1 1 1 1 1 4 1 2 1 1 1 2 1 2 1 1 4 1 4 1 1 1 1 3 1 2 1 1 1 2 2 2 2 4 1 2 1 2 2 3 1 1 1 1 2 1 2 1 1 1 1 2 3 1 2 1 2 1 2 2 4 1 3 1 1 1 1 1 1 3 1 2 2 3 1 1 1 1 1 1 2 2 4 1 1 1 1 1 2 3 1 2 1 1 1 1 3 1 4 1 3 1 1 1 1 1 2 1 1 5 1 4 1 2 1 1 2 1 2 2 3 1 2 1 2 1 1 3 1 3 3 1 1 1 4 2 1 1 1 2 1 2 1 2 1 1 2 1 1 2 1 1 1 1 2 2 1 1 2 1 1 3 5 1 1 2 3 1 2 1 2 2 1 4 3 4 1 1 2 1 3 1 4 1 3 3 1 2 3 1 1 3 1 2 3 3 2 1 2 1 2 1 2 1 1 1 2 3 1 1 1 2 1 1 1 1 1 2 1 1 4 2 3 2 2 1 3 4 3 1 1 1 1 1 1 3 1 1 2 1 1 1 1 1 1 1 1 2 2 1 1 1 1 2 1 4 1 1 1 1 3 1 2 2 2 1 1 1 2 1 2 1 1 2 1 1 2 1 2 1 2 3 1 2 1 2 2 1 2 4 1 4 1 1 2 1 1 1 1 2 1 2 1 2 2 4 1 1 1 1 1 2 1 2 1 1 1 2 4 1 1 3 1 1 1 1 1 1 1 1 1 2 1 1 1 2 1 2 1 2 1 1 3 2 2 1 1 2 2 2 2 1 2 2 7 1 2 1 1 1 1 2 2 2 1 3 2 1 2 1 2 1 1 2 1 3 1 2 2 1 2 1 1 2 3 1 1 2 3 2 2 3 3 3 1 2 2 1 2 2 1 1 1 1 2 1 3 1 4 2 1 2 1 2 1 1 3 1 1 2 1 3 3 1 3 1 3 3 2 1 1 2 1 1 1 1 2 1 1 1 4 2 1 2 2 1 3 1 2 2 2 4 1 1 1 1 1 1 1 1 1 3 1 4 2 2 5 2 2 2 2 1 2 1 1 1 1 3 1 1 2 1 1 1 1 4 1 1 1 3 1 1 1 1 2 2 1 1 1 1 2 1 3 1 2 1 1 2 2 2 2 1 1 1 2 2 1 1 2 3 2 2 1 3 1 1 2 1 2 1 1 1 1 1 1 2 5 2 1 1 1 1 4 1 1 2 2 4 1 2 1 1 2 2 3 1 2 1 1 1 1 3 2 1 2 2 1 2 1 2 1 1 2 1 1 2 1 2 2 1 3 1 1 1 2 1 1 3 3 1 1 1 1 2 2 1 3 1 2 1 1 1 1 2 1 1 1 3 2 2 1 1 2 1 4 3 2 3 2 2 2 1 1 2 1 1 1 2 1 1 1 1 1 3 1 1 1 1 1 2 3 1 2 1 2 1 2 2 2 2 1 2 1 1 1 1 2 1 1 1 1 3 1 2 2 4 2 1 1 2 1 1 2 2 2 3 3 1 1 1 1 1 1 1 1 1 1 2 2 2 1 1 1 1 1 2 2 2 4 3 2 3 2 2 1 1 2 2 2 1 1 1 3 2 1 1 2 3 1 1 1 2 3 1 1 2 1 2 1 2 2 2 3 1 1 1 1 1 2 2 1 3 3 3 3 1 2 1 5 1 1 2 3 1 1 2 1 1 3 1 2 3 1 4 3 3 4 2 2 2 2 1 3 3 1 1 1 1 3 1 2 1 1 5 1 3 1 1 1 2 3 1 1 1 1 1 1 1 2 1 1 1 3 3 1 1 1 1 1 2 1 1 2 2 1 1 1 2 1 1 1 2 1 1 2 3 2 2 1 1 4 1 1 3 2 1 1 2 1 1 1 1 1 1 3 3 2 2 1 1 1 1 1 2 3 2 1 2 1 3 2 1 2 2 1 1 4 1 1 1 1 1 2 1 4 2 1 1 1 1 1 2 1 1 3 5 1 1 2 1 3 2 2 1 1 2 2 3 2 1 1 1 1 1 1 1 1 1 3 1 1 3 1 1 1 1 1 1 1 2 4 2 2 2 3 2 1 2 1 1 1 2 3 1 2 1 2 2 1 2 1 2 1 1 3 1 2 2 2 1 4 1 2 2 1 1 1 2 1 1 1 1 2 1 2 2 2 1 3 2 2 2 1 1 1 1 1 2 2 1 1 2 1 1 1 2 1 1 3 2 2 1 2 3 2 1 2 3 3 1 1 1 4 1 1 1 1 2 1 1 1 3 2 5 1 1 2 1 2 1 2 1 4 1 2 2 1 3 1 4 1 1 1 4 1 1 1 2 1 3 1 1 2 1 1 1 1 1 2 1 1 1 1 1 1 1 1 1 1 1 2 2 1 1 3 1 1 2 1 1 1 1 1 1 4 3 4 1 1 2 1 2 3 1 1 1 2 4 1 1 2 1 3 2 3 1 1 1 1 3 2 1 2 3 2 1 1 2 1 1 1 4 1 1 2 1 1 2 2 2 1 1 2 1 1 1 3 2 1 2 1 1 1 1 1 4 1 3 1 1 1 1 2 1 3 1 1 2 4 1 2 2 2 1 1 1 1 2 1 4 2 2 4 1 1 3 1 1 1 2 2 2 2 1 3 2 2 2 2 4 2 1 1 3 4 2 1 1 1 1 1 4 3 2 1 2 3 4 1 3 1 1 1 1 1 2 3 2 1 2 1 4 1 1 2 1 1 1 1 2 3 3 2 1 1 1 2 2 1 1 1 2 1 3 1 1 1 2 2 1 2 2 2 1 1 4 1 3 2 4 2 2 1 1 1 1 2 1 1 1 1 2 1 2 1 1 2 2 1 1 1 2 1 2 1 2 3 1 2 2 1 2 4 2 1 1 1 1 1 2 3 1 2 1 1 1 3 2 3 2 1 1 1 2 2 2 1 2 1 2 3 1 3 1 1 1 1 1 4 1 1 1 1 2 1 1 1 3 4 1 1 1 1 2 1 1 1 3 3 2 2 2 3 1 2 3 1 2 3 1 1 1 2 1 3 1 2 1 1 1 3 2 1 1 1 3 1 2 2 3 1 3 4 1 2 2 1 2 1 1 1 2 1 1 1 1 1 5 1 3 1 1 1 1 1 1 1 1 1 1 2 1 3 2 1 2 2 2 1 1 1 1 1 3 4 1 3 1 2 2 1 2 1 2 1 4 1 2 1 1 4 1 3 1 2 1 1 1 5 1 1 3 1 3 1 2 2 2 1 1 1 1 2 1 2 1 2 1 2 5 1 1 1 1 3 1 1 1 2 3 2 2 1 1 2 1 1 1 3 2 1 1 1 2 5 1 3 3 1 1 2 2 2 2 1 1 2 2 2 1 1 1 1 2 3 1 1 2 2 1 1 3 3 1 1 2 1 2 1 4 1 2 1 2 1 2 2 4 2 1 2 6 4 1 2 3 1 1 2 4 2 1 1 1 1 1 2 1 1 3 1 1 1 2 1 1 3 4 1 1 1 1 1 2 2 2 1 1 2 2 1 2 1 1 1 1 2 1 1 1 3 1 1 3 1 1 1 3 1 2 1 4 1 3 1 1 1 3 3 1 2 1 1 1 1 2 2 1 1 1 2 3 1 1 3 1 1 1 1 1 1 2 1 1 1 2 1 3 3 2 1 1 2 2 1 1 1 1 3 1 4 1 2 1 2 1 1 1 2 1 2 1 1 1 3 1 2 1 2 1 3 3 1 1 2 1 4 3 2 3 2 1 1 1 3 3 1 1 2 1 1 2 1 1 1 1 3 2 1 3 2 2 2 1 2 1 2 4 1 1 1 2 1 1 2 1 3 1 1 1 1 2 1 1 2 2 2 1 1 1 1 1 1 1 2 2 1 1 4 1 3 1 1 3 1 2 1 1 1 1 1 2 2 1 1 2 1 1 1 2 1 3 1 1 1 2 1 2 2 1 1 1 1 4 1 2 3 1 1 3 1 1 3 1 1 1 1 1 1 1 2 2 2 2 3 1 2 1 1 2 1 2 2 1 1 2 3 1 1 1 3 2 4 1 1 4 2 1 1 1 1 1 2 1 1 4 1 3 2 2 1 1 1 1 3 1 1 1 2 3 2 2 1 2 2 3 2 1 1 1 2 3 1 2 1 1 5 3 1 1 4 2 2 1 2 2 1 1 1 1 1 3 1 1 1 1 2 1 2 1 2 1 1 2 1 1 2 1 1 2 3 1 1 2 2 1 1 1 2 1 1 2 1 2 3 2 1 1 2 2 1 1 1 1 2 1 1 1 3 2 1 2 1 1 1 1 1 2 2 1 1 3 3 1 1 1 2 1 2 1 1 1 1 1 1 1 1 2 2 2 1 2 2 6 2 1 1 1 1 1 1 1 1 2 2 3 2 4 2 2 2 1 2 2 1 1 1 1 2 2 3 1 2 1 1 1 1 3 2 2 2 1 1 2 1 2 1 1 1 2 1 1 5 1 2 5 1 2 1 1 1 1 1 1 1 1 1 1 1 2 1 1 1 1 1 1 1 1 1 1 1 2 2 2 1 1 1 3 1 3 1 1 1 2 2 1 1 2 1 3 1 1 1 1 1 2 1 1 1 5 4 1 1 2 2 1 1 1 1 3 1 2 2 2 3 1 1 1 1 1 2 2 2 3 2 1 2 2 1 2 1 1 1 1 1 1 1 3 1 2 1 2 1 1 2 1 1 1 1 1 2 1 1 1 1 4 1 1 3 1 1 1 1 1 1 2 1 2 1 3 1 1 2 1 1 2 4 2 1 2 1 3 1 1 1 2 2 2 3 2 1 2 1 1 1 2 1 3 2 1 1 1 2 1 5 2 2 1 2 2 4 2 1 1 1 4 3 1 1 1 1 1 1 2 1 1 2 1 3 2 2 1 2 1 2 1 2 1 1 1 1 2 2 2 1 2 1 1 1 2 1 1 2 1 2 2 1 1 2 1 1 1 1 1 2 1 1 1 1 1 1 1 2 3 1 1 2 1 1 1 2 1 1 1 2 1 1 2 1 4 3 1 1 1 1 4 1 2 1 1 1 1 1 1 1 1 3 2 1 1 2 3 2 2 2 2 2 1 2 3 1 1 4 2 1 1 1 2 2 2 1 2 2 1 2 1 1 1 1 1 1 1 2 1 1 2 1 1 1 2 2 1 1 2 1 4 2 2 1 1 1 3 1 1 1 1 2 1 2 1 2 2 1 1 1 2 2 1 1 1 1 3 2 1 1 1 2 3 1 2 2 2 1 3 1 1 2 1 1 1 1 1 2 1 2 1 2 1 2 2 1 4 1 2 1 1 1 2 3 3 1 2 3 4 5 1 3 4 1 1 2 1 2 1 2 2 1 1 4 1 1 3 3 1 1 1 1 2 1 3 1 1 2 1 1 1 4 2 1 1 2 1 2 1 1 1 1 1 3 1 1 2 1 4 1 1 1 1 2 3 1 1 3 2 1 2 2 1 1 2 1 3 1 1 1 1 4 2 1 3 1 2 1 1 2 2 1 2 3 1 1 2 2 3 1 1 1 3 2 1 3 1 1 1 1 2 2 2 1 2 1 1 1 1 1 2 1 1 1 1 1 2 2 2 1 1 1 2 1 2 4 1 2 2 1 2 2 1 1 1 2 2 3 1 1 2 1 1 2 1 1 3 4 1 1 1 1 2 1 2 1 2 1 1 1 1 3 1 3 3 2 1 1 1 1 1 2 2 5 3 1 2 2 1 1 2 3 2 1 2 1 1 2 1 1 2 2 1 1 1 1 1 2 3 1 2 2 5 2 1 1 2 1 1 2 1 2 1 2 1 1 1 1 2 1 1 2 2 3 2 1 3 2 3 3 1 1 2 2 3 1 3 2 2 2 3 1 1 1 2 1 1 1 1 1 2 1 1 2 1 1 1 1 1 1 1 1 1 1 1 1 1 2 1 1 1 1 1 1 2 1 1 2 2 2 3 1 1 3 2 1 4 2 1 2 1 1 2 1 1 3 2 1 2 1 3 1 1 2 3 3 2 1 1 1 1 3 1 1 1 1 2 1 1 2 1 1 2 1 1 1 2 1 1 2 3 1 1 2 3 2 2 2 2 1 1 1 4 1 2 1 4 1 1 1 1 1 1 1 2 4 2 1 2 1 2 1 1 1 1 2 1 1 2 1 1 3 3 3 3 1 1 1 4 2 1 1 1 2 1 1 1 2 1 1 2 1 3 3 2 1 1 2 2 3 2 2 2 1 1 2 1 2 2 1 2 1 1 1 1 2 1 1 1 1 2 3 1 3 1 2 1 1 2 2 1 1 2 2 2 1 3 2 2 1 1 2 2 1 1 1 1 1 2 1 2 1 2 1 1 2 1 3 1 2 1 1 1 1 2 1 3 2 1 1 3 1 1 1 1 2 1 1 2 5 3 2 1 4 1 2 2 1 2 1 1 1 2 2 1 3 3 2 1 2 2 2 1 1 2 1 2 1 1 2 2 1 2 2 1 2 2 1 1 3 1 2 1 2 1 1 2 1 3 2 3 2 2 1 1 2 1 1 1 1 1 1 3 2 1 1 1 2 4 2 1 1 2 1 1 5 1 1 1 3 1 2 1 1 1 1 1 2 1 2 1 1 2 4 1 1 2 1 1 3 3 1 1 2 2 2 1 2 1 1 3 1 1 1 1 2 1 1 2 1 1 1 1 1 4 3 1 3 2 2 1 2 2 1 2 2 1 1 2 1 2 2 3 2 1 2 2 3 2 1 1 1 2 1 3 1 3 1 1 1 1 4 2 2 1 2 2 3 3 1 1 2 3 1 1 1 2 2 1 3 2 1 3 1 1 2 3 2 2 2 1 3 2 2 1 4 1 1 1 1 1 1 1 1 1 1 1 2 1 2 1 1 2 2 2 1 2 1 1 1 3 1 1 1 3 1 1 3 2 1 1 1 2 1 1 2 3 2 1 1 1 2 1 1 1 2 2 1 2 1 2 1 1 3 1 1 1 2 1 2 4 1 1 2 2 1 2 2 3 1 1 1 1 1 2 1 1 1 3 2 2 1 1 1 1 1 3 1 2 2 1 1 2 2 2 2 1 1 1 2 2 1 2 1 1 3 2 1 2 1 2 2 1 4 3 1 1 1 2 2 1 2 1 1 2 3 1 1 1 1 1 1 2 2 1 2 3 3 1 2 4 1 1 2 2 1 1 3 3 3 3 3 3 1 1 1 2 1 1 1 1 2 1 3 1 1 1 1 1 1 1 1 1 1 1 1 1 1 4 1 2 1 2 2 2 3 1 3 2 2 2 1 3 2 4 2 1 1 1 2 1 2 1 2 1 2 1 1 1 3 3 2 1 1 2 1 1 2 1 1 3 2 4 1 1 2 3 4 2 3 1 2 4 1 1 5 2 1 1 3 3 2 1 1 1 1 2 1 2 2 1 1 2 2 3 1 1 3 1 2 1 1 2 1 3 2 1 2 1 1 2 1 2 2 1 1 4 3 3 2 1 3 2 1 2 2 1 2 1 1 1 1 2 3 1 2 2 2 2 1 1 3 1 1 1 3 2 1 1 3 1 3 1 1 2 2 1 1 2 1 1 1 1 3 2 1 4 2 2 1 1 1 3 1 3 1 2 1 2 1 1 2 1 1 1 1 5 3 3 1 1 1 1 3 2 2 1 2 1 1 1 1 3 1 1 1 1 2 2 1 3 2 1 1 2 3 1 2 1 1 2 1 1 1 2 2 3 1 1 1 3 2 1 4 1 1 1 1 1 1 2 1 1 1 2 2 1 1 2 1 2 3 2 2 1 1 1 2 1 1 1 1 1 1 1 2 2 1 1 2 1 1 1 1 1 2 1 2 3 1 1 2 3 1 1 3 6 1 2 2 1 1 4 2 1 1 1 1 3 2 1 1 3 1 2 1 1 1 1 1 1 2 4 1 1 2 1 1 1 1 1 1 1 1 2 1 1 1 2 1 2 2 1 2 2 1 1 1 1 2 2 1 3 1 1 2 1 3 1 1 2 4 2 1 2 1 1 2 1 1 2 1 1 1 1 1 3 1 1 2 1 3 1 1 1 2 1 3 1 2 3 1 1 1 1 2 2 1 1 1 1 1 1 2 1 1 1 3 1 1 2 1 2 1 2 1 2 2 1 1 1 2 1 2 2 1 1 2 2 2 1 2 1 1 1 1 5 1 3 1 2 2 1 4 1 1 1 1 1 1 2 2 1 3 2 1 2 3 1 1 3 1 1 1 1 1 1 1 1 2 3 2 1 2 1 2 2 1 1 1 2 3 3 3 3 1 2 1 4 1 3 1 2 1 1 1 1 1 1 3 1 1 1 1 2 2 4 1 1 3 1 3 1 2 2 2 1 1 1 1 2 2 3 1 3 1 1 2 3 2 3 2 1 3 1 2 3 1 1 3 2 1 3 3 2 1 2 1 1 1 1 2 1 4 1 3 1 2 1 2 1 3 1 1 2 1 1 2 2 2 1 2 3 1 1 1 1 1 2 2 1 2 3 1 1 1 1 1 1 1 2 1 1 2 3 1 2 2 2 1 1 1 1 1 2 2 1 1 2 1 1 1 1 1 1 2 1 2 1 1 1 3 3 2 1 2 1 2 2 3 1 1 2 1 1 1 2 2 1 1 2 1 1 1 2 2 2 1 1 1 1 2 2 2 1 1 1 2 1 1 1 2 3 1 2 1 1 1 1 1 1 1 1 4 2 1 1 1 2 3 2 1 2 1 1 3 1 2 1 1 2 1 1 2 1 3 1 3 2 1 1 1 1 1 4 2 2 1 2 2 1 1 2 3 1 4 2 2 1 1 1 1 1 1 1 2 3 1 1 1 1 1 1 2 1 1 2 2 1 1 1 2 1 3 2 1 2 1 1 1 1 1 1 2 1 1 2 1 1 1 1 1 1 1 1 1 2 2 1 1 3 1 1 1 2 2 1 2 1 1 1 1 4 4 2 1 3 1 1 2 2 2 1 1 1 2 2 1 3 2 1 2 3 2 1 2 1 3 1 1 2 2 2 1 2 1 1 1 1 4 1 1 1 2 2 1 2 1 1 2 1 2 1 2 1 1 1 1 2 1 2 1 2 2 2 1 2 2 2 3 1 3 1 1 1 3 1 1 1 2 3 4 1 2 4 2 3 2 1 2 1 1 4 3 2 1 2 2 1 2 2 1 1 1 2 1 1 3 1 3 1 1 1 1 1 1 1 1 1 2 2 1 3 1 2 1 2 1 1 1 1 2 2 1 2 1 1 1 1 1 3 2 1 1 1 1 2 1 2 3 1 1 2 1 1 1 3 1 2 1 1 2 2 3 3 1 3 1 3 5 1 4 1 1 1 1 2 2 2 1 1 2 1 3 1 2 3 1 1 4 2 1 1 1 1 3 5 2 1 1 2 1 2 2 1 4 2 4 1 1 1 2 4 1 1 1 1 1 2 1 1 1 4 1 1 3 2 1 1 2 3 2 1 3 1 1 2 1 1 3 1 2 1 2 2 2 2 1 1 1 1 2 1 1 1 2 1 2 1 2 2 3 1 2 4 1 3 2 1 1 1 2 2 1 1 1 3 2 4 1 1 2 1 1 2 1 3 1 3 5 1 1 2 1 4 3 3 2 2 1 4 1 3 1 3 2 2 2 1 1 1 1 2 1 4 3 2 1 2 1 1 1 1 3 2 1 2 2 1 2 4 2 1 1 2 3 1 2 3 1 1 2 2 3 2 1 2 1 2 1 1 1 3 2 2 2 2 1 1 1 1 2 1 2 1 1 2 2 1 2 1 1 3 1 1 1 2 1 3 2 2 1 1 4 1 1 1 1 5 1 2 1 4 2 1 2 3 1 2 2 3 1 4 1 2 2 1 2 2 1 1 2 2 2 3 2 2 3 1 1 3 1 1 1 1 2 3 2 1 5 1 1 1 1 2 1 1 1 3 1 1 1 1 1 2 2 1 2 1 1 1 1 1 1 2 1 1 1 1 1 3 1 1 3 3 1 1 1 2 1 3 1 1 1 3 2 1 4 3 3 2 1 1 1 1 1 1 1 1 1 1 1 3 1 3 1 1 1 2 1 2 1 1 1 1 4 2 1 2 3 1 2 1 1 1 2 2 1 1 2 1 1 2 1 2 3 2 3 2 2 3 2 1 2 3 1 2 1 2 1 3 1 1 2 2 1 4 1 2 1 1 1 1 2 3 1 1 2 2 4 1 1 3 4 2 1 2 2 1 1 2 1 1 1 1 1 1 3 1 3 1 2 2 2 2 1 1 2 1 1 2 1 1 2 2 1 1 2 2 1 1 2 2 2 1 2 1 2 4 1 1 1 1 2 2 1 2 2 1 3 2 2 2 1 2 2 1 1 1 3 1 3 5 2 3 2 3 1 2 3 1 1 1 1 1 1 2 1 1 1 1 2 2 3 2 1 1 1 2 1 1 1 1 2 1 2 2 1 1 2 1 3 1 1 2 1 1 2 2 2 2 4 1 1 2 2 1 1 1 1 1 1 1 2 2 1 1 3 3 1 2 2 1 2 1 1 1 1 1 4 2 3 2 1 1 1 5 2 2 1 3 2 1 4 4 2 3 1 2 2 1 4 1 1 2 1 1 2 1 1 2 1 1 1 1 2 1 4 1 1 1 1 2 1 3 2 1 2 1 1 2 1 1 2 1 1 1 1 1 1 1 2 1 1 2 1 3 1 1 1 1 1 1 1 2 2 1 2 2 1 1 2 1 1 2 2 3 2 4 1 1 1 3 2 2 1 2 4 2 1 3 1 1 3 3 1 2 1 2 2 1 1 1 1 2 2 1 2 1 1 2 2 1 2 3 1 3 1 2 1 2 1 1 1 3 1 2 1 3 3 1 2 1 3 1 1 3 1 1 2 2 1 1 1 2 1 1 1 1 1 3 1 1 1 1 3 5 1 1 1 2 2 1 1 3 1 3 1 1 1 2 1 2 2 2 1 2 1 2 1 1 2 1 2 1 2 2 2 1 1 2 1 2 1 2 1 2 3 1 2 2 1 4 1 2 1 3 2 4 2 2 3 2 3 1 1 3 1 2 1 1 3 1 1 1 3 2 1 1 1 1 1 2 2 1 3 1 1 2 2 1 4 1 1 1 1 1 5 1 1 2 1 1 2 1 2 2 2 2 1 1 3 2 4 1 2 2 1 2 1 1 1 1 1 1 3 2 1 1 1 1 1 1 2 1 2 3 2 1 1 1 1 2 2 2 1 2 1 2 1 1 2 2 1 2 1 3 1 2 1 1 1 4 2 1 1 1 1 1 1 1 2 1 1 1 1 1 1 2 1 1 1 2 1 1 2 3 2 2 1 1 2 1 2 1 1 2 2 2 1 3 1 3 2 2 1 1 2 1 2 1 1 2 1 1 1 1 1 1 2 1 1 1 2 2 1 1 1 1 1 4 1 2 3 1 1 1 2 2 1 1 5 2 2 1 2 1 2 1 2 1 1 3 1 1 2 1 3 2 1 1 1 1 2 1 1 3 1 3 3 2 2 1 1 2 1 1 1 3 1 1 3 2 2 3 5 1 2 2 2 2 2 2 1 2 3 1 1 1 2 1 1 1 2 1 2 1 2 1 2 3 2 2 1 2 1 3 2 2 2 3 2 1 2 1 1 1 2 2 1 1 1 1 2 3 1 1 1 2 1 1 1 1 1 1 1 2 1 1 1 1 1 4 4 2 2 1 5 1 4 1 2 1 1 1 1 1 3 1 2 1 3 1 2 3 1 1 1 1 1 2 3 1 2 1 1 1 2 2 1 1 1 1 1 5 1 2 1 1 1 1 1 3 1 1 4 1 2 2 1 1 1 2 2 1 2 1 4 2 2 2 2 1 2 1 2 2 1 1 1 1 1 3 1 2 3 3 7 2 2 1 1 1 1 2 1 2 1 1 2 1 4 1 3 1 1 1 2 1 2 1 1 1 2 2 1 1 1 1 2 1 1 2 1 3 3 1 1 1 1 2 1 3 2 5 2 1 1 1 1 1 1 1 2 1 2 2 1 1 1 1 1 2 1 1 3 1 1 2 1 1 1 1 2 2 1 1 1 3 2 2 4 1 2 2 2 1 3 1 1 1 2 2 1 1 3 2 3 1 1 1 1 1 1 1 1 3 1 1 2 1 1 2 2 1 1 1 1 1 2 2 1 2 2 1 1 4 1 2 2 4 5 1 1 2 3 1 1 1 1 1 1 2 1 2 1 1 2 3 1 2 2 1 1 2 1 3 2 3 2 1 1 1 4 1 3 2 1 2 1 1 2 3 1 3 3 3 1 2 3 3 1 1 1 2 1 1 2 3 2 1 3 2 2 1 2 1 2 2 1 2 2 2 1 1 1 2 1 2 1 1 2 1 2 1 3 1 5 1 4 1 1 1 2 1 2 1 1 1 1 2 1 2 2 2 3 1 3 3 2 1 1 2 2 1 2 1 2 2 1 1 1 2 1 1 1 1 3 2 1 1 2 3 1 2 1 1 1 1 1 1 2 1 1 1 1 1 1 1 3 4 1 1 1 1 1 2 1 1 1 3 1 1 1 1 1 1 1 3 1 1 1 3 2 1 2 1 1 1 4 2 1 2 1 2 1 4 2 2 1 1 2 3 1 1 1 1 1 1 1 2 1 1 2 2 1 1 1 3 1 1 2 1 1 2 1 3 4 2 1 2 1 2 1 3 3 2 1 1 1 2 1 2 1 2 1 1 2 4 1 1 1 1 1 2 1 1 3 3 1 1 2 4 2 1 2 2 2 2 1 2 2 1 3 2 1 4 2 1 3 2 1 1 1 4 2 1 3 2 2 1 1 1 1 2 1 2 3 2 2 1 1 2 3 5 2 1 5 1 1 3 1 3 1 1 1 1 1 3 4 1 1 1 1 2 2 1 2 2 1 1 2 1 2 2 1 1 1 1 2 1 3 1 1 2 1 1 2 1 1 1 1 1 1 2 3 1 1 1 3 1 1 2 2 1 2 1 2 1 1 2 1 2 1 3 1 1 2 1 4 1 2 2 3 1 1 1 1 3 2 1 1 3 1 1 1 1 1 1 3 2 4 2 2 2 1 3 3 1 4 1 3 2 2 1 2 3 2 1 2 2 2 1 1 3 3 3 2 1 1 3 1 1 2 3 1 1 3 1 1 1 1 1 2 2 1 1 2 1 1 1 1 1 1 4 1 3 1 5 2 1 1 2 1 1 5 2 2 1 3 1 4 1 2 2 1 1 1 2 1 1 1 2 1 1 2 1 2 1 3 1 1 2 3 5 1 2 2 1 1 2 1 2 1 1 3 3 1 1 1 1 1 3 2 1 1 2 1 1 2 1 2 1 1 3 1 1 1 1 3 2 3 2 2 2 1 1 2 1 1 1 1 1 1 3 2 3 1 3 2 4 3 1 1 2 2 1 3 2 1 1 1 1 4 4 2 1 1 2 1 2 1 1 4 1 1 2 1 2 5 2 1 3 2 1 1 2 1 1 4 1 1 2 1 2 2 2 1 3 2 2 1 1 1 1 1 2 1 2 2 4 1 2 1 2 1 2 1 2 1 2 1 1 1 1 3 1 2 1 4 1 1 3 3 1 2 2 2 2 4 1 1 2 1 1 1 1 2 1 4 1 3 2 4 2 2 1 2 1 3 1 2 2 1 1 1 1 3 2 1 2 1 1 2 2 1 2 1 1 1 1 1 1 1 1 2 1 2 2 2 1 1 1 1 2 1 3 1 1 2 2 1 1 1 2 2 1 1 1 2 1 1 1 2 1 1 1 1 3 3 2 1 2 3 1 1 2 2 4 3 2 2 1 2 1 1 1 1 2 1 1 2 2 1 1 3 2 1 1 1 3 1 1 2 1 1 2 2 2 1 4 1 2 1 2 2 3 1 1 1 2 1 2 2 2 2 3 2 5 2 1 2 1 1 1 2 1 2 1 1 1 1 2 1 1 3 3 1 1 2 1 1 1 3 2 2 2 1 2 1 1 2 2 2 1 1 2 1 1 2 2 1 2 5 2 2 1 1 1 2 2 2 2 1 2 1 1 1 2 1 4 3 1 2 2 1 1 3 1 1 1 1 1 3 1 2 1 2 1 2 3 1 2 1 5 1 1 2 1 2 1 1 2 2 2 1 3 1 2 1 2 1 1 1 3 1 2 2 1 1 1 3 1 2 3 1 1 2 1 4 2 1 2 1 1 1 3 2 3 1 2 2 2 4 2 1 2 2 1 2 1 1 1 1 1 1 2 1 2 1 1 6 1 2 1 3 2 1 1 1 1 3 1 2 1 1 1 1 1 1 2 2 1 3 1 1 3 1 3 1 1 1 3 2 1 2 2 2 1 2 3 1 1 1 1 2 3 1 1 1 3 1 1 1 2 2 2 2 2 3 2 1 2 2 1 3 1 1 1 1 2 1 1 1 1 1 1 2 1 1 1 2 1 1 2 2 1 2 1 1 1 1 1 2 1 1 2 3 2 3 1 1 1 1 2 1 2 2 1 2 1 2 2 1 1 3 1 1 1 1 2 1 1 1 1 1 1 1 1 1 2 3 2 3 1 1 1 2 2 1 3 2 3 2 1 1 1 1 1 1 1 2 1 1 2 3 1 2 1 2 1 3 1 2 2 1 3 4 1 1 1 1 1 1 2 1 1 1 3 1 1 5 1 3 1 2 1 1 1 1 1 4 2 3 1 2 3 1 3 2 2 1 2 2 2 3 1 5 2 1 2 2 1 3 1 1 1 3 1 1 2 1 1 2 1 5 2 2 2 1 1 1 1 1 1 1 1 1 2 1 2 2 3 1 1 1 2 2 1 1 2 1 1 2 1 1 2 1 3 2 1 1 2 1 2 1 2 1 1 2 1 4 3 1 1 2 2 1 2 1 2 1 3 2 2 2 1 3 1 1 1 3 2 1 2 1 1 2 2 1 1 1 1 4 2 4 1 2 1 3 2 3 1 1 1 5 2 4 1 2 1 1 1 3 1 2 1 1 1 2 1 1 2 2 2 1 1 1 1 1 2 1 2 3 2 3 1 1 1 1 1 1 2 1 1 1 2 1 1 2 1 2 2 2 1 1 1 3 1 3 1 2 1 1 2 1 1 2 4 1 1 2 1 2 1 2 3 1 4 1 2 1 2 1 1 1 2 2 1 2 1 1 2 1 1 1 1 4 1 1 3 3 2 5 1 2 4 1 1 1 1 3 1 1 1 2 1 2 3 2 1 1 1 2 1 1 2 2 1 3 2 2 2 2 2 1 4 1 1 2 1 2 4 2 1 3 1 1 4 2 1 1 1 2 1 1 2 1 1 1 2 2 1 2 1 2 1 1 1 2 1 1 2 1 1 1 1 1 2 1 1 3 3 1 1 2 1 1 1 1 1 1 1 1 1 2 1 1 1 1 1 2 3 1 2 1 1 1 2 1 1 2 2 2 1 2 1 2 1 1 1 1 1 2 1 1 3 1 2 2 1 1 1 2 3 1 2 2 1 2 2 1 3 1 1 1 1 1 3 2 2 2 2 1 1 1 1 2 2 1 2 1 2 2 2 1 1 2 1 1 3 3 1 1 1 2 2 1 2 1 2 3 1 1 1 1 2 4 1 1 3 1 1 1 2 1 2 3 1 1 1 3 1 2 3 1 2 1 3 1 1 3 2 1 2 1 2 2 1 2 4 1 3 1 1 1 1 1 2 1 3 1 5 1 2 1 2 1 1 1 3 1 2 1 3 3 1 1 1 1 5 1 2 2 1 1 1 2 2 1 1 1 1 1 3 1 1 1 1 2 2 1 2 2 1 2 1 7 1 1 3 1 1 3 2 1 1 2 2 1 1 1 1 1 1 1 3 1 5 1 1 2 2 1 1 1 1 2 2 2 2 1 1 1 2 1 3 1 2 2 1 2 1 1 1 1 
  #Test Small 30800
  #Test Medium 45822
  #Test Large 71341
