Board size [mm] 375x75

Stats side 1
  #Components with background 47
  #Components with points 177
  #Components nofly 5
  #Components notouch 5
  #Pins 38348
  #GNDs 1208
  #VDDs 876
  #Clock 14
  #NoFly points 802
  #NoTouch points 878
  #Points [total] 42126

Stats side 2
  #Components with background 38
  #Components with points 194
  #Components nofly 1
  #Components notouch 1
  #Pins 37737
  #GNDs 1757
  #VDDs 1506
  #Clock 18
  #NoFly points 138
  #NoTouch points 170
  #Points [total] 41326

Stats board (side 1 + side 2)
  #Components with background 85
  #Components with points 371
  #Components nofly 6
  #Components notouch 6
  #Pins 76085
  #GNDs 2965
  #VDDs 2382
  #Clock 32
  #NoFly points 940
  #NoTouch points 1048
  #Points [total] 83452
  #Nets 4938
    Net Size: 2965 2382 32 2 3 1 3 1 1 1 2 1 2 4 1 1 3 1 1 1 1 1 2 1 1 1 1 3 1 2 1 1 2 1 1 2 1 2 3 2 1 2 1 1 1 1 2 1 2 2 1 3 1 1 1 2 1 1 1 1 4 2 1 2 1 2 1 2 1 1 2 1 1 1 2 1 2 1 1 3 1 1 2 2 1 1 2 4 2 1 1 1 1 1 1 1 1 1 1 1 1 2 1 1 2 4 1 1 3 2 1 2 1 1 1 2 1 1 2 2 1 3 2 1 1 1 3 1 1 1 1 2 1 4 1 1 2 5 1 2 2 1 2 2 1 1 1 2 3 2 1 2 1 3 2 1 2 1 1 1 2 1 2 2 1 4 1 2 1 1 1 2 1 1 3 1 1 1 1 1 3 4 1 2 3 2 2 1 1 2 1 1 1 3 2 2 1 3 1 1 2 2 2 2 1 1 1 1 1 2 3 1 1 1 2 1 1 2 3 1 1 3 1 4 2 3 2 3 2 1 1 2 2 2 1 1 1 1 1 1 2 1 3 2 2 1 3 1 3 1 2 1 2 1 3 1 2 1 1 1 1 2 1 2 1 2 1 1 1 1 2 1 3 2 1 1 2 2 2 1 2 2 2 2 1 2 2 1 2 3 1 2 2 2 1 1 3 3 1 1 2 1 3 1 2 1 1 2 3 1 2 4 1 5 1 2 2 1 3 1 2 1 2 1 1 1 2 1 1 2 5 3 1 1 2 1 1 1 1 1 1 1 1 1 1 2 2 2 3 1 1 2 2 1 2 1 2 1 1 1 1 1 1 1 1 1 1 1 2 1 1 1 2 1 1 2 1 1 1 1 1 1 1 2 2 1 2 2 1 2 1 2 1 2 4 1 1 1 2 1 1 1 1 1 1 1 2 2 1 1 1 1 1 3 1 1 4 1 2 1 2 1 2 1 3 1 1 1 1 1 1 1 2 2 1 1 2 1 1 1 1 1 2 2 1 2 1 1 2 1 2 2 1 1 2 1 1 1 1 1 2 1 2 1 1 3 1 2 2 1 1 1 1 1 2 2 1 2 3 1 1 3 1 2 1 2 1 1 1 2 1 3 1 4 2 1 2 2 1 2 2 2 2 2 2 2 1 1 1 1 2 1 1 1 1 2 1 1 1 1 3 1 1 2 1 1 1 3 3 2 1 2 1 1 1 1 1 1 1 1 2 2 3 1 1 2 2 1 1 2 1 1 1 1 2 2 1 1 1 1 3 1 1 1 1 1 2 1 2 2 1 1 2 1 1 1 2 1 1 1 1 2 1 1 1 2 1 2 1 2 2 1 1 1 1 2 2 1 1 1 1 1 2 1 2 1 2 1 1 1 1 2 1 1 2 1 2 2 1 1 1 1 1 1 3 3 1 2 2 1 2 1 2 1 1 2 1 2 2 2 2 1 3 1 3 1 1 2 1 1 2 1 1 1 2 1 2 1 2 1 1 2 1 1 1 1 2 3 1 2 1 1 2 2 2 2 1 2 2 1 1 1 1 2 1 2 2 1 2 1 2 2 2 3 2 2 3 2 1 1 2 2 2 2 1 1 3 1 1 3 1 2 1 1 1 2 1 2 1 2 3 2 1 2 3 1 1 1 2 2 1 1 1 1 1 3 1 2 3 1 2 1 2 2 3 1 2 1 2 2 2 1 2 4 2 1 3 1 1 2 1 1 3 1 1 2 2 1 1 3 2 1 3 2 1 1 2 1 3 2 1 2 2 1 1 2 1 1 2 1 1 1 1 1 2 1 4 3 1 2 1 1 1 1 3 2 1 3 1 2 1 2 1 1 1 1 2 2 1 1 1 1 1 1 4 1 1 3 1 3 2 1 1 1 1 1 1 2 1 1 1 1 1 1 1 2 3 1 1 2 2 1 1 1 2 3 1 1 1 3 1 1 1 1 1 1 1 2 2 1 1 2 1 2 1 1 1 1 1 1 1 1 3 1 1 1 2 2 2 1 1 2 1 2 1 1 3 1 1 1 1 1 1 3 4 6 1 2 1 2 1 1 1 1 1 1 1 2 3 2 3 1 3 1 1 2 2 2 1 2 1 1 3 2 3 3 3 2 2 1 1 2 1 1 3 1 1 2 2 2 1 2 3 1 2 1 1 1 1 2 3 1 1 1 1 2 2 1 1 2 4 2 2 1 2 1 2 1 2 1 1 3 1 1 1 2 2 1 2 1 2 1 2 1 1 2 1 1 2 3 1 2 1 2 1 1 1 2 1 3 3 2 1 2 1 3 1 1 2 1 3 1 3 1 2 1 2 1 1 2 1 2 2 2 1 2 2 1 2 1 1 1 1 1 1 1 1 2 1 2 1 1 1 2 2 1 1 1 2 2 1 1 1 1 1 1 3 2 2 3 1 1 1 1 1 1 3 1 1 1 1 1 2 2 1 1 2 1 1 1 3 4 1 2 1 3 1 1 1 2 1 1 1 1 4 2 2 2 2 3 2 1 1 3 1 1 1 1 1 2 2 1 1 1 1 1 4 1 2 1 1 1 2 2 1 1 1 1 1 3 1 1 2 2 2 1 2 1 1 2 1 5 4 1 1 2 3 1 1 1 1 2 4 1 2 1 2 3 1 2 2 1 1 1 2 1 1 1 1 1 1 1 3 2 3 1 3 1 2 1 4 2 1 1 1 1 1 2 2 2 1 2 1 1 2 2 1 1 1 1 2 1 1 2 1 2 1 1 2 3 1 1 3 2 2 1 2 1 1 1 1 1 1 1 2 1 1 2 2 1 2 1 4 1 1 2 1 2 1 1 2 1 1 1 1 2 2 2 1 2 1 4 1 1 2 1 1 3 1 2 1 4 1 1 2 1 1 1 1 1 3 2 1 1 2 1 2 1 1 1 1 1 1 3 1 2 2 4 2 1 2 3 2 2 1 1 1 2 2 3 1 2 1 1 3 2 1 2 1 1 2 2 2 1 2 1 2 1 1 1 1 2 4 3 1 2 3 4 1 1 1 1 1 2 1 1 2 1 1 2 2 1 2 1 1 1 1 1 1 1 1 3 3 1 1 1 2 3 2 2 1 1 1 1 1 3 1 1 2 2 2 2 1 1 2 2 1 2 2 3 2 1 1 2 5 2 1 1 1 1 1 3 1 1 1 1 1 1 1 1 1 2 4 2 1 2 1 1 1 1 1 2 1 1 1 2 1 1 1 3 1 1 1 2 1 2 1 1 1 3 3 1 1 1 3 1 3 3 1 1 3 1 1 1 3 1 2 1 3 1 3 1 3 1 2 3 2 2 1 1 2 2 1 2 3 1 1 1 1 1 1 1 1 1 1 2 1 2 1 1 2 3 1 1 4 1 2 2 1 2 2 1 1 1 3 2 2 1 2 1 2 1 3 1 1 1 3 2 1 1 2 4 1 1 1 1 1 2 1 2 1 1 1 2 2 1 1 1 1 2 1 3 1 3 2 1 1 1 2 1 2 2 2 1 2 2 2 1 1 1 2 1 1 1 1 1 2 2 1 1 2 2 1 3 2 2 2 1 1 1 2 1 1 1 1 1 2 1 3 1 2 1 1 1 1 1 1 1 1 2 2 1 2 1 1 1 1 1 1 3 1 1 2 2 1 1 2 2 1 4 1 1 2 1 1 1 1 1 1 1 2 3 3 1 2 1 1 1 1 1 1 2 2 1 1 2 2 1 1 1 1 1 6 2 2 2 1 3 2 1 1 2 1 1 2 2 1 1 1 1 4 1 1 1 5 1 1 2 1 1 1 1 1 2 1 2 2 2 1 1 1 3 2 2 1 1 1 1 2 1 1 1 1 1 1 1 1 1 1 1 2 3 2 1 2 1 3 1 1 1 1 1 1 1 1 1 1 1 3 2 1 1 1 1 1 2 1 3 1 2 2 1 3 1 1 2 3 1 3 2 4 1 2 3 2 2 1 1 1 1 1 2 1 2 1 3 2 2 1 2 1 1 1 1 1 1 2 1 2 1 1 1 1 2 3 1 1 1 2 2 1 1 1 1 2 1 1 2 2 2 2 1 4 1 2 2 1 1 2 1 1 1 1 1 1 2 2 1 2 1 2 1 1 1 1 1 1 1 1 2 1 4 1 1 1 2 2 2 1 1 2 1 1 1 1 1 3 1 1 1 1 2 2 2 1 1 1 4 1 1 1 1 1 1 1 1 2 3 1 3 1 2 1 1 1 2 2 2 1 1 4 2 1 2 2 1 1 1 1 2 4 1 1 3 2 2 1 1 1 1 3 1 2 1 1 1 2 2 2 2 1 1 1 2 1 1 1 2 1 1 1 2 1 2 2 2 1 1 1 1 1 2 1 2 2 2 1 1 2 1 2 1 2 1 1 1 1 2 1 2 1 1 2 2 2 2 4 1 2 1 3 3 1 2 1 4 2 1 2 2 2 1 1 5 1 1 1 1 1 1 2 1 1 1 1 2 1 1 1 2 1 2 1 1 2 1 2 1 1 1 1 2 3 1 2 2 1 1 1 2 1 2 1 1 2 5 2 2 2 1 1 1 2 2 2 1 2 2 2 1 5 2 1 2 1 1 4 2 1 1 2 2 3 2 1 3 1 1 1 1 1 1 2 2 1 1 1 1 1 1 1 1 1 1 3 1 1 2 2 1 2 1 1 2 1 1 3 2 2 1 3 1 3 1 1 2 1 1 1 2 1 1 1 1 1 1 1 1 1 2 1 1 3 2 1 2 1 1 2 1 1 1 2 1 1 1 1 2 4 3 1 4 2 4 2 1 2 2 1 1 2 2 1 2 1 1 2 1 1 2 2 2 1 1 1 1 1 1 1 1 1 1 2 1 1 1 1 1 4 1 3 1 3 2 1 1 1 1 1 2 1 1 1 1 1 1 2 1 2 1 1 1 2 1 1 1 1 1 1 2 1 1 1 1 1 4 1 2 1 3 1 1 1 1 3 1 2 1 1 1 2 2 1 2 2 1 1 1 1 1 2 2 1 1 1 1 1 1 2 3 2 1 1 2 1 1 3 4 1 1 1 1 2 1 1 1 3 2 1 2 1 1 1 1 1 1 2 1 2 2 2 1 2 1 2 2 2 2 1 1 1 1 2 1 1 1 1 2 2 4 2 3 1 3 2 2 1 2 3 1 1 1 2 2 4 1 1 1 1 3 2 1 1 1 1 2 2 1 1 1 1 1 1 3 2 3 2 2 1 2 1 1 1 2 2 2 1 2 1 1 1 1 1 3 2 2 1 4 3 1 2 2 1 3 1 1 1 3 1 2 2 1 2 4 1 2 1 1 1 2 4 4 1 1 1 1 1 1 1 2 2 1 1 3 1 4 2 2 1 1 2 1 1 1 2 3 1 1 1 2 2 1 1 3 1 3 2 1 1 1 1 1 1 1 3 2 1 1 2 1 1 2 1 2 1 3 2 1 2 1 2 1 1 1 1 3 2 2 2 2 1 2 2 2 1 1 2 3 1 1 2 1 1 2 1 1 1 3 2 2 1 1 1 2 1 1 2 2 1 1 2 1 2 1 1 4 1 1 1 1 3 1 2 1 2 1 1 2 2 1 1 3 2 2 2 2 2 3 2 1 1 1 1 1 2 2 2 4 2 2 1 1 1 2 3 1 2 1 3 1 3 1 1 4 3 1 1 1 2 1 1 2 2 2 1 1 1 1 1 2 1 1 1 2 2 4 2 1 2 1 2 1 1 3 2 1 1 1 1 1 2 2 3 1 1 3 3 2 1 1 3 2 1 1 2 1 1 1 1 1 1 1 1 1 3 2 2 1 1 1 1 1 1 1 1 1 1 3 1 2 2 1 2 1 1 2 1 2 1 3 2 1 1 2 1 3 2 1 3 1 1 2 1 1 1 1 3 1 2 2 3 3 2 3 1 3 3 2 1 1 2 1 2 1 1 2 1 1 2 3 3 1 2 1 1 2 2 1 1 1 2 1 2 3 1 2 1 1 1 1 1 3 1 1 1 2 1 2 2 1 2 1 3 2 1 1 2 1 1 1 1 1 1 1 1 1 2 1 1 2 1 1 1 1 1 1 1 1 2 1 1 4 2 1 1 1 2 2 2 1 2 1 2 2 1 1 1 1 1 3 3 1 1 1 1 1 2 1 4 1 1 1 1 1 3 2 1 2 3 2 1 2 1 1 1 1 1 2 1 1 1 2 1 1 1 3 1 1 1 2 1 1 1 2 1 1 3 2 1 1 1 1 4 2 2 1 1 2 2 3 1 2 2 2 2 1 2 2 1 1 2 1 1 2 1 1 1 1 4 2 2 2 1 2 1 1 3 1 1 2 1 1 1 1 1 2 1 1 1 1 1 2 1 1 2 1 2 1 1 1 2 2 2 2 1 1 3 1 2 1 1 1 3 1 1 1 2 1 1 1 1 2 1 1 3 3 1 2 1 1 2 3 1 4 3 1 1 1 1 1 3 3 1 2 1 1 2 1 1 2 1 1 2 1 1 1 1 2 1 2 1 1 1 1 5 3 1 1 2 1 3 2 1 2 1 1 1 1 1 1 1 1 1 1 1 1 2 2 3 1 2 1 1 2 2 2 1 1 2 1 3 1 2 1 2 1 5 2 2 2 3 2 1 1 2 2 3 1 2 1 1 2 1 4 2 2 2 1 1 1 1 2 2 2 2 1 3 1 2 2 2 2 3 1 1 2 1 1 1 2 2 1 1 2 1 1 1 3 1 1 1 1 1 2 2 1 1 1 1 2 3 1 1 1 1 2 1 1 1 2 2 1 2 5 1 2 1 1 3 3 2 1 1 2 1 1 2 1 1 2 1 1 1 1 2 1 1 1 1 1 2 1 2 2 1 2 2 3 1 1 2 2 2 1 2 1 2 1 3 1 1 1 1 3 1 1 3 1 1 2 1 1 2 2 1 2 2 3 1 1 2 2 1 2 1 1 1 1 2 1 1 1 2 1 2 2 2 2 1 3 1 1 1 2 2 1 3 2 2 1 1 1 1 1 2 2 4 1 1 2 1 1 2 3 2 1 1 1 2 1 2 2 1 3 2 1 3 1 1 1 3 1 3 2 1 1 1 2 1 2 1 2 1 1 1 1 1 3 3 1 1 2 1 1 3 3 1 1 1 1 1 1 1 1 1 1 1 1 2 4 2 2 1 1 1 3 2 1 1 1 1 1 1 1 1 1 1 1 3 2 5 1 2 1 1 1 2 1 1 2 2 1 2 1 1 2 2 2 2 1 1 1 2 1 2 1 3 1 1 2 1 3 1 2 2 3 2 1 4 1 1 2 3 1 2 2 2 1 2 1 1 1 2 1 1 2 3 1 2 2 1 1 1 2 2 1 1 2 1 1 1 1 4 1 1 3 1 1 2 1 1 1 1 1 1 2 5 2 3 1 2 1 1 1 2 1 2 1 3 3 2 2 1 2 2 1 2 1 1 2 1 2 1 2 1 1 1 3 1 2 1 1 2 1 2 2 1 1 2 3 2 2 1 2 1 1 1 1 2 1 2 1 3 1 2 1 1 3 1 2 1 1 2 1 1 2 1 1 3 1 4 1 2 2 1 1 2 2 1 4 1 3 2 1 2 2 1 1 1 1 2 2 1 2 1 1 1 1 1 2 2 1 1 1 1 1 2 1 1 1 1 1 1 1 1 2 1 1 1 1 1 1 3 1 1 3 1 1 1 3 2 1 1 2 1 2 1 1 1 1 1 1 3 1 1 1 1 4 2 2 4 1 1 1 1 1 2 2 1 1 1 3 1 1 2 1 3 2 1 1 1 1 1 1 1 1 1 1 1 3 1 1 2 1 1 1 2 2 1 2 1 5 2 1 3 2 2 2 2 2 1 1 4 1 1 2 1 1 1 1 1 1 1 1 2 2 1 1 1 1 4 1 1 1 1 3 1 2 1 1 1 2 2 1 2 1 3 2 1 1 1 2 1 1 3 2 3 2 1 1 1 4 2 2 1 1 2 1 2 2 2 1 2 2 1 2 1 2 3 3 2 1 2 1 2 1 2 1 1 1 1 3 1 2 1 1 3 1 1 3 2 3 2 2 1 1 5 1 1 2 1 1 2 1 1 2 2 2 2 2 1 1 1 1 1 2 3 3 2 1 1 1 2 1 1 1 1 3 1 1 2 2 2 1 2 1 1 1 2 1 2 1 1 2 2 1 2 1 1 1 1 1 1 2 2 2 2 2 3 1 3 1 2 2 2 1 1 1 2 2 1 2 1 1 1 2 1 1 2 3 2 3 2 2 1 1 1 3 1 1 3 4 1 1 1 2 1 2 1 4 1 3 3 2 2 1 1 1 3 1 2 2 1 1 1 1 1 2 4 1 3 1 1 3 1 2 1 1 1 1 1 2 2 1 2 1 2 1 1 1 1 1 2 3 1 1 1 1 1 1 1 1 2 1 4 2 3 3 2 2 1 2 1 1 2 2 1 1 1 2 3 1 2 1 1 2 2 1 2 1 4 2 2 2 1 1 1 2 1 1 2 1 2 2 1 1 1 1 1 1 2 1 1 5 1 1 1 2 1 1 1 2 1 1 1 2 1 1 4 1 3 2 1 3 1 1 1 3 1 1 1 1 1 2 3 2 2 3 1 2 1 2 3 2 4 2 1 2 2 2 1 1 1 2 1 1 1 1 3 2 2 1 2 2 2 1 1 1 2 2 1 2 2 1 3 1 1 2 2 1 1 1 2 1 4 4 2 2 1 1 1 1 4 2 1 2 1 1 2 1 1 2 1 1 2 1 1 2 2 1 1 1 1 2 1 1 2 1 3 3 1 1 1 1 2 1 3 1 1 2 2 1 2 2 1 2 1 2 2 1 3 1 1 2 2 1 2 1 1 1 3 1 1 1 1 1 1 1 2 1 1 1 1 2 2 1 2 1 1 1 2 1 1 1 1 1 1 1 1 2 2 1 1 1 1 1 2 1 2 3 1 1 1 2 2 1 1 1 3 1 1 2 1 1 1 1 1 2 1 1 1 1 1 1 2 1 2 1 1 1 1 1 4 1 1 1 2 2 1 4 3 2 4 2 1 3 1 2 4 2 3 1 1 2 2 1 1 1 1 1 1 1 1 1 1 1 1 2 2 2 1 1 1 1 1 1 1 1 2 3 2 2 2 1 2 1 1 1 1 1 1 1 1 3 2 1 3 1 2 1 2 1 2 3 1 1 1 1 1 1 2 1 3 1 2 4 2 1 1 1 1 1 2 1 1 1 1 1 2 3 1 2 1 1 1 3 2 1 1 2 1 2 1 2 1 2 2 1 1 2 1 1 1 1 1 1 2 1 1 2 1 3 1 2 2 1 1 2 1 2 2 1 2 2 1 1 1 3 1 1 2 1 2 2 1 1 1 1 1 2 2 1 1 1 1 2 1 2 1 2 1 2 1 1 2 1 3 1 1 1 2 1 1 1 1 1 1 1 1 1 1 1 3 2 1 3 2 1 1 1 1 2 1 1 2 2 1 1 2 1 3 4 1 2 2 1 3 1 1 2 2 1 1 1 1 4 2 2 1 1 2 1 1 1 1 1 1 1 1 2 1 2 1 1 4 1 1 2 3 2 1 1 1 4 1 1 2 3 4 1 2 1 1 2 1 1 1 1 1 2 1 3 3 1 1 4 1 1 2 1 1 1 2 1 2 1 1 1 1 1 1 2 1 2 1 2 1 1 1 1 1 1 1 1 1 2 1 1 1 1 2 3 2 1 2 1 3 2 2 1 4 3 1 4 1 1 2 1 1 2 2 2 2 2 3 2 1 1 1 2 1 1 1 1 1 2 1 1 3 2 2 3 3 2 1 1 1 2 1 1 1 3 1 1 3 2 2 3 1 3 3 3 1 1 1 1 2 2 1 1 2 2 1 1 1 2 2 1 1 2 2 1 1 2 1 1 1 1 1 1 4 2 3 1 1 2 1 3 1 1 4 1 1 1 3 2 1 1 1 1 1 1 5 1 4 1 1 2 2 1 1 1 2 1 2 1 2 2 2 2 1 3 1 2 1 2 1 1 1 1 1 3 1 1 1 1 1 1 3 1 2 1 2 1 1 4 2 1 1 2 1 1 1 3 1 1 1 1 1 1 3 2 1 3 1 1 2 2 1 1 2 2 2 1 2 1 1 2 2 1 2 1 1 1 1 1 1 1 3 2 2 2 3 1 1 1 1 1 2 3 7 2 1 1 1 1 1 2 1 2 2 1 1 1 1 3 1 2 2 1 1 1 2 1 1 1 1 2 1 1 2 1 1 1 2 1 1 1 1 1 1 1 1 2 2 1 2 1 1 1 1 2 1 1 1 1 1 2 2 1 2 1 2 2 2 2 1 1 2 1 3 1 2 1 2 1 2 1 1 1 1 3 1 2 2 1 1 2 2 1 1 1 3 1 2 1 1 2 1 1 1 1 3 1 2 1 1 1 1 1 1 1 1 1 1 1 1 1 1 2 3 1 3 1 1 2 1 1 1 3 2 1 3 3 1 1 1 1 1 1 2 1 1 1 3 2 1 1 1 3 2 1 2 4 1 1 2 1 1 1 1 1 1 1 2 1 4 4 1 2 1 1 2 1 1 1 1 2 1 1 2 3 3 1 1 3 3 1 3 2 1 2 1 1 2 1 1 2 2 2 3 1 3 3 3 1 1 1 1 1 2 2 1 1 1 3 1 1 2 3 1 1 1 2 1 2 2 3 1 1 2 2 1 1 1 1 1 1 1 1 1 2 4 2 1 2 1 1 1 1 1 1 1 1 2 4 2 2 3 1 1 1 1 3 2 5 1 2 1 1 2 1 2 1 2 1 1 2 1 1 3 1 1 1 1 2 1 1 2 2 3 1 1 2 2 1 1 3 1 1 2 1 2 3 1 1 2 1 2 1 1 2 2 1 2 1 2 1 2 1 2 2 2 1 2 2 3 2 2 3 1 2 2 1 1 1 2 1 1 1 2 1 1 3 2 1 1 1 1 1 1 3 1 4 1 1 1 2 3 1 1 1 1 1 1 2 1 1 1 2 1 2 1 2 1 1 2 2 1 1 4 1 2 1 2 1 2 1 2 1 1 1 1 1 1 2 1 1 2 1 3 1 1 2 1 3 2 1 
  #Test Small 5292
  #Test Medium 11746
  #Test Large 19485
