Board size [mm] 300x300

Stats side 1
  #Components with background 48
  #Components with points 418
  #Components nofly 6
  #Components notouch 5
  #Pins 121096
  #GNDs 3897
  #VDDs 3123
  #Clock 27
  #NoFly points 940
  #NoTouch points 816
  #Points [total] 129899

Stats side 2
  #Components with background 63
  #Components with points 433
  #Components nofly 0
  #Components notouch 1
  #Pins 111282
  #GNDs 3288
  #VDDs 2656
  #Clock 39
  #NoFly points 0
  #NoTouch points 232
  #Points [total] 117497

Stats board (side 1 + side 2)
  #Components with background 111
  #Components with points 851
  #Components nofly 6
  #Components notouch 6
  #Pins 232378
  #GNDs 7185
  #VDDs 5779
  #Clock 66
  #NoFly points 940
  #NoTouch points 1048
  #Points [total] 247396
  #Nets 222028
    Net Size: 7185 5779 66 4 2 3 3 2 1 4 2 2 2 2 2 3 2 2 1 1 2 3 2 1 2 2 1 1 1 2 1 1 1 1 4 1 1 2 1 2 1 2 2 2 4 1 2 1 1 2 2 1 1 3 2 1 3 1 3 2 2 2 1 2 3 1 1 3 1 1 2 1 3 3 1 2 2 1 1 3 3 1 1 2 4 1 2 2 1 1 2 3 2 3 5 4 1 3 1 4 1 2 2 2 2 4 2 1 1 6 1 1 1 1 3 1 1 3 3 4 3 1 2 5 2 3 1 2 3 1 3 1 1 3 2 1 3 1 3 2 1 3 3 1 1 1 6 3 1 2 1 2 1 3 2 1 3 1 2 2 1 1 3 4 5 5 1 2 3 1 1 3 1 1 1 5 4 1 4 1 1 4 3 1 1 3 2 1 1 1 1 2 3 1 3 2 4 1 2 3 2 1 1 1 4 3 1 2 3 2 2 2 2 4 5 2 3 1 2 1 3 4 2 3 1 1 3 1 1 1 2 2 2 4 1 2 2 1 2 1 2 3 1 1 3 3 3 3 1 1 2 2 1 3 1 1 2 2 1 2 2 5 4 2 3 2 1 2 3 1 3 2 3 4 2 3 2 5 4 2 3 2 2 2 4 2 6 4 2 2 5 1 3 7 3 2 3 2 2 1 1 1 1 3 2 2 1 2 3 1 4 2 1 1 3 2 3 2 3 3 2 1 2 2 3 2 3 2 1 1 2 2 2 1 1 2 4 1 3 2 2 4 2 3 4 1 1 2 1 5 1 2 1 4 3 3 2 1 3 1 1 2 2 2 2 3 4 1 2 3 2 4 1 2 3 1 2 3 1 1 4 2 4 2 2 2 2 1 1 2 1 1 1 2 4 2 2 1 2 1 2 4 3 2 3 1 2 2 2 1 3 2 2 2 2 2 4 2 2 2 1 2 1 2 3 2 1 1 3 5 5 1 4 1 1 1 3 1 2 1 1 1 1 2 1 2 2 2 1 2 3 1 2 3 3 2 3 1 2 2 2 1 2 3 2 2 2 1 2 2 2 1 1 3 1 1 1 2 4 2 1 1 2 3 4 2 2 3 2 2 2 1 2 2 3 2 1 4 3 2 1 1 1 3 1 3 1 5 1 1 1 1 2 6 1 3 2 4 2 2 1 2 2 3 1 2 1 3 2 2 1 1 3 1 3 5 2 1 1 3 1 2 3 3 2 1 2 1 3 2 1 2 2 1 2 1 2 1 1 3 2 1 4 1 1 1 4 2 1 2 5 3 1 2 1 1 1 1 2 2 6 1 3 3 2 2 2 1 5 1 1 3 1 3 1 1 1 1 3 4 1 4 3 4 1 3 3 1 4 3 3 2 2 2 4 4 1 3 2 4 2 2 2 1 1 1 2 3 2 4 3 1 3 3 2 2 4 1 1 3 2 1 2 1 4 1 2 4 2 3 1 2 3 1 1 1 1 2 1 2 3 2 4 1 2 8 1 1 2 1 2 3 1 1 3 1 3 3 2 1 3 1 3 1 2 2 2 2 4 1 2 2 2 2 4 1 2 3 2 3 2 6 2 1 2 2 2 1 1 4 2 1 1 2 2 3 4 4 1 2 1 3 2 3 4 2 3 2 2 7 3 2 6 4 1 1 1 2 2 3 3 1 1 3 1 1 3 2 4 1 4 2 3 2 3 1 2 2 1 1 1 2 2 1 4 2 2 2 4 2 5 1 1 1 1 5 1 1 3 1 4 1 1 1 2 6 1 2 3 2 2 4 4 1 2 3 1 1 1 2 2 3 4 2 2 1 1 1 2 4 5 1 1 3 6 1 1 1 1 2 1 3 1 3 1 1 1 1 2 3 2 2 4 2 2 1 1 2 2 2 4 3 2 2 6 1 1 1 3 4 2 2 1 1 2 3 2 1 4 3 4 1 1 1 2 5 2 1 2 2 1 2 1 1 1 2 1 1 1 1 2 2 1 1 2 3 3 1 3 1 2 2 1 1 4 2 1 1 2 2 1 2 3 2 1 1 4 3 3 1 3 2 1 2 2 2 3 1 1 1 1 1 1 1 2 1 4 4 1 2 2 1 4 2 1 4 1 1 1 2 2 2 2 2 2 2 3 1 2 1 1 2 1 3 4 1 3 1 1 4 1 3 2 1 3 4 2 6 1 2 1 1 3 1 2 3 2 2 2 3 1 3 2 4 1 1 1 5 3 1 1 5 4 5 2 2 1 1 2 3 6 2 1 2 2 3 3 2 1 4 1 1 2 4 3 1 2 2 3 2 1 2 1 1 2 2 1 1 4 1 1 3 2 2 3 2 3 2 2 2 4 4 2 2 2 1 2 3 4 1 2 5 1 2 2 1 3 2 2 1 2 2 4 6 1 1 3 1 2 1 1 1 3 1 3 2 2 1 1 1 5 3 2 1 1 2 1 3 4 3 2 1 1 3 2 1 1 4 4 2 1 3 4 1 2 2 3 1 2 1 3 2 3 2 2 4 2 3 2 4 1 2 1 5 1 2 3 2 2 3 1 4 2 3 2 2 1 2 1 1 4 3 2 1 2 1 6 3 1 4 4 5 2 1 4 2 2 2 2 2 1 3 3 1 2 1 4 1 2 2 6 1 3 4 4 4 1 2 1 1 3 1 2 2 2 1 4 1 1 2 2 3 1 2 1 3 4 1 1 1 4 2 2 4 2 1 1 3 3 1 2 2 1 5 1 4 3 3 1 2 2 1 1 3 1 2 2 1 2 2 1 2 2 1 1 3 4 2 1 4 1 3 2 3 1 1 2 3 1 2 4 8 2 1 4 5 2 4 2 2 1 3 5 1 1 2 1 3 3 1 3 2 2 1 4 4 1 3 2 2 1 2 1 4 2 3 2 1 1 1 2 1 4 3 2 2 4 1 2 1 1 1 2 3 2 3 3 2 2 2 2 2 2 3 2 2 3 2 3 1 1 4 2 3 1 1 1 1 2 3 2 1 4 4 2 4 3 4 3 1 2 4 2 1 5 1 3 2 2 2 4 1 1 1 2 2 1 2 4 2 1 3 2 2 3 1 1 2 2 4 3 1 3 2 2 1 4 1 2 1 1 2 1 2 2 2 2 5 1 2 2 1 3 2 1 5 1 3 1 1 4 2 1 1 1 3 2 2 2 3 1 2 4 1 3 2 2 2 3 1 1 3 1 3 2 2 4 3 2 2 2 1 3 1 3 3 2 2 1 1 3 1 3 1 1 3 1 1 3 4 2 2 3 5 3 1 1 1 3 5 3 1 1 1 2 1 3 2 1 1 3 1 2 3 3 4 2 1 1 2 3 1 2 1 3 2 2 3 2 2 3 1 2 1 1 3 1 2 3 1 2 3 2 5 2 1 4 1 1 3 1 1 1 2 2 1 2 4 1 3 3 2 3 3 1 5 3 3 1 2 3 1 1 3 1 1 1 2 3 1 2 4 5 1 3 2 2 1 3 2 4 2 4 2 1 2 2 3 3 2 2 2 2 3 2 3 2 2 2 1 2 2 1 4 1 2 2 5 1 1 1 1 1 3 3 2 2 3 2 3 1 1 2 1 3 3 1 2 1 2 1 1 4 4 1 2 3 1 6 1 2 3 1 2 3 5 3 2 2 5 3 2 5 3 1 2 1 1 5 1 1 2 1 1 1 3 5 2 1 4 1 2 3 2 1 3 1 3 2 2 3 3 1 1 3 2 6 5 1 2 4 1 1 2 2 2 1 1 2 2 1 1 2 1 1 5 1 2 1 2 1 1 3 3 4 1 1 1 4 1 1 3 1 1 4 1 2 1 1 3 1 2 1 1 3 3 3 4 5 1 4 3 3 2 2 3 4 3 3 1 1 2 2 1 2 1 2 4 1 1 3 2 2 3 2 1 1 2 1 2 3 2 2 3 1 2 1 1 3 1 3 1 4 2 1 1 2 3 2 2 1 1 1 1 2 3 3 4 1 1 3 2 2 1 3 1 1 2 2 2 3 2 1 2 4 2 2 3 2 2 4 2 1 2 1 2 3 1 1 1 2 1 1 1 2 3 3 2 1 4 2 2 1 2 2 4 3 4 3 3 1 2 1 1 2 3 1 2 1 1 2 1 2 3 1 2 3 2 2 1 3 1 1 1 1 5 1 3 5 3 4 2 1 5 1 3 4 2 1 1 1 1 1 2 3 3 3 1 1 1 3 1 2 1 1 1 2 2 2 2 2 1 1 1 2 3 4 2 2 1 1 1 1 4 2 2 1 2 2 4 1 3 1 2 3 1 1 4 1 2 2 3 1 2 2 3 3 2 3 6 4 1 1 2 1 3 1 2 2 2 4 2 2 2 1 2 3 1 1 1 1 3 1 3 4 2 1 2 4 2 1 1 4 5 1 1 1 1 4 1 1 2 3 1 2 1 2 3 1 4 1 3 2 1 1 2 2 2 1 1 2 4 1 1 2 3 1 3 2 1 2 4 2 1 4 3 2 2 3 2 2 1 3 2 2 3 1 4 3 3 1 4 3 1 1 1 2 2 2 3 3 2 1 1 2 1 2 2 2 4 6 1 1 2 3 5 3 3 1 1 2 5 2 2 1 1 5 1 1 4 1 2 1 3 1 1 1 1 1 2 2 3 5 4 6 2 1 4 1 1 3 3 1 3 2 1 4 3 1 2 2 1 4 4 1 1 1 3 1 3 1 1 1 3 3 3 1 2 2 3 2 2 3 1 4 2 1 1 1 8 2 1 2 3 2 2 1 2 3 2 1 4 2 2 1 1 1 2 2 4 2 1 2 1 4 2 2 1 1 4 2 2 1 1 1 2 3 3 1 3 1 1 1 4 1 3 2 3 3 1 1 2 2 3 2 4 4 2 3 3 3 2 4 2 1 1 4 2 1 2 1 3 2 1 1 3 3 1 2 1 1 3 3 2 2 2 3 3 1 2 2 2 1 1 3 1 2 2 1 1 1 3 1 2 4 4 3 2 2 2 3 3 2 1 1 1 1 2 1 4 3 1 5 2 1 1 4 2 3 1 1 1 1 4 1 1 1 1 3 2 2 2 4 2 2 3 3 1 2 2 2 2 3 1 3 1 3 3 5 4 2 2 1 1 3 2 1 3 1 1 2 1 1 2 4 1 1 1 3 1 2 1 3 3 3 2 1 2 4 1 1 1 2 2 1 3 1 3 2 1 3 5 1 2 2 4 2 1 1 3 2 2 1 1 2 3 2 2 3 1 2 1 2 3 2 1 1 3 2 3 3 1 2 1 1 6 2 5 1 2 1 1 4 4 1 3 3 3 1 2 2 1 1 2 1 4 2 1 2 3 2 2 3 1 1 4 2 2 2 2 3 3 1 2 2 4 3 2 1 3 2 1 4 2 2 3 2 2 3 1 5 2 1 4 4 2 2 2 3 4 1 2 4 2 2 2 3 2 2 2 3 1 1 2 1 4 1 2 4 1 2 1 2 1 2 1 2 3 1 2 1 2 2 2 1 2 2 1 1 2 3 1 1 1 2 4 1 1 1 4 1 1 3 5 1 1 2 1 3 1 2 3 1 4 4 1 3 1 2 1 2 4 3 3 1 3 3 1 1 4 1 2 3 3 3 1 2 1 1 2 3 2 3 5 2 1 4 1 5 1 2 1 2 4 2 2 5 2 1 1 4 1 2 1 1 3 1 5 4 2 2 3 1 1 1 2 1 1 3 3 2 2 2 2 1 1 4 1 3 1 2 3 3 2 2 4 1 1 2 2 2 1 2 4 1 1 1 4 3 1 4 2 1 2 1 2 2 2 2 1 3 4 2 2 1 2 1 4 1 4 2 4 1 3 1 2 3 2 3 3 1 2 5 5 3 3 3 1 1 1 1 2 1 3 3 2 3 1 1 1 2 2 2 2 1 1 1 2 3 3 1 1 2 4 1 1 3 3 3 3 5 1 5 2 1 1 2 2 2 2 2 2 4 1 1 1 1 2 4 2 3 3 1 3 1 3 4 2 4 2 2 3 2 1 1 1 3 1 4 1 4 3 1 2 3 2 1 1 1 2 2 1 3 3 2 3 2 2 2 1 1 1 4 2 3 2 1 3 1 3 1 4 4 2 3 6 5 2 2 6 2 2 2 1 3 1 2 1 1 2 3 1 1 2 2 2 1 2 3 2 3 5 2 3 1 3 1 1 1 3 4 4 1 2 2 1 2 1 2 2 3 1 3 1 1 1 3 2 2 1 5 1 1 2 1 1 2 1 3 1 3 2 2 1 1 2 1 1 2 2 2 1 3 1 2 5 2 2 2 5 3 2 3 1 2 2 1 2 3 1 3 4 4 1 3 1 2 2 1 1 2 1 2 2 2 1 1 3 1 2 1 1 1 2 3 2 1 4 3 1 2 1 2 2 1 4 3 4 2 2 2 5 1 1 4 1 5 2 2 1 2 1 2 1 2 2 1 3 5 1 2 2 5 3 3 3 3 2 2 2 2 2 5 1 2 2 5 2 1 1 2 1 1 2 1 2 2 2 1 1 1 1 2 1 3 1 2 1 3 2 1 1 1 2 2 2 1 1 1 2 1 2 4 1 1 1 2 1 3 1 3 1 2 3 1 2 3 4 1 3 3 1 2 2 3 1 1 3 1 3 4 1 1 3 1 4 1 6 1 1 2 2 4 7 1 1 5 3 3 4 2 2 2 2 1 2 3 4 1 2 2 3 4 2 1 2 3 1 1 3 3 2 2 3 3 2 2 3 1 3 3 1 2 2 2 1 1 3 4 2 1 1 2 1 2 1 1 2 1 3 2 2 2 3 1 1 2 1 2 4 4 3 4 1 1 1 1 2 2 3 3 1 2 5 2 2 2 1 3 1 2 1 2 1 1 1 1 2 3 1 2 2 1 1 5 2 1 2 2 1 2 1 1 1 4 3 3 2 1 3 3 3 1 2 4 3 4 2 2 2 1 4 2 2 2 3 1 2 1 1 5 4 3 2 4 1 2 4 1 1 3 5 1 2 2 1 1 2 2 2 3 1 1 1 2 2 1 4 2 2 1 2 2 3 2 4 2 2 1 1 1 4 4 2 2 5 2 4 2 1 1 1 3 2 1 2 1 3 4 1 2 2 2 1 2 5 1 2 4 1 2 4 4 2 4 2 1 3 2 4 3 2 5 3 1 2 1 3 3 3 1 1 2 1 2 2 3 1 1 1 4 2 1 3 4 2 4 1 3 2 1 2 2 1 1 2 3 1 2 3 1 2 1 3 1 3 3 2 2 2 2 1 1 1 1 3 3 1 3 2 3 4 1 1 3 3 3 2 2 2 2 3 5 2 2 4 3 2 2 2 3 4 4 4 5 3 1 3 3 1 2 1 2 2 3 4 1 2 3 5 1 3 2 1 2 2 5 2 3 1 3 3 6 3 2 3 2 2 2 3 3 1 2 2 1 1 2 1 2 2 3 1 3 1 1 1 3 1 3 2 1 2 2 3 2 1 1 1 2 4 1 1 3 2 3 1 1 4 1 2 2 1 3 3 5 1 1 2 1 2 3 1 2 2 3 6 3 1 3 1 4 3 2 3 2 2 1 2 2 4 1 2 3 1 2 2 4 2 2 2 1 3 1 3 2 3 2 2 2 2 3 1 4 1 1 2 2 5 2 3 4 3 2 4 3 2 2 2 3 2 1 2 1 1 3 2 2 1 3 1 1 1 3 1 2 2 1 5 2 1 2 1 2 2 2 5 2 2 4 1 2 3 3 1 2 2 1 3 1 2 1 3 3 1 2 3 1 1 2 2 3 1 1 1 2 2 1 1 1 1 2 6 3 2 3 1 1 3 2 1 2 1 2 3 1 1 4 1 1 1 3 2 2 4 1 2 2 1 1 1 2 4 2 2 2 5 3 3 3 3 3 1 5 2 2 3 1 2 1 4 3 2 1 1 3 3 4 1 5 5 1 2 3 3 1 1 4 3 2 4 1 2 1 1 2 3 1 2 1 2 4 3 1 2 2 2 3 3 1 1 3 1 4 5 3 4 1 3 2 3 3 3 4 1 2 3 3 2 3 2 4 2 2 2 1 1 2 4 2 2 1 2 2 1 2 4 2 2 1 3 1 1 1 1 4 2 2 5 1 1 1 3 1 1 1 1 2 3 2 2 4 1 4 4 1 1 3 2 2 3 1 2 5 3 2 4 6 4 2 3 1 2 1 1 2 1 1 1 1 1 1 1 3 1 1 2 2 2 1 1 3 3 2 1 3 1 3 2 1 1 5 2 4 2 2 3 1 1 2 3 1 2 1 3 4 2 1 1 1 2 2 1 1 1 2 1 2 1 3 3 2 2 2 1 2 4 4 2 5 1 2 1 1 1 1 3 1 1 2 2 1 4 1 1 2 3 3 3 2 3 1 1 3 2 3 1 2 4 2 1 2 1 1 3 3 1 1 1 5 1 1 1 1 2 1 3 1 3 3 2 2 1 1 1 2 4 1 4 1 3 1 3 1 2 1 2 2 2 1 2 1 2 2 4 1 3 3 1 2 2 2 1 4 2 3 3 1 1 4 1 3 1 1 2 3 2 2 1 2 2 2 2 1 4 1 1 4 2 3 3 1 3 5 2 3 3 2 2 2 2 1 1 2 1 1 1 2 1 3 1 2 3 1 2 2 4 1 4 3 3 1 2 1 1 2 2 3 2 2 1 2 1 1 1 3 3 2 3 1 2 2 1 1 2 6 1 2 4 2 5 1 3 2 1 2 4 2 3 3 3 1 1 1 1 2 2 2 3 1 1 2 1 2 3 1 2 2 1 2 2 2 2 3 1 1 1 6 1 3 4 4 2 3 5 1 1 2 1 1 1 1 5 2 3 2 3 1 5 1 3 2 2 3 2 2 3 3 1 3 1 4 2 1 3 1 2 6 1 3 3 5 2 2 3 1 2 3 1 3 3 3 1 2 2 1 1 2 4 2 1 3 2 3 2 1 2 1 8 1 2 2 2 2 3 3 3 3 1 1 1 3 1 1 2 1 4 1 5 3 7 4 5 3 1 4 2 1 1 2 2 1 2 2 2 2 1 2 1 1 1 2 2 2 2 4 1 3 2 4 2 4 1 2 1 1 3 1 1 1 4 2 2 1 1 2 3 2 1 2 1 3 5 4 1 1 1 1 1 1 3 4 3 4 1 5 1 3 3 1 1 1 1 1 3 2 1 2 1 1 1 2 2 1 2 2 1 1 2 1 2 1 3 2 2 1 3 2 3 1 2 1 1 5 1 4 1 2 1 1 3 3 1 1 4 2 2 1 4 3 1 2 2 2 1 1 5 3 1 1 1 2 1 3 1 1 3 1 2 2 2 6 4 1 3 5 2 1 3 2 1 1 3 2 2 1 1 2 2 1 1 2 6 3 3 4 2 2 2 3 2 3 2 1 1 1 2 2 2 2 3 3 1 1 1 1 3 3 4 3 3 1 5 1 3 2 5 1 2 1 2 2 1 2 1 1 2 2 1 2 1 3 1 1 4 3 1 1 2 4 1 1 5 4 2 1 3 2 2 3 3 4 1 2 3 2 3 2 1 1 1 2 1 1 2 3 3 2 2 3 3 3 3 2 3 2 1 1 1 2 3 2 3 1 4 2 7 3 2 2 3 2 1 2 1 2 2 1 3 1 3 2 2 1 2 1 2 3 1 2 3 1 1 2 4 1 3 3 4 2 1 2 3 5 1 1 2 3 1 4 3 2 4 1 1 3 2 2 1 1 1 3 1 1 1 4 1 1 1 5 1 2 1 1 2 1 3 1 1 3 3 1 3 3 2 1 1 2 1 1 2 1 1 1 6 2 1 3 3 3 1 1 4 1 1 1 2 4 2 3 5 4 4 2 1 2 2 3 3 1 1 1 2 1 2 2 2 3 1 1 2 4 1 1 1 1 2 4 1 1 2 2 1 3 3 1 1 1 2 1 2 3 3 1 6 1 2 2 1 1 1 2 3 1 1 2 2 2 1 1 1 3 1 2 1 4 1 3 1 1 1 1 1 1 4 1 3 2 1 3 2 3 2 3 1 2 2 1 2 2 1 3 1 3 3 1 1 4 3 7 4 1 2 1 3 1 1 3 2 1 2 1 1 1 2 2 1 1 3 1 2 5 2 1 4 1 2 2 1 3 3 2 2 1 2 2 2 1 1 2 1 3 2 2 3 1 1 1 1 1 4 1 1 1 3 3 4 2 1 4 1 2 4 2 1 1 1 3 1 4 1 2 2 1 3 2 2 1 4 4 1 1 1 1 4 1 5 3 5 2 3 2 1 1 1 3 2 3 3 1 2 3 2 2 1 2 1 3 1 3 4 1 2 3 3 3 1 2 1 3 4 4 4 1 2 3 1 3 1 2 1 2 3 1 1 3 2 2 2 1 1 1 2 5 1 3 1 1 2 2 1 3 1 1 2 2 1 4 3 1 3 3 4 1 1 3 1 3 1 1 3 2 2 2 1 2 1 1 1 2 1 5 3 1 2 3 3 1 2 3 1 1 7 1 1 3 2 3 3 1 3 1 3 2 2 4 2 2 3 3 5 2 3 2 1 3 3 2 1 1 2 1 1 1 5 1 3 4 3 1 2 2 1 3 1 2 1 4 1 3 1 2 4 1 1 1 3 2 1 1 1 5 5 4 2 1 4 1 1 1 3 2 2 3 1 1 2 1 3 3 3 3 3 2 1 1 5 1 4 1 1 2 2 3 1 2 3 1 1 2 3 3 1 1 1 1 1 2 1 2 3 1 1 1 2 1 2 1 2 3 2 1 2 7 1 1 1 2 2 4 2 2 3 2 2 2 3 1 1 3 2 3 2 3 3 6 1 2 2 2 2 1 2 1 3 1 4 3 1 2 2 3 1 4 3 4 2 3 2 1 2 3 4 2 1 3 2 1 3 2 3 2 5 2 1 1 1 2 2 3 3 2 2 4 2 1 2 1 4 4 2 1 1 4 2 1 1 1 3 1 1 1 1 4 1 5 1 2 4 2 3 1 3 3 2 4 1 1 2 1 3 5 1 1 1 4 3 1 2 2 2 1 2 2 1 1 2 1 1 1 1 7 1 1 1 1 1 1 1 1 2 1 3 1 1 2 2 2 1 4 2 1 1 2 2 2 4 1 4 3 2 1 1 2 1 2 1 2 1 3 1 3 1 6 2 2 2 1 2 1 2 3 2 3 2 1 6 2 2 3 2 2 1 3 2 3 3 2 2 4 1 2 1 1 3 3 1 1 4 2 3 1 3 1 1 2 2 2 1 2 1 1 5 2 4 1 1 2 2 2 4 3 1 2 1 1 2 1 4 3 3 2 2 2 4 3 1 2 1 2 1 1 1 2 2 3 2 2 2 3 2 1 2 2 4 2 3 1 2 1 1 1 1 4 2 3 1 2 1 2 2 1 3 2 1 1 3 1 4 1 1 2 3 5 2 3 1 2 1 2 1 3 2 3 2 2 1 2 3 4 2 1 3 2 2 3 1 4 1 1 1 1 3 1 3 2 2 2 1 3 3 1 1 1 1 1 3 2 2 3 6 2 3 1 4 3 1 1 1 3 2 2 1 2 3 1 1 2 1 2 1 1 2 3 5 1 2 2 3 2 2 2 1 1 2 1 2 1 3 1 1 4 2 2 2 2 3 1 2 1 1 2 4 1 1 1 1 3 1 3 2 1 3 5 1 1 3 1 3 2 1 1 4 2 1 3 1 2 2 2 2 2 2 1 1 5 1 2 6 1 2 1 3 3 2 4 1 2 1 2 1 1 1 3 2 2 2 2 4 4 2 1 4 1 4 3 2 1 1 1 2 4 1 2 1 3 3 1 3 3 1 1 1 1 2 3 3 1 2 3 1 4 2 4 1 2 2 3 3 1 1 1 1 3 2 1 1 2 3 1 1 1 1 2 2 1 1 2 3 1 1 2 1 1 2 2 2 4 1 2 2 1 1 3 3 3 2 5 3 2 2 3 5 3 2 3 1 1 5 3 1 4 2 1 3 1 2 2 1 1 1 3 2 2 1 6 3 1 2 2 2 6 1 1 1 2 3 2 2 2 1 2 1 3 3 2 3 3 3 2 1 2 2 1 3 1 3 1 1 2 1 3 2 3 2 3 1 1 2 1 2 2 2 4 2 1 1 2 2 2 3 1 3 1 1 1 2 2 2 3 1 1 2 2 2 3 2 2 2 3 3 4 2 4 5 1 1 4 1 1 1 2 1 1 1 1 5 3 3 3 3 3 2 5 2 2 2 3 1 1 2 1 1 2 2 2 3 2 3 2 4 4 3 1 1 4 1 2 1 1 3 2 1 2 3 1 2 1 1 1 2 1 1 2 3 3 1 1 2 2 1 3 1 1 4 1 3 3 1 3 1 1 1 1 1 1 4 2 2 4 4 3 1 1 4 1 1 2 4 4 3 1 2 2 1 5 4 1 2 5 3 3 2 4 4 2 3 3 1 1 2 2 2 6 4 1 1 2 2 1 3 1 1 1 2 1 2 3 4 3 2 3 2 1 2 6 4 1 2 5 3 2 2 2 3 1 2 1 2 2 2 1 1 1 1 1 2 3 2 2 4 4 4 5 2 2 3 2 2 1 1 1 2 3 2 1 5 2 1 3 6 3 2 3 1 1 2 4 2 1 1 2 2 2 4 2 3 3 1 1 2 4 2 2 4 2 1 1 1 1 2 1 3 2 3 3 1 3 4 5 1 1 3 1 2 1 1 1 1 2 2 4 1 1 2 1 1 1 2 2 1 3 5 1 3 5 3 1 2 2 2 2 4 1 2 2 2 1 3 5 4 1 1 1 2 1 1 3 2 1 4 1 1 1 5 2 4 3 2 2 2 1 4 3 5 6 3 3 2 3 1 2 2 3 2 1 1 1 2 3 3 4 1 2 3 2 3 2 3 1 2 3 2 1 1 1 3 1 3 2 3 3 1 2 1 1 2 3 1 3 3 2 1 1 1 3 1 1 5 1 1 3 3 1 2 3 2 1 1 5 2 3 2 1 1 2 3 4 1 1 1 2 7 1 5 3 2 1 2 1 1 2 1 2 4 3 4 4 3 3 4 1 3 1 2 1 3 2 1 2 2 2 4 1 1 1 3 1 1 2 2 9 1 1 1 1 2 2 3 2 1 2 8 3 2 2 3 1 2 3 6 1 4 2 1 2 2 1 3 3 2 4 1 3 2 1 2 2 1 3 2 2 1 2 1 1 3 3 2 3 2 2 3 1 1 1 1 3 3 2 1 3 1 1 2 1 1 1 4 5 4 3 5 3 1 1 2 5 3 3 4 3 3 2 1 1 3 1 1 1 2 4 2 3 1 2 1 1 6 2 3 1 3 1 4 1 1 2 2 3 4 1 2 2 4 3 1 2 2 1 3 3 2 1 6 2 4 1 1 4 1 1 1 2 2 4 3 1 1 2 1 5 2 1 4 2 2 2 2 5 4 1 1 1 1 3 1 1 1 5 1 1 2 3 3 2 3 3 2 2 2 3 1 3 3 3 2 3 3 1 2 1 3 1 1 1 2 1 2 3 1 2 3 1 1 1 3 4 3 1 1 2 3 2 1 3 2 7 1 1 1 1 3 4 4 3 2 1 1 3 2 4 1 2 2 1 2 3 1 4 3 2 3 1 2 2 1 3 1 2 5 2 3 2 4 2 2 5 4 3 3 1 2 3 3 3 3 3 2 1 6 2 1 4 1 1 1 3 2 2 1 1 3 3 1 4 1 1 1 4 3 2 1 1 3 1 5 1 2 1 1 3 3 2 1 3 1 2 4 1 3 3 1 3 2 1 1 1 2 1 3 3 2 2 1 4 2 1 3 4 2 1 2 2 4 4 2 3 1 1 1 1 4 2 3 2 1 2 3 3 3 1 3 2 2 1 1 3 2 3 5 1 2 3 5 5 3 2 2 6 1 2 2 1 4 3 1 1 1 2 3 3 5 3 3 2 2 1 3 2 1 2 1 1 3 6 1 3 5 1 2 1 2 2 4 2 3 2 3 3 1 1 1 2 4 2 1 2 1 2 4 1 2 5 4 4 3 1 2 1 2 3 2 1 2 4 1 3 2 2 1 1 4 6 1 2 2 1 2 1 4 2 1 2 1 1 3 1 2 3 2 1 2 1 5 2 1 7 3 3 3 1 5 2 2 1 3 2 2 2 3 1 1 2 2 5 2 1 3 3 2 1 2 3 2 1 1 2 1 1 2 1 1 1 1 1 1 1 3 2 4 1 1 2 2 2 3 2 3 2 1 2 5 2 1 2 2 3 1 2 4 3 2 2 1 4 2 1 3 3 4 5 1 1 4 1 4 1 2 4 1 4 3 3 2 3 1 2 3 1 1 1 2 6 1 2 1 2 4 1 1 1 2 4 1 2 1 3 3 4 2 2 3 1 1 2 5 2 2 2 3 4 1 2 2 3 1 4 3 2 6 1 2 2 3 2 1 3 4 2 1 1 1 1 1 1 3 3 1 3 4 1 1 1 1 1 1 3 2 3 4 5 4 1 2 3 2 4 1 3 3 1 3 3 1 1 2 1 3 4 2 3 1 1 1 2 3 2 1 1 4 3 3 1 2 5 5 1 1 2 3 4 3 3 1 1 1 1 1 1 1 2 3 1 1 1 4 3 3 2 2 3 4 2 1 3 3 2 1 5 1 2 1 1 2 3 2 1 1 2 1 2 2 1 1 1 1 2 2 1 2 1 2 8 2 2 2 2 4 1 2 1 2 4 4 1 1 1 1 2 2 2 3 1 1 3 3 1 1 3 1 1 2 1 3 3 2 2 1 1 2 3 2 4 4 3 1 1 1 1 2 1 2 3 3 1 1 3 1 3 1 1 2 2 3 3 2 1 1 2 1 3 6 2 2 1 2 1 2 1 3 2 5 2 3 2 2 2 2 4 2 3 1 1 1 2 4 2 1 3 3 3 3 4 3 1 4 1 1 2 2 2 3 1 1 3 1 3 3 2 3 3 2 4 4 4 4 1 2 6 1 1 3 4 1 2 2 1 2 1 2 2 1 2 2 2 1 1 2 2 4 5 1 3 1 4 1 1 2 4 1 2 2 4 2 1 3 1 2 1 1 2 2 2 3 2 1 1 3 3 3 4 1 3 4 2 4 3 2 2 3 2 2 1 3 1 2 2 2 1 2 2 5 1 3 4 5 2 2 1 3 2 5 2 1 1 3 2 1 1 2 1 2 2 3 2 2 3 2 1 2 1 3 3 1 3 3 1 2 2 1 2 1 3 2 1 1 1 1 1 3 2 1 1 2 2 3 2 2 2 1 1 1 2 1 1 4 2 3 4 1 2 1 2 1 3 1 3 3 1 3 1 3 2 1 1 1 1 3 4 2 2 1 1 2 1 1 1 2 1 5 3 2 4 3 2 4 2 1 2 4 1 5 4 1 3 1 3 2 3 4 1 3 3 3 5 2 2 3 2 3 1 1 2 1 5 2 1 1 2 1 1 2 1 4 2 1 2 3 4 1 1 2 1 3 2 1 3 3 3 2 3 1 3 1 3 2 2 1 3 4 1 1 2 3 6 1 1 2 1 1 1 2 3 2 3 1 2 2 1 4 1 1 3 2 3 2 3 1 2 4 4 1 4 1 1 2 1 1 3 1 2 1 3 5 2 2 3 3 4 4 1 1 2 2 5 1 1 2 2 2 2 1 2 1 3 2 3 3 3 3 3 2 3 1 2 4 1 2 2 3 1 2 2 2 2 2 2 3 1 3 2 1 2 6 1 3 1 4 1 1 3 3 3 3 1 2 2 2 2 2 2 2 1 4 1 4 1 1 1 1 1 1 3 4 2 2 3 1 2 3 3 3 2 2 1 2 1 1 2 1 2 3 1 3 3 5 2 3 2 2 4 1 2 3 1 2 1 4 1 1 3 2 5 1 2 3 1 2 3 1 1 3 1 2 2 1 2 1 4 2 2 3 1 2 1 4 2 2 2 1 1 2 2 4 2 4 2 6 2 4 2 2 4 1 2 2 4 2 3 1 1 3 1 1 1 1 2 2 1 1 2 3 1 3 1 3 3 1 3 3 1 2 3 2 2 1 1 2 1 2 2 6 1 2 2 2 2 1 2 3 1 3 2 4 2 3 1 1 2 3 4 2 5 5 1 4 1 2 1 2 1 3 1 2 2 1 6 2 1 4 1 1 2 2 1 2 2 2 6 3 4 1 1 3 1 2 2 1 1 2 1 3 1 3 3 1 1 2 1 2 2 2 1 2 3 1 4 2 3 5 1 1 1 2 2 4 1 3 1 2 3 2 3 2 5 1 1 1 3 3 1 1 2 3 2 1 1 5 2 3 1 3 4 1 2 2 3 2 6 2 1 3 2 2 2 1 1 1 3 2 4 3 2 2 2 1 1 3 2 2 1 2 4 1 3 1 2 1 2 2 1 2 2 2 1 1 3 2 2 3 2 2 1 2 4 1 4 3 3 2 1 3 1 1 1 1 2 3 2 5 5 5 1 1 3 4 4 4 2 1 2 3 1 1 2 2 1 2 2 1 3 1 1 3 3 4 1 3 1 2 5 2 1 3 2 2 1 1 1 1 1 1 3 2 1 3 1 2 3 4 5 2 1 5 1 4 1 1 1 1 3 5 1 3 1 1 3 4 2 2 2 2 2 1 5 1 2 3 4 3 4 1 4 4 2 2 1 2 2 3 1 3 2 1 1 3 2 5 1 2 2 2 3 2 4 1 1 1 4 2 2 3 3 1 1 3 4 1 1 1 1 1 3 1 2 3 1 3 1 2 3 5 2 1 1 5 3 1 3 2 3 1 1 1 1 1 1 1 1 1 1 1 2 2 1 6 4 4 2 1 2 3 2 3 1 5 1 1 5 2 1 2 2 1 2 1 1 1 1 1 1 1 2 2 2 2 2 3 2 3 1 3 2 1 2 1 1 1 2 2 1 2 2 3 2 1 3 1 3 5 5 5 4 4 2 1 2 3 1 3 4 3 1 2 1 1 1 1 2 2 2 1 2 1 4 5 3 3 3 2 1 1 4 3 1 1 3 1 1 2 4 4 3 1 3 2 1 1 1 1 2 1 3 4 1 3 1 2 2 3 2 2 2 3 1 1 3 3 1 1 5 2 1 1 2 1 3 3 4 1 1 1 2 1 1 1 3 2 2 3 3 3 1 2 1 1 2 2 3 2 3 1 3 2 2 2 1 3 2 5 1 1 3 4 3 5 1 2 2 1 3 2 1 1 2 3 3 2 1 5 1 1 4 1 3 3 2 1 3 2 2 1 1 3 1 2 5 2 6 1 1 1 2 1 3 2 2 1 1 1 2 6 3 3 2 1 3 3 1 4 1 1 2 3 2 4 4 4 3 1 2 2 5 2 1 2 3 1 1 3 1 1 2 1 4 2 4 1 1 5 1 1 3 2 2 1 2 2 3 2 1 4 3 2 3 4 1 1 1 1 3 3 1 2 1 4 3 1 5 3 3 5 4 1 2 2 2 1 1 3 1 4 2 1 3 3 5 3 1 3 1 1 1 3 3 2 1 1 4 2 3 1 4 4 1 2 2 4 4 1 2 1 5 1 1 3 2 2 2 3 2 2 4 1 3 2 3 2 1 2 1 4 2 2 1 1 2 2 2 1 5 3 2 1 1 2 2 5 1 2 3 4 2 2 1 4 4 4 3 2 1 3 1 2 2 2 2 1 5 2 2 3 2 2 2 3 2 1 1 1 1 1 2 1 2 2 4 2 2 2 2 3 2 1 2 3 2 2 2 1 1 2 3 3 1 1 1 2 1 3 3 3 2 1 3 2 2 1 3 3 1 2 3 1 1 2 1 2 1 1 3 2 3 1 2 2 1 1 3 1 1 2 2 1 1 3 3 2 2 1 3 1 1 2 2 4 5 6 3 5 1 1 1 6 1 3 3 2 1 1 1 1 4 1 3 2 4 1 1 1 1 2 1 3 2 3 2 5 2 1 2 1 2 3 2 3 1 1 4 3 4 1 1 2 1 6 1 2 1 2 2 2 2 1 3 4 2 4 3 2 1 1 1 3 1 1 1 4 4 1 3 2 2 2 2 4 3 6 1 1 1 2 4 4 3 4 1 2 3 2 1 1 2 3 3 1 1 2 2 2 6 2 3 2 2 3 1 4 2 1 1 1 2 3 1 2 4 8 3 1 1 2 1 2 2 2 1 1 3 3 2 3 3 3 1 2 1 3 1 1 2 1 5 2 4 2 4 1 1 4 3 2 3 2 2 2 3 3 3 4 1 1 2 3 3 2 2 1 2 4 4 3 3 3 2 1 2 3 2 2 3 3 4 4 2 2 4 1 3 1 5 2 1 1 1 2 2 1 1 2 1 1 1 1 2 1 1 4 2 3 1 2 3 7 4 1 2 4 3 1 1 3 2 3 2 2 1 1 2 1 1 1 1 2 4 2 2 1 1 5 1 2 1 2 1 1 1 2 1 1 2 4 1 4 3 2 2 1 1 1 1 2 2 2 3 1 1 2 1 6 1 3 1 2 3 3 1 1 3 2 3 2 3 5 2 5 2 3 3 1 3 2 3 3 2 1 1 1 3 3 2 4 4 1 2 2 2 2 2 1 2 4 2 2 2 2 3 1 2 2 2 3 2 1 1 1 1 1 3 1 3 1 4 4 1 1 2 1 1 4 1 3 2 4 1 1 1 1 1 1 2 1 3 3 2 1 2 1 2 2 2 1 2 2 2 1 2 2 3 2 2 3 2 3 4 1 3 2 2 1 3 1 2 1 3 1 1 2 1 1 2 2 4 1 4 1 2 3 1 3 2 1 1 1 2 3 3 1 1 1 1 1 2 2 2 1 1 1 2 2 1 1 3 3 1 1 2 3 2 1 2 1 2 1 2 1 1 1 2 2 3 2 2 5 1 1 1 2 2 2 3 4 1 2 3 1 1 2 3 2 2 2 2 2 2 3 3 1 4 3 1 5 1 2 1 2 5 2 1 2 2 1 1 2 2 5 2 1 2 1 1 2 2 1 1 1 1 5 2 1 1 2 3 2 3 1 2 1 3 2 1 2 3 1 4 1 1 1 3 3 1 1 3 2 2 1 1 1 2 1 1 1 2 2 3 3 3 3 4 1 2 1 1 1 2 3 3 2 1 1 2 1 3 2 4 1 2 5 2 4 1 1 2 5 2 1 3 1 1 3 2 2 2 5 3 3 1 1 2 2 4 2 2 3 6 1 4 2 3 3 1 2 1 1 1 1 2 5 2 1 3 2 1 3 2 2 2 2 2 2 1 1 1 2 5 2 3 1 3 2 2 1 4 1 3 3 1 3 1 2 3 5 1 2 1 4 7 1 1 1 3 2 1 1 6 1 4 3 1 1 2 1 3 5 4 2 3 2 1 1 2 2 2 1 1 1 2 1 1 2 1 2 1 3 4 1 2 2 4 3 4 2 2 1 1 1 3 1 4 2 2 1 2 3 1 1 3 3 1 2 2 2 2 4 2 1 4 1 1 2 1 2 1 3 3 2 2 2 1 1 2 2 4 3 3 1 4 1 2 1 1 2 2 2 4 1 2 1 2 1 1 2 2 1 2 1 2 1 1 2 3 3 3 5 2 3 5 3 1 2 3 3 1 1 2 1 4 2 3 2 2 1 1 1 3 2 1 4 2 5 2 2 1 2 3 1 1 2 2 1 3 1 1 5 2 2 2 3 1 2 1 2 2 2 1 3 3 1 1 1 2 2 3 2 3 2 1 1 2 2 2 4 2 1 1 3 1 1 4 2 2 2 4 2 2 3 1 4 2 4 1 2 3 2 1 4 2 4 1 2 1 2 4 1 2 3 4 2 1 3 2 2 3 2 2 1 1 1 4 1 3 1 1 2 1 1 1 3 2 2 1 1 2 1 1 2 3 4 2 3 1 2 1 4 1 2 3 2 2 4 3 2 4 2 4 4 1 2 1 1 1 1 2 2 1 2 5 1 2 1 2 1 2 4 2 1 2 1 2 2 3 2 2 1 2 3 5 3 1 1 2 2 1 2 1 3 1 3 2 1 3 3 3 2 2 1 2 2 1 2 4 2 2 1 2 1 3 2 1 2 1 3 3 1 1 3 3 4 1 1 2 1 3 1 1 3 3 1 6 1 1 1 3 4 1 4 1 1 2 2 1 1 1 1 2 1 1 2 3 1 2 1 3 1 1 5 3 1 4 1 1 3 1 4 2 1 4 1 1 2 1 2 4 2 1 1 1 2 2 2 3 2 1 1 4 1 2 1 2 1 1 2 1 3 1 2 2 3 1 1 4 2 1 2 1 2 1 1 5 1 3 7 3 2 1 3 3 1 3 4 3 1 3 2 4 2 2 2 4 4 2 3 2 1 2 3 1 1 2 1 3 3 2 3 2 3 2 4 2 1 1 4 1 2 2 1 4 1 6 2 2 2 3 1 2 3 1 2 1 1 4 2 1 3 2 4 1 3 3 2 1 1 1 1 2 4 2 1 2 1 2 1 3 1 2 3 5 1 1 6 2 4 1 2 1 1 1 2 2 2 3 2 1 1 2 1 4 4 2 1 1 1 3 2 1 1 2 2 5 5 4 2 1 4 1 2 1 3 2 2 4 1 2 1 3 4 4 2 1 1 1 1 1 3 3 2 5 5 1 2 3 3 1 1 3 1 2 4 3 3 1 1 1 2 1 1 2 4 1 1 2 3 2 4 1 1 2 2 2 1 2 1 1 2 6 1 2 2 2 4 3 1 1 3 2 1 2 4 4 3 2 1 2 3 3 1 4 2 3 2 2 1 1 2 2 1 2 2 2 2 1 2 2 2 1 3 2 1 1 2 1 1 2 3 2 3 1 3 2 3 2 2 1 1 2 2 3 1 4 3 3 1 1 1 3 1 3 1 1 3 4 1 2 1 3 1 4 1 2 3 1 1 2 2 1 2 3 6 2 2 1 2 2 3 3 3 4 1 2 5 4 2 4 2 3 1 1 1 2 2 1 1 1 3 1 2 1 2 1 1 1 1 3 3 1 2 3 4 2 1 1 2 1 2 1 1 2 2 5 3 2 1 2 2 4 3 3 1 3 3 2 3 2 1 3 3 2 1 2 1 3 1 3 1 1 1 2 2 1 2 4 1 3 2 2 1 7 2 2 1 1 3 1 4 3 1 1 2 2 2 3 1 1 1 1 1 1 3 1 3 2 1 1 1 2 6 3 3 4 2 2 1 4 2 2 2 2 3 3 1 2 2 4 2 1 2 7 4 2 3 2 2 4 1 1 4 1 4 2 3 1 1 3 3 4 1 2 2 2 1 1 1 2 2 2 1 1 2 1 1 2 1 5 2 2 1 2 2 2 3 3 1 2 3 1 3 1 3 1 1 1 3 4 4 2 3 1 1 4 1 1 1 2 1 2 2 1 1 4 1 2 2 1 1 5 1 7 2 1 1 2 2 2 2 5 1 1 2 4 2 1 1 4 1 1 4 2 5 3 3 2 4 2 3 4 1 3 1 2 2 2 3 1 2 3 4 2 4 2 5 2 1 2 1 2 2 2 2 5 1 1 2 1 1 3 2 1 1 4 1 1 1 1 3 1 2 2 2 1 3 3 1 2 1 2 1 3 1 1 4 1 4 4 1 3 1 1 3 3 3 2 2 1 2 1 1 1 1 2 2 1 2 1 3 3 1 1 3 3 1 1 2 5 2 1 4 1 1 1 4 1 1 2 1 1 2 6 1 5 2 1 2 2 3 2 3 2 2 1 3 2 3 2 2 3 2 2 3 3 1 1 5 4 2 5 2 2 4 1 1 1 1 1 3 1 4 2 4 1 2 2 1 2 3 4 1 2 4 2 2 1 1 3 1 3 1 1 2 2 3 3 1 1 4 2 1 3 3 1 3 3 3 5 2 3 2 2 1 1 3 2 2 3 1 4 2 2 3 2 2 2 6 1 3 3 2 2 2 2 3 4 1 1 1 2 1 1 1 1 3 1 2 3 2 1 3 1 1 4 2 1 3 1 3 1 3 3 1 2 2 2 3 2 3 3 2 1 3 1 3 2 3 1 1 1 1 2 3 1 1 2 1 1 2 4 2 2 3 5 2 1 3 4 3 2 1 2 3 2 1 3 2 1 1 2 2 3 1 1 2 2 4 2 2 3 6 2 2 3 2 1 4 3 2 3 1 1 2 2 1 2 1 1 2 1 1 1 1 3 1 1 1 4 3 3 1 1 2 1 2 2 2 4 1 1 2 1 2 1 2 1 2 2 6 2 2 1 3 1 1 3 2 1 3 1 4 3 3 1 2 1 1 2 5 1 1 2 1 3 3 5 1 3 1 1 4 4 3 1 1 1 3 2 1 1 1 1 1 2 2 6 3 1 1 1 4 3 2 3 1 1 2 2 1 1 1 1 4 1 2 2 3 4 1 3 1 1 1 3 5 3 1 3 1 1 3 2 2 1 2 3 7 1 3 1 2 1 1 2 1 3 4 1 4 3 1 4 2 2 4 1 2 5 1 2 2 3 2 1 1 1 3 2 3 1 2 2 2 2 2 3 2 4 1 1 1 3 2 2 2 1 3 1 2 2 2 5 1 3 2 1 2 2 4 1 3 3 1 2 2 2 1 2 2 1 1 2 1 2 3 2 3 1 2 2 1 2 2 1 1 1 1 2 3 2 2 2 1 1 2 2 2 2 1 2 3 3 3 3 1 1 3 3 3 4 1 3 3 4 2 2 2 1 2 5 4 1 4 2 1 2 4 4 1 2 3 2 4 3 2 2 4 1 1 3 1 1 2 1 1 5 2 2 2 2 1 2 2 2 2 3 2 4 2 2 1 1 1 3 2 2 4 1 4 3 2 4 2 2 3 2 1 1 2 1 7 2 2 2 2 3 3 2 2 2 1 3 2 1 2 1 3 2 1 2 2 2 1 2 2 1 2 1 1 1 2 3 1 1 3 3 1 1 2 3 1 3 2 3 3 2 3 1 1 1 2 1 5 2 3 4 2 2 2 2 1 3 1 2 2 1 1 1 2 1 3 1 4 1 1 4 3 3 2 1 2 1 1 3 1 1 3 1 3 3 2 1 2 3 3 2 5 4 3 1 2 1 4 2 2 2 2 1 4 1 2 4 3 2 1 1 3 4 3 1 5 1 4 4 1 1 1 2 2 5 4 1 2 4 3 4 4 4 1 2 2 3 4 3 5 1 1 1 1 4 1 2 3 2 3 3 2 1 5 2 3 1 2 1 3 1 5 1 1 2 2 2 1 4 2 1 2 2 1 2 3 2 1 1 1 2 2 1 1 1 2 1 1 2 1 1 1 1 2 2 1 1 3 5 3 2 4 2 1 1 1 3 4 1 1 2 2 1 2 2 1 1 2 1 7 1 2 2 2 3 3 5 2 1 2 1 3 2 1 3 3 2 3 4 2 1 3 1 2 1 1 2 1 1 4 1 3 2 1 2 3 2 1 2 2 3 3 2 4 2 1 3 1 2 2 1 1 3 2 3 3 1 1 1 2 1 2 2 1 1 1 3 1 1 2 3 1 2 5 1 3 2 2 1 3 1 2 1 1 1 1 2 2 2 3 4 1 2 1 1 2 7 1 3 2 1 1 2 3 4 3 1 4 3 5 2 4 3 2 1 2 1 2 1 4 1 7 4 2 2 2 2 2 3 3 4 1 4 1 1 1 3 2 1 1 1 3 3 2 1 1 2 4 2 2 2 3 4 3 3 1 1 1 1 1 3 3 3 4 2 5 1 2 2 1 3 1 1 2 1 1 1 1 2 1 4 1 2 1 2 1 2 2 4 3 3 4 2 3 1 2 1 3 2 3 4 5 1 2 2 1 1 1 5 2 2 2 3 2 2 1 1 4 1 2 1 1 2 2 2 3 1 1 4 2 2 3 2 2 2 2 3 2 4 1 1 1 1 2 2 2 1 3 2 2 1 3 3 4 1 1 4 2 2 1 1 2 1 3 1 3 1 3 1 2 1 1 1 1 2 1 1 1 1 3 2 1 3 1 3 2 1 1 1 5 5 1 1 1 2 3 3 1 1 1 1 2 1 1 5 3 2 2 2 3 2 3 1 2 1 1 2 2 1 2 4 3 1 1 1 3 2 1 1 1 4 4 2 4 3 2 5 1 3 3 2 4 1 1 3 4 3 1 3 2 2 2 2 1 2 3 2 1 1 2 5 2 4 1 1 3 2 1 1 4 4 1 5 3 1 1 3 1 4 3 1 1 3 1 2 1 3 1 2 1 3 2 1 3 2 1 2 4 1 1 2 1 3 1 2 1 3 1 1 4 2 4 1 1 3 4 3 2 1 3 1 3 2 2 3 2 1 2 2 2 3 4 3 2 5 1 2 2 2 3 5 1 2 1 1 1 1 3 2 2 3 7 1 1 2 1 1 2 4 1 1 1 5 1 3 2 2 1 2 2 4 2 2 2 1 1 1 4 4 1 3 4 2 4 3 3 1 3 1 2 1 3 1 2 2 1 1 1 1 1 2 1 3 1 1 2 1 1 3 3 3 2 2 1 2 2 1 2 1 1 5 2 1 1 2 2 3 1 3 1 1 1 1 2 2 1 3 1 1 2 3 2 2 2 2 1 3 1 3 3 1 1 3 5 3 2 1 2 3 2 1 1 1 3 4 2 4 1 3 2 3 1 2 1 1 
  #Test Small 23261
  #Test Medium 39942
  #Test Large 60323
