Board size [mm] 75x175

Stats side 1
  #Components with background 11
  #Components with points 99
  #Components nofly 1
  #Components notouch 6
  #Pins 13441
  #GNDs 261
  #VDDs 201
  #Clock 7
  #NoFly points 138
  #NoTouch points 1048
  #Points [total] 15096

Stats side 2
  #Components with background 23
  #Components with points 96
  #Components nofly 1
  #Components notouch 0
  #Pins 17675
  #GNDs 762
  #VDDs 710
  #Clock 6
  #NoFly points 138
  #NoTouch points 0
  #Points [total] 19291

Stats board (side 1 + side 2)
  #Components with background 34
  #Components with points 195
  #Components nofly 2
  #Components notouch 6
  #Pins 31116
  #GNDs 1023
  #VDDs 911
  #Clock 13
  #NoFly points 276
  #NoTouch points 1048
  #Points [total] 34387
  #Nets 1661
    Net Size: 1023 911 13 1 1 1 3 1 1 1 1 1 3 2 2 2 2 1 3 1 2 1 3 1 3 5 5 2 1 4 2 2 1 3 2 4 1 3 1 1 2 1 2 2 2 4 2 2 4 1 3 5 1 2 3 1 3 3 2 2 1 2 5 3 5 3 2 4 1 2 2 4 1 3 2 3 1 1 1 1 2 1 2 1 4 3 1 1 1 2 2 2 1 3 1 1 1 1 1 3 1 1 3 1 8 1 4 1 2 2 2 1 2 3 2 2 2 1 1 2 1 3 3 3 1 1 2 2 5 1 3 3 1 1 1 2 2 2 2 4 1 1 2 1 1 1 1 2 1 4 3 3 1 2 1 1 3 1 2 2 2 1 1 1 2 2 2 1 3 4 2 2 2 2 3 1 2 2 1 3 3 1 1 2 2 2 2 2 1 1 1 2 3 1 1 2 1 1 1 1 1 3 2 2 1 1 3 2 1 5 1 1 2 1 2 1 1 1 4 1 1 2 1 1 1 3 1 1 1 2 1 2 1 1 3 3 1 2 1 2 1 4 2 1 3 1 3 2 4 1 1 3 2 1 2 1 1 2 1 1 1 1 2 1 1 1 2 3 2 2 1 2 3 1 5 3 2 2 3 1 1 6 2 1 1 3 2 1 3 3 1 1 2 2 1 1 1 3 2 1 1 2 1 3 2 1 3 2 1 2 4 2 2 1 4 1 2 1 2 2 1 1 3 1 2 2 2 3 2 3 2 2 1 2 3 2 3 1 2 3 1 3 1 3 1 1 1 2 1 2 2 2 3 2 1 3 1 2 3 3 1 1 3 1 1 3 3 1 1 4 3 3 1 2 3 2 1 1 2 2 2 1 1 1 1 1 1 1 3 1 2 1 1 1 1 2 2 2 3 2 1 2 3 3 3 1 1 1 2 1 1 5 4 5 2 2 1 4 4 2 1 1 2 2 1 1 1 2 5 2 1 1 2 3 1 1 2 1 2 1 2 2 7 2 1 2 1 3 1 2 1 1 4 2 2 3 2 2 1 1 1 1 1 3 2 1 1 2 1 2 2 1 1 2 1 3 3 1 1 1 1 2 2 2 1 2 1 2 3 1 3 1 1 3 3 1 2 1 2 2 2 4 2 1 1 1 1 2 1 3 2 2 3 1 2 1 1 3 1 1 2 1 1 1 1 1 3 1 1 1 2 2 2 2 2 4 1 2 1 2 1 4 1 2 4 4 1 1 1 1 2 2 1 1 1 3 2 2 2 2 2 1 1 2 3 1 5 1 1 1 1 2 1 3 2 1 3 3 2 2 4 1 3 3 2 2 4 1 3 1 1 2 3 1 1 1 3 1 1 3 1 2 1 3 1 2 2 1 3 3 1 1 1 3 1 2 2 1 3 2 2 1 1 3 1 2 2 3 2 3 2 3 2 2 6 1 2 1 2 1 3 2 3 1 2 2 1 2 2 1 5 2 1 1 1 1 1 1 4 1 1 1 3 2 1 1 1 1 1 2 2 3 2 3 2 2 3 3 1 2 1 1 1 1 3 2 4 1 3 2 1 1 2 1 1 1 1 1 4 1 2 1 2 2 3 1 2 1 1 2 4 2 1 2 1 1 2 2 3 3 1 5 2 1 1 4 3 1 1 3 1 1 2 1 2 2 2 3 2 2 3 1 2 1 2 4 2 1 2 1 3 1 3 1 1 1 2 1 4 1 3 2 1 1 1 4 1 2 4 1 3 3 1 1 1 3 2 4 2 5 2 2 2 1 1 2 2 1 1 2 2 3 2 2 4 1 1 2 1 1 2 2 1 1 1 1 2 1 2 2 1 1 2 2 1 1 3 4 3 1 2 2 3 1 2 3 2 2 3 1 1 2 4 1 1 3 3 2 3 2 1 1 2 2 1 4 1 2 2 2 2 1 3 4 3 1 2 2 1 1 2 2 2 1 1 1 3 2 3 1 1 1 1 3 3 2 1 2 1 1 1 2 2 1 1 2 1 1 1 2 2 3 1 3 1 1 2 4 2 3 3 1 1 4 3 3 1 4 2 3 1 2 3 1 1 3 2 2 3 5 2 1 1 2 2 3 2 1 3 2 3 1 1 1 2 1 4 1 1 2 1 1 1 2 1 3 1 1 3 1 2 4 2 1 3 1 3 2 3 2 1 1 2 3 3 1 3 3 3 1 2 1 1 1 6 1 2 2 2 2 2 1 1 2 1 2 2 1 2 1 3 2 1 2 2 1 1 2 2 1 2 2 1 2 1 1 1 1 2 1 1 2 1 1 1 2 2 1 2 1 2 1 1 1 2 1 1 1 1 1 1 1 2 2 1 1 1 1 2 2 1 1 4 1 3 1 1 2 1 1 1 2 2 1 1 1 1 3 3 2 4 1 2 3 1 2 2 1 4 1 1 2 1 1 2 2 2 1 3 1 3 1 2 1 1 3 1 1 2 3 2 1 1 2 2 1 2 2 2 2 1 6 1 2 1 1 1 1 1 2 1 3 1 1 2 2 2 1 1 1 4 1 2 1 2 2 4 1 3 1 3 1 2 2 1 4 2 1 1 2 1 2 2 1 1 2 3 2 2 2 1 1 1 2 1 4 1 1 1 2 1 1 1 5 3 1 2 1 2 2 2 1 1 2 3 2 1 1 1 3 1 1 4 1 2 3 4 3 3 1 2 2 3 1 2 1 1 4 1 1 1 5 1 2 3 3 3 1 1 1 3 1 4 1 3 3 1 1 2 2 2 4 1 3 2 2 1 2 3 2 3 2 1 1 1 2 4 2 1 1 3 3 1 3 3 1 2 1 1 2 2 1 3 5 2 3 1 1 3 1 2 2 6 2 1 2 1 1 3 1 3 3 1 2 3 1 2 2 2 1 1 2 1 2 3 1 2 1 1 1 1 1 1 1 1 2 3 1 1 1 1 1 1 3 3 1 1 2 3 2 2 2 2 3 1 2 1 1 3 2 2 1 3 2 2 4 1 1 1 2 1 2 4 1 3 1 1 1 3 4 2 2 2 5 1 1 2 4 1 1 2 1 1 1 1 1 1 3 1 1 2 2 2 1 1 3 2 1 1 2 1 1 3 2 1 1 1 2 2 3 1 2 3 1 2 2 1 2 2 1 3 2 1 1 1 2 1 3 4 1 1 4 2 3 1 2 5 2 4 3 2 1 2 1 5 4 4 2 1 2 2 1 3 1 2 1 1 2 1 1 1 1 1 1 1 1 1 2 3 1 4 4 2 4 1 2 2 1 1 1 2 2 3 2 3 2 1 1 2 3 1 2 1 5 2 4 3 2 1 2 1 1 2 1 1 1 2 3 2 3 2 1 3 2 3 2 2 1 4 1 1 2 3 1 3 1 3 3 1 2 3 2 3 3 3 1 1 3 3 1 3 2 1 2 2 3 1 3 3 3 2 1 2 2 1 1 1 2 1 1 3 2 1 1 2 2 2 2 3 2 2 2 2 2 1 1 3 3 2 3 2 1 1 2 1 2 2 2 1 1 1 1 1 4 1 2 1 2 4 2 4 2 2 1 1 2 2 2 3 1 4 2 1 1 1 2 1 1 2 2 3 2 2 2 1 3 2 1 2 2 1 1 2 3 2 2 1 2 1 5 1 1 2 3 4 1 1 2 1 3 2 2 1 1 3 1 3 1 3 1 1 1 1 3 1 2 1 1 2 1 1 1 3 2 1 5 1 1 1 3 2 1 1 3 2 1 3 1 3 1 2 
  #Test Small 3339
  #Test Medium 5212
  #Test Large 8209
