Board size [mm] 275x325

Stats side 1
  #Components with background 133
  #Components with points 668
  #Components nofly 6
  #Components notouch 6
  #Pins 104770
  #GNDs 4391
  #VDDs 3563
  #Clock 47
  #NoFly points 940
  #NoTouch points 1048
  #Points [total] 114759

Stats side 2
  #Components with background 108
  #Components with points 599
  #Components nofly 0
  #Components notouch 0
  #Pins 116185
  #GNDs 5319
  #VDDs 4370
  #Clock 53
  #NoFly points 0
  #NoTouch points 0
  #Points [total] 125927

Stats board (side 1 + side 2)
  #Components with background 241
  #Components with points 1267
  #Components nofly 6
  #Components notouch 6
  #Pins 220955
  #GNDs 9710
  #VDDs 7933
  #Clock 100
  #NoFly points 940
  #NoTouch points 1048
  #Points [total] 240686
  #Nets 14373
    Net Size: 9710 7933 100 1 1 2 2 1 2 1 2 1 2 3 3 2 1 1 1 1 2 1 1 1 2 1 2 1 1 1 1 1 1 3 1 1 2 2 1 1 1 1 2 1 3 1 2 2 5 2 2 2 3 1 1 2 1 4 3 1 1 3 1 1 1 1 1 1 1 2 1 2 3 1 1 2 1 3 1 2 1 1 1 1 2 1 4 3 1 1 1 2 1 1 1 3 1 2 1 1 1 3 1 1 1 2 2 1 2 2 2 1 1 2 1 1 1 1 1 1 2 1 1 1 3 2 2 1 5 1 1 1 1 2 1 1 2 1 2 1 2 1 2 1 1 1 1 1 1 1 1 2 1 1 1 1 2 2 1 1 1 1 1 1 1 1 2 1 2 1 1 1 1 1 3 1 1 2 3 1 2 2 1 2 1 1 1 3 3 2 1 1 2 1 3 1 1 1 2 1 1 2 1 1 1 2 2 1 2 1 1 2 3 1 1 2 1 1 2 3 1 1 2 1 2 1 2 1 4 2 2 2 1 1 1 2 4 2 1 2 1 1 1 2 1 1 1 2 1 2 1 3 5 2 2 1 1 2 1 1 1 1 1 1 1 1 1 2 1 1 1 1 1 1 1 1 3 1 1 2 1 1 1 2 1 2 1 2 1 1 1 1 1 2 1 1 1 1 2 3 2 1 1 2 3 1 3 3 2 2 1 2 1 1 2 2 2 1 3 1 1 2 1 2 2 1 1 1 1 1 1 4 2 1 3 2 1 1 2 1 1 1 1 1 2 1 2 3 1 1 1 2 2 1 2 1 1 2 1 1 1 1 1 3 5 2 1 2 1 1 1 2 3 1 1 2 1 1 1 1 1 2 1 4 1 1 1 1 1 2 1 1 1 1 1 1 1 1 1 1 1 1 1 2 1 1 2 2 1 1 1 1 2 1 2 2 1 2 2 1 1 1 1 2 1 1 2 2 1 1 3 1 2 1 2 1 1 1 2 2 2 1 2 2 1 1 2 1 1 1 1 2 1 3 1 3 1 1 1 1 3 1 1 1 2 2 1 1 2 1 4 1 1 3 1 1 1 2 2 1 1 3 2 1 2 2 1 1 2 2 1 3 1 2 2 2 1 2 1 3 1 1 1 1 1 2 2 1 1 1 3 3 1 1 2 1 1 1 2 1 2 1 1 1 1 2 2 2 2 1 1 1 2 1 2 2 5 1 1 1 2 1 1 1 2 1 1 2 2 2 1 1 3 2 1 1 1 4 2 2 1 1 3 1 2 2 1 1 2 4 2 4 1 2 2 2 1 1 1 2 1 2 2 2 1 2 1 1 2 1 1 1 1 4 3 1 1 2 1 1 1 1 1 1 3 2 3 2 2 1 1 1 2 1 3 1 1 3 3 3 1 1 1 2 1 2 1 2 2 1 2 2 1 1 1 2 2 3 1 1 1 1 1 1 1 1 1 1 3 2 2 3 1 2 1 2 1 1 2 2 1 2 1 1 1 1 1 1 2 2 3 1 1 1 2 2 2 1 1 1 1 1 3 1 1 1 1 1 1 1 1 2 2 3 2 1 1 1 1 1 1 2 1 1 1 1 3 2 1 2 2 1 2 1 2 1 1 1 2 1 2 1 2 2 4 1 1 1 2 1 3 1 1 1 1 1 1 1 1 1 1 2 2 3 2 1 1 1 3 1 1 1 1 1 1 2 1 2 1 2 1 1 1 1 1 1 1 1 1 1 2 4 1 1 2 3 2 3 1 1 1 1 3 1 1 2 1 1 1 1 2 1 1 2 2 3 1 1 1 1 2 1 2 3 1 1 3 1 1 1 1 5 1 1 2 2 2 2 2 1 1 2 1 2 3 1 2 1 1 2 2 1 1 2 3 1 1 4 1 1 3 1 1 2 1 1 2 1 3 1 1 2 4 1 3 2 3 1 1 1 1 1 1 2 1 2 4 1 3 1 1 1 1 4 3 1 1 1 1 1 1 1 4 1 1 1 1 1 1 1 1 1 1 2 2 1 2 2 4 1 1 1 1 2 1 1 1 2 3 2 1 1 1 1 1 2 2 1 1 2 5 1 2 4 4 1 1 3 1 1 1 1 1 2 1 2 1 1 1 1 1 1 1 1 3 3 2 2 1 1 1 1 1 2 1 3 1 1 1 1 1 2 1 1 1 1 1 1 1 3 1 2 2 2 2 1 1 1 2 2 1 1 2 2 1 2 1 1 1 3 1 1 1 1 1 4 1 1 1 1 4 1 1 1 1 3 2 1 1 1 2 5 2 3 1 2 1 1 1 1 2 1 1 2 1 1 1 3 3 1 2 3 1 1 1 1 1 2 1 2 1 2 1 2 1 1 1 1 2 2 1 1 1 1 1 1 2 1 2 1 1 1 1 1 4 1 1 1 1 2 3 1 1 1 1 1 1 2 1 2 2 1 1 1 2 1 1 1 2 3 1 1 1 2 1 2 1 2 1 1 2 1 2 1 1 5 1 1 1 3 1 1 1 1 3 2 1 1 1 1 1 2 2 2 1 1 1 1 1 1 3 1 1 1 2 2 2 3 1 1 1 1 2 1 1 1 1 1 2 2 2 1 1 1 4 2 3 1 2 1 1 1 1 1 1 1 2 3 2 2 1 1 2 2 1 1 1 1 2 2 2 2 1 2 1 2 1 2 1 1 1 1 3 1 1 2 1 2 1 1 4 4 2 2 2 2 2 1 3 1 3 1 1 2 1 1 3 2 1 1 1 1 2 2 3 2 1 1 2 1 1 1 1 1 1 1 1 1 1 2 1 1 1 1 1 1 1 3 1 1 3 1 1 1 1 1 1 3 3 2 3 2 3 1 1 1 2 1 3 1 1 1 3 2 2 1 1 2 1 3 1 1 1 2 1 1 1 2 1 1 2 1 2 1 1 2 3 3 2 2 1 2 1 1 1 3 1 3 1 1 1 1 3 2 1 1 2 1 2 2 2 1 2 1 2 4 1 1 1 1 2 1 2 1 2 1 1 1 1 2 1 1 3 1 1 2 1 1 2 1 1 1 1 1 1 1 2 1 3 1 1 1 1 2 3 1 1 3 1 1 1 2 1 1 2 1 3 1 2 2 1 1 2 2 1 2 1 1 1 1 1 1 2 1 2 1 1 1 2 1 1 1 1 1 5 1 1 1 2 2 2 1 1 2 1 1 3 1 1 1 1 1 4 1 1 1 1 2 3 2 1 1 1 1 1 2 1 1 1 3 1 1 1 2 2 1 1 1 2 2 1 1 1 2 1 2 1 1 2 2 3 1 1 1 1 3 2 1 1 2 1 2 2 1 2 1 2 1 1 1 2 1 3 3 1 1 1 1 1 1 4 3 3 2 1 2 1 1 3 1 1 1 2 2 2 1 1 4 1 1 1 1 3 1 4 1 1 1 1 2 2 1 1 3 1 1 1 1 1 2 2 3 1 1 2 1 1 2 1 3 1 1 1 1 1 1 1 3 2 1 1 1 2 1 1 2 1 4 1 3 2 2 1 2 2 1 2 2 4 2 2 1 1 1 4 1 1 2 3 1 1 3 1 2 2 1 1 1 2 1 1 3 4 4 1 1 2 1 1 1 1 1 1 2 1 1 1 1 1 1 1 1 1 3 2 1 2 3 2 3 4 1 2 1 2 1 1 1 1 2 1 2 3 1 2 1 1 1 1 1 3 1 1 1 1 2 1 1 2 2 3 1 1 1 1 2 1 1 2 1 1 1 1 3 1 3 1 1 1 1 3 3 1 1 1 1 1 1 3 1 1 3 2 1 1 1 3 1 2 1 1 1 3 1 1 1 2 3 1 1 2 2 1 1 3 2 3 1 1 1 2 1 1 1 5 1 1 2 2 1 1 1 2 1 2 1 1 1 4 3 3 2 2 1 1 3 1 2 1 3 2 1 3 2 1 2 1 2 1 3 2 1 1 1 1 1 1 2 3 2 1 1 1 1 3 4 2 2 2 2 1 1 1 2 1 1 1 1 3 1 1 1 1 1 1 1 1 2 1 1 1 1 1 2 2 1 2 2 2 1 1 4 1 1 2 2 2 2 3 2 1 2 1 4 1 1 1 3 1 2 1 1 1 1 1 1 3 2 1 4 1 2 3 1 2 5 1 1 2 1 2 1 1 1 2 1 3 1 2 2 1 1 4 2 1 1 1 1 1 2 2 1 1 1 2 1 1 1 1 1 1 1 1 1 1 2 1 4 2 2 2 1 1 1 2 1 2 1 2 1 2 2 1 1 1 1 2 1 3 1 3 3 1 3 1 1 1 3 1 1 3 2 3 1 3 1 2 2 1 1 1 1 2 2 1 2 1 3 1 1 2 2 2 2 2 1 1 1 2 3 2 3 1 3 3 1 1 1 1 3 1 1 2 1 2 3 1 1 3 1 1 1 1 1 4 1 1 2 2 1 2 2 2 1 2 1 1 1 1 1 1 1 1 2 1 1 1 3 1 2 1 2 1 3 1 1 1 2 1 1 1 1 1 2 2 2 3 1 2 1 2 2 4 1 3 1 2 1 1 1 1 1 1 2 1 3 3 2 1 3 1 1 1 1 1 2 1 1 2 1 1 2 1 1 2 1 1 2 1 2 1 1 2 4 2 1 1 3 1 2 2 1 1 1 1 1 1 1 2 3 1 2 2 3 1 3 2 1 3 1 3 2 1 1 1 2 1 1 1 2 2 4 2 2 1 1 2 2 2 1 5 2 1 1 1 2 1 2 1 3 3 1 2 1 1 2 1 1 3 3 1 1 1 2 2 1 2 2 1 1 2 1 2 1 1 1 1 1 1 1 1 1 1 1 2 1 1 1 2 1 2 1 1 2 1 1 2 1 2 1 1 1 1 2 1 2 2 1 1 1 1 1 3 1 1 2 2 2 1 2 2 2 2 2 2 1 2 1 1 1 3 2 1 3 2 3 1 2 3 1 1 1 2 2 1 1 1 2 2 2 1 1 1 2 3 1 2 1 3 1 1 2 1 1 1 2 2 1 1 1 1 1 1 1 2 2 1 3 2 1 2 1 1 1 2 1 1 2 1 1 1 2 1 1 4 1 3 1 1 1 1 1 1 1 1 1 2 1 2 1 1 1 1 1 1 2 1 2 1 1 2 1 1 1 2 1 3 2 1 1 1 1 2 4 2 2 1 1 3 1 1 1 2 2 2 1 2 2 1 1 1 3 1 2 3 2 2 1 1 4 1 1 1 1 2 2 1 1 1 1 1 1 1 1 1 2 1 3 1 2 2 1 1 1 1 1 1 3 1 1 1 2 1 3 1 2 2 2 1 1 1 2 2 2 1 2 1 2 2 1 2 1 2 3 1 2 1 2 1 2 1 1 2 1 1 1 2 1 1 2 1 1 1 1 1 1 4 2 2 1 3 1 3 1 2 1 2 1 1 2 1 2 3 4 3 3 2 2 1 1 2 1 3 3 1 3 3 3 2 1 1 1 1 3 2 1 2 3 1 2 1 1 1 1 1 1 1 1 1 1 1 2 1 1 1 1 1 2 1 1 2 1 1 2 2 2 3 2 1 3 2 2 2 1 2 3 2 1 1 1 1 2 2 3 1 2 2 1 1 1 1 1 2 2 3 1 1 2 1 1 2 2 1 3 1 1 1 2 1 2 2 1 2 2 2 2 1 1 1 1 1 1 2 2 3 1 2 2 1 1 1 1 1 3 2 1 1 1 1 1 1 1 1 1 1 2 1 2 1 1 1 1 2 3 1 3 1 1 2 3 2 1 1 1 2 2 1 1 3 1 2 3 1 1 2 2 1 1 1 1 1 1 2 2 1 1 1 2 1 1 1 1 1 2 1 1 1 1 3 1 1 2 1 1 1 2 1 1 1 1 1 1 3 1 1 3 1 1 1 1 1 2 1 1 1 2 1 1 1 3 3 1 2 2 1 1 1 1 3 1 1 1 1 1 1 2 3 1 2 1 1 2 1 1 1 1 2 1 1 1 2 2 1 2 1 1 3 1 2 1 1 4 3 1 2 1 1 2 2 1 1 2 1 1 1 1 1 1 2 2 1 4 2 3 1 2 1 1 1 3 1 3 1 1 1 2 1 1 1 2 2 2 1 2 5 1 1 1 2 1 1 1 3 2 2 2 4 3 1 3 1 1 1 1 2 1 1 1 2 1 1 1 2 1 1 2 1 1 1 1 3 1 2 1 1 3 1 1 1 1 2 2 1 1 1 2 1 1 2 2 5 2 1 1 1 6 4 1 2 2 1 3 3 1 2 4 2 1 3 1 2 3 1 1 1 1 1 1 1 1 1 1 2 1 4 2 2 4 2 1 1 2 3 3 1 1 2 1 1 1 1 1 5 1 1 2 1 1 2 1 2 1 1 2 1 2 2 1 3 1 2 1 2 1 2 1 1 3 1 2 1 1 1 1 2 3 1 1 4 3 2 1 1 3 2 1 3 2 2 1 1 1 1 3 2 2 1 1 1 1 3 1 1 1 1 1 3 1 2 3 4 1 2 3 2 2 2 2 2 1 1 1 1 1 3 2 1 1 1 1 2 1 1 2 1 1 1 2 2 2 3 3 1 2 1 1 3 2 1 1 1 1 1 2 2 2 1 1 2 4 1 2 1 1 2 1 1 1 2 1 1 3 1 1 1 1 1 2 1 1 1 3 1 1 3 2 1 2 1 2 1 1 1 2 1 1 2 2 1 2 1 1 1 1 1 4 1 1 1 3 1 1 1 1 1 1 3 1 1 2 1 1 1 2 2 1 1 1 1 2 1 1 1 1 1 2 2 2 2 1 3 2 1 1 1 1 2 1 1 2 1 1 1 1 3 2 2 1 2 1 1 1 2 2 1 1 2 1 1 2 1 1 3 2 1 1 1 3 1 2 2 1 3 2 3 1 1 1 1 2 1 2 3 1 2 1 1 1 2 1 1 2 1 3 2 1 2 1 1 2 1 1 1 1 1 1 1 2 1 4 1 1 1 1 2 1 1 1 2 1 2 2 1 1 2 2 1 1 3 1 1 2 1 1 1 1 1 1 2 1 1 1 1 1 1 3 1 1 3 1 2 1 4 1 2 3 1 1 1 1 2 1 1 1 1 1 1 1 1 2 1 1 1 1 1 1 1 2 2 1 2 1 3 1 1 1 1 1 3 1 2 1 1 1 2 2 1 3 2 1 1 1 1 1 2 1 1 2 1 1 1 1 2 1 2 1 2 2 2 2 1 2 2 1 2 1 2 2 1 2 1 2 1 1 1 1 2 2 3 2 1 2 1 2 1 2 1 1 1 1 3 1 5 1 1 2 1 2 1 1 1 5 1 3 1 2 1 2 2 3 4 2 2 2 2 1 1 1 1 2 1 1 2 1 1 2 1 1 3 1 1 2 1 1 1 2 2 2 3 1 2 1 2 1 2 3 1 2 1 1 1 2 1 1 1 1 1 1 1 1 1 1 4 4 1 1 3 1 1 2 2 2 1 1 1 1 1 1 3 1 2 2 1 2 1 1 1 1 2 1 1 2 1 1 1 2 1 2 1 2 2 1 2 1 1 2 1 1 2 1 2 1 1 1 1 3 1 2 1 1 2 2 2 2 1 1 2 1 1 1 3 2 2 1 2 3 3 1 3 2 1 1 2 1 1 1 2 1 2 1 2 1 1 2 2 1 2 1 2 1 2 2 2 2 1 1 2 1 1 1 2 1 1 1 1 1 2 1 2 2 2 2 3 1 2 3 2 3 2 1 1 1 1 3 2 1 2 2 1 1 1 1 1 2 2 2 3 2 2 1 1 1 1 1 2 1 1 3 2 2 1 1 1 2 1 1 1 1 2 1 1 2 3 1 2 2 2 2 2 1 1 2 1 1 1 1 1 1 1 1 1 2 1 1 1 1 5 1 1 3 1 2 1 2 1 1 2 3 3 2 1 2 1 1 3 1 2 1 1 1 1 1 1 1 2 1 1 1 1 4 1 1 1 3 3 2 2 1 1 1 1 3 1 3 2 1 2 3 1 1 2 3 1 4 1 2 1 1 1 2 1 1 3 2 2 1 1 2 1 1 2 2 1 1 3 1 2 1 1 3 2 1 1 1 1 1 2 1 1 4 1 2 3 1 2 1 5 2 2 2 3 1 2 2 2 4 3 1 4 1 2 1 1 2 2 2 1 1 1 2 1 2 1 2 3 3 1 3 1 2 2 1 1 1 1 1 2 3 1 2 1 2 1 1 2 2 1 2 1 3 2 3 1 2 2 1 2 1 1 1 2 2 2 1 1 1 1 2 3 2 2 3 2 2 2 1 1 1 1 1 1 1 3 1 1 2 2 1 1 1 1 2 2 1 3 4 3 4 1 2 1 3 1 1 1 3 2 1 1 2 3 1 1 1 4 1 2 1 2 2 2 1 1 1 4 1 1 2 2 3 1 3 2 1 1 1 1 1 1 1 2 1 2 2 2 1 1 3 1 2 1 1 1 3 1 2 1 2 2 3 1 2 2 3 3 3 1 2 1 2 2 1 1 2 2 2 1 1 1 3 1 1 1 1 3 2 1 1 1 1 1 2 1 1 1 1 1 1 1 1 1 2 1 2 1 1 2 1 4 1 1 1 1 2 2 2 1 3 1 1 1 1 4 2 1 1 1 3 2 1 1 2 2 1 2 1 1 1 1 1 3 2 2 1 2 2 1 4 3 2 1 3 1 2 2 2 1 2 1 1 2 2 3 2 2 1 1 1 1 2 1 2 2 1 1 1 1 1 2 2 2 2 4 1 3 2 2 1 1 2 1 1 2 1 1 1 1 2 1 2 2 1 2 2 2 2 3 2 4 1 2 1 2 1 1 1 1 1 2 4 1 2 2 3 3 2 2 1 1 1 1 1 1 1 2 1 3 1 1 2 1 1 2 2 3 1 1 1 1 1 1 2 1 1 1 1 2 1 2 1 2 1 2 2 2 2 3 2 1 1 1 3 1 3 1 2 1 1 4 1 1 1 1 2 1 1 2 1 1 1 4 1 3 2 2 2 1 1 1 1 1 2 2 1 2 1 1 2 2 1 2 1 1 3 1 1 1 1 1 1 1 1 2 2 1 2 2 4 1 1 1 1 1 2 2 1 1 1 1 1 2 2 2 2 2 2 2 3 1 1 1 1 1 2 1 3 1 1 2 1 2 2 3 1 3 2 1 1 1 1 2 1 1 3 1 1 3 1 1 1 2 2 2 2 1 2 1 2 1 2 1 1 1 3 1 2 1 1 1 2 2 1 1 2 2 1 1 1 2 2 1 1 1 1 1 1 2 2 1 2 1 2 1 1 1 4 1 5 2 2 1 1 1 2 1 1 1 1 1 1 2 1 2 1 1 3 1 2 2 1 2 3 3 1 1 3 1 1 3 3 4 1 4 2 1 1 2 1 1 1 1 2 1 1 1 1 2 3 2 1 1 1 1 1 1 1 2 1 1 1 1 1 1 1 2 1 2 1 1 1 1 1 1 2 2 1 1 1 1 2 1 1 1 1 1 1 2 1 1 1 2 1 1 2 4 1 1 1 3 1 2 2 2 1 2 1 1 1 1 1 1 2 2 3 1 2 1 1 1 1 4 1 1 1 1 1 2 1 2 1 2 1 1 1 3 1 2 1 1 1 2 3 1 1 2 1 1 2 1 1 1 3 1 1 1 1 2 1 1 1 2 2 1 1 1 2 3 1 1 2 1 3 2 2 1 1 1 4 1 1 1 2 2 1 3 1 1 2 1 1 2 1 1 1 1 1 1 1 2 2 2 1 1 1 1 1 1 3 1 4 2 3 2 1 3 1 2 2 1 2 1 1 2 1 3 1 2 1 1 3 1 2 1 1 1 1 1 3 1 1 1 1 1 1 1 2 2 1 2 2 4 1 1 1 1 3 2 1 1 2 2 1 1 1 1 1 2 2 2 1 2 1 1 1 2 1 2 1 2 1 1 2 2 1 2 1 1 1 1 1 2 2 2 1 1 3 2 2 1 1 1 1 1 2 1 1 2 1 2 2 1 1 3 2 1 2 1 1 2 1 3 2 3 4 1 1 1 1 2 3 1 1 1 1 1 1 2 1 1 1 1 1 1 2 1 4 1 1 3 2 1 1 2 1 2 3 1 1 1 3 1 2 2 1 1 1 4 1 2 2 1 1 1 1 2 1 2 1 2 2 1 6 1 1 2 1 1 2 1 4 1 1 1 2 2 1 2 1 1 1 1 1 2 3 2 1 2 1 1 2 1 1 1 1 4 2 1 2 1 1 1 2 1 1 1 1 1 1 3 1 2 3 2 2 2 1 1 1 1 3 1 2 1 1 1 1 1 2 1 1 5 1 2 1 2 2 1 1 3 3 1 3 4 1 2 2 1 2 2 2 1 3 3 1 1 1 1 2 3 2 2 1 1 2 1 3 2 2 1 1 1 1 1 2 2 2 1 2 1 1 1 1 2 1 3 1 1 1 1 1 1 1 1 2 1 1 2 4 1 1 2 1 1 1 2 1 1 2 1 1 2 1 1 2 2 1 1 1 2 1 1 1 1 3 1 2 2 5 1 2 1 1 2 3 1 1 1 1 2 1 1 1 1 2 3 1 1 2 2 1 2 1 2 2 4 1 1 1 1 2 3 3 2 2 2 3 1 1 2 1 1 2 1 2 2 2 1 3 1 1 3 4 1 1 1 2 2 1 1 2 1 1 1 1 1 3 1 1 2 1 1 1 1 1 1 1 2 1 1 2 2 3 1 2 1 1 2 2 1 1 1 1 1 1 1 2 1 2 2 2 1 1 1 3 1 2 1 1 1 2 1 3 1 1 1 2 1 1 1 1 2 2 1 1 1 1 1 1 2 1 1 2 1 1 2 1 1 2 1 3 3 1 1 1 1 3 1 1 2 1 2 1 1 1 1 1 2 1 2 1 1 1 1 2 2 1 4 1 1 1 1 2 1 2 2 1 1 1 1 1 2 2 2 2 3 1 1 2 2 2 1 2 1 1 2 2 3 1 2 1 1 2 3 1 1 1 1 1 1 1 2 1 1 2 1 1 2 1 1 3 1 1 2 1 1 1 2 2 3 1 1 1 3 1 2 1 1 2 1 1 2 2 2 2 2 2 1 1 1 1 1 2 1 2 2 2 2 1 1 1 1 1 2 1 2 1 2 2 1 1 2 1 1 1 1 2 2 1 1 3 1 1 1 1 1 1 1 1 1 1 1 1 2 1 1 1 2 2 3 2 2 1 1 1 1 3 1 2 1 1 1 1 2 2 1 1 1 2 2 2 1 1 1 1 1 1 1 1 4 2 2 1 2 1 1 1 3 3 1 1 1 1 2 1 1 2 1 1 2 2 1 3 2 2 3 1 1 2 1 2 1 1 2 3 2 1 2 4 2 2 1 1 2 1 1 1 1 1 1 1 1 3 2 1 1 2 2 1 2 1 2 2 2 1 3 2 1 1 2 1 1 2 1 2 1 3 2 1 2 1 1 3 2 2 1 1 1 2 3 2 1 1 2 1 1 1 1 2 3 2 1 1 1 1 2 2 4 1 1 3 3 3 1 2 3 1 2 2 1 2 1 2 1 1 1 4 1 2 2 1 2 1 1 1 1 3 1 1 3 1 2 2 1 1 2 1 1 1 1 1 2 1 1 1 1 1 3 1 1 1 2 1 4 1 1 1 1 2 1 3 1 1 1 1 2 1 1 2 1 1 1 2 1 1 1 1 1 2 2 1 2 1 1 2 1 1 1 1 1 1 2 2 1 1 1 2 1 1 1 2 1 2 1 1 2 2 1 1 1 2 1 2 2 2 2 2 1 2 3 2 1 2 3 2 1 1 1 2 3 2 3 1 1 1 1 1 1 2 1 2 3 3 1 2 2 1 1 2 1 1 1 1 1 2 2 2 1 1 1 1 1 1 1 1 2 1 2 1 1 1 1 1 3 2 1 2 1 3 3 1 2 2 1 1 1 1 3 1 2 1 1 2 2 1 1 1 1 1 2 2 3 3 1 1 3 1 1 2 2 1 1 1 1 1 1 2 1 1 1 2 1 2 2 1 1 1 1 1 1 4 1 2 1 2 1 1 2 2 1 1 2 2 2 2 1 1 2 1 1 1 3 1 1 1 1 1 3 2 1 1 1 1 2 1 2 2 2 2 3 1 1 2 2 1 1 1 1 1 1 1 2 1 1 2 2 3 1 2 1 1 1 1 1 2 2 1 1 1 1 2 1 1 2 2 1 2 6 2 4 1 1 2 2 1 1 1 2 2 3 1 2 2 1 1 2 2 1 1 1 1 1 3 1 1 1 2 3 1 1 2 3 2 1 1 1 3 2 2 1 2 1 1 1 1 2 1 1 1 2 5 1 2 1 1 2 2 2 4 2 2 2 2 1 2 1 1 2 2 1 1 5 1 3 4 2 1 2 2 1 2 1 1 1 1 1 1 1 1 3 1 1 1 1 1 4 1 1 1 1 2 4 2 1 1 1 1 2 2 1 2 1 1 1 1 1 3 1 1 1 1 2 2 1 1 1 1 1 1 4 1 1 2 2 1 2 1 1 3 1 1 1 1 2 1 1 2 1 1 1 1 1 1 2 2 2 4 1 1 1 3 1 2 1 1 1 1 2 1 1 1 3 2 1 2 1 3 1 1 3 1 3 1 1 1 2 1 1 1 2 1 1 1 2 1 1 2 1 2 1 1 2 2 1 1 1 2 1 1 1 2 1 1 2 1 2 4 4 1 1 2 1 1 2 3 1 1 1 3 1 2 1 1 1 3 2 3 1 1 1 1 1 1 1 1 1 2 2 1 1 3 1 2 1 2 2 2 2 1 3 1 1 1 2 1 1 1 2 1 1 1 1 1 2 1 2 2 2 1 1 1 1 2 1 2 4 1 1 1 2 1 2 1 1 3 2 1 1 2 1 3 1 1 2 2 1 4 2 1 1 2 1 1 1 2 1 1 1 1 4 1 2 2 1 1 1 2 1 1 2 1 2 2 1 1 1 2 1 1 1 1 1 1 1 1 2 1 1 1 1 1 2 1 1 1 1 2 1 1 1 2 1 1 1 3 2 1 1 2 2 1 2 2 2 1 1 1 1 1 1 1 2 3 1 1 1 3 3 3 2 1 1 3 2 2 1 1 1 2 1 4 2 2 1 1 3 1 1 1 1 1 1 1 2 2 2 2 1 1 2 2 1 1 1 1 1 3 1 1 1 2 2 2 2 1 2 2 1 1 1 1 1 1 4 2 1 2 4 2 1 4 2 1 1 2 2 2 1 1 2 2 3 1 2 2 2 1 2 2 1 1 2 1 1 1 2 1 1 1 1 3 3 2 1 3 3 1 1 1 2 3 2 1 1 1 1 1 1 1 2 2 1 1 1 1 1 1 2 1 1 3 3 1 4 1 1 2 1 1 1 1 2 1 1 3 2 1 1 1 2 3 2 1 1 1 2 1 2 1 1 1 3 2 2 1 1 4 1 1 1 1 2 2 1 1 2 4 1 2 3 2 2 2 1 2 2 2 1 2 1 2 2 1 1 1 2 2 2 2 1 2 1 1 2 1 1 1 1 1 1 3 1 1 4 2 1 1 1 2 1 1 2 1 2 1 2 2 1 1 3 1 1 1 1 1 4 1 1 2 1 1 1 1 2 2 2 2 3 2 1 2 1 2 2 1 1 1 1 1 1 1 1 1 2 2 1 1 1 1 1 4 1 2 1 1 2 2 1 1 2 2 1 1 1 1 1 5 2 1 2 1 1 1 1 2 1 1 1 1 1 1 1 3 1 2 1 2 2 1 5 1 2 2 1 1 1 1 1 2 1 2 1 1 1 1 3 1 3 3 3 1 2 2 2 1 2 1 1 1 1 4 1 1 1 2 1 3 1 2 2 2 1 1 2 2 1 1 2 3 1 1 1 2 1 1 2 1 3 1 2 1 1 3 1 2 2 1 1 1 1 2 1 3 2 1 1 1 1 2 1 1 2 1 1 2 1 1 2 2 1 1 2 1 1 3 1 1 1 1 1 2 1 2 1 2 1 1 2 1 1 1 1 1 1 2 1 2 1 2 2 1 2 1 3 1 2 1 2 2 2 1 3 1 1 2 1 2 1 3 2 2 1 2 2 1 2 2 1 2 3 2 1 1 1 2 1 1 1 1 3 2 1 1 2 1 4 1 1 1 2 1 3 2 1 1 1 1 1 1 1 1 1 2 1 2 2 1 2 1 1 1 4 1 1 2 1 2 1 1 1 1 2 2 1 1 2 4 1 1 3 1 1 1 1 1 1 1 2 1 1 1 1 1 1 2 1 1 1 2 1 2 1 3 1 3 2 1 1 1 1 1 1 1 1 1 2 1 1 1 2 3 3 3 2 2 3 1 3 1 4 3 2 1 2 1 1 1 1 1 1 2 1 1 2 1 3 2 3 1 3 1 2 1 1 1 1 2 1 1 1 3 3 1 2 1 1 1 1 1 2 1 1 1 1 1 2 1 2 1 1 1 1 2 1 1 1 4 3 1 2 2 2 1 1 1 1 3 1 1 2 1 4 2 1 1 1 2 1 2 1 2 1 1 2 1 1 2 1 1 3 1 1 3 3 1 3 2 1 2 2 1 1 1 2 2 1 1 1 1 2 1 3 1 1 1 1 2 3 1 1 1 2 2 1 1 2 1 2 1 2 1 1 2 1 1 2 2 1 1 1 1 1 2 2 1 2 1 1 1 2 1 1 3 2 2 4 1 4 2 2 1 1 2 3 1 2 1 1 1 1 4 1 2 1 2 2 1 2 1 1 4 1 1 1 1 2 3 1 2 1 1 1 1 1 3 2 1 1 2 2 3 2 1 2 1 1 1 1 2 2 2 2 1 1 2 1 1 1 2 2 2 1 2 1 1 2 2 2 1 2 2 3 2 1 1 3 2 2 1 1 2 3 1 1 1 1 1 3 1 3 1 2 1 1 1 1 1 1 1 1 3 1 1 2 1 1 1 2 3 1 2 1 1 1 1 1 1 1 1 1 2 1 1 1 1 1 1 3 1 1 1 2 2 2 3 1 2 1 1 1 1 1 4 2 2 1 1 1 1 2 1 2 3 1 1 1 1 1 1 1 1 1 1 1 2 2 2 2 1 1 1 1 2 1 1 1 2 4 1 1 1 1 2 1 1 2 1 2 2 1 1 1 2 2 1 2 1 1 1 2 3 1 1 1 1 1 1 1 3 2 1 2 1 1 3 1 1 1 1 4 1 2 1 2 2 1 1 1 1 1 2 1 1 1 1 2 3 1 2 2 1 1 1 2 1 2 5 3 2 2 1 2 1 1 1 1 2 1 4 1 1 1 2 1 1 1 1 1 2 1 1 1 1 1 3 1 1 1 2 2 1 1 1 1 1 3 1 1 1 2 2 1 1 1 1 1 1 2 2 4 1 2 3 3 2 1 2 1 1 2 1 1 4 1 1 1 1 1 1 2 1 1 2 1 2 4 3 1 1 1 1 3 1 2 1 1 1 1 1 1 1 3 1 1 3 1 1 1 1 1 1 2 1 1 1 1 2 1 1 2 1 1 1 1 1 1 1 1 1 2 1 1 1 2 3 1 1 1 1 2 1 1 3 2 2 2 1 1 1 2 1 1 1 4 1 3 1 2 5 4 1 2 1 2 1 1 1 1 2 1 3 1 3 1 1 2 1 4 1 2 3 1 2 1 1 2 2 2 1 1 1 2 1 1 3 1 1 1 1 1 1 1 3 1 1 2 1 1 1 1 1 1 1 2 1 2 2 1 1 4 1 1 1 1 1 1 2 1 1 3 2 2 1 1 2 1 2 1 1 1 2 1 1 1 1 2 3 2 1 1 1 1 1 1 1 2 1 1 1 1 1 1 2 1 1 1 3 1 1 1 1 1 1 2 1 2 1 1 1 1 2 2 2 1 2 1 1 1 2 2 1 1 1 3 4 1 2 3 1 1 1 2 1 1 2 1 1 1 1 1 2 4 1 2 2 1 1 1 1 1 1 1 1 4 1 3 1 1 1 1 1 1 1 1 1 1 5 3 1 1 1 1 1 1 2 3 1 2 2 2 1 2 1 1 1 1 1 1 1 2 2 1 1 3 1 2 1 2 1 4 1 1 1 1 1 1 2 1 2 1 2 1 1 2 2 4 1 1 1 1 1 1 1 1 1 1 2 1 3 2 2 1 1 2 1 2 1 3 2 1 1 2 2 3 1 1 1 2 1 1 1 3 1 3 3 1 2 1 1 2 1 2 1 1 2 1 1 1 1 4 1 2 1 4 1 1 2 2 2 2 1 1 2 1 1 2 2 1 1 2 1 2 1 1 2 1 4 1 1 2 1 1 1 1 3 3 2 3 1 3 2 1 3 1 1 1 1 1 2 2 1 4 1 1 1 1 1 2 1 1 1 1 2 1 1 1 2 3 1 2 1 1 1 1 1 1 2 2 1 2 1 2 4 1 1 1 3 2 1 3 1 1 1 2 2 1 1 1 2 1 1 1 2 1 1 2 1 2 1 1 1 2 1 2 2 1 1 1 1 2 2 1 1 1 2 4 1 3 2 1 2 1 1 2 1 1 1 1 1 1 1 2 1 3 1 2 1 1 1 2 2 2 2 1 3 1 4 4 1 1 1 2 1 1 2 1 1 2 3 3 1 2 1 1 2 2 1 1 4 1 1 1 1 1 1 3 1 2 1 1 2 3 3 1 2 1 2 2 1 3 2 3 1 3 5 1 1 2 1 2 1 1 1 1 2 4 1 1 1 1 2 1 1 3 2 1 2 1 1 2 1 1 2 5 3 1 1 1 2 1 2 1 2 1 1 1 1 1 2 1 1 1 1 1 2 3 2 1 1 1 1 3 1 1 1 1 1 3 1 2 1 1 1 1 1 1 1 2 2 1 1 4 2 1 2 1 2 2 3 2 2 1 2 1 1 2 1 1 2 2 1 1 1 1 2 3 1 2 1 1 1 1 1 1 1 2 4 1 1 1 1 3 1 2 1 1 3 1 1 1 4 1 1 1 1 1 2 1 1 1 1 2 2 1 3 2 1 1 2 1 1 1 1 1 1 1 1 1 2 3 1 1 1 2 2 1 2 1 2 2 1 1 2 1 2 1 1 3 1 1 1 1 1 2 1 2 1 1 1 2 1 3 1 1 1 1 1 1 2 2 1 1 4 1 1 1 1 1 2 1 1 1 1 1 1 1 1 2 2 3 2 1 2 1 1 4 4 1 2 2 1 1 3 3 1 2 1 2 2 1 1 1 1 1 1 2 2 4 2 1 2 1 3 2 1 1 1 1 1 1 2 1 1 2 2 1 1 1 1 2 3 1 1 2 2 1 1 2 1 1 2 1 2 1 1 1 1 3 1 1 1 1 2 1 1 1 2 1 1 1 2 2 1 2 3 1 1 2 1 3 1 1 3 2 1 2 1 1 2 1 1 1 1 1 1 1 1 1 1 2 2 1 2 1 3 1 3 1 1 2 1 2 1 1 1 2 2 1 1 2 2 1 2 1 3 1 1 1 2 4 2 1 1 1 1 2 1 1 1 1 3 1 2 2 2 3 2 2 3 1 3 1 1 1 3 1 1 2 1 1 1 1 1 2 2 4 1 2 1 1 1 1 1 2 1 1 1 1 1 1 1 1 1 2 2 4 1 1 1 3 1 1 1 1 3 1 1 1 1 2 1 2 1 2 2 1 1 3 1 1 1 1 1 1 2 1 1 1 1 1 1 1 1 1 1 3 1 1 1 1 2 1 3 1 1 1 1 2 1 1 1 1 1 3 1 2 1 1 2 2 2 1 2 2 3 1 1 5 3 4 4 1 1 1 2 1 1 1 1 1 1 3 1 1 1 1 1 2 2 1 2 1 3 1 1 2 1 2 1 1 1 1 3 1 1 1 1 2 1 2 2 1 1 2 2 1 1 2 1 2 2 1 2 4 1 2 2 1 1 2 2 1 1 1 1 1 1 2 3 1 2 2 1 1 1 3 2 2 1 1 1 3 2 1 2 1 1 3 1 2 2 1 3 1 1 1 4 1 1 2 2 3 1 2 3 2 1 1 3 1 1 1 2 1 1 3 3 2 1 2 1 1 1 1 1 1 1 1 2 1 1 1 1 1 1 3 1 1 1 1 3 2 4 2 4 1 1 1 1 2 4 2 1 1 2 2 1 2 1 1 1 1 1 3 3 1 1 2 2 2 1 1 3 1 2 2 1 1 3 4 2 2 1 1 1 2 1 1 1 2 2 1 1 1 1 1 1 1 1 2 1 2 1 2 2 3 2 1 2 4 3 2 1 1 2 1 2 1 1 1 1 1 1 1 3 3 1 1 1 2 3 2 1 1 2 1 1 3 2 2 1 2 1 1 2 3 2 1 2 1 2 2 1 2 3 1 3 1 2 2 2 1 3 3 1 1 1 2 1 1 1 3 2 4 3 1 1 3 3 1 3 1 4 1 2 1 1 1 1 2 2 1 2 5 2 1 2 1 1 2 2 1 2 1 4 1 1 2 1 1 1 1 2 3 1 1 3 1 2 1 2 3 1 2 1 2 2 1 1 1 2 1 1 1 1 1 3 3 2 1 1 3 1 1 3 2 1 1 2 3 1 1 1 1 1 2 1 1 1 1 2 6 1 1 1 1 1 2 2 1 1 1 2 1 1 1 1 2 2 3 2 1 1 1 2 1 1 1 2 1 1 1 1 1 1 1 1 4 2 1 1 1 1 1 2 3 2 1 1 2 1 1 1 1 1 2 1 1 1 4 1 2 4 2 1 1 2 1 2 1 1 3 1 1 4 2 1 2 4 1 1 2 1 1 1 3 2 1 1 3 2 1 1 1 1 1 1 1 1 2 1 2 2 1 3 2 2 1 1 2 1 2 2 1 1 1 1 1 1 2 1 1 2 1 1 2 3 2 1 3 2 2 3 1 1 2 1 1 1 3 4 1 1 1 1 2 2 2 2 2 1 2 2 1 1 1 1 1 1 1 2 1 2 1 1 2 1 2 1 1 1 2 1 1 1 1 2 1 1 3 1 1 1 1 1 1 1 1 1 4 1 1 3 1 1 2 2 1 1 1 1 1 3 1 2 1 1 2 1 3 2 1 1 1 1 2 1 1 1 2 3 2 2 1 1 1 1 2 2 1 2 1 1 1 1 1 3 2 1 2 2 2 3 3 1 2 1 1 1 3 1 2 1 1 2 1 3 1 1 2 1 2 4 2 3 2 1 1 2 1 1 1 1 1 2 1 1 1 1 3 3 4 2 2 3 2 3 1 1 1 2 1 1 1 1 1 1 2 1 1 2 1 1 2 3 1 1 1 3 4 1 2 1 1 1 1 1 2 1 1 2 1 2 1 1 1 1 2 1 3 1 2 1 3 1 1 1 1 1 2 1 1 1 1 2 2 1 4 1 1 1 2 1 1 1 1 1 1 1 1 1 1 1 1 1 2 1 2 1 1 2 1 3 3 1 1 2 3 1 3 2 2 2 1 1 3 1 2 2 1 2 2 2 2 1 1 1 2 1 2 2 1 3 1 1 1 1 1 1 1 1 1 1 1 3 1 3 2 2 1 2 2 1 2 1 4 1 3 1 3 2 1 2 1 2 3 2 2 1 1 1 3 2 2 1 1 1 4 1 2 1 4 1 2 1 1 1 2 2 1 2 1 1 1 1 1 3 1 1 2 1 2 1 2 2 1 1 2 1 2 1 3 4 1 2 1 2 1 2 1 2 1 1 2 2 1 1 1 1 1 1 1 3 1 2 1 2 1 1 1 1 2 2 1 1 1 2 1 1 2 2 3 1 2 2 1 1 2 1 2 2 2 1 1 1 3 1 3 1 3 1 2 1 1 1 3 1 1 1 1 1 2 1 1 4 1 2 2 1 1 3 1 2 1 2 2 2 2 1 2 1 2 3 1 1 1 2 1 2 2 3 1 2 2 1 2 3 2 3 3 1 1 1 1 1 1 3 1 1 1 1 1 1 1 1 1 1 3 2 1 2 2 1 1 1 1 1 1 1 1 2 1 2 1 2 2 1 1 3 4 2 2 1 1 1 1 1 1 1 1 2 1 3 1 2 3 1 1 2 2 1 1 1 2 1 1 1 1 1 1 2 1 2 2 1 1 2 2 1 1 1 1 2 1 1 2 2 1 1 1 1 1 1 1 2 1 3 1 2 1 1 2 1 1 4 5 1 1 3 1 1 1 1 1 1 1 2 1 1 2 3 1 1 1 1 1 1 2 1 1 1 1 1 2 1 1 3 2 1 3 2 1 1 3 1 1 1 2 3 2 1 2 2 3 1 2 4 1 1 1 2 1 2 1 2 1 2 1 2 1 1 2 1 1 1 2 1 1 3 1 1 1 1 1 1 1 4 1 3 1 2 2 1 1 1 1 3 1 1 3 2 2 1 3 1 1 2 2 1 2 3 1 1 1 2 3 2 1 1 1 2 2 1 2 3 1 1 1 1 1 1 2 2 1 1 1 2 1 1 1 2 1 2 1 1 5 2 1 3 1 1 1 1 2 2 1 1 5 2 1 2 1 2 1 2 1 1 1 1 2 1 3 2 3 3 2 1 2 1 1 2 2 2 3 1 1 3 2 1 1 3 3 1 5 1 1 1 1 1 3 1 2 1 1 1 1 4 1 1 2 1 1 1 2 1 1 5 3 1 1 1 4 1 2 2 2 1 2 1 2 1 1 1 2 2 2 2 2 2 1 4 1 1 1 1 2 4 1 1 1 1 2 1 1 1 2 1 1 2 1 2 2 1 1 1 1 1 1 2 1 1 2 3 1 1 1 1 1 1 1 1 2 1 3 1 3 1 2 2 1 1 3 3 2 2 1 1 3 3 1 4 1 1 2 4 1 2 1 1 1 1 1 1 1 1 1 1 1 1 1 1 1 1 2 2 2 1 1 1 1 2 1 1 1 1 1 4 3 4 2 2 1 1 2 3 3 1 1 2 2 2 2 2 2 2 2 2 2 2 1 1 3 1 1 1 4 1 1 1 1 1 1 1 3 1 1 1 3 1 1 1 1 2 1 1 1 2 1 1 1 1 1 2 1 1 1 1 2 1 1 1 1 1 2 1 1 1 1 1 1 3 1 1 2 1 2 3 1 1 1 2 1 2 2 1 3 2 1 1 2 5 1 1 3 1 2 1 3 1 1 1 1 2 1 3 2 1 2 1 2 2 1 1 2 2 1 2 1 1 1 2 1 1 1 1 2 1 1 1 1 1 1 1 2 1 1 2 1 1 1 2 1 1 1 2 1 2 1 1 1 3 1 1 1 2 2 4 1 1 3 1 2 2 3 2 1 1 1 1 1 2 1 1 3 1 3 1 2 1 3 3 4 1 1 1 1 3 2 1 2 1 1 1 1 1 2 1 2 2 1 2 1 3 2 1 1 1 1 1 1 1 1 1 1 1 1 1 1 1 2 5 3 1 2 1 2 2 1 1 1 1 1 4 1 3 1 1 2 2 1 1 1 2 1 2 1 2 3 1 2 1 4 2 2 2 2 1 1 3 1 1 2 1 5 1 1 1 3 2 2 3 3 1 2 1 1 1 2 1 1 4 1 1 1 1 1 1 1 1 1 1 1 2 2 1 2 3 1 1 3 1 1 1 1 1 1 1 1 2 1 1 1 2 1 2 1 3 1 1 1 1 1 1 2 1 2 1 2 2 1 1 2 1 2 3 2 2 1 1 1 1 1 1 2 2 2 2 3 1 4 1 1 5 1 2 2 3 1 2 1 1 1 1 1 2 4 2 1 2 2 1 1 1 1 1 1 1 1 1 3 1 1 1 1 1 1 1 1 1 3 1 1 3 1 2 1 1 1 1 3 1 2 1 2 1 1 2 1 1 1 1 1 1 1 3 4 2 4 1 2 1 1 1 1 2 2 1 1 1 1 1 1 1 2 2 1 1 1 1 1 2 1 1 3 1 1 2 1 1 1 1 1 1 1 2 1 1 1 3 1 1 1 1 3 1 1 1 1 2 1 1 2 1 2 2 2 1 3 1 3 2 1 1 1 2 1 1 1 2 4 3 1 2 1 1 2 1 1 1 2 1 1 2 1 1 3 3 1 1 1 1 1 1 1 2 3 1 1 1 2 2 1 1 1 1 1 1 1 2 1 1 1 2 1 1 1 1 1 2 1 1 1 3 2 1 2 3 1 1 1 1 2 2 2 2 1 1 2 3 2 2 2 1 1 3 1 1 1 2 3 1 4 1 1 2 1 2 2 3 1 1 2 1 1 2 1 2 1 2 3 2 1 1 1 1 1 2 1 2 2 1 1 1 2 1 1 1 1 2 1 1 1 2 1 1 2 2 1 1 1 1 3 1 1 2 2 3 3 1 2 2 1 2 1 3 2 2 1 1 1 1 2 1 2 1 2 2 2 2 1 2 3 2 2 1 1 2 2 1 2 2 1 1 3 1 2 3 1 1 3 1 2 2 1 1 1 1 1 1 1 1 1 1 1 1 2 2 2 1 1 1 1 2 1 1 2 1 3 3 1 1 1 1 1 1 1 1 3 2 1 2 2 1 1 2 1 1 1 3 2 1 2 1 2 1 2 2 1 1 1 2 2 1 3 1 4 1 1 1 1 1 2 1 1 1 1 1 1 1 1 1 1 4 2 2 1 1 1 1 1 2 3 2 1 5 1 1 1 1 1 1 1 2 3 1 2 1 2 1 2 2 1 1 4 2 2 1 2 1 2 2 1 1 1 1 1 1 1 1 1 2 3 1 1 1 1 1 2 1 1 1 2 1 1 1 1 1 1 1 1 1 1 1 1 1 1 1 2 2 3 1 2 1 2 1 1 5 3 1 1 1 2 1 2 2 1 1 1 1 1 1 1 1 1 1 1 2 1 1 2 3 2 4 2 1 1 1 2 3 2 2 2 1 1 2 2 2 1 2 1 1 1 1 1 1 1 1 2 2 1 1 1 1 1 1 5 1 2 2 1 2 1 3 2 2 2 3 1 2 1 1 1 2 2 1 1 1 1 1 1 1 2 1 1 1 1 1 2 1 3 1 1 3 1 1 1 1 1 1 1 1 1 1 1 2 4 1 1 1 2 2 1 1 1 1 1 1 1 1 1 2 3 1 2 1 1 1 1 1 2 1 1 2 1 2 1 2 1 1 1 1 2 1 1 1 1 3 3 4 2 1 1 2 1 1 4 1 1 1 1 1 3 2 3 1 1 2 1 1 2 1 4 2 1 1 1 1 1 1 1 2 1 1 2 3 1 1 1 1 3 1 2 2 1 1 1 2 1 1 1 1 1 2 1 1 2 1 1 1 2 1 1 2 2 2 1 1 2 1 3 2 4 1 1 3 1 1 4 2 1 2 1 2 1 2 1 3 1 1 2 1 3 4 3 2 1 2 2 2 1 1 2 1 1 4 1 1 1 1 1 1 1 1 1 3 2 2 1 1 1 2 1 1 1 2 1 1 2 2 2 1 1 2 2 3 3 1 1 2 1 2 2 1 1 1 2 1 2 1 1 2 1 1 1 1 3 2 3 2 1 1 1 1 3 1 1 1 1 3 2 1 1 2 1 1 1 1 2 1 1 2 2 1 1 2 3 2 2 1 1 1 2 2 2 1 1 1 2 1 1 1 2 1 1 1 2 1 2 1 2 2 1 1 1 3 1 2 3 1 2 1 1 1 1 1 3 1 3 1 2 2 2 1 1 3 1 2 1 1 3 1 2 1 1 1 1 1 1 2 1 2 1 2 1 1 3 1 1 1 1 1 3 2 1 2 1 2 3 1 3 2 2 2 1 1 1 3 1 2 1 2 1 1 1 1 1 1 1 1 3 2 1 2 1 1 1 2 3 1 1 2 1 3 3 1 3 3 1 3 1 1 2 1 3 2 1 1 1 1 1 2 1 1 2 1 2 1 1 3 2 1 1 1 1 1 2 2 1 1 1 1 1 1 1 1 1 1 4 1 1 2 1 1 1 1 1 1 2 1 1 2 3 3 2 3 1 1 1 2 2 1 1 1 1 4 1 1 1 1 2 2 1 1 1 3 1 1 2 2 3 1 1 1 1 1 1 1 1 1 1 1 1 2 2 2 2 1 2 2 4 1 2 2 1 2 1 2 2 2 3 1 2 3 1 2 1 1 1 1 3 1 2 2 2 2 1 2 5 3 2 1 1 1 2 2 2 1 1 1 5 1 1 1 2 1 1 1 4 1 1 1 1 4 2 1 1 1 1 4 3 2 4 1 1 2 2 1 1 1 1 2 3 1 2 1 1 1 1 1 1 2 2 2 2 1 1 1 1 2 1 2 3 1 3 1 1 1 1 1 1 1 1 2 1 2 1 3 2 1 2 2 1 1 1 1 2 2 1 1 3 1 1 3 1 1 1 2 1 1 1 1 1 2 1 1 1 1 2 2 1 1 1 3 1 1 1 1 2 2 1 1 1 1 1 1 1 3 1 2 5 3 1 1 1 1 1 3 2 1 1 1 1 1 2 2 1 1 1 3 1 1 3 1 2 1 1 1 2 3 1 1 1 2 1 2 2 2 1 1 1 1 1 2 2 1 1 1 3 2 1 2 2 5 2 1 2 1 1 1 1 1 1 1 3 1 1 2 1 2 1 1 3 1 2 3 1 3 1 3 1 1 1 2 1 1 2 1 2 1 3 2 2 2 2 3 1 1 1 1 2 2 2 3 1 1 1 1 1 1 2 3 1 1 1 2 3 1 2 1 3 2 2 2 1 1 1 3 4 1 2 1 2 1 2 2 1 2 1 2 1 1 1 3 1 2 1 1 1 1 1 1 2 2 1 1 2 2 1 3 4 1 1 3 1 1 1 1 1 3 1 1 1 2 1 2 2 1 1 1 1 2 2 1 1 1 3 2 1 1 2 1 3 2 1 3 1 1 2 2 2 2 1 2 1 2 3 1 1 1 2 1 1 1 2 2 1 1 1 1 1 2 2 5 1 1 2 1 1 1 1 1 3 2 5 1 1 1 1 1 1 1 1 1 1 1 1 3 1 1 1 3 1 1 3 1 2 2 1 2 1 1 1 1 2 1 1 1 2 1 3 2 3 1 2 1 2 1 1 1 1 1 4 1 3 1 1 2 3 3 2 1 1 1 1 3 1 1 2 1 4 1 3 1 1 2 2 1 1 1 1 1 1 1 1 2 1 2 3 2 1 2 1 1 1 2 1 1 1 1 1 3 1 2 1 1 1 1 1 2 2 2 2 2 2 1 1 1 2 2 2 2 3 2 1 1 1 1 2 1 1 3 2 1 1 3 1 1 1 1 1 2 1 2 1 2 4 2 1 2 2 1 2 1 1 1 1 1 1 1 2 3 1 2 1 1 1 1 1 1 1 1 2 2 1 2 1 3 1 3 1 1 1 3 2 1 1 1 1 1 2 1 2 2 1 1 1 1 1 2 1 2 1 2 1 2 2 1 1 2 1 1 1 1 1 1 1 2 1 1 1 1 1 2 1 1 3 1 2 1 1 2 1 1 1 2 1 2 2 1 1 1 1 2 2 1 1 3 2 2 2 2 1 1 2 4 1 3 2 1 1 2 1 1 1 1 1 2 1 1 2 1 2 2 1 2 1 2 1 3 1 4 1 2 1 2 2 1 2 1 2 1 1 2 2 1 2 1 1 1 1 2 1 3 1 1 2 3 1 2 1 3 1 1 1 1 1 1 3 2 2 1 1 3 2 1 1 5 3 1 2 2 2 1 1 1 3 2 1 1 1 1 1 1 4 1 1 2 1 2 4 1 3 1 2 2 1 1 2 2 2 1 2 1 2 1 1 1 3 1 2 1 1 1 1 1 2 3 1 1 1 1 3 1 1 1 1 1 2 1 1 1 1 1 2 3 1 1 1 3 1 1 1 1 2 1 2 1 2 1 2 1 1 2 1 2 1 3 2 1 1 2 3 1 1 1 3 1 3 1 2 3 1 1 3 1 1 1 1 1 1 1 1 1 3 1 1 1 1 2 1 1 3 2 2 1 1 1 2 3 2 1 1 5 2 2 1 3 3 1 1 3 1 1 3 1 1 1 2 2 1 1 1 1 1 1 1 1 1 1 1 3 2 4 1 1 1 2 2 2 5 1 1 3 1 1 1 1 1 1 4 1 1 1 2 1 2 2 1 2 2 1 1 1 2 1 1 2 2 1 1 2 1 1 1 1 2 1 2 1 1 3 4 1 1 1 3 1 2 1 2 1 1 2 1 2 1 1 2 1 1 1 2 2 1 1 1 3 1 1 3 2 3 1 2 1 1 1 1 3 1 3 1 1 1 2 2 2 1 2 1 1 2 1 2 2 1 3 2 1 2 1 1 1 2 1 1 1 1 2 1 1 1 1 3 1 2 1 1 1 1 1 2 1 1 1 1 3 2 1 1 2 1 2 1 2 1 1 3 2 1 1 1 1 3 1 1 1 1 2 1 1 2 1 3 1 1 1 1 1 1 3 1 4 1 1 4 1 3 4 2 2 2 1 1 1 2 2 1 1 1 1 2 2 1 3 1 4 1 1 1 2 2 1 1 1 2 1 1 1 1 1 1 1 1 1 1 2 4 2 1 3 2 2 3 1 2 2 1 1 1 2 1 1 1 1 2 1 1 1 1 3 1 2 2 2 1 1 3 1 1 1 1 1 3 4 2 1 2 1 2 2 1 1 3 1 1 2 1 3 3 2 1 3 1 1 2 1 1 2 1 2 1 2 1 1 1 2 1 2 1 2 1 1 1 1 2 2 5 1 1 3 3 1 3 3 2 2 1 3 1 1 1 1 1 1 1 2 1 3 1 1 1 1 1 1 1 1 1 1 1 1 1 2 1 2 1 2 2 2 1 1 2 3 1 1 2 2 3 2 2 4 2 3 1 1 1 1 2 2 1 1 1 1 3 1 2 1 2 3 1 2 1 3 1 1 1 1 1 1 2 1 2 2 1 2 1 1 1 2 1 3 2 1 2 2 3 1 1 2 1 2 1 2 2 1 1 2 2 1 2 1 1 1 3 1 3 2 2 1 1 1 1 1 1 2 3 1 1 1 3 3 2 2 1 1 2 1 2 2 3 1 1 1 1 1 1 1 1 2 2 1 1 4 1 1 2 1 1 1 1 1 1 1 1 1 1 1 2 1 1 2 2 3 4 2 1 1 1 2 1 1 1 1 1 2 2 1 2 1 1 1 1 1 1 1 1 1 2 1 1 1 1 2 2 2 3 2 1 1 1 1 1 2 1 1 2 3 1 1 2 1 1 1 1 3 4 1 1 1 1 1 2 3 1 3 2 1 1 1 2 2 1 1 2 1 1 2 1 1 1 2 1 1 1 3 2 1 1 1 1 1 2 2 2 1 2 1 1 1 2 1 3 2 1 1 1 2 1 2 3 2 5 2 1 2 1 1 1 1 1 1 3 1 1 1 2 1 1 2 1 1 2 2 1 1 1 2 1 1 1 1 1 2 2 1 1 1 3 2 2 1 2 1 2 1 1 2 3 1 2 1 1 2 1 2 1 1 2 2 2 1 2 1 1 2 2 4 1 1 2 2 1 3 1 1 3 1 1 1 1 1 1 2 4 1 1 1 2 1 1 2 2 1 1 1 2 1 1 3 1 2 1 2 1 1 1 1 1 1 1 2 2 2 1 1 1 1 1 1 3 2 1 2 1 1 1 1 1 1 1 1 3 1 1 1 2 2 5 4 1 1 1 2 1 1 2 3 1 1 2 1 1 1 1 1 1 1 1 1 2 1 3 1 1 1 1 2 1 1 1 1 2 3 2 1 1 3 2 2 1 2 1 1 2 1 2 1 1 2 1 2 1 2 1 1 1 2 1 2 3 2 1 1 2 1 2 2 1 2 1 1 2 1 2 2 3 2 1 1 1 3 1 1 1 1 1 1 3 1 1 1 1 2 1 1 1 1 1 1 2 2 1 1 1 1 2 1 1 2 1 2 3 1 1 1 1 2 1 1 1 2 3 1 2 4 2 3 2 2 1 2 2 1 1 1 3 1 1 3 2 2 2 1 1 2 1 1 1 1 1 1 1 1 2 1 1 1 1 2 1 3 1 3 1 2 2 1 3 1 1 1 1 1 4 1 1 2 1 1 2 1 4 1 2 5 1 1 1 1 1 1 3 1 1 1 1 2 1 1 2 1 2 3 1 5 1 1 1 2 1 3 1 2 2 1 1 1 1 1 2 2 1 1 1 1 1 2 2 1 1 2 1 1 2 1 2 1 2 3 1 1 1 1 2 1 1 1 2 1 1 1 2 1 2 2 1 2 2 1 1 3 3 1 2 2 1 1 2 2 1 2 2 2 2 2 2 1 2 1 1 2 2 1 1 1 2 1 2 1 1 1 1 2 1 1 2 1 1 2 2 2 1 3 1 1 2 2 2 3 1 1 2 1 4 2 1 2 1 1 1 1 1 1 2 2 1 1 1 1 1 2 1 1 1 1 1 1 3 2 2 1 2 2 3 1 1 1 1 2 2 1 2 2 1 1 1 2 4 3 1 1 1 1 1 2 1 1 2 1 1 2 3 1 1 1 1 1 1 3 3 1 2 1 1 1 2 2 1 1 1 1 2 1 2 2 1 1 1 1 1 1 1 2 1 1 2 1 2 1 2 1 2 2 1 2 1 2 3 2 2 1 2 3 2 4 1 2 1 1 3 2 1 2 2 1 1 4 2 2 1 1 1 1 1 1 1 1 1 1 2 1 3 4 1 1 2 1 1 1 1 1 2 3 3 1 1 3 1 1 1 1 1 1 3 2 1 2 1 2 1 1 1 1 2 2 1 2 4 1 1 2 1 1 1 2 1 2 1 2 1 1 1 1 2 2 1 2 1 1 2 3 3 1 1 1 3 2 3 1 1 1 1 2 2 1 2 1 1 2 1 1 1 1 1 1 3 1 4 1 2 2 1 3 1 3 1 5 1 1 1 1 1 1 4 1 1 1 1 1 2 2 2 1 2 2 2 1 2 2 1 1 2 3 1 2 1 1 2 1 1 2 1 1 1 2 1 2 3 1 1 1 2 1 2 1 2 2 1 1 1 3 3 1 1 2 2 3 2 1 1 1 3 2 2 3 2 1 1 2 1 1 1 1 1 1 2 1 1 1 1 1 1 1 1 1 1 2 3 3 1 1 1 1 1 1 3 3 1 1 2 1 1 2 1 2 1 1 2 1 2 2 2 2 3 2 1 2 3 1 1 1 2 1 1 1 2 1 3 1 1 1 2 1 4 1 1 1 1 1 2 1 1 2 3 2 1 2 1 1 2 1 1 1 1 1 1 1 3 2 2 2 3 2 1 1 2 2 2 2 2 1 1 2 1 1 1 2 1 2 3 2 1 1 3 1 1 1 1 1 2 1 1 1 2 2 1 3 1 2 1 2 1 1 2 1 1 2 4 2 2 2 2 1 2 2 1 1 1 1 4 1 1 1 2 1 1 1 4 1 3 3 1 1 1 1 1 1 3 1 2 1 1 1 1 2 3 3 3 3 1 1 1 1 1 1 2 3 3 2 2 1 1 1 2 1 1 1 1 3 2 1 1 4 2 1 1 1 1 1 3 2 1 1 1 2 2 3 2 2 1 1 1 1 3 2 1 1 1 3 2 1 3 1 2 1 2 1 1 2 1 1 1 1 2 1 1 1 2 2 2 3 1 3 1 1 1 1 1 1 2 1 2 2 1 1 1 1 2 2 1 1 2 1 3 2 1 1 1 2 2 1 2 1 2 1 1 1 1 1 3 1 1 1 3 2 5 1 1 3 1 4 3 2 2 2 2 1 1 2 4 3 2 3 2 1 1 1 1 1 2 2 1 1 2 1 1 1 3 1 2 2 3 2 2 1 1 1 1 1 2 3 1 2 1 1 2 2 1 1 2 2 1 1 2 1 1 3 2 2 2 1 2 1 1 2 1 1 1 3 2 2 2 2 1 1 1 1 1 1 2 2 2 3 1 2 1 1 1 1 1 2 1 2 1 3 2 1 1 2 1 1 3 4 1 1 2 1 2 1 1 1 1 1 1 1 2 3 1 2 1 2 1 2 5 1 2 2 1 3 3 1 1 2 1 2 1 1 1 1 1 1 3 1 1 1 3 1 1 1 1 2 1 2 1 1 1 2 1 1 1 5 1 1 1 1 1 2 2 1 1 4 2 1 2 2 1 2 1 1 1 1 1 2 2 3 3 1 1 1 2 2 4 2 2 2 1 1 1 3 2 2 1 1 2 1 1 3 1 3 1 1 1 1 2 1 1 1 2 1 1 1 2 1 1 3 2 2 2 1 1 2 4 2 5 1 2 2 1 2 1 2 1 1 2 3 2 1 1 1 1 1 2 1 2 2 3 1 1 1 1 1 3 1 1 3 1 1 1 1 1 1 1 2 3 1 3 2 1 1 2 1 1 2 3 1 1 1 1 1 2 2 2 1 3 1 1 3 1 1 1 3 1 1 3 1 1 1 3 1 2 1 1 1 1 1 1 3 3 1 1 1 2 2 1 2 3 2 1 1 3 2 3 3 1 1 3 2 1 2 1 2 2 1 2 2 1 1 3 2 4 2 1 4 1 1 2 3 1 1 2 1 1 2 4 1 2 2 1 1 2 1 2 2 1 1 1 1 2 3 3 1 1 2 1 2 4 2 1 1 2 2 1 3 1 1 1 1 1 1 1 2 1 2 1 1 2 1 1 2 2 1 1 1 1 1 1 3 2 1 1 2 1 1 1 1 1 1 1 2 1 1 1 1 1 1 1 2 2 2 3 5 1 1 1 1 1 1 1 1 3 3 2 2 2 2 2 1 1 1 1 1 1 1 2 1 1 2 1 1 2 1 1 1 1 2 2 2 1 2 2 1 1 1 1 2 1 2 1 1 1 1 1 1 2 2 1 2 2 1 1 1 1 1 3 1 2 1 1 1 1 2 1 1 1 1 1 3 1 2 1 1 1 1 1 1 1 1 2 2 2 2 1 1 2 1 1 1 2 3 1 1 2 2 2 1 1 2 1 1 1 1 2 2 1 1 1 2 1 2 2 1 1 2 1 1 1 2 2 1 1 1 2 1 2 1 1 2 2 2 1 2 2 1 2 1 3 1 1 2 1 1 1 1 1 1 2 1 1 2 1 1 2 2 1 1 1 1 2 2 1 1 2 2 1 2 1 2 1 1 1 3 1 2 1 1 3 1 1 1 3 1 2 3 2 2 1 1 2 1 1 1 2 2 1 2 1 1 1 1 2 1 1 4 2 1 3 3 2 2 1 1 2 1 3 2 1 1 2 1 2 1 1 1 2 1 2 2 2 3 1 1 1 2 2 1 1 3 1 1 3 3 1 2 3 1 1 1 1 1 2 1 1 1 2 1 3 2 2 2 1 2 1 1 3 1 4 2 1 2 1 1 1 2 2 2 4 1 3 1 4 3 2 1 2 1 1 1 1 2 2 3 1 1 2 1 1 2 2 1 3 2 1 1 1 2 1 3 2 1 1 1 1 2 3 1 1 3 1 2 1 1 2 2 1 1 1 2 1 1 1 3 2 1 1 1 1 1 1 2 1 1 1 2 1 2 1 1 3 1 2 1 2 1 2 1 2 3 1 1 2 2 1 3 1 1 1 1 1 1 1 1 1 1 2 2 3 1 2 3 1 1 4 1 1 1 1 2 1 1 2 1 1 2 1 3 2 1 2 2 1 1 1 1 2 1 1 2 1 3 1 1 3 2 2 1 1 1 1 3 1 2 1 1 2 4 2 1 2 2 1 2 1 2 1 1 1 3 2 1 1 1 1 1 3 1 1 1 1 1 1 1 1 4 1 2 5 3 2 2 1 2 1 1 3 1 2 1 2 1 3 2 3 2 1 1 1 1 2 3 1 2 2 1 2 2 4 1 1 2 2 1 3 2 1 1 1 1 2 2 1 1 3 1 1 1 1 1 3 1 3 1 2 1 1 1 1 1 1 1 1 2 1 2 2 1 1 1 2 1 2 1 2 1 1 1 1 2 3 2 3 1 1 1 1 1 3 2 1 1 1 1 1 2 2 3 1 3 2 2 2 3 1 2 2 3 1 2 1 2 1 2 4 2 2 1 1 1 1 1 1 1 1 1 3 1 3 4 1 2 1 2 4 1 1 1 1 1 2 2 1 2 3 2 4 2 1 1 2 1 1 1 4 1 2 1 1 2 1 1 3 1 1 1 2 2 1 1 1 2 1 1 1 1 2 2 2 1 1 1 1 1 2 1 1 1 1 1 2 1 2 3 1 1 2 2 3 3 1 1 1 2 2 1 2 1 2 1 1 1 1 2 2 2 2 2 1 2 1 2 1 2 3 1 1 1 2 2 3 2 2 1 2 1 2 
  #Test Small 20088
  #Test Medium 39001
  #Test Large 50395
