Board size [mm] 75x375

Stats side 1
  #Components with background 34
  #Components with points 140
  #Components nofly 4
  #Components notouch 3
  #Pins 32185
  #GNDs 1726
  #VDDs 1380
  #Clock 18
  #NoFly points 664
  #NoTouch points 586
  #Points [total] 36559

Stats side 2
  #Components with background 26
  #Components with points 194
  #Components nofly 0
  #Components notouch 1
  #Pins 40493
  #GNDs 880
  #VDDs 633
  #Clock 22
  #NoFly points 0
  #NoTouch points 122
  #Points [total] 42150

Stats board (side 1 + side 2)
  #Components with background 60
  #Components with points 334
  #Components nofly 4
  #Components notouch 4
  #Pins 72678
  #GNDs 2606
  #VDDs 2013
  #Clock 40
  #NoFly points 664
  #NoTouch points 708
  #Points [total] 78709
  #Nets 4406
    Net Size: 2606 2013 40 1 3 1 2 1 2 1 1 2 2 1 1 2 1 2 4 1 2 1 3 1 3 2 1 2 2 2 1 1 2 1 2 1 2 2 1 1 1 1 1 1 1 3 2 1 2 1 1 1 1 1 2 1 2 2 1 2 1 2 2 1 1 1 2 1 1 1 1 2 1 1 1 3 1 2 2 1 1 2 2 1 1 2 1 2 3 1 2 1 1 1 1 1 2 2 1 1 3 1 3 2 1 1 1 3 2 2 3 1 1 1 1 3 2 5 1 2 1 1 3 2 1 1 1 1 4 2 4 3 2 2 2 4 1 2 2 1 1 1 3 1 3 2 3 1 3 1 2 3 2 3 1 1 2 2 2 1 3 2 1 1 3 1 1 3 2 3 2 1 2 2 1 1 1 1 1 1 3 1 1 1 2 1 2 1 1 2 1 2 3 1 3 2 1 1 1 2 1 2 2 2 1 2 1 1 3 3 1 1 1 2 1 2 3 2 3 2 2 2 1 1 2 1 2 2 5 1 5 1 1 1 2 1 1 1 1 1 1 3 2 2 3 1 2 1 1 2 4 3 2 1 1 1 2 3 1 1 1 1 1 2 2 1 2 2 1 3 2 1 2 4 1 1 2 1 4 2 3 2 1 3 2 3 1 1 1 2 2 2 1 2 1 1 1 2 2 2 1 3 1 2 4 1 2 2 1 2 3 1 2 2 1 2 2 1 1 2 1 1 1 2 1 1 4 1 1 1 1 1 1 1 3 1 2 1 2 1 1 1 3 2 2 4 1 1 2 1 2 2 2 3 2 3 2 1 2 3 3 1 2 3 1 1 2 3 2 1 2 1 3 1 1 3 2 2 1 2 1 3 2 5 3 1 1 3 1 2 2 3 1 1 2 3 1 2 1 2 2 1 1 3 1 1 2 1 2 1 2 1 1 2 1 3 2 1 1 1 1 1 2 1 2 1 4 1 1 1 2 2 1 2 1 1 2 2 1 1 1 1 1 1 1 2 2 2 3 3 1 1 2 1 2 1 2 1 1 2 2 2 2 3 2 1 2 1 1 2 1 1 1 2 3 3 1 4 2 1 1 2 2 1 1 1 2 2 1 1 1 1 3 1 2 2 2 1 2 1 1 2 1 1 1 2 4 1 1 1 4 3 1 2 1 1 3 1 1 2 1 1 1 1 1 1 2 1 1 1 1 1 2 2 2 2 1 1 2 2 3 2 2 2 2 2 2 1 3 1 2 2 2 1 1 2 3 1 2 1 1 2 2 1 1 2 1 1 2 3 1 1 1 2 1 2 4 1 2 1 1 3 1 2 1 1 2 1 1 1 1 1 1 1 1 1 1 1 2 1 1 2 2 2 2 1 2 1 1 2 1 1 1 1 1 1 1 2 2 2 1 2 1 1 2 1 1 2 2 4 1 1 3 1 2 2 2 1 2 3 1 1 2 1 4 1 3 1 3 1 1 2 1 1 1 2 1 2 1 1 1 1 3 2 3 2 1 1 2 1 1 3 1 2 1 2 5 2 1 2 2 1 1 1 2 3 2 1 1 1 1 2 3 1 2 2 3 1 2 1 1 1 1 1 1 3 2 5 2 3 3 1 1 2 3 1 1 2 1 1 2 1 1 2 2 2 1 1 1 1 1 2 1 1 2 2 2 1 1 1 2 2 1 2 2 1 1 2 2 1 1 2 1 1 1 1 1 1 1 3 1 1 1 1 2 2 2 1 1 3 1 1 1 2 2 2 1 3 1 2 2 1 2 2 1 1 2 2 1 1 1 1 1 3 2 2 3 2 1 1 3 3 1 1 1 3 1 3 1 1 2 2 2 1 1 1 2 2 1 2 2 1 2 2 2 1 1 3 1 1 1 1 2 1 1 2 1 5 2 1 1 2 2 2 2 1 1 1 1 3 1 1 2 1 1 1 2 2 1 2 1 1 4 1 4 2 3 1 1 2 1 1 1 1 2 1 2 1 2 1 2 3 1 1 1 2 1 1 1 1 2 1 2 1 1 3 1 1 3 1 2 1 1 1 1 1 1 2 1 1 2 2 1 2 3 1 1 3 2 1 1 1 1 1 1 1 3 2 1 1 2 2 2 2 2 1 2 1 2 3 1 2 1 1 1 1 1 1 1 1 1 1 2 2 1 2 2 2 4 1 1 3 2 3 2 1 1 1 1 1 1 1 4 1 2 2 1 1 1 1 1 2 2 4 5 1 3 1 1 2 3 2 2 1 1 3 1 4 2 2 1 1 1 1 1 1 2 1 2 1 2 1 1 1 1 2 1 2 2 2 1 3 5 3 1 1 1 1 1 1 1 2 2 3 2 1 3 1 2 1 2 1 3 2 1 2 3 2 2 2 3 1 1 1 1 2 2 1 1 3 1 1 2 1 2 1 2 1 3 1 1 1 2 2 1 1 1 2 3 1 3 1 1 2 1 1 2 1 1 2 1 2 1 1 1 2 1 2 2 1 1 2 3 1 3 1 2 1 1 1 2 2 2 1 2 2 1 1 2 4 2 1 2 1 1 1 1 2 2 1 4 2 1 1 1 2 2 2 1 1 1 1 1 2 1 1 1 2 3 1 1 1 1 2 1 1 2 1 2 1 2 2 1 1 1 1 1 2 3 1 1 1 1 1 2 1 2 1 1 3 2 2 1 1 1 2 1 1 2 1 1 1 1 2 2 2 2 1 3 2 1 1 1 3 2 1 1 1 1 1 1 1 4 3 1 1 4 2 3 1 1 1 1 1 2 2 1 2 1 1 1 1 3 1 1 1 1 5 1 2 3 1 3 2 1 3 1 4 1 2 2 1 1 1 3 1 2 1 2 1 2 1 1 2 2 1 1 2 1 2 6 1 1 1 1 3 3 2 1 1 1 2 2 1 3 1 1 2 1 1 1 1 1 2 2 2 1 1 1 1 1 3 1 2 1 1 1 1 3 1 2 1 1 2 1 1 1 1 1 2 1 2 1 1 2 1 3 2 1 4 1 2 3 3 2 3 3 3 1 1 1 1 1 2 2 1 1 1 2 3 2 1 3 1 1 1 1 1 1 1 1 1 1 1 1 1 2 1 2 1 2 1 1 2 2 1 1 2 1 1 1 1 1 2 2 2 1 2 3 1 1 1 1 2 1 3 1 1 2 2 1 1 1 3 1 1 1 1 3 1 2 1 1 1 3 2 2 2 2 2 4 4 1 1 2 1 4 1 3 2 2 2 1 1 2 1 1 1 5 1 2 1 1 1 1 2 2 1 2 1 2 1 2 1 1 2 1 1 3 2 2 2 3 2 1 2 2 1 2 2 2 1 2 2 1 2 1 1 2 2 1 1 2 1 1 1 2 1 1 1 4 3 1 1 2 1 1 2 2 1 1 2 1 1 1 2 6 2 1 1 3 1 1 1 1 1 1 1 1 1 3 3 2 3 1 1 1 1 2 3 2 1 2 2 1 1 2 2 1 1 3 1 4 1 1 2 4 1 1 2 2 1 1 1 1 1 1 2 1 1 1 1 2 1 2 1 1 1 1 1 1 2 4 3 1 3 1 1 2 1 5 3 2 2 1 1 1 1 2 1 1 1 1 1 1 2 2 2 4 2 1 1 2 1 3 1 2 2 2 1 1 3 2 2 1 2 1 2 1 2 2 3 1 1 1 1 1 2 3 1 2 1 2 1 1 2 1 2 1 3 1 2 3 1 1 2 1 2 2 2 2 2 2 1 2 1 1 1 1 3 2 2 2 2 1 3 3 3 2 3 2 1 2 1 1 1 5 2 1 1 1 2 5 1 3 1 1 2 1 2 1 2 1 1 1 1 1 1 4 1 2 1 1 1 1 1 1 3 1 1 1 2 1 3 1 2 2 1 1 1 1 1 2 1 1 2 1 1 2 1 2 2 3 1 1 1 2 3 1 2 1 2 2 1 1 1 3 1 1 1 1 3 2 1 1 1 1 1 1 1 1 3 1 2 2 1 1 1 2 1 1 2 1 2 1 1 1 2 1 1 2 1 2 1 2 1 1 1 1 2 1 1 1 2 3 2 3 1 1 2 2 1 1 1 2 3 1 1 3 1 1 1 1 1 1 1 1 1 2 2 1 1 2 2 1 3 1 3 3 2 1 2 1 1 1 1 1 2 1 2 2 2 1 1 1 1 3 1 1 4 2 1 2 1 2 2 2 1 4 1 1 1 1 1 1 2 1 1 2 1 1 1 1 2 1 1 1 1 1 2 3 1 2 2 2 3 2 1 2 1 1 1 1 1 1 1 1 1 2 2 1 1 2 1 3 1 1 3 3 1 1 1 2 1 1 1 3 3 1 1 2 1 3 1 2 2 2 1 1 3 3 5 2 1 3 1 1 1 1 1 1 1 2 1 2 1 2 2 1 1 3 1 2 2 1 2 1 1 1 1 4 1 1 1 1 2 1 1 1 1 2 1 2 1 1 1 3 3 2 2 3 2 2 1 1 1 1 2 1 3 1 1 1 1 1 1 3 4 1 2 4 1 1 3 2 3 1 1 1 1 1 1 1 1 2 1 1 1 1 3 3 2 3 1 1 2 1 1 2 1 1 1 1 4 3 1 2 2 4 1 2 1 1 1 3 1 1 1 2 1 1 2 1 1 2 2 2 2 1 3 3 1 1 2 2 1 2 1 1 1 3 1 2 1 2 2 2 3 1 2 1 1 1 1 1 2 2 2 1 1 2 2 1 1 1 3 2 1 5 2 1 1 2 1 4 1 1 2 2 4 1 1 1 2 2 1 1 2 2 2 1 1 2 1 1 1 1 2 1 1 1 1 3 2 1 1 2 1 1 1 1 4 2 1 1 1 1 1 1 1 3 1 1 1 1 1 2 1 1 4 1 1 2 1 1 2 1 1 1 1 1 4 2 1 1 1 1 1 1 1 3 2 1 2 1 1 1 1 1 1 1 2 1 4 3 2 2 1 1 2 1 1 1 3 2 1 1 3 1 1 1 1 1 1 3 2 1 1 2 1 1 1 1 2 2 1 1 2 2 1 1 2 3 3 1 2 2 3 3 2 3 1 5 1 1 4 1 1 1 2 3 2 1 3 3 2 1 3 2 2 2 2 1 2 1 1 1 2 1 1 1 1 4 3 1 2 1 3 2 1 1 1 1 1 1 1 2 1 1 3 4 2 1 2 3 1 2 1 2 5 2 2 1 4 2 1 3 2 5 1 4 1 1 2 1 2 1 1 1 2 2 3 2 1 1 1 1 1 2 1 1 3 2 2 2 2 1 1 2 2 3 1 2 1 3 1 1 1 1 1 2 1 1 2 2 2 2 1 2 3 1 2 3 1 2 2 1 1 1 1 2 1 1 1 2 2 3 1 1 1 3 1 5 2 1 1 2 2 2 1 1 1 1 1 1 1 1 1 1 1 1 1 1 2 1 2 2 2 1 1 1 1 3 3 1 1 1 2 3 2 1 1 1 1 2 1 1 3 3 2 1 3 3 2 3 2 1 1 1 1 1 1 1 2 1 3 3 1 1 1 2 1 3 1 1 1 1 3 1 1 2 1 1 1 1 2 2 1 1 2 3 1 3 1 2 2 1 4 5 1 1 2 2 1 1 2 4 2 3 2 1 2 1 1 1 2 1 2 1 1 4 1 2 1 4 1 1 1 1 1 4 3 2 1 1 1 2 1 1 2 1 1 3 1 1 3 2 2 1 2 2 1 3 1 2 3 2 2 1 3 1 3 1 1 1 2 1 1 1 3 2 2 1 2 2 2 2 1 2 1 1 1 2 2 3 2 3 1 4 1 1 3 1 1 1 1 1 1 3 1 2 1 1 1 3 1 3 1 2 1 3 2 2 2 2 1 1 1 1 2 1 1 1 1 3 2 2 3 1 1 1 2 3 1 2 1 1 1 1 1 1 1 2 1 2 1 2 1 1 1 1 3 1 1 1 1 1 1 1 1 1 1 1 1 2 1 4 1 1 2 1 1 1 1 1 2 1 1 2 1 4 1 1 1 2 2 3 1 2 1 1 1 2 1 1 1 1 1 1 3 4 3 2 2 1 1 2 1 1 1 3 3 2 2 2 1 1 2 2 1 1 1 2 4 1 2 1 2 2 3 1 3 2 1 2 1 1 1 4 3 2 2 2 3 1 2 1 1 3 1 4 1 2 4 1 2 1 1 2 1 1 1 1 1 2 2 1 2 3 2 5 2 1 2 2 2 1 2 1 4 3 1 3 1 1 1 2 2 1 4 1 1 2 4 2 1 1 2 1 4 1 1 1 1 1 1 1 2 2 2 1 1 1 2 2 1 1 2 1 1 2 2 1 2 2 2 1 1 1 2 2 3 2 1 3 1 2 1 1 1 4 2 1 2 1 2 3 2 3 2 2 1 1 2 2 2 1 3 2 1 2 3 2 1 2 2 1 1 3 1 2 1 3 2 1 3 1 3 1 1 1 1 2 1 2 1 1 1 1 2 5 1 1 1 2 1 1 1 1 2 1 2 2 2 3 1 3 1 1 1 3 1 1 2 1 1 1 2 1 2 3 1 1 2 1 1 2 1 1 1 2 1 1 2 1 2 1 2 1 1 3 1 3 2 2 2 3 1 1 1 1 3 2 4 2 2 1 1 2 1 2 1 2 3 3 1 3 2 1 2 2 1 2 2 1 4 2 1 1 3 1 3 1 1 1 1 1 1 2 1 1 1 2 1 3 3 2 3 1 1 1 1 2 2 1 2 3 1 3 2 2 2 2 1 2 4 1 1 1 3 3 2 1 3 1 1 1 2 1 1 1 1 2 1 1 1 3 1 1 1 1 1 2 2 1 3 4 1 1 1 2 2 1 2 1 2 1 1 2 1 3 1 2 2 4 3 1 2 1 1 3 2 1 4 3 2 1 1 3 4 2 3 1 2 1 1 3 1 1 3 1 2 2 2 2 1 1 1 1 3 1 3 1 1 1 1 1 2 1 2 1 1 1 1 2 1 1 1 1 1 1 1 3 4 1 2 3 2 1 2 3 2 1 1 1 2 4 3 1 1 1 2 3 2 2 2 1 1 1 2 2 2 1 1 2 4 2 3 2 1 2 1 1 1 1 2 1 1 1 1 1 2 1 2 2 1 1 1 1 1 2 2 2 2 2 1 3 3 1 4 2 1 1 1 3 1 2 2 2 2 1 1 1 1 1 1 2 1 1 1 2 5 1 2 1 1 2 2 2 2 2 1 1 1 2 1 1 3 1 1 1 2 1 2 2 1 1 2 1 4 1 1 3 3 1 1 1 3 2 1 1 4 2 3 1 1 1 2 3 2 2 2 1 1 1 1 1 4 1 2 2 1 1 2 1 1 1 2 3 2 2 3 1 3 2 2 1 1 2 1 2 1 2 1 2 1 1 1 1 2 3 3 1 1 1 2 3 1 2 1 1 1 1 1 2 1 1 2 4 1 2 2 2 1 1 1 4 1 1 1 2 4 1 1 1 1 3 1 1 1 2 1 3 3 1 2 3 1 1 2 1 1 3 1 1 1 1 1 1 2 1 1 1 1 1 2 1 3 1 2 1 1 2 1 1 1 1 1 1 3 1 1 2 2 1 1 1 2 1 2 2 2 1 2 2 4 1 1 3 2 1 1 1 1 2 1 2 1 1 2 1 1 1 1 1 2 1 2 2 1 2 2 2 2 3 2 1 1 2 1 1 3 1 2 1 1 2 1 2 1 1 1 2 1 1 2 1 2 1 1 2 1 4 1 2 1 1 1 1 1 1 3 2 2 1 2 1 2 1 1 1 1 1 1 2 1 1 1 3 5 1 1 2 2 1 1 2 1 2 2 1 3 3 1 1 2 1 2 2 1 1 1 2 1 1 3 1 2 2 1 1 3 2 1 1 1 1 4 2 1 2 1 4 2 2 1 1 2 1 2 3 1 1 1 2 3 1 1 3 1 1 1 1 1 3 3 1 1 1 1 1 1 1 1 2 1 1 2 2 2 1 4 2 1 1 3 1 1 1 1 1 2 1 1 1 1 1 2 1 1 1 2 1 1 3 2 1 1 2 1 3 1 1 2 1 1 2 1 1 3 1 2 1 1 1 1 1 1 1 4 2 1 2 1 3 2 1 1 1 2 3 2 1 1 1 1 2 1 1 1 1 2 1 1 2 1 3 1 2 1 1 2 2 3 4 1 2 1 4 2 4 1 2 3 1 1 1 2 4 1 2 2 1 1 4 2 2 2 1 2 3 1 1 1 1 1 1 2 2 2 2 2 1 4 1 2 1 3 1 3 2 2 1 1 2 1 3 1 2 2 1 1 1 3 3 1 2 2 1 2 2 3 2 3 1 2 3 1 2 2 1 2 1 1 1 3 2 1 2 2 2 1 1 2 1 2 2 2 3 3 1 2 1 1 1 1 2 2 1 1 2 1 1 1 1 1 1 1 1 1 2 1 2 3 1 2 1 2 1 1 1 1 1 3 1 1 2 1 1 1 2 1 2 1 4 1 2 1 3 2 2 1 1 1 2 1 1 1 1 2 3 1 2 2 2 2 1 2 1 2 3 3 2 1 1 1 1 1 1 1 1 2 1 3 3 2 1 1 3 5 3 2 1 1 4 2 1 1 2 2 1 1 2 2 1 1 2 1 2 1 1 2 1 1 1 4 2 1 3 2 1 3 1 1 1 1 2 3 1 2 1 1 1 2 2 2 1 2 1 2 2 3 1 1 1 2 2 3 2 1 2 1 3 1 1 1 1 1 1 1 5 1 1 1 2 3 2 2 2 1 2 1 1 1 2 2 1 1 2 1 2 2 1 1 2 1 1 1 2 2 1 1 1 1 2 1 1 1 2 1 1 3 1 3 2 2 1 1 1 2 3 1 1 2 2 1 1 3 3 2 1 2 1 2 1 1 4 1 1 2 2 2 1 2 2 1 1 1 3 1 2 2 2 1 1 2 1 5 1 2 1 1 2 1 3 2 1 3 2 1 2 4 1 1 1 2 1 1 4 1 1 1 1 1 1 2 1 2 1 1 2 1 1 1 1 1 2 2 4 4 2 2 3 2 1 2 1 1 3 1 3 2 3 2 2 3 2 1 3 2 1 1 1 1 1 2 1 1 1 1 2 1 2 1 1 1 3 2 2 1 1 2 1 1 2 1 2 3 3 2 2 2 2 3 1 2 1 2 1 2 1 2 1 1 1 1 3 1 2 1 2 1 2 1 1 2 2 1 1 2 1 1 2 1 2 2 2 2 1 1 2 2 1 1 1 2 1 1 1 3 1 1 2 1 4 4 1 1 1 1 2 2 1 5 1 3 1 2 2 1 1 1 2 1 1 3 1 2 1 1 1 1 4 1 1 2 5 1 1 1 1 1 2 3 2 3 1 1 2 1 2 1 2 2 1 1 1 1 2 4 3 1 1 1 1 1 1 2 3 2 2 4 1 1 2 2 2 1 2 3 1 1 3 1 4 1 2 1 2 1 1 1 1 2 2 1 2 2 3 1 2 2 1 1 2 2 1 1 1 3 1 3 2 1 3 1 2 1 1 1 2 1 1 1 1 2 1 2 1 1 1 3 1 2 1 1 1 2 1 1 1 1 1 2 1 1 2 1 5 2 3 1 2 2 1 1 1 1 1 1 1 1 1 2 2 1 1 1 2 3 2 1 3 1 2 1 2 1 1 3 1 1 1 2 3 1 1 1 3 2 1 3 4 1 2 4 3 1 1 1 1 3 1 2 1 2 4 2 1 2 1 2 1 1 1 1 4 1 3 3 1 2 2 1 2 2 1 1 3 3 2 3 1 3 1 1 1 3 2 1 2 3 1 2 1 1 1 1 2 1 3 1 1 2 3 2 1 2 2 1 1 1 1 1 1 1 1 1 3 1 3 4 1 1 2 2 3 1 1 1 2 1 3 2 1 3 1 1 2 3 1 1 1 2 1 1 
  #Test Small 6335
  #Test Medium 11181
  #Test Large 16511
