Board size [mm] 150x150

Stats side 1
  #Components with background 16
  #Components with points 113
  #Components nofly 5
  #Components notouch 3
  #Pins 27326
  #GNDs 760
  #VDDs 572
  #Clock 12
  #NoFly points 802
  #NoTouch points 572
  #Points [total] 30044

Stats side 2
  #Components with background 13
  #Components with points 100
  #Components nofly 0
  #Components notouch 1
  #Pins 29779
  #GNDs 798
  #VDDs 675
  #Clock 18
  #NoFly points 0
  #NoTouch points 122
  #Points [total] 31392

Stats board (side 1 + side 2)
  #Components with background 29
  #Components with points 213
  #Components nofly 5
  #Components notouch 4
  #Pins 57105
  #GNDs 1558
  #VDDs 1247
  #Clock 30
  #NoFly points 802
  #NoTouch points 694
  #Points [total] 61436
  #Nets 56305
    Net Size: 1558 1247 30 1 1 2 1 2 1 1 2 3 2 1 1 2 2 1 1 1 1 1 1 3 2 1 2 1 1 3 1 1 1 1 2 2 3 2 1 1 1 2 2 1 1 1 1 1 1 1 2 1 3 1 1 2 1 5 1 2 3 1 1 2 2 1 1 2 1 1 1 1 1 1 1 4 2 1 1 1 2 1 2 1 2 2 2 3 2 1 1 1 1 1 2 1 2 2 3 1 3 1 3 2 1 1 2 1 1 1 1 1 2 2 2 2 1 1 1 2 1 1 3 4 1 2 2 1 1 1 3 2 2 2 2 1 2 2 2 1 2 2 1 1 1 2 3 2 3 1 1 1 3 1 1 1 4 1 1 2 1 1 1 5 2 2 1 1 1 2 3 3 3 1 1 2 2 3 1 4 1 1 2 1 1 1 2 2 1 1 2 1 1 2 1 1 1 2 3 1 1 1 1 1 1 1 1 1 2 1 1 1 2 1 5 2 1 1 1 1 1 1 1 3 2 1 2 2 1 1 2 1 1 1 2 2 1 1 2 1 1 2 4 2 1 1 2 1 2 1 2 1 1 2 1 3 1 2 5 2 6 2 1 1 1 2 2 2 2 1 1 2 2 1 1 1 2 1 2 1 3 1 1 1 1 1 1 1 3 1 1 2 1 1 2 1 3 1 2 1 2 3 1 2 3 1 2 2 1 1 2 1 4 1 3 2 2 1 1 1 1 2 3 1 1 1 3 1 1 1 1 1 1 1 1 1 1 3 1 1 2 2 1 1 2 1 1 1 1 1 2 2 3 1 1 2 2 1 2 1 3 2 1 1 2 1 1 2 2 1 2 3 2 3 2 1 3 1 1 1 4 1 2 1 1 2 1 3 3 1 2 2 2 1 1 2 1 1 2 3 1 2 1 2 3 2 3 1 1 4 4 1 1 2 3 1 4 2 1 3 2 2 1 1 2 1 1 1 1 1 2 3 2 1 2 1 1 3 1 1 2 1 3 1 1 3 2 2 1 2 3 4 1 3 2 2 1 1 3 3 1 3 3 2 1 2 2 2 1 2 1 3 1 1 2 2 2 1 2 2 2 2 2 1 2 2 1 1 1 3 1 1 1 2 1 5 1 1 1 1 3 3 3 1 1 1 4 1 2 1 1 1 1 1 1 1 1 1 3 1 2 2 3 1 1 1 1 1 1 1 1 2 2 3 1 1 1 1 2 1 1 3 1 2 1 2 1 1 1 4 1 2 1 1 3 1 1 1 4 1 1 2 1 1 1 2 1 1 3 2 2 2 1 2 1 1 1 1 2 1 1 3 2 2 1 1 1 2 2 1 1 2 2 2 1 1 5 2 2 1 2 2 3 2 2 1 1 1 1 1 1 2 2 2 1 1 2 1 3 2 1 1 1 2 1 1 1 1 1 1 2 4 1 2 1 1 3 2 1 1 2 1 3 1 3 1 1 4 1 3 1 1 2 1 1 1 1 1 1 1 2 1 2 1 1 1 2 1 3 1 3 2 1 1 1 1 1 1 1 1 3 2 1 2 1 1 1 1 1 3 2 1 1 2 2 1 2 4 1 3 2 1 1 1 2 3 2 1 2 3 1 3 1 2 1 1 3 1 3 1 1 2 1 2 4 2 2 2 2 1 2 2 1 1 2 1 2 1 3 2 1 1 1 1 1 2 1 2 1 1 1 2 1 1 1 2 2 1 3 4 2 3 1 1 3 2 3 3 3 1 1 2 1 1 3 2 1 1 1 1 2 3 2 1 2 1 1 4 1 1 3 1 3 1 1 2 2 1 1 2 2 1 1 3 1 1 2 3 1 2 2 1 1 1 1 3 1 2 1 1 1 2 2 3 1 1 1 2 1 1 1 4 1 1 1 1 1 4 3 1 3 3 1 2 1 2 1 1 2 1 3 1 2 2 2 1 1 1 1 1 2 3 3 2 2 1 1 2 2 1 1 1 1 2 2 1 4 1 1 2 2 4 1 1 2 1 2 1 3 1 1 2 1 4 2 2 1 2 1 2 3 1 1 1 1 2 1 4 2 2 1 1 1 1 2 1 1 2 1 3 1 1 1 1 1 1 1 4 1 2 1 1 1 2 1 1 3 1 1 2 4 1 1 1 2 1 1 3 3 2 1 1 1 1 2 2 1 1 2 1 2 2 2 4 2 1 1 2 3 2 1 4 1 1 2 1 1 3 1 1 1 3 1 1 1 1 2 1 1 3 1 1 2 1 2 1 2 1 1 4 3 2 1 1 1 2 1 2 2 3 3 2 2 1 1 1 1 2 2 4 2 1 1 1 1 1 1 2 1 1 1 1 2 1 2 3 1 1 1 1 1 1 1 3 3 1 1 2 3 2 3 2 2 4 2 3 1 1 3 1 2 3 1 1 1 3 5 2 1 1 1 1 1 1 1 1 1 1 1 1 1 2 2 2 1 2 1 1 1 1 1 1 1 1 1 1 1 1 1 1 1 1 1 2 1 2 4 1 1 3 1 1 2 2 1 2 1 1 1 3 1 3 2 1 1 1 2 1 1 3 1 1 1 1 1 1 3 2 1 2 2 3 2 2 3 1 1 2 1 2 2 1 1 2 1 1 1 1 2 2 4 1 1 2 3 1 4 1 2 1 1 1 1 2 4 2 1 2 1 1 3 2 3 1 3 2 1 1 2 1 1 1 1 1 2 4 2 1 1 1 2 4 1 2 1 1 2 2 4 2 2 2 1 1 1 1 1 2 1 1 2 1 1 3 1 4 2 2 1 2 1 1 2 2 2 1 2 1 1 1 1 1 2 2 1 4 2 2 2 1 1 2 1 2 4 1 2 1 2 1 1 2 1 1 2 3 2 2 3 1 1 1 1 1 1 4 2 1 1 2 3 1 1 1 2 2 1 1 1 1 2 2 3 1 1 1 2 2 3 3 2 1 1 2 2 1 4 3 1 3 1 1 1 2 3 2 1 1 1 1 3 2 1 1 2 1 2 1 1 1 1 2 1 1 2 3 2 2 2 2 1 2 1 2 1 3 1 2 2 2 1 1 1 1 1 3 1 3 3 1 1 1 1 1 4 1 2 1 1 1 1 1 1 3 1 1 5 1 2 1 4 1 1 2 3 2 1 3 3 1 1 2 3 1 3 1 2 1 1 2 2 1 1 1 1 1 1 1 1 2 1 2 2 2 1 3 2 1 1 1 1 1 3 3 2 2 1 1 1 1 4 2 2 1 2 2 2 1 2 1 3 2 2 2 1 2 2 1 4 3 2 2 1 2 3 1 1 1 2 4 2 3 1 2 1 3 1 3 2 2 1 1 1 2 2 1 1 2 2 1 2 1 1 5 3 2 3 1 3 2 3 1 2 2 3 1 2 2 3 1 2 4 5 2 3 1 1 1 1 2 1 1 1 2 4 4 2 1 2 1 4 4 1 2 1 1 1 1 1 1 4 1 1 1 2 1 1 2 1 2 2 3 2 1 1 4 2 1 2 1 1 1 3 1 1 2 1 1 1 1 1 6 1 1 2 2 1 2 2 2 2 2 1 1 1 1 1 1 1 3 1 1 1 4 1 3 2 1 1 1 1 1 1 1 2 2 6 2 2 2 3 3 1 1 2 3 3 2 1 4 2 1 1 2 1 1 2 1 1 2 1 1 1 1 1 1 1 4 1 5 2 2 2 2 3 2 1 2 1 1 2 1 3 1 1 4 1 2 1 2 2 1 1 1 1 1 2 1 2 1 2 3 3 1 1 1 2 2 2 1 1 2 2 1 3 2 2 2 1 1 4 3 2 2 1 2 2 1 1 1 2 3 1 2 2 2 1 1 1 2 2 1 3 2 1 1 4 2 3 1 3 1 2 2 3 1 1 2 1 1 1 2 1 1 1 2 2 2 2 3 2 1 2 2 1 1 3 1 2 2 2 1 1 2 2 2 2 1 1 2 1 1 2 3 2 1 1 3 1 2 1 2 1 3 4 1 1 1 1 4 3 1 2 2 1 1 1 1 1 2 1 2 1 1 3 1 1 1 2 1 1 1 3 1 3 1 2 1 2 4 1 1 1 1 2 1 2 1 1 1 1 1 1 3 4 1 1 2 1 1 1 2 1 3 2 3 3 1 1 3 1 1 4 1 1 1 3 2 1 1 1 3 1 2 3 2 2 1 1 1 2 1 1 3 1 1 1 3 3 1 1 3 1 1 1 2 2 1 1 3 2 2 1 2 1 1 1 1 1 2 1 3 2 1 3 1 1 2 1 1 3 1 3 2 3 1 1 1 3 3 3 1 2 1 2 2 1 1 1 4 2 1 1 1 2 1 1 2 2 2 1 1 1 2 2 1 1 1 1 1 2 2 1 1 1 2 2 1 1 1 1 2 1 3 2 1 2 1 1 1 4 2 1 2 1 1 2 3 2 2 2 2 1 1 4 1 3 2 2 2 1 1 1 2 2 1 1 1 2 1 1 1 1 1 2 1 1 3 1 1 3 1 1 3 1 1 2 1 1 6 2 3 1 3 3 3 2 1 2 2 2 2 2 1 1 2 2 1 2 1 3 3 1 2 2 1 1 2 5 2 1 1 1 1 1 1 1 1 2 3 2 2 1 2 1 1 2 1 3 2 1 2 2 1 3 2 2 2 1 2 2 2 2 1 1 2 2 2 1 1 2 1 3 2 3 2 1 1 1 1 1 3 1 1 1 2 2 2 4 1 1 1 3 2 1 3 3 1 2 1 2 1 2 2 1 2 2 1 2 1 2 1 2 3 1 3 1 2 3 2 1 2 1 1 2 2 1 1 1 3 4 2 2 1 4 2 1 2 3 1 2 1 2 2 1 1 2 2 1 1 1 2 2 2 2 1 1 1 2 2 1 1 2 1 1 2 2 3 1 2 3 1 1 1 4 1 2 1 1 1 1 2 3 1 1 1 5 1 1 2 2 1 2 1 1 2 1 3 1 1 1 2 1 1 1 1 4 1 1 3 1 2 1 2 1 1 1 1 1 2 1 1 4 2 1 2 1 3 2 1 1 1 1 3 3 1 2 1 2 1 1 1 1 4 1 1 1 1 4 1 1 1 1 1 1 1 1 1 1 1 3 3 2 1 2 3 1 1 2 2 3 1 1 1 2 2 2 1 4 2 1 1 2 1 2 1 1 1 1 2 2 2 2 1 1 1 2 2 3 1 1 2 2 1 2 1 1 1 2 1 2 5 1 2 1 4 2 2 1 2 2 2 2 1 2 2 1 1 3 1 2 2 2 3 2 2 2 2 3 1 1 2 2 1 2 2 1 3 2 1 1 2 3 2 1 1 3 2 1 1 3 3 1 1 1 1 3 1 1 1 1 2 2 1 1 2 2 1 3 3 1 5 1 2 1 1 3 1 1 2 1 2 1 3 1 2 1 1 2 1 1 2 1 1 1 3 1 1 2 1 1 1 1 1 1 1 2 2 1 2 1 1 1 2 1 3 4 2 1 1 1 1 1 1 1 2 2 1 4 1 1 1 1 1 1 2 2 1 1 1 1 1 4 4 3 1 1 1 2 3 1 1 1 3 1 1 3 1 2 5 2 1 1 1 1 1 1 1 1 1 3 1 3 1 1 1 1 1 2 1 1 3 2 1 1 2 1 2 2 2 5 1 1 1 2 1 3 2 2 4 1 1 1 2 3 1 1 2 1 3 2 1 1 2 1 1 1 2 1 2 3 1 2 1 1 1 3 2 1 2 2 5 1 1 1 1 3 1 2 2 2 4 2 2 1 5 4 2 3 2 3 1 2 2 1 1 1 1 2 1 4 2 2 1 2 1 2 1 3 1 1 2 2 1 2 1 1 1 2 1 2 1 2 1 2 1 1 1 2 1 2 1 2 1 1 2 3 1 3 1 2 1 1 2 1 2 2 1 1 2 3 3 2 3 2 1 2 3 1 1 1 1 1 1 2 1 3 1 1 1 2 2 2 2 1 1 1 2 2 1 1 3 1 2 3 2 2 1 1 1 4 1 1 1 1 4 2 1 3 1 1 1 3 1 2 1 3 1 1 3 2 1 1 1 2 2 1 1 2 1 1 1 2 1 2 2 2 1 3 1 2 1 1 2 1 1 1 1 3 2 1 1 1 1 2 1 1 2 1 1 3 2 1 1 4 2 1 4 1 2 1 1 2 2 1 1 2 1 2 1 1 2 1 1 2 1 4 1 2 1 1 2 2 2 2 1 2 1 1 1 2 2 4 2 2 1 2 2 1 1 1 1 1 2 2 2 2 2 1 1 2 3 1 1 1 2 1 2 1 1 1 1 3 2 2 1 1 2 1 5 1 1 3 2 2 1 2 1 2 1 2 2 1 1 3 2 2 1 1 1 1 2 1 2 1 1 3 2 2 2 2 2 1 1 2 1 1 1 1 1 1 2 2 2 1 1 3 1 3 1 1 1 4 3 2 1 1 1 1 1 1 3 1 3 4 1 3 1 1 1 3 1 2 2 1 2 1 3 1 2 2 1 1 1 1 1 1 3 1 1 1 1 2 2 3 2 1 1 1 1 1 1 2 1 1 2 1 1 1 1 4 1 1 1 3 2 1 1 3 2 1 2 1 1 2 1 1 2 1 1 1 1 2 2 1 1 1 4 1 1 2 2 1 1 2 1 1 1 2 1 2 2 2 3 1 1 2 1 1 1 2 1 1 1 3 1 2 1 3 4 2 1 1 1 3 4 1 1 1 1 2 1 2 1 1 1 4 1 1 2 2 2 2 1 1 1 3 2 1 2 1 1 4 1 3 2 1 1 1 3 1 1 1 1 2 1 2 2 4 1 2 3 1 1 1 3 2 3 1 3 2 1 4 1 1 1 1 3 1 1 1 1 3 2 2 2 1 3 2 2 2 3 1 1 2 6 2 3 2 2 1 2 4 1 1 2 1 2 3 1 3 3 2 2 2 2 1 1 1 2 1 2 2 1 1 2 2 1 1 2 1 1 2 3 1 2 2 1 3 1 2 3 1 1 1 2 2 1 1 1 1 3 2 1 2 2 2 1 2 3 1 1 1 1 1 2 1 1 1 1 3 1 1 2 1 1 2 1 3 3 1 1 2 1 4 3 1 1 1 2 2 1 1 1 2 1 1 3 1 1 1 2 1 1 2 1 1 2 2 3 2 1 1 1 2 1 1 3 2 1 3 1 3 1 2 2 2 2 1 1 1 1 2 3 1 1 4 2 2 3 2 2 1 2 2 2 2 1 2 1 2 2 2 3 1 1 1 1 2 1 1 1 5 1 3 1 2 1 3 2 3 2 1 1 2 5 1 1 1 2 1 2 1 1 1 1 1 3 1 1 1 2 2 2 3 1 2 1 2 1 1 2 3 7 1 2 2 2 2 3 1 2 2 2 2 1 2 3 1 3 1 1 1 3 2 1 1 1 1 1 1 3 2 2 3 2 3 1 1 1 1 2 2 1 4 1 1 4 1 1 1 2 1 2 1 2 2 1 1 2 1 5 2 2 2 2 2 4 1 1 1 2 3 1 2 1 1 1 2 1 1 2 2 3 1 1 1 1 5 2 2 1 1 2 3 1 1 1 1 1 2 3 1 1 2 2 1 2 3 2 1 2 5 1 1 5 2 1 1 2 1 1 1 2 3 3 4 1 1 1 2 1 2 2 1 1 3 1 2 3 5 1 2 1 1 1 2 2 1 2 2 1 2 1 2 1 1 1 1 1 3 1 2 1 1 3 2 2 1 3 1 1 1 3 
  #Test Small 6073
  #Test Medium 8442
  #Test Large 12936
