Board size [mm] 250x300

Stats side 1
  #Components with background 39
  #Components with points 361
  #Components nofly 6
  #Components notouch 5
  #Pins 96031
  #GNDs 3014
  #VDDs 2533
  #Clock 23
  #NoFly points 940
  #NoTouch points 926
  #Points [total] 103467

Stats side 2
  #Components with background 40
  #Components with points 438
  #Components nofly 0
  #Components notouch 1
  #Pins 104538
  #GNDs 2670
  #VDDs 2099
  #Clock 36
  #NoFly points 0
  #NoTouch points 122
  #Points [total] 109465

Stats board (side 1 + side 2)
  #Components with background 79
  #Components with points 799
  #Components nofly 6
  #Components notouch 6
  #Pins 200569
  #GNDs 5684
  #VDDs 4632
  #Clock 59
  #NoFly points 940
  #NoTouch points 1048
  #Points [total] 212932
  #Nets 193921
    Net Size: 5684 4632 59 3 1 2 3 4 1 2 3 2 3 1 2 1 3 2 1 2 1 1 2 2 1 2 1 1 2 2 1 2 5 1 3 3 2 1 3 1 1 1 2 1 3 1 1 2 1 1 1 2 4 3 4 3 1 1 1 3 1 1 1 1 1 2 1 1 2 1 2 2 1 3 1 1 1 3 1 1 1 1 3 1 1 2 2 2 1 1 1 4 1 2 2 2 1 2 1 2 2 3 3 3 2 1 3 2 3 2 2 2 1 2 2 1 3 2 1 1 4 2 1 1 2 1 1 1 1 3 3 1 4 1 1 1 3 3 2 4 1 1 1 2 1 1 1 2 1 2 1 2 1 2 2 3 2 2 3 5 1 1 2 1 1 2 1 2 1 2 4 1 1 1 1 1 2 1 3 1 2 3 2 1 2 1 2 1 1 2 1 2 4 1 1 1 2 2 3 2 3 2 1 4 3 3 1 1 1 2 3 1 2 1 2 2 1 1 1 2 1 2 2 1 1 2 2 1 1 1 1 1 2 1 4 2 1 1 2 2 1 2 1 1 1 2 3 1 2 3 2 2 1 3 2 3 2 2 2 2 1 1 2 2 3 2 1 4 1 1 2 3 1 1 3 2 1 3 1 2 2 2 1 1 1 3 1 2 3 2 1 1 2 3 1 1 1 1 2 1 1 2 1 1 3 1 2 3 4 1 3 2 1 2 2 1 2 1 3 3 2 1 2 1 1 1 1 2 1 2 1 1 1 2 1 1 1 2 1 2 2 1 2 1 2 2 2 4 2 2 2 2 2 2 3 3 1 3 1 1 1 2 2 2 1 1 1 1 5 4 2 1 1 2 2 2 1 3 3 2 2 1 5 1 1 1 3 3 2 1 1 1 3 2 2 1 2 3 1 1 2 3 1 2 2 2 1 2 1 1 1 1 2 1 3 1 3 1 2 3 1 1 1 1 1 1 2 1 1 1 3 1 2 2 2 1 3 1 1 4 2 1 1 1 3 3 1 2 1 2 1 1 1 2 4 1 1 2 2 5 1 1 3 1 1 1 3 1 2 1 2 2 1 1 1 2 6 3 1 2 1 3 1 1 3 2 1 1 1 2 2 2 3 2 1 1 1 5 1 1 1 1 1 3 1 3 2 1 1 3 1 3 1 1 1 2 1 1 1 2 2 1 1 2 1 4 1 1 1 1 1 1 1 3 1 1 2 1 2 2 1 1 1 3 3 3 2 1 3 2 1 3 1 2 1 1 1 2 2 1 1 3 3 1 2 7 3 2 1 1 1 2 2 1 1 2 1 1 2 1 1 1 1 1 2 2 1 2 2 2 3 1 2 1 2 1 1 2 5 1 1 1 2 2 2 3 1 2 3 3 2 1 1 2 2 3 2 2 2 2 3 3 1 3 1 2 2 2 1 3 1 1 1 1 1 1 1 1 1 1 1 1 2 1 1 1 1 3 2 2 1 1 1 2 1 2 1 1 1 2 2 1 3 2 1 1 3 1 1 3 3 1 1 2 1 1 2 4 1 1 1 1 1 2 1 1 1 1 3 1 1 1 1 1 1 1 1 3 1 2 2 3 2 2 2 2 4 1 2 1 2 3 1 2 2 1 1 1 2 1 2 2 2 1 1 1 1 2 2 2 1 1 3 2 3 1 3 1 1 1 3 1 1 1 2 1 2 2 1 1 1 1 1 1 5 3 1 4 2 2 2 3 4 2 3 2 4 1 1 2 1 1 3 2 2 1 3 1 2 1 1 1 1 2 2 1 3 1 1 1 2 1 1 2 2 2 2 1 2 2 2 1 1 1 1 1 2 2 2 1 1 2 2 4 1 1 2 1 2 3 1 4 2 2 3 2 2 2 1 1 1 1 2 1 2 1 1 1 3 1 1 2 1 2 1 3 1 2 3 4 1 1 1 1 1 3 1 3 1 5 1 1 1 1 3 1 1 1 2 1 3 1 3 2 1 1 2 3 1 1 2 2 3 4 1 1 1 3 2 1 1 2 2 2 1 2 1 2 1 1 1 3 2 1 1 2 1 2 1 1 2 1 2 4 1 1 1 2 2 1 3 4 8 1 3 4 1 1 1 2 4 1 2 2 1 1 2 1 1 2 1 1 1 3 1 2 4 2 3 1 1 1 2 1 1 1 2 2 2 3 1 3 2 2 3 2 2 2 2 1 2 1 1 1 1 4 2 1 1 2 1 1 2 1 2 2 1 2 2 1 2 1 1 2 1 3 1 2 2 2 2 1 1 5 1 4 1 2 1 1 1 2 3 1 5 2 2 2 2 2 1 1 1 2 1 1 1 1 1 1 4 1 2 2 2 1 1 1 1 1 2 1 3 4 2 4 6 1 2 2 2 1 1 2 1 2 1 1 4 1 1 2 1 2 3 1 1 2 1 1 1 1 2 5 4 3 4 3 2 2 3 1 1 2 1 3 1 1 1 2 2 1 4 3 1 3 2 1 2 3 2 3 3 1 1 1 2 2 1 1 2 1 1 1 1 1 2 1 2 2 1 2 2 2 1 1 3 3 2 2 2 2 2 2 1 1 1 1 2 2 3 3 2 2 4 3 3 1 1 1 3 1 1 2 1 1 1 2 1 1 1 1 2 2 5 2 2 1 3 1 1 1 3 1 1 1 2 4 1 2 1 3 1 1 2 1 2 1 2 2 2 2 1 1 2 2 1 2 1 3 2 2 2 1 1 1 1 1 3 3 4 1 1 2 1 1 1 3 4 2 1 1 1 1 4 2 1 4 2 4 1 3 6 2 1 1 3 1 1 2 1 1 1 2 2 3 2 2 3 1 2 2 1 1 2 1 4 2 2 1 1 1 1 2 2 2 2 3 1 2 2 1 2 3 1 2 2 4 2 4 2 1 4 3 3 1 1 2 1 5 4 2 3 2 3 2 2 1 1 1 1 3 1 1 3 1 1 2 2 1 1 1 1 1 2 1 1 1 1 2 1 1 1 1 2 2 1 2 2 2 2 1 4 4 2 3 1 1 1 1 1 2 1 2 2 1 3 2 2 1 1 4 1 1 2 2 3 1 3 1 1 1 1 2 1 3 1 2 2 1 2 1 1 1 1 5 4 2 4 1 1 1 2 2 3 2 1 1 3 3 2 1 2 1 1 2 1 2 3 2 1 2 3 3 1 3 3 1 2 1 1 1 1 1 5 1 3 1 1 1 2 2 4 2 5 1 1 1 1 2 2 2 1 1 2 1 1 2 1 3 4 3 1 1 1 2 1 1 1 2 1 1 2 3 1 1 2 3 1 2 2 3 2 1 1 1 1 1 1 1 1 1 1 1 1 1 2 2 1 1 1 2 1 1 2 2 1 3 1 1 3 1 1 1 1 6 1 2 2 1 3 4 1 1 1 1 2 5 2 2 1 1 1 2 3 2 1 2 1 1 5 2 1 1 2 2 1 5 2 2 1 4 1 1 1 2 1 3 1 3 1 1 2 1 1 1 2 2 2 1 1 3 1 3 1 1 3 3 1 3 1 3 1 1 3 3 1 3 1 4 2 1 1 1 4 2 2 2 2 3 1 2 2 2 1 2 2 1 1 1 1 1 2 2 3 2 1 1 2 2 1 1 1 3 3 3 1 2 2 2 2 1 1 3 1 2 1 1 2 1 1 1 1 1 2 2 2 1 1 3 2 1 1 1 2 1 1 1 2 3 3 1 1 3 1 1 2 1 1 2 3 2 2 2 1 2 3 2 3 1 1 2 1 2 1 3 1 1 3 1 1 1 2 6 1 1 1 1 3 1 2 1 2 3 1 1 1 4 1 3 4 1 1 1 2 1 1 1 2 4 3 1 1 1 3 1 1 2 1 1 1 1 2 3 2 2 1 1 1 2 1 2 1 2 1 1 1 2 1 2 2 2 1 1 6 1 3 1 2 2 2 1 2 1 1 2 2 2 1 4 1 2 2 2 3 1 1 2 4 1 2 1 1 2 1 2 3 2 1 1 1 2 1 4 1 1 1 2 2 2 3 2 3 1 1 2 2 2 2 1 1 5 4 1 2 2 2 1 5 1 1 1 3 2 3 4 1 1 1 1 2 1 1 2 3 2 3 3 4 2 2 1 2 1 1 3 4 2 3 2 2 2 5 2 1 2 3 1 2 1 2 1 1 1 3 2 1 2 2 2 1 1 4 1 1 3 1 2 2 1 3 3 1 1 1 1 2 2 1 3 2 1 1 3 1 2 1 2 1 1 3 2 1 2 1 1 4 3 4 1 2 1 1 3 1 3 1 1 3 3 1 3 1 2 1 1 3 1 3 4 1 1 1 2 1 3 1 2 1 2 3 3 2 1 1 2 3 1 2 1 3 1 2 2 4 2 3 1 2 1 2 2 3 3 1 1 1 2 2 1 2 4 2 1 2 2 3 1 2 1 1 1 1 1 3 1 1 1 2 1 1 2 1 1 1 2 2 3 2 2 2 1 2 2 2 2 3 2 3 2 1 2 2 2 2 2 2 2 2 2 2 5 1 4 1 1 1 3 3 4 3 2 2 1 1 1 3 2 1 1 2 1 1 1 2 3 1 2 2 3 1 2 1 1 2 2 2 3 1 1 1 1 3 3 1 2 2 2 1 1 2 3 1 2 1 2 2 4 2 1 2 2 1 2 2 3 2 3 2 1 1 1 1 1 1 2 3 1 2 1 1 1 1 1 2 1 1 3 2 2 1 2 1 1 3 3 1 3 1 3 2 2 1 2 1 1 1 1 2 3 1 1 3 2 3 2 3 4 2 3 3 3 3 4 1 1 1 3 1 1 1 1 1 1 1 2 2 3 3 2 2 3 1 2 1 1 2 2 3 2 2 1 1 1 1 1 1 4 1 2 2 1 1 2 1 1 2 2 1 2 1 1 1 2 2 1 2 1 1 1 1 2 1 1 1 3 2 1 1 1 1 2 1 3 2 1 1 3 2 1 1 1 1 2 2 1 2 3 1 2 2 1 2 1 1 2 2 1 1 1 2 2 2 1 1 1 1 1 1 3 2 3 1 1 2 2 3 2 3 2 1 1 2 3 3 2 2 1 1 1 1 1 2 1 2 1 1 3 1 2 3 1 5 1 2 5 1 2 1 1 3 4 1 1 1 2 3 3 2 1 1 1 2 1 1 5 3 4 3 3 1 1 1 2 1 3 1 3 3 1 2 1 2 2 2 1 1 2 1 2 2 1 2 2 1 4 1 1 1 4 1 1 1 1 4 3 1 3 1 1 1 3 1 2 2 2 1 2 2 2 1 1 2 2 2 1 2 2 2 1 2 1 3 3 2 1 1 2 4 2 2 2 2 2 1 1 1 1 3 1 2 2 2 2 2 1 1 2 2 1 4 2 1 1 2 2 1 1 3 1 2 1 1 1 2 1 1 3 1 2 1 1 2 3 2 1 1 2 2 3 1 1 1 2 2 1 1 3 2 1 1 2 2 3 1 1 1 1 1 2 1 3 2 1 1 1 3 1 1 1 1 2 2 2 2 2 1 1 2 1 1 1 1 1 2 1 1 1 1 1 1 1 1 1 2 1 2 3 2 2 2 1 2 2 2 3 3 2 1 1 1 2 1 3 1 1 1 1 2 3 2 3 2 1 2 1 1 1 2 2 2 1 2 1 1 1 1 1 1 3 1 1 3 1 3 1 1 1 1 1 3 1 1 2 1 1 1 2 1 2 1 2 2 2 2 1 5 2 1 2 1 1 1 3 1 1 3 2 1 3 2 1 1 1 2 2 2 3 1 4 2 1 1 1 1 2 5 2 3 1 3 2 3 3 2 3 1 2 1 1 1 3 1 1 1 3 1 2 2 1 1 1 3 2 1 6 1 1 1 1 2 2 2 1 1 2 3 2 1 3 3 2 3 1 2 1 2 2 1 2 1 4 3 1 1 1 1 2 1 2 4 2 1 2 3 3 2 2 1 1 3 4 1 1 2 1 1 1 1 3 1 4 1 1 4 2 2 2 1 1 1 1 1 3 4 2 2 3 3 2 1 2 3 2 5 3 2 1 2 3 1 3 1 2 1 1 1 3 1 1 1 2 2 1 1 2 3 1 3 1 1 2 1 2 1 1 2 4 3 5 1 3 1 1 1 2 1 3 1 1 2 1 3 2 3 3 1 1 4 1 2 1 2 1 2 3 2 1 1 1 4 1 2 1 2 1 3 4 1 1 1 1 1 2 1 1 2 1 2 4 2 1 1 1 1 3 3 1 2 2 3 1 2 2 1 1 1 2 1 1 3 2 1 1 1 2 1 3 1 3 4 2 6 1 1 1 5 3 1 1 3 1 1 1 1 1 2 3 4 1 2 2 1 3 4 4 2 2 4 1 2 1 2 3 1 1 2 1 3 1 1 1 2 3 1 1 3 2 1 2 2 1 3 2 3 2 1 2 2 1 2 1 3 6 1 2 1 3 1 2 4 4 2 1 3 2 1 1 1 2 2 1 1 3 5 5 1 1 2 2 2 3 1 2 2 5 1 2 4 2 1 1 2 2 3 1 1 2 1 2 2 1 1 1 1 2 1 1 2 1 2 1 1 1 1 2 2 2 2 2 5 4 1 1 2 4 1 3 1 1 4 2 1 2 1 2 2 2 1 1 1 1 1 3 2 2 2 4 4 3 1 1 1 2 1 1 2 1 1 5 1 1 2 5 1 1 1 6 1 1 3 1 1 1 1 4 1 1 1 1 3 1 1 1 3 1 2 1 2 1 2 1 1 3 2 2 7 1 1 1 1 1 1 1 1 2 2 1 2 3 3 3 2 2 4 1 2 2 6 1 2 2 1 3 3 1 1 1 1 2 2 2 2 2 2 1 5 2 2 1 2 2 1 1 2 2 1 1 4 3 1 2 2 3 1 3 2 3 4 1 1 1 1 2 2 3 3 1 1 2 1 3 1 1 3 5 1 1 1 2 1 4 2 1 1 2 2 3 2 3 2 2 1 3 1 1 1 2 1 1 2 2 2 2 3 1 1 5 1 1 1 2 3 3 1 2 3 2 1 1 1 3 2 2 2 1 2 1 2 2 5 1 1 1 1 4 1 1 2 1 2 3 3 1 3 2 2 1 2 1 2 3 1 3 2 1 2 2 2 1 2 2 2 2 2 1 1 1 1 4 1 1 1 2 2 4 1 2 1 3 2 1 1 2 2 1 4 2 1 2 1 3 1 1 2 2 1 1 1 1 3 2 1 2 1 1 1 1 1 3 2 1 2 1 1 3 1 3 2 2 2 2 1 1 5 1 1 2 1 5 1 2 3 1 1 1 1 3 1 2 1 1 1 3 1 3 1 1 3 3 3 3 2 1 2 2 1 2 2 1 3 3 5 3 1 2 2 1 2 1 1 2 1 1 3 1 3 4 1 1 1 2 2 1 1 3 3 1 1 1 2 2 1 1 1 4 3 1 1 1 1 3 1 1 1 2 1 1 1 2 2 2 1 3 1 3 1 1 2 2 1 1 4 1 1 4 2 1 1 5 1 1 2 2 1 4 3 1 1 2 1 1 5 1 1 5 1 1 2 1 3 1 2 1 1 2 1 2 2 1 2 2 3 2 2 3 2 2 1 1 2 3 1 1 2 2 1 1 2 1 1 2 1 1 3 2 1 2 2 2 2 1 2 2 1 1 2 1 1 3 3 1 2 2 2 1 3 3 1 1 2 3 2 1 1 3 1 1 1 3 2 3 2 1 1 2 2 2 2 1 2 1 1 2 2 1 1 1 1 1 2 2 2 1 2 1 2 1 2 2 1 2 1 1 1 1 1 2 1 1 4 2 1 1 1 2 3 1 3 3 1 1 1 1 1 2 1 1 1 2 3 3 1 1 1 1 1 2 2 2 2 1 1 2 2 2 1 1 1 4 2 1 1 1 2 1 2 1 2 3 2 2 2 1 2 4 1 1 2 3 1 2 3 1 2 1 2 3 1 2 1 1 1 2 1 1 2 2 2 1 1 3 1 1 1 1 2 1 1 1 1 3 2 1 2 1 2 1 1 3 2 1 2 2 2 1 1 1 1 4 1 1 2 2 1 1 1 2 2 2 2 1 1 1 2 1 1 2 5 1 2 1 1 2 2 1 3 4 3 1 3 1 1 1 1 2 1 3 2 2 1 1 1 1 2 1 1 1 1 1 1 2 2 1 1 2 2 1 2 1 1 2 2 1 2 1 2 1 1 2 1 4 1 2 1 1 1 1 2 3 1 1 1 1 1 2 1 1 2 1 1 2 3 1 2 2 1 2 2 2 3 1 4 1 1 1 1 1 2 1 2 1 2 5 1 2 1 2 1 1 1 5 1 1 1 1 5 1 4 3 1 4 1 2 1 1 1 1 1 6 1 1 1 2 1 3 2 1 1 2 1 1 2 1 3 1 1 2 1 2 2 3 2 2 2 2 3 4 3 3 2 3 2 2 1 1 2 1 1 1 1 2 1 2 2 1 4 2 2 1 1 2 1 1 2 1 2 3 2 2 1 1 1 2 3 1 3 1 3 2 4 2 2 1 3 1 2 1 3 2 2 3 2 1 2 1 1 4 1 2 2 1 1 1 1 2 2 2 1 1 3 1 1 3 3 1 1 1 1 2 2 2 1 1 4 1 2 1 1 2 1 1 1 1 1 1 1 1 1 3 1 1 2 1 1 4 2 2 2 2 1 2 1 2 2 2 3 1 1 1 2 1 1 1 1 1 1 1 1 1 1 4 2 1 2 1 2 1 2 1 3 2 1 1 1 1 3 1 1 6 2 1 1 1 2 1 2 1 1 1 4 2 4 3 1 1 2 1 1 2 1 2 5 1 1 3 2 2 4 1 1 2 2 1 4 2 4 2 2 1 2 2 3 3 3 1 1 1 1 3 1 2 3 2 2 2 1 1 2 2 2 1 1 1 3 3 1 2 1 2 1 3 2 1 3 2 4 1 1 1 1 1 1 1 1 2 2 1 1 3 2 3 3 3 1 3 1 1 2 3 1 2 1 2 2 5 1 2 1 2 1 1 1 1 2 2 1 2 1 1 1 1 2 2 1 2 2 4 2 1 4 2 2 2 1 1 2 2 1 1 2 3 1 1 3 1 5 1 1 2 3 1 1 2 2 2 1 2 2 4 1 3 1 2 2 3 3 2 1 1 2 3 1 1 2 3 1 4 1 1 1 3 2 2 3 2 2 2 2 2 1 1 3 2 1 1 2 1 1 3 5 2 3 1 3 4 3 1 2 3 2 1 3 1 2 1 1 1 3 1 2 2 2 2 1 3 1 1 1 2 2 2 2 2 1 2 2 2 3 4 1 1 2 3 1 2 1 1 1 4 1 2 1 3 1 1 5 2 2 1 2 1 1 2 1 2 2 3 4 4 1 1 2 1 1 1 1 3 1 2 2 1 1 1 2 1 2 1 2 1 1 3 5 1 2 4 3 1 2 1 1 1 1 4 2 1 2 1 3 4 2 1 2 4 1 1 3 2 1 1 2 1 2 1 2 2 1 2 1 2 1 3 1 4 2 2 1 4 2 1 2 2 2 1 1 2 1 3 2 3 1 1 2 1 1 1 1 2 1 2 2 1 2 2 1 2 3 1 3 2 2 1 3 2 2 1 1 2 2 2 1 1 1 3 1 1 3 2 2 2 4 2 2 3 2 1 2 1 3 4 2 2 2 2 1 1 3 1 2 1 1 1 2 3 3 1 1 1 1 1 2 1 1 2 3 1 2 3 1 2 3 3 1 1 2 1 1 2 1 1 2 1 2 1 1 3 1 3 1 1 3 1 1 2 1 1 1 2 2 2 1 2 1 2 1 1 1 2 2 2 1 1 2 1 1 1 1 2 2 3 1 2 3 1 2 4 3 1 1 2 1 1 2 1 1 2 1 3 2 1 1 2 3 5 2 2 2 1 3 3 2 1 1 2 4 2 1 4 1 2 1 3 1 2 1 1 1 2 1 3 1 1 1 1 1 2 1 4 1 1 1 2 2 1 3 1 2 2 2 1 4 1 1 1 1 2 4 2 3 2 1 1 1 1 1 2 3 1 2 1 1 2 2 1 1 2 2 3 1 1 2 1 3 2 2 3 3 1 1 4 2 1 2 2 2 1 1 1 2 2 2 1 3 3 2 4 2 3 1 2 2 1 3 1 2 5 3 1 1 2 4 4 1 4 2 3 3 1 2 2 4 4 2 2 2 2 3 1 3 2 2 1 1 2 1 3 3 1 1 1 2 1 2 2 3 1 3 2 1 2 1 2 3 2 3 1 1 1 2 2 1 1 2 2 2 1 2 2 3 1 1 2 4 2 2 1 3 1 1 1 1 1 1 1 2 2 1 2 1 4 2 3 1 1 1 1 1 1 2 2 4 1 1 4 2 2 1 1 3 1 3 1 1 1 2 1 2 1 3 1 2 3 1 1 1 2 2 1 1 1 3 1 1 2 1 2 2 1 3 2 4 1 1 2 1 2 1 1 3 3 3 3 1 2 1 1 2 1 2 2 2 1 3 1 1 3 1 4 2 1 1 2 2 1 2 1 4 4 1 1 1 1 2 3 2 1 2 3 3 5 3 2 1 1 2 1 1 3 2 2 1 1 3 1 2 1 4 3 2 2 1 1 2 3 1 3 1 1 2 2 1 1 2 2 4 2 1 2 1 1 1 1 1 1 3 4 2 3 1 1 1 1 6 1 1 2 1 1 1 2 1 2 1 2 1 2 4 2 1 1 1 1 2 2 1 2 2 3 1 3 1 2 4 1 1 4 1 1 1 1 1 2 3 1 1 1 1 1 3 1 1 4 3 3 1 1 2 1 2 1 2 1 3 2 2 1 2 1 2 2 2 2 1 1 1 2 1 1 1 2 1 1 1 1 1 5 3 2 2 1 4 1 1 1 2 1 2 1 1 1 2 1 2 1 1 1 1 1 1 5 1 2 1 2 1 3 1 3 2 1 1 1 2 1 3 3 3 2 3 1 1 2 2 3 2 1 1 1 1 3 2 1 3 1 1 2 1 2 2 1 1 2 1 1 2 1 4 1 2 3 1 1 3 1 3 6 2 1 2 2 1 1 1 1 1 2 1 1 1 1 1 1 1 1 1 1 2 1 2 2 2 3 1 1 2 2 1 1 1 1 1 3 1 2 2 3 2 1 5 2 1 4 2 1 1 2 2 1 2 1 2 2 1 2 2 1 1 1 1 2 2 2 1 1 1 1 2 2 4 2 2 4 1 5 3 1 1 2 2 3 1 1 1 2 1 2 2 3 3 3 1 1 5 2 2 1 1 1 1 2 1 2 1 4 3 2 1 2 1 2 1 3 1 3 1 3 1 2 2 1 4 2 2 1 3 1 2 2 2 1 2 2 1 1 1 2 3 1 2 1 3 1 2 2 1 3 2 1 4 2 2 1 2 2 1 2 1 2 1 1 1 1 1 1 4 2 1 1 1 2 1 2 1 2 1 2 1 2 2 1 1 1 2 2 2 2 1 1 2 1 1 1 2 1 1 3 1 1 2 1 2 2 4 1 1 1 2 2 1 2 1 2 3 1 2 1 1 1 2 1 5 1 2 1 3 1 2 2 1 1 1 3 1 2 2 1 1 1 2 2 1 2 1 3 3 5 2 2 4 3 1 1 3 2 1 2 1 1 2 1 1 1 2 1 2 2 2 4 1 2 2 3 2 2 3 3 3 1 1 1 1 2 1 2 1 3 3 1 2 1 2 4 2 2 1 2 1 2 2 1 1 1 2 1 1 1 2 1 2 3 1 1 3 2 3 3 3 1 1 1 2 4 2 1 1 2 2 1 2 2 2 2 1 1 1 2 1 1 1 2 1 1 2 1 2 3 1 1 1 2 4 1 2 1 2 4 3 1 1 1 1 1 3 1 2 2 2 4 1 1 1 1 2 2 2 4 2 1 2 1 4 2 3 1 3 1 2 1 2 2 1 2 1 1 1 2 2 3 2 1 1 3 2 2 1 1 2 4 1 1 2 2 3 1 3 2 2 4 1 1 2 1 1 2 1 1 1 2 2 1 1 5 2 1 1 2 3 1 2 3 2 1 2 1 1 2 1 2 1 1 2 1 1 2 3 1 3 1 2 1 1 1 3 3 2 1 3 1 1 2 2 1 2 2 1 2 1 2 1 1 3 2 1 3 1 1 4 4 1 1 1 1 1 1 2 2 1 1 1 1 1 3 1 2 3 2 3 1 1 1 2 1 5 2 1 1 1 1 1 2 3 1 3 1 2 1 1 2 1 3 1 1 3 4 3 2 3 2 1 1 1 1 1 1 2 1 3 1 1 1 1 1 1 1 1 2 3 2 2 2 2 1 1 1 1 1 1 1 2 2 2 3 1 1 4 2 1 1 1 2 1 1 2 1 1 1 2 2 1 3 2 1 1 1 1 3 2 2 2 1 1 4 1 3 1 1 2 1 1 1 1 1 3 1 1 1 1 2 2 1 3 2 1 2 2 2 1 2 2 2 1 1 1 3 2 2 3 2 1 2 2 3 1 1 1 2 1 3 2 3 1 2 1 1 2 1 2 2 1 1 1 2 1 1 1 2 1 1 2 1 1 2 2 1 2 1 1 2 1 1 1 3 3 2 2 1 2 2 2 1 1 1 2 1 2 1 2 3 1 1 1 1 1 1 1 2 1 1 1 3 2 1 1 2 5 1 2 2 2 1 1 3 1 1 2 4 1 4 2 3 1 2 3 1 2 3 5 2 1 3 1 2 1 2 2 1 1 1 2 1 1 1 2 2 4 1 1 1 4 1 1 3 3 1 1 1 2 1 1 2 1 1 3 1 1 3 1 2 1 1 3 4 3 2 3 1 1 1 3 1 2 3 1 3 1 2 1 1 3 2 1 2 2 1 1 1 1 1 1 4 2 1 2 1 3 1 1 2 2 1 2 1 2 3 2 3 1 1 1 2 1 2 1 3 1 1 2 3 1 2 2 1 1 2 2 3 1 3 1 2 1 1 2 1 1 1 1 3 1 1 1 1 2 1 2 1 1 1 2 2 1 3 3 1 4 1 1 2 1 1 1 6 1 2 2 2 1 4 2 1 2 1 1 1 1 1 1 2 1 1 2 1 1 5 2 4 2 1 2 3 1 1 2 1 3 1 1 2 1 3 1 1 2 1 2 2 2 1 1 1 1 1 1 1 1 1 1 1 1 4 3 3 2 1 1 2 2 1 5 3 2 1 1 1 1 2 4 1 1 1 1 2 3 1 1 3 2 1 2 4 1 2 1 2 1 6 1 3 1 2 1 3 3 1 2 2 3 1 1 3 2 1 1 1 1 4 2 2 2 2 1 2 2 3 1 2 1 1 1 1 4 3 2 1 4 1 2 1 2 1 1 1 2 1 2 3 1 1 2 5 2 3 2 2 2 3 2 3 1 1 1 3 4 3 1 3 2 5 1 1 2 1 1 2 3 1 1 1 1 1 1 1 1 1 2 1 3 3 1 1 3 1 1 1 2 1 2 1 1 1 1 1 2 1 1 2 1 1 5 2 1 2 3 2 1 4 1 2 2 1 3 1 1 2 3 1 3 4 1 1 1 4 2 1 2 1 2 1 1 3 1 1 1 2 2 1 1 1 2 1 1 1 4 3 1 1 1 3 1 2 2 1 1 1 1 1 3 1 2 1 1 1 2 3 1 2 2 1 2 3 1 2 1 1 2 3 1 2 2 3 2 1 1 2 3 2 1 3 2 1 1 3 1 2 1 1 2 3 1 2 1 1 2 2 2 2 3 1 1 1 3 2 2 2 2 3 1 2 2 2 1 1 2 2 1 1 1 1 3 2 1 1 1 3 3 1 1 3 3 2 1 1 2 1 1 1 2 3 2 2 3 2 2 1 2 1 1 1 2 2 1 2 3 2 3 2 1 3 3 2 1 1 1 2 1 1 2 1 1 1 3 2 1 1 4 1 1 4 2 2 2 3 1 2 2 2 2 3 3 2 5 1 1 2 1 2 1 2 3 3 2 1 1 5 1 2 3 3 2 2 2 2 1 1 3 1 3 1 1 1 1 1 3 2 2 1 1 2 1 5 1 2 1 1 3 2 1 1 2 1 2 1 3 1 2 2 3 2 2 1 2 1 4 4 1 3 1 3 1 3 3 2 2 2 1 1 1 2 2 2 1 2 3 2 1 2 3 2 2 2 4 1 1 1 1 1 2 1 2 2 1 1 2 1 1 1 1 1 3 3 3 1 1 1 1 2 2 2 1 3 1 1 1 2 1 1 1 2 2 1 1 1 3 3 1 2 2 3 1 1 3 2 1 2 1 3 4 2 2 1 2 2 2 1 1 2 1 1 3 2 3 4 1 3 1 2 1 2 3 2 2 3 1 1 1 1 2 1 2 2 3 2 1 2 1 1 1 2 2 1 3 3 1 3 1 3 1 3 2 2 2 1 5 2 1 1 1 3 1 2 4 2 4 1 2 1 4 1 2 2 3 1 1 1 3 1 2 1 3 1 1 1 1 2 1 1 1 2 1 2 2 2 2 1 4 1 1 1 1 2 1 1 1 3 1 2 2 2 2 1 2 2 1 1 1 1 2 4 2 3 1 1 2 2 1 2 1 1 1 1 2 1 1 1 3 3 1 3 1 1 1 1 4 1 1 2 1 3 3 2 2 1 1 2 1 3 4 1 2 3 3 3 1 1 1 2 2 5 2 1 1 3 3 1 1 1 1 1 1 2 1 1 1 2 2 2 2 1 2 1 1 1 1 3 1 2 1 2 1 1 1 2 1 1 1 1 1 1 2 1 1 2 1 3 1 3 1 4 1 3 5 1 2 1 1 2 3 2 3 1 1 1 1 3 1 2 1 3 3 5 2 1 1 1 1 1 1 1 2 1 1 1 3 1 1 1 1 2 1 2 1 1 1 1 3 2 1 1 1 2 2 2 5 2 1 2 2 1 1 1 2 2 1 1 2 1 1 1 1 1 3 1 2 1 2 3 2 1 2 1 1 1 1 2 1 1 1 2 1 3 1 1 4 3 1 2 2 2 1 1 2 1 2 2 2 2 1 2 1 1 2 3 2 1 2 1 3 1 1 1 3 2 2 1 2 2 1 1 1 2 2 1 1 1 1 1 1 2 4 2 1 1 3 1 1 1 2 1 2 2 4 1 2 2 2 2 1 1 3 2 3 1 1 4 1 1 1 1 1 4 1 3 3 3 2 2 1 1 1 1 1 1 2 1 2 1 1 1 1 2 2 1 2 1 2 2 1 1 1 2 1 3 3 1 2 3 1 2 1 1 1 1 1 3 2 1 2 1 2 2 2 1 2 4 1 2 1 1 1 2 2 1 1 1 1 3 1 2 1 1 1 2 1 1 1 2 1 2 2 1 1 1 2 4 2 3 2 2 2 2 3 2 1 2 2 3 2 1 2 1 1 1 1 1 1 1 1 1 1 3 2 1 1 1 2 4 2 1 1 1 1 1 3 1 1 2 2 1 1 2 2 2 1 3 1 4 2 2 1 2 1 2 2 2 3 1 2 1 1 3 2 1 2 3 2 1 1 2 1 1 2 3 2 1 2 1 2 4 2 1 2 2 4 2 2 3 1 3 1 2 3 2 3 1 1 1 1 1 2 1 2 2 1 4 2 2 2 1 2 2 1 2 1 1 1 2 1 1 3 2 1 2 1 1 2 1 7 1 1 5 3 1 2 1 1 1 4 1 1 3 3 5 3 3 2 1 2 2 3 1 3 1 1 2 1 1 1 3 2 2 4 4 2 2 1 3 1 5 1 3 3 2 1 3 3 1 1 2 1 1 1 2 1 1 2 1 1 2 2 3 2 1 1 1 2 1 4 3 4 2 1 1 2 4 1 1 2 2 1 3 2 1 2 4 2 1 2 4 3 1 1 1 2 2 3 1 1 2 1 3 2 6 1 1 1 1 2 3 2 3 1 1 2 2 1 2 1 1 1 1 1 5 1 2 4 2 2 1 2 1 3 3 1 2 3 2 2 1 1 1 3 1 3 3 2 1 6 1 1 2 1 3 2 2 2 2 1 1 1 2 1 1 2 1 2 1 4 2 2 1 2 2 2 2 2 3 2 1 3 1 2 1 2 1 3 1 1 1 3 1 3 1 2 1 4 2 1 2 6 1 1 1 1 2 1 1 3 1 2 1 1 1 2 1 2 1 2 3 3 3 2 2 1 1 3 1 1 2 1 1 1 1 1 1 2 2 1 1 2 2 2 3 1 2 1 1 3 3 1 1 1 1 2 2 4 2 5 2 3 1 2 1 2 2 1 2 1 1 2 1 3 1 2 2 2 2 1 1 1 1 2 1 3 2 1 2 1 1 3 1 1 2 2 2 3 2 1 1 1 4 4 2 1 1 1 2 3 1 1 3 3 2 3 1 2 2 2 2 1 1 2 2 2 2 2 1 2 3 1 3 3 2 1 2 1 3 3 1 1 1 4 3 2 1 1 1 1 1 2 1 2 1 1 2 1 1 3 1 1 2 1 2 2 1 2 1 2 1 2 3 1 5 1 1 1 3 1 1 2 1 3 5 2 3 1 2 1 1 2 2 1 1 3 2 2 2 2 1 1 1 1 3 3 1 2 1 3 1 1 1 1 1 1 2 3 1 1 1 1 3 1 2 1 1 1 1 1 3 1 1 1 1 1 4 2 1 3 1 1 3 1 1 1 2 3 3 3 2 1 2 3 2 1 1 1 2 1 1 3 1 2 2 1 2 2 1 4 1 4 1 1 3 2 2 2 1 2 2 2 1 2 2 1 2 1 5 2 2 1 1 4 1 2 1 1 3 3 1 1 1 5 1 2 2 2 1 1 2 2 2 2 1 4 2 1 4 2 2 2 2 1 1 2 2 2 4 1 4 2 2 1 1 2 3 3 4 1 2 3 2 1 1 1 1 2 1 3 1 2 2 1 1 5 2 1 3 1 1 1 2 1 1 1 1 3 2 3 1 1 2 5 1 2 3 1 4 1 1 1 2 1 1 1 1 1 2 1 2 1 1 3 2 2 1 3 1 4 2 1 2 1 1 1 1 2 2 3 2 1 2 1 2 1 4 3 2 1 3 1 1 1 2 2 2 1 2 1 1 2 1 1 1 4 3 2 2 3 3 1 3 1 3 1 1 1 1 1 2 1 1 3 2 1 1 1 3 3 1 2 2 1 3 1 1 2 2 1 1 2 3 1 3 2 1 1 2 1 1 3 1 2 1 2 1 1 1 1 3 3 3 2 1 2 1 1 2 2 2 3 2 2 2 2 1 2 2 2 2 1 3 3 1 1 1 2 2 2 1 2 2 1 1 2 1 2 1 3 1 3 1 4 1 1 3 1 2 2 1 1 1 4 1 1 1 3 2 3 1 2 2 2 1 1 1 1 3 1 2 1 1 3 2 1 3 2 4 2 2 1 1 2 1 1 1 2 2 1 1 1 1 3 1 1 1 1 1 2 2 2 1 1 2 2 2 1 3 1 2 2 2 3 2 3 2 2 1 1 2 2 1 1 3 1 2 2 1 1 1 1 1 1 2 4 1 3 1 1 1 1 2 2 3 1 2 2 3 1 1 1 2 1 3 1 2 2 3 1 3 1 2 4 2 1 1 1 2 1 1 2 2 2 1 3 2 1 1 1 1 1 2 1 2 2 1 1 1 2 1 1 2 2 1 1 4 1 1 1 3 2 1 1 1 1 1 2 1 1 1 1 1 2 1 1 1 2 2 4 1 1 2 1 2 1 1 2 1 1 3 1 3 1 1 1 1 1 2 2 2 3 2 1 1 1 5 3 1 2 1 1 1 3 1 2 2 2 2 3 1 1 2 1 2 2 1 4 2 1 1 2 1 1 1 3 2 1 2 1 1 2 4 3 1 2 1 4 1 1 2 1 1 2 1 2 1 2 1 1 1 3 1 1 2 1 2 3 1 2 2 2 2 3 3 2 1 2 1 2 1 1 1 1 2 2 1 1 2 1 2 1 2 2 1 1 1 2 1 2 1 1 2 2 2 1 2 1 1 1 1 2 1 1 1 2 5 2 1 1 1 1 1 3 1 2 1 4 2 1 1 2 2 1 4 4 2 1 1 1 2 3 2 2 3 1 2 1 2 1 1 1 1 2 3 2 2 1 1 1 1 1 2 1 2 1 3 3 1 1 4 1 2 1 2 3 1 3 1 1 1 2 4 1 3 3 2 1 1 1 3 3 5 2 1 3 1 3 1 2 2 1 1 1 2 2 3 1 1 1 2 3 2 1 1 3 1 4 1 3 1 4 1 1 1 1 4 3 2 3 3 3 2 1 1 1 1 3 1 1 1 3 1 1 3 1 2 1 1 3 2 1 1 1 3 3 2 3 1 1 1 1 1 1 3 2 2 3 1 1 1 1 5 1 1 1 1 2 4 2 1 1 2 1 2 1 2 1 1 1 1 1 3 1 1 1 2 1 3 2 2 2 1 1 3 2 1 2 1 1 3 3 2 1 1 1 2 2 2 3 2 2 1 2 1 1 1 1 1 3 3 1 1 4 3 2 2 1 2 1 1 4 1 1 1 2 1 1 2 2 1 1 3 1 1 1 1 1 2 2 1 3 2 2 1 1 1 2 1 2 1 1 3 2 2 5 1 2 1 1 1 1 2 1 1 1 1 1 1 2 1 3 3 2 1 1 1 2 1 1 1 1 3 1 2 3 2 3 3 1 2 1 1 1 1 1 2 3 2 3 1 2 1 1 1 2 2 1 1 2 1 2 2 1 2 1 1 2 1 3 2 1 1 2 1 1 3 1 2 1 1 1 1 1 2 3 1 1 1 1 6 2 2 1 1 2 3 1 1 2 2 1 1 1 2 2 2 2 1 2 1 3 2 2 1 2 1 1 1 1 2 1 1 1 1 1 1 2 2 3 2 2 1 1 3 1 2 1 1 1 1 2 1 3 1 1 1 1 2 2 1 2 1 1 4 1 1 1 1 3 3 1 1 1 1 1 1 3 2 1 2 1 2 4 3 3 4 2 2 1 1 1 1 2 3 6 2 1 2 3 1 2 1 2 3 2 4 1 1 1 4 2 1 1 1 1 2 1 2 1 3 2 1 1 1 1 2 4 1 1 2 1 2 4 1 2 1 1 3 1 1 1 1 2 1 1 3 4 1 3 3 3 1 1 2 2 1 3 1 1 3 1 1 1 2 1 2 1 1 1 2 3 2 1 3 3 3 1 3 3 1 1 2 1 1 1 2 2 1 1 2 1 3 2 2 2 1 3 3 2 1 2 2 1 2 1 4 1 2 2 1 2 1 1 1 1 2 1 1 1 1 2 1 1 6 1 1 3 2 2 1 1 1 1 1 1 1 2 1 1 2 4 2 1 3 1 2 2 4 3 2 1 4 1 2 1 1 2 1 4 2 2 3 1 3 1 2 2 2 2 1 1 1 2 1 1 3 2 2 5 1 2 1 1 1 1 3 4 1 4 2 2 2 3 4 1 1 2 1 1 1 3 1 1 1 1 2 1 2 2 1 2 1 3 1 2 1 2 2 5 2 1 1 1 1 1 2 1 1 1 1 3 1 1 1 1 2 1 1 1 2 1 1 1 4 1 1 1 2 1 4 1 3 1 1 3 2 3 1 3 1 1 1 2 1 1 1 1 1 2 1 1 1 2 1 2 1 3 2 1 2 1 1 1 3 1 1 2 2 3 3 2 2 1 1 3 1 4 1 3 2 1 1 2 3 1 1 1 2 2 1 1 1 2 2 1 1 1 1 3 2 2 2 2 1 3 1 1 1 3 1 2 2 2 4 1 1 1 2 3 1 3 1 2 1 1 1 1 1 3 2 2 2 1 2 1 3 1 1 2 2 1 1 1 1 5 1 3 1 1 1 3 1 3 1 1 1 1 3 1 2 1 3 1 3 3 2 1 2 3 2 1 2 3 2 1 2 3 2 1 5 1 2 2 3 3 1 1 1 2 3 2 1 2 1 2 1 2 1 2 2 2 2 1 2 3 2 1 1 2 3 1 2 1 2 1 1 2 4 2 2 4 1 2 2 2 1 3 3 3 2 3 2 1 1 3 1 1 1 1 1 2 2 1 1 1 1 1 3 1 2 2 1 1 1 1 2 1 2 1 2 1 2 1 1 1 3 1 3 3 2 1 1 2 1 1 1 1 1 2 1 1 1 1 4 1 1 2 2 1 1 1 1 2 1 1 2 2 1 3 4 2 2 2 1 1 2 2 2 5 2 1 2 1 2 2 1 3 1 1 3 2 2 1 2 1 1 1 1 1 1 2 1 3 1 1 4 2 1 1 3 1 1 2 1 3 1 2 2 2 3 1 2 1 1 1 1 2 2 2 1 1 2 3 1 2 1 1 2 2 1 1 3 2 2 3 1 1 1 2 1 1 3 3 1 1 1 3 1 1 2 1 2 2 1 1 1 1 2 1 3 2 3 1 2 1 2 1 2 1 1 1 1 2 2 2 2 2 5 1 1 1 2 2 2 1 1 2 1 2 2 4 2 4 1 1 2 3 1 1 1 1 1 2 4 2 1 2 2 1 2 1 1 1 2 1 1 1 1 2 3 1 2 2 2 1 2 2 4 2 3 1 1 1 2 2 1 1 1 3 2 2 2 2 2 1 1 1 1 2 1 2 1 1 1 1 2 1 2 1 1 1 1 3 1 1 1 1 1 1 1 1 2 5 1 2 1 2 2 1 1 2 1 2 3 1 1 1 2 1 1 1 2 2 2 1 4 2 2 1 1 1 2 2 4 2 3 1 1 1 2 1 2 1 5 1 1 3 2 3 1 1 3 2 1 2 1 1 2 2 2 3 3 2 2 1 5 2 1 1 1 1 3 3 2 1 1 1 1 1 3 5 2 2 1 1 2 1 1 2 1 2 1 1 1 1 1 2 2 1 1 1 2 1 1 1 2 1 2 3 1 2 1 2 1 2 1 2 1 1 1 3 2 2 2 3 3 2 1 2 3 1 2 1 1 1 2 1 1 2 1 1 1 1 1 2 1 1 1 1 1 3 1 4 1 3 4 1 3 1 1 2 2 1 1 2 1 2 1 4 1 1 4 2 1 3 2 1 2 2 1 1 1 2 1 2 2 1 1 2 5 1 3 1 3 1 3 1 2 1 1 1 2 2 1 2 2 3 1 1 2 3 1 1 3 2 2 2 1 3 2 4 1 1 1 1 1 3 2 1 2 2 2 1 3 2 2 4 2 1 2 1 2 2 2 2 1 5 1 2 2 2 1 1 1 1 2 3 1 1 3 1 1 2 2 3 2 2 2 2 2 2 2 2 1 2 3 1 1 1 3 2 1 1 1 1 1 2 1 1 1 1 1 3 1 1 4 6 2 3 4 1 1 2 2 1 1 1 2 2 1 3 2 1 2 2 3 2 1 3 1 2 2 1 3 2 1 2 2 2 1 2 2 2 2 2 1 1 2 2 2 2 5 1 2 3 1 1 2 1 1 2 2 4 2 1 1 1 1 1 1 2 1 1 2 2 1 2 3 1 3 1 1 1 2 2 3 1 1 4 1 1 1 2 1 1 2 2 2 2 2 3 3 1 2 3 3 2 1 1 2 2 3 2 1 2 1 1 3 1 1 1 2 3 3 2 1 3 3 3 1 1 2 3 1 1 1 1 1 1 2 3 2 1 3 3 2 1 1 4 3 1 1 1 4 3 1 2 6 1 1 1 2 1 1 1 1 1 2 3 1 1 2 1 1 3 1 2 1 3 2 1 1 2 2 2 1 3 3 1 3 4 2 2 3 2 5 2 1 2 1 1 1 3 1 3 1 1 1 2 1 1 1 1 1 1 1 1 3 1 4 1 1 2 1 3 2 2 2 1 1 1 1 2 2 1 3 3 1 2 2 1 3 5 2 3 2 3 1 3 3 1 2 2 1 1 2 3 1 1 2 2 4 3 1 2 1 1 2 2 2 3 3 1 2 2 3 1 1 2 1 1 1 2 2 1 3 3 3 3 2 1 4 2 1 2 3 1 2 1 2 2 2 1 1 1 1 3 1 2 1 2 3 2 1 2 3 4 2 3 2 2 1 3 1 2 1 1 1 1 2 1 1 3 1 1 2 3 1 1 2 1 2 1 2 3 4 1 3 1 2 1 2 1 1 1 1 2 2 3 1 1 1 2 1 2 1 2 4 2 1 2 1 2 3 2 1 1 1 1 1 3 1 2 2 2 2 2 1 2 1 3 1 2 3 2 2 1 3 1 1 3 1 2 1 1 2 2 1 1 2 2 2 3 3 4 2 1 2 1 1 1 1 2 2 2 1 1 2 2 3 1 2 2 2 3 2 3 1 1 1 1 2 2 3 2 2 1 1 3 2 2 2 2 2 4 1 1 1 2 1 2 1 2 1 2 1 1 1 1 2 1 1 3 3 1 1 1 1 3 3 2 2 1 1 4 1 1 3 3 3 1 1 3 4 1 1 3 1 1 2 4 1 1 1 2 2 2 2 1 1 5 2 1 1 1 2 2 1 2 1 2 1 1 3 1 2 1 3 1 2 1 4 1 2 1 3 1 2 2 1 1 2 1 1 2 2 1 2 1 1 4 1 5 2 1 2 1 2 3 1 1 1 3 3 1 1 2 1 3 3 1 1 1 2 1 1 2 1 1 1 1 3 1 1 2 1 4 6 2 2 5 1 1 2 2 2 2 2 2 1 1 1 3 2 1 1 1 2 3 2 3 2 2 1 2 1 2 1 1 3 2 1 3 2 1 3 1 1 1 2 1 1 1 1 1 4 3 5 1 1 3 2 1 1 1 3 2 1 1 1 4 4 1 2 1 2 2 1 1 4 1 2 2 1 2 1 1 1 1 3 3 2 1 1 2 3 2 1 2 2 1 1 2 1 1 3 3 1 2 1 1 1 1 1 2 2 2 4 1 4 1 1 4 2 2 5 3 1 1 2 2 2 1 2 1 4 2 1 3 1 1 2 2 3 2 1 1 1 1 2 2 1 1 3 1 2 2 1 3 1 1 1 1 2 2 1 1 4 2 2 4 3 4 2 2 3 1 2 3 1 2 2 1 3 1 2 5 2 3 2 1 2 1 1 3 4 3 1 1 1 1 1 1 3 1 1 1 1 2 1 4 2 1 1 1 1 2 3 1 1 1 1 1 1 4 1 1 1 1 4 1 1 1 2 2 1 2 1 1 3 2 2 3 1 1 2 2 1 2 2 3 3 2 2 2 1 1 2 2 3 1 1 1 2 1 3 1 2 2 1 1 2 1 1 1 1 1 2 1 1 2 2 2 1 1 3 2 2 1 1 1 3 1 2 3 1 1 1 1 1 1 3 1 1 1 3 1 2 1 1 2 1 1 1 2 2 1 3 1 1 1 1 3 1 2 1 1 5 3 2 1 1 7 1 2 1 3 2 4 1 3 2 2 2 3 3 1 1 3 3 1 1 2 1 1 2 2 3 2 1 1 3 1 1 2 1 1 1 1 2 1 1 1 3 2 1 1 2 2 1 2 1 1 1 2 1 1 2 3 1 1 1 1 3 1 1 1 2 1 1 3 3 3 1 1 4 2 2 1 4 2 1 2 1 1 1 1 1 3 2 1 2 2 1 2 1 1 2 2 1 1 1 2 2 1 1 1 3 2 3 2 3 4 1 1 2 1 1 1 3 1 2 3 4 5 3 1 1 1 3 3 2 1 2 1 4 2 1 1 1 1 4 1 2 1 4 1 2 2 4 1 1 1 3 1 2 2 1 1 3 3 1 1 1 3 1 3 1 2 1 1 3 2 3 3 1 1 1 3 2 2 1 1 1 3 4 1 1 1 2 1 3 1 3 1 5 1 4 3 2 2 1 2 1 3 2 3 3 1 1 1 1 1 1 2 2 2 1 1 3 1 2 1 3 1 1 2 1 1 1 3 1 1 2 1 2 3 1 4 1 1 1 1 2 1 3 2 1 3 1 1 1 2 1 1 1 1 2 2 4 1 1 2 3 1 3 1 1 1 3 2 1 1 1 3 4 1 1 1 3 2 3 2 2 3 2 1 4 1 1 2 2 2 1 2 1 2 1 3 3 1 1 2 1 2 1 1 1 1 1 1 1 1 1 1 2 1 1 2 1 3 2 4 1 1 3 1 1 1 1 1 1 1 2 2 3 2 1 1 1 2 2 1 1 1 1 2 1 3 1 1 2 2 2 2 2 1 2 2 1 2 2 2 2 2 1 2 1 3 2 1 1 1 2 1 1 2 1 1 1 3 1 2 3 1 1 1 2 2 3 2 3 2 2 1 1 1 1 1 1 1 3 1 1 4 2 1 4 2 1 2 2 1 1 2 3 3 1 1 2 2 1 2 1 2 5 2 1 1 4 2 1 4 2 1 2 2 1 3 4 1 1 2 1 3 2 2 2 2 1 1 1 1 1 1 1 1 2 1 1 1 1 2 1 3 2 1 1 2 1 1 1 4 1 1 2 1 1 1 1 2 1 1 1 1 3 3 4 1 2 1 6 1 2 1 4 1 2 1 2 1 2 2 1 4 1 1 2 2 1 3 2 1 1 1 1 2 1 1 3 1 2 1 1 1 1 2 1 3 2 1 1 1 2 1 1 1 2 1 1 1 2 1 2 2 2 4 1 2 2 1 2 2 3 2 2 1 1 2 2 1 2 2 1 1 3 1 1 1 1 2 2 4 5 2 4 1 2 2 2 2 2 2 1 2 2 2 5 2 2 1 1 1 1 2 3 1 3 1 4 1 1 5 1 1 4 2 1 4 2 1 2 1 1 1 3 1 1 2 3 1 1 1 2 2 3 2 1 1 1 1 2 1 2 2 1 2 1 1 1 2 4 3 2 2 1 2 2 1 2 1 1 1 2 1 2 1 1 1 2 3 3 1 3 1 1 2 1 1 1 1 3 1 1 2 1 1 1 3 1 1 1 1 1 1 1 1 2 2 1 1 2 1 2 1 1 4 4 2 1 1 1 2 1 1 2 3 1 1 1 2 1 2 1 1 1 2 2 1 1 7 3 1 1 1 1 1 2 2 1 1 4 1 3 3 4 2 1 1 1 1 1 1 1 1 1 1 2 2 1 2 1 1 1 3 2 1 3 2 1 2 2 1 2 2 1 2 2 2 1 1 1 1 2 1 3 1 4 4 4 1 2 4 1 1 2 2 1 1 1 1 1 1 1 2 2 2 1 1 1 1 2 1 2 1 3 2 2 1 3 2 3 1 2 1 1 2 3 1 1 3 2 1 1 2 1 1 1 1 2 1 1 1 2 1 1 4 1 1 2 1 1 1 2 2 1 3 1 1 1 2 1 1 1 2 1 4 3 2 4 3 1 2 2 2 1 2 2 1 2 1 1 1 2 1 2 1 1 5 2 1 1 1 2 2 2 2 1 1 1 1 1 2 4 1 1 3 1 1 1 2 1 2 1 3 2 2 2 1 1 3 1 1 1 1 3 2 2 1 3 1 2 3 2 2 3 3 1 1 1 4 1 1 2 1 3 1 1 2 1 2 2 1 1 2 1 4 2 2 1 2 1 3 2 1 1 1 2 1 2 1 1 1 1 2 2 3 3 1 1 1 2 3 1 1 1 1 2 2 1 1 1 2 2 2 1 2 1 1 3 1 4 2 5 1 1 2 2 4 1 1 1 1 1 
  #Test Small 18141
  #Test Medium 34737
  #Test Large 49932
