Board size [mm] 350x200

Stats side 1
  #Components with background 36
  #Components with points 320
  #Components nofly 6
  #Components notouch 6
  #Pins 90695
  #GNDs 2753
  #VDDs 2298
  #Clock 18
  #NoFly points 940
  #NoTouch points 1048
  #Points [total] 97752

Stats side 2
  #Components with background 49
  #Components with points 332
  #Components nofly 0
  #Components notouch 0
  #Pins 86808
  #GNDs 2706
  #VDDs 2213
  #Clock 26
  #NoFly points 0
  #NoTouch points 0
  #Points [total] 91753

Stats board (side 1 + side 2)
  #Components with background 85
  #Components with points 652
  #Components nofly 6
  #Components notouch 6
  #Pins 177503
  #GNDs 5459
  #VDDs 4511
  #Clock 44
  #NoFly points 940
  #NoTouch points 1048
  #Points [total] 189505
  #Nets 172375
    Net Size: 5459 4511 44 2 1 1 1 1 2 3 2 4 1 1 1 2 1 2 3 2 1 1 2 2 4 2 1 1 1 1 1 1 3 1 3 1 2 3 2 2 1 1 1 2 1 1 1 3 2 3 1 2 3 1 1 1 1 1 1 1 1 2 1 2 1 2 1 2 2 1 2 1 3 1 1 4 1 1 1 2 2 2 1 2 2 2 1 1 1 1 1 3 1 2 1 2 1 1 1 2 3 1 3 1 1 3 1 1 2 2 3 2 2 3 1 1 1 1 1 1 3 1 2 1 2 1 1 1 2 1 1 4 2 2 1 1 2 2 1 2 1 2 3 2 2 1 1 1 1 1 1 2 2 2 3 2 4 1 1 5 2 1 1 2 1 1 1 3 2 1 3 1 2 1 1 1 3 2 1 1 2 2 1 1 2 1 2 1 5 1 3 1 1 1 1 2 3 1 4 2 2 3 3 2 1 3 2 3 2 1 1 1 1 1 1 1 2 2 1 3 2 1 1 3 1 1 1 1 3 1 2 2 1 2 2 1 1 1 2 2 2 1 3 1 1 2 3 3 1 1 1 1 2 2 2 1 1 1 1 1 2 3 2 1 1 1 2 2 1 1 3 3 1 2 2 1 1 2 1 1 1 2 2 3 1 4 5 2 2 3 1 1 1 1 1 1 1 1 2 3 1 1 2 2 3 1 1 1 1 1 1 1 1 1 1 2 1 1 1 1 1 3 1 2 1 1 1 1 2 1 2 1 1 1 2 2 1 1 1 2 2 2 2 1 1 1 2 1 2 2 3 2 1 1 2 3 1 3 1 2 2 2 3 1 1 1 2 2 1 2 1 2 2 1 1 1 1 1 1 2 2 2 2 1 1 1 2 3 1 2 1 2 1 4 2 1 1 3 3 2 1 1 2 1 1 1 1 1 1 2 3 1 1 1 1 1 1 2 2 1 2 2 1 1 2 1 1 1 1 1 2 1 2 1 3 3 2 1 3 1 1 2 1 1 2 1 1 2 3 1 1 2 3 2 1 1 1 1 1 1 2 2 1 1 2 2 1 1 3 3 3 2 2 2 1 2 2 1 3 4 1 1 1 1 1 1 1 3 1 1 1 1 2 3 1 1 1 2 2 3 1 1 2 2 1 1 3 2 2 1 1 1 1 1 3 1 2 2 2 1 5 2 1 2 2 6 1 2 1 2 2 1 2 2 3 2 4 1 1 1 2 1 1 1 1 1 1 1 1 2 2 1 3 2 1 1 1 2 1 1 4 3 1 1 2 2 1 1 3 3 2 1 1 2 2 3 1 1 2 3 1 2 1 2 3 1 1 2 1 1 1 1 2 1 1 1 2 4 1 1 1 1 1 2 2 2 1 1 3 3 2 2 1 1 1 1 1 1 2 1 1 2 3 3 2 1 1 1 1 1 1 4 1 1 1 1 1 2 1 3 3 2 1 2 1 4 1 2 1 2 1 1 2 1 2 2 2 1 1 2 1 1 1 3 1 2 2 5 2 1 1 1 3 1 1 2 2 1 1 1 1 2 1 1 1 3 1 3 1 1 3 1 3 2 3 3 1 1 2 1 1 2 2 1 2 2 1 2 3 1 1 1 1 2 1 1 1 3 2 1 2 1 1 1 3 1 1 1 1 2 2 2 2 2 1 3 1 3 3 2 2 2 1 2 2 1 2 3 1 1 3 3 2 1 2 2 1 1 1 1 2 2 2 2 4 1 2 1 1 4 2 4 2 2 1 1 1 1 4 2 1 1 3 2 2 2 2 2 1 2 1 2 2 1 6 2 2 2 1 1 1 4 2 4 3 1 1 2 3 1 3 1 1 1 1 1 2 2 3 2 2 1 2 2 3 1 1 1 1 2 1 2 3 2 1 1 2 3 2 2 1 1 2 1 3 1 1 2 2 1 1 2 1 3 1 1 2 2 2 3 1 3 1 2 2 2 2 2 3 3 1 1 1 4 2 2 1 1 1 3 1 1 3 2 2 1 2 2 1 3 1 1 1 1 1 2 4 1 1 2 1 1 1 1 1 2 2 1 1 2 2 1 1 1 1 1 2 1 1 4 3 3 1 1 1 1 1 2 2 2 1 3 2 1 2 3 1 2 1 1 2 1 2 1 1 2 2 1 2 1 2 1 4 1 1 2 2 1 4 1 1 1 2 2 1 1 1 3 3 1 1 1 1 1 2 1 1 2 3 4 1 1 2 1 1 2 1 3 1 1 2 1 1 3 1 2 2 3 2 1 2 3 2 1 1 1 1 2 1 4 2 2 1 2 1 1 5 1 1 1 2 1 1 1 2 2 3 4 1 3 2 1 1 2 1 1 2 3 2 2 1 1 3 1 1 2 1 2 3 1 1 4 1 1 2 2 1 1 1 1 2 1 1 1 1 2 1 2 1 2 1 3 1 3 1 1 3 1 1 1 1 1 1 4 1 1 3 1 1 3 2 5 1 2 2 2 1 3 2 3 1 1 1 2 2 1 2 1 1 1 2 2 1 3 1 2 1 3 1 1 1 1 2 2 2 3 1 2 1 1 1 2 1 1 3 1 1 1 1 4 1 2 2 1 3 2 1 1 1 1 1 2 1 3 1 1 3 2 3 1 1 1 1 1 1 1 4 1 1 3 1 1 1 2 1 1 2 1 1 1 1 3 1 2 1 2 1 2 1 3 2 1 1 3 3 1 1 1 1 1 2 2 1 1 1 2 1 2 1 2 3 1 2 1 1 2 1 2 3 2 1 1 1 1 1 1 1 1 1 3 1 4 1 2 1 2 3 1 3 2 1 1 1 1 2 3 1 3 1 1 1 1 3 3 1 3 1 1 3 1 2 1 1 5 1 1 1 3 2 2 1 2 1 1 2 1 1 1 2 1 1 1 1 2 2 3 2 1 2 3 4 1 2 2 4 2 1 2 1 2 1 1 1 1 3 1 1 2 1 1 1 3 1 1 3 3 1 2 3 1 2 2 1 3 1 2 1 1 1 1 3 3 2 1 1 2 1 1 1 2 2 1 1 2 1 2 3 1 2 1 1 1 2 1 1 2 4 4 1 2 4 1 1 1 2 1 2 3 2 1 1 3 1 1 1 2 2 2 1 4 1 1 1 1 3 4 1 2 2 1 1 2 1 1 1 1 1 3 2 1 1 3 1 3 1 2 2 1 1 1 3 3 2 4 1 1 1 1 1 1 2 1 1 2 2 1 2 2 1 1 1 1 3 1 2 4 2 5 1 4 3 1 2 1 2 2 2 1 1 2 2 2 1 3 1 1 5 2 1 1 1 4 2 3 1 2 1 1 1 1 2 3 3 1 1 1 3 1 1 1 2 1 1 1 2 1 1 3 1 1 1 1 2 1 3 1 2 3 2 2 1 2 2 1 1 1 1 1 2 2 1 1 1 2 1 1 1 1 1 3 1 1 1 1 1 1 1 1 3 1 2 2 3 1 2 6 2 2 1 1 2 2 1 2 2 1 2 5 1 2 1 1 1 1 1 1 2 2 1 2 1 2 2 4 1 3 2 1 1 1 1 1 2 1 2 3 2 2 2 1 1 1 3 2 4 3 1 1 1 1 2 1 1 2 1 3 1 1 1 1 1 1 2 1 1 2 1 2 1 2 1 2 2 1 2 2 1 1 1 1 1 1 3 2 3 1 2 1 1 1 1 2 2 3 2 1 3 2 1 2 1 4 1 1 1 1 1 1 1 1 2 1 1 2 1 1 5 1 1 3 2 3 2 1 2 2 1 2 1 2 2 1 1 1 3 2 4 1 1 2 1 1 1 1 1 1 1 1 2 1 1 1 1 1 1 1 2 3 3 2 1 3 1 2 1 4 2 1 1 1 3 2 1 2 1 1 2 1 1 1 2 1 1 1 2 1 2 1 3 2 2 1 1 2 3 1 1 2 3 1 1 2 1 1 2 1 2 2 1 3 2 1 1 3 1 3 1 4 1 3 2 2 4 3 1 2 2 2 1 2 1 1 2 1 4 3 2 1 3 1 3 1 1 1 1 1 4 3 4 1 2 3 1 2 2 2 5 4 1 1 1 1 2 4 1 2 1 2 4 1 3 3 1 4 2 1 1 4 1 1 1 1 1 4 1 1 1 3 2 3 1 1 3 2 1 3 1 1 2 2 1 1 1 1 2 1 1 1 2 2 1 1 1 1 3 1 1 2 1 1 3 2 3 2 1 3 1 1 3 1 1 1 1 3 1 2 1 1 2 2 1 2 2 1 1 2 3 1 1 1 2 2 1 1 1 2 2 1 1 2 1 1 3 1 2 2 1 1 2 1 1 2 2 2 1 2 1 2 3 4 2 2 1 2 4 1 2 1 1 1 4 1 2 2 1 3 1 1 2 2 1 1 1 4 2 2 1 2 3 1 2 1 1 3 1 4 2 1 2 2 1 3 2 2 2 2 3 1 1 1 3 2 1 2 1 1 3 1 2 1 2 2 2 2 3 1 2 1 1 3 2 3 1 2 3 1 1 2 1 4 2 1 1 1 1 1 1 1 1 3 1 3 3 2 2 3 1 1 3 1 1 2 1 1 1 3 2 2 3 2 2 2 1 1 1 2 3 1 3 2 1 3 5 1 1 1 1 2 4 4 2 2 1 3 1 1 1 2 1 4 2 2 3 3 4 3 2 3 4 3 2 2 1 1 1 2 1 1 2 1 1 3 1 1 3 3 1 1 2 1 3 3 2 1 2 1 1 4 1 1 1 2 1 2 2 2 2 1 1 2 1 2 2 1 1 1 1 1 1 2 1 1 1 1 1 2 1 1 1 1 1 1 1 2 2 2 3 1 1 4 1 1 4 2 1 3 2 3 2 1 1 2 3 2 2 2 1 1 2 1 2 1 1 1 1 1 1 1 3 3 1 3 3 1 1 1 1 2 1 1 3 1 1 3 3 2 2 2 3 1 1 2 1 1 3 1 3 2 2 2 2 2 1 3 1 1 2 1 2 3 1 1 2 1 2 1 2 2 2 1 1 1 1 4 2 2 2 2 1 2 1 3 2 1 2 1 2 1 1 3 3 2 3 2 1 1 2 1 3 1 2 1 2 1 1 2 1 1 1 1 1 2 1 1 1 3 2 1 1 1 2 3 1 1 2 1 1 2 2 1 3 1 1 1 2 3 1 4 1 2 1 1 3 1 1 1 1 1 1 1 1 2 2 3 1 2 1 1 3 1 1 2 2 4 2 3 1 3 2 2 2 3 1 1 1 1 1 3 1 1 3 1 3 2 2 1 1 2 3 2 3 1 1 1 2 1 1 1 1 1 1 1 1 1 5 2 1 1 4 2 1 4 1 1 1 1 1 1 1 2 2 2 2 1 1 2 1 1 2 2 1 2 3 1 1 3 1 2 1 1 4 1 1 2 3 1 4 2 4 3 3 3 1 1 1 1 1 2 3 1 2 1 3 2 1 1 1 2 3 3 2 2 1 2 1 1 4 3 1 2 3 1 1 2 1 3 1 1 1 2 1 4 1 1 3 2 2 2 2 1 2 1 2 1 1 2 1 2 1 1 2 1 1 1 1 3 3 1 2 1 3 1 3 2 1 2 1 2 4 2 1 1 2 1 1 1 2 2 1 1 3 4 2 2 1 1 2 2 2 4 2 1 1 1 1 3 2 2 1 1 2 1 1 1 1 3 2 1 3 1 1 1 2 2 2 2 2 3 1 2 2 1 2 1 2 3 3 2 1 3 1 1 2 1 2 2 1 1 1 1 2 1 1 2 1 2 1 2 2 3 3 1 2 2 2 1 1 5 2 1 3 1 2 1 1 1 2 3 1 1 3 2 3 1 1 2 2 1 1 2 1 2 1 2 2 3 1 1 3 1 1 3 1 1 1 1 1 2 3 2 3 3 2 1 2 1 1 2 1 2 1 3 1 1 1 2 3 1 1 2 1 1 1 1 1 1 1 2 1 1 1 2 2 2 1 1 1 1 2 1 3 1 1 1 1 2 1 1 1 2 3 1 3 1 1 1 2 2 1 2 3 3 1 2 2 2 2 1 2 1 2 1 2 2 1 2 3 1 1 2 3 1 1 2 2 1 1 2 2 3 1 1 2 1 2 3 2 1 1 2 1 2 1 1 2 2 1 2 1 2 3 2 1 1 1 2 1 1 2 1 1 1 1 2 2 2 2 1 1 2 3 2 1 1 1 2 3 1 2 1 1 2 1 1 1 1 1 2 1 1 2 1 1 2 1 1 1 1 3 1 1 1 2 1 2 2 2 1 2 3 1 1 1 1 2 1 2 1 2 2 1 2 1 1 1 2 1 2 2 2 1 3 1 2 1 1 1 1 1 2 2 1 2 1 1 1 3 2 1 1 1 1 2 1 1 1 1 2 1 2 2 2 2 1 3 2 2 2 1 2 3 1 2 2 1 1 2 1 2 2 1 3 2 1 2 3 1 2 1 4 1 1 1 1 1 2 2 1 1 1 1 2 1 1 1 1 1 1 1 3 2 1 1 1 1 1 1 1 1 1 1 3 1 2 2 1 1 1 3 1 2 2 2 3 1 1 1 1 1 1 1 1 1 2 2 2 2 1 1 3 1 1 1 1 5 1 1 1 1 1 2 2 3 1 1 2 1 4 1 1 1 1 1 2 1 1 1 2 3 2 1 3 1 2 2 2 3 1 1 3 1 1 1 2 2 1 1 1 2 1 2 1 2 2 2 2 1 3 1 3 1 2 3 1 1 6 3 2 1 1 2 2 2 1 2 1 1 1 2 1 1 1 2 1 1 4 1 3 2 1 3 1 1 1 2 1 3 2 1 2 1 1 2 1 1 2 2 1 3 2 4 2 2 1 1 3 3 4 3 1 2 1 1 3 1 1 2 2 3 2 1 1 1 2 1 1 2 2 3 2 1 5 1 1 2 1 2 1 4 1 1 1 2 2 2 4 1 1 3 2 1 1 1 2 2 1 2 2 1 1 1 2 1 1 2 2 1 2 6 1 1 1 2 1 1 3 1 1 3 1 1 2 2 1 5 4 2 1 1 1 2 1 2 1 1 2 1 1 2 1 1 3 1 4 2 1 1 2 1 2 4 1 1 1 2 1 3 1 1 3 1 3 1 1 2 1 1 2 1 1 1 2 2 1 2 1 1 2 5 1 1 3 2 3 2 2 1 1 1 2 1 2 1 1 1 1 2 1 2 1 2 1 4 2 1 1 1 1 1 1 1 1 2 1 2 1 1 1 2 2 1 1 1 1 1 1 2 1 2 2 1 1 1 1 1 1 1 1 1 1 1 2 1 2 1 1 3 1 3 3 1 2 2 1 3 1 1 2 2 3 3 1 2 2 1 1 2 1 1 2 1 2 1 1 3 3 1 1 1 1 1 1 1 1 1 2 1 1 2 3 1 1 2 4 1 1 3 3 2 1 1 1 1 3 1 2 1 1 1 3 1 3 2 1 2 1 1 3 1 1 2 1 1 1 1 1 2 3 2 1 1 2 1 3 1 1 2 1 1 3 1 1 2 1 5 1 2 2 2 1 1 3 1 1 1 2 3 1 4 2 2 2 1 1 3 3 1 1 2 3 2 2 1 1 1 2 2 2 2 1 1 3 1 1 3 2 1 2 1 2 2 1 2 1 3 1 1 1 1 1 3 1 1 2 1 1 1 1 3 1 2 1 1 1 1 2 3 2 1 3 1 2 2 2 1 3 1 1 2 1 1 1 3 1 5 1 2 1 1 2 2 3 1 1 1 3 3 1 1 2 2 2 2 2 1 4 1 2 1 2 2 2 2 1 1 1 1 1 1 1 1 2 2 1 1 1 2 1 2 3 2 1 3 2 2 1 1 2 2 1 2 1 2 3 1 2 1 4 2 1 2 3 2 2 2 2 3 1 1 1 1 2 1 3 1 3 3 1 2 1 1 3 1 3 2 1 1 2 1 1 1 2 2 3 1 2 2 1 2 2 1 2 1 1 2 1 1 3 1 1 1 2 2 3 2 1 2 2 1 1 1 3 1 1 2 3 1 2 2 1 2 2 2 1 1 1 1 1 2 1 1 4 1 2 2 1 2 2 1 3 1 1 1 1 2 1 1 2 2 5 1 2 1 1 1 1 2 1 2 1 2 1 2 3 2 1 1 1 2 1 2 2 3 2 2 1 3 1 3 2 3 3 3 2 1 1 2 4 2 1 1 2 2 2 1 1 1 1 3 1 1 1 2 1 1 2 2 1 2 2 1 1 2 3 1 2 1 1 2 1 2 3 2 2 3 1 1 3 1 1 2 1 1 1 1 1 1 2 1 2 1 1 1 3 1 1 1 1 1 1 1 3 1 2 2 2 2 2 1 2 1 2 1 1 3 1 2 1 2 2 3 5 2 1 1 2 1 2 3 1 4 1 2 2 1 2 2 1 2 1 2 1 1 1 2 2 2 2 2 1 1 2 1 1 1 2 2 1 1 1 3 1 1 1 1 2 1 4 1 1 1 1 1 2 3 2 2 2 2 1 1 1 2 1 1 4 2 1 1 3 3 2 2 3 1 2 4 1 1 2 2 2 2 1 5 1 1 1 2 1 1 1 1 3 1 1 1 1 1 2 1 2 2 1 1 2 1 1 3 1 1 1 1 1 4 2 2 1 1 1 1 1 1 4 1 1 2 2 3 2 2 3 2 1 1 5 1 2 1 2 1 2 2 2 1 1 2 1 1 2 1 1 1 1 1 1 1 1 1 1 2 1 5 2 3 3 3 1 1 1 2 1 2 2 1 2 4 2 2 1 1 1 3 1 4 1 1 1 1 1 2 1 1 1 1 1 3 1 2 2 2 1 1 3 1 1 1 1 1 2 3 1 2 3 2 1 3 1 1 2 2 1 2 1 1 1 1 3 2 2 2 3 4 4 1 1 1 2 1 1 1 1 5 1 3 2 2 1 2 1 1 1 1 1 3 1 1 1 2 1 1 1 2 1 2 2 1 2 3 1 2 1 1 1 1 1 1 2 1 1 2 2 1 3 1 2 2 2 7 1 1 2 2 2 1 1 1 2 2 1 2 1 2 2 1 2 2 2 3 1 1 3 1 1 2 1 3 1 1 1 1 1 1 3 1 1 1 1 2 1 2 2 1 1 1 1 2 1 2 1 1 1 1 4 2 1 1 1 1 2 1 2 1 2 2 1 1 3 2 1 1 1 1 3 4 3 1 1 1 3 2 1 1 2 2 1 1 1 2 1 1 1 1 1 1 1 3 1 3 2 1 2 1 1 2 1 1 1 3 3 2 1 2 1 2 2 2 1 1 1 1 1 1 2 1 1 1 3 2 3 1 1 1 4 1 1 2 1 2 1 1 1 3 1 2 1 1 1 2 2 2 3 2 1 1 1 2 3 1 1 2 1 1 1 1 1 3 1 1 2 1 2 1 1 2 2 1 3 2 1 2 2 2 2 2 2 3 1 2 2 2 2 1 5 1 2 4 2 1 1 2 1 5 2 1 1 1 2 3 1 1 1 3 2 4 1 1 1 2 3 3 1 2 2 1 2 2 1 2 2 2 2 1 1 1 2 2 3 2 1 1 2 3 3 3 1 2 2 2 1 2 2 1 1 2 1 1 1 1 1 2 2 2 1 3 2 1 1 1 1 1 2 1 2 2 2 2 1 1 1 2 1 1 1 1 2 2 3 1 3 1 1 1 1 2 1 3 1 1 2 1 1 1 2 2 3 4 2 1 1 2 2 1 2 3 3 1 2 1 1 2 1 1 1 1 1 1 1 5 1 1 1 1 1 3 2 3 1 2 1 1 2 1 1 4 1 1 4 2 1 3 1 2 2 2 1 3 1 2 2 1 2 2 2 2 1 2 3 1 6 2 2 2 2 1 1 1 1 1 3 1 2 1 3 4 1 1 1 1 1 1 2 2 1 1 2 1 2 2 1 2 3 1 1 1 2 2 1 1 2 1 2 2 2 2 3 1 1 2 2 1 2 2 1 1 2 1 1 2 3 3 3 2 1 1 1 3 1 2 2 1 2 3 1 2 1 1 1 1 3 1 1 2 4 4 1 1 1 1 4 2 1 2 2 1 1 2 2 3 2 1 1 1 2 1 1 1 1 2 1 2 1 2 1 1 1 1 2 2 2 1 1 2 3 4 2 1 1 1 1 1 1 3 2 1 2 2 2 1 4 2 1 1 1 1 1 1 1 2 2 4 2 3 1 2 1 1 1 2 2 2 2 1 4 1 2 1 1 1 2 1 1 3 2 2 1 1 1 1 1 1 2 1 1 1 1 1 1 1 1 1 1 5 2 1 2 2 2 3 1 2 2 2 1 2 3 2 1 2 1 1 1 1 1 2 3 2 1 2 2 2 3 1 3 1 1 1 2 1 2 2 2 2 1 2 2 1 2 2 1 1 2 4 1 1 1 1 1 1 3 3 1 3 2 1 1 1 2 1 1 1 3 1 4 1 1 1 1 1 3 2 1 3 1 3 2 2 1 2 1 2 1 3 2 2 1 2 1 3 1 1 1 2 1 1 2 2 1 1 2 3 1 2 2 2 1 1 1 2 1 3 2 2 1 2 2 2 2 1 2 2 2 2 1 1 1 1 2 1 1 2 2 2 4 2 2 2 1 1 1 3 1 2 1 1 1 2 1 1 2 1 2 2 1 4 1 2 2 2 2 1 1 1 1 1 2 1 2 2 1 1 3 2 1 3 1 2 1 1 3 1 2 2 2 1 2 1 1 3 1 1 3 1 2 1 1 1 1 1 1 1 1 1 1 1 1 1 1 1 1 2 2 4 1 1 2 2 1 1 3 1 1 2 1 2 1 2 3 1 2 3 2 1 1 2 1 2 2 2 1 1 2 1 1 1 1 1 1 1 2 1 3 1 2 2 1 2 2 1 1 2 1 1 2 1 1 2 1 2 2 3 1 1 2 3 2 1 1 5 1 3 1 3 2 1 1 4 2 2 2 1 2 2 4 1 2 1 1 1 1 3 1 1 1 1 2 2 4 2 1 1 1 2 1 1 2 1 1 1 2 2 3 1 1 1 2 1 1 4 1 2 1 2 2 1 1 1 1 2 1 1 2 2 3 2 1 1 2 2 1 1 4 1 1 2 1 2 3 1 1 2 2 1 4 1 1 2 2 1 2 1 1 1 2 1 4 1 3 2 1 1 3 1 1 2 2 1 1 3 1 2 2 1 1 1 3 1 2 2 1 2 2 3 2 1 1 2 3 2 1 1 1 2 2 1 1 1 2 1 1 3 1 2 1 1 2 1 3 1 1 3 3 1 1 1 3 2 1 2 2 2 2 1 1 1 1 4 2 2 2 2 2 1 1 1 1 1 2 1 2 1 1 2 1 3 1 2 2 1 1 1 4 1 2 3 1 1 1 3 1 1 1 1 1 1 1 2 1 1 1 4 1 1 1 1 1 3 3 1 2 4 2 1 5 1 1 2 2 1 1 2 1 1 1 1 1 3 1 1 1 2 2 4 1 2 2 2 1 1 2 1 1 2 1 1 2 1 3 1 1 2 1 1 1 1 1 2 2 1 1 1 1 1 1 2 1 1 2 1 1 1 2 1 1 1 1 2 1 1 1 4 2 2 1 3 1 1 1 2 3 1 2 1 1 1 1 2 1 4 2 1 1 1 2 3 3 2 2 3 2 4 2 3 1 2 2 3 2 2 1 1 2 4 2 1 3 3 2 1 3 1 3 3 3 4 2 1 3 1 3 2 2 3 1 4 1 1 1 2 1 1 1 1 2 3 2 2 1 4 2 1 1 2 1 2 1 1 2 1 1 2 2 3 1 1 2 1 1 2 2 1 1 3 2 2 1 3 1 2 2 1 2 1 1 1 3 1 2 1 1 1 3 7 1 2 4 1 2 1 1 2 2 1 1 1 1 1 1 2 1 1 4 1 1 1 1 1 2 3 1 3 1 2 1 2 2 2 2 2 2 4 1 1 1 1 1 4 1 1 1 1 1 1 1 1 2 1 4 1 1 1 2 1 2 1 1 2 1 2 2 2 1 1 1 4 1 3 1 1 2 1 1 1 3 1 1 2 1 1 1 1 2 1 2 1 1 2 2 1 2 3 2 1 1 1 1 3 2 2 1 2 1 1 2 1 1 1 2 2 1 1 1 2 2 1 3 1 3 2 2 1 2 2 2 1 1 2 1 1 1 1 2 2 2 3 1 1 1 2 1 3 3 3 1 2 1 1 1 1 2 1 2 2 3 2 2 1 1 2 1 2 1 2 1 1 2 1 2 2 1 1 2 1 1 2 2 2 2 2 1 1 1 1 1 1 1 2 1 1 2 1 3 1 1 1 2 1 1 2 1 1 1 2 2 1 1 3 2 2 2 1 3 1 3 3 4 1 2 1 2 1 1 1 1 1 1 2 1 1 1 2 2 2 2 1 2 1 1 1 3 2 1 1 2 1 2 2 1 1 1 2 3 1 2 1 1 1 2 2 2 1 3 1 1 1 2 4 2 1 1 1 2 1 2 3 1 2 1 1 2 2 1 3 2 1 2 1 3 2 3 1 1 2 2 1 1 1 1 1 1 2 1 3 1 2 1 1 1 1 2 3 1 2 1 3 1 3 2 2 2 4 1 1 2 1 1 3 3 1 1 1 1 1 2 1 1 4 1 3 1 3 1 1 1 1 2 1 2 1 1 2 1 2 2 1 2 1 1 1 1 2 1 2 1 1 2 1 2 1 3 1 1 1 2 1 1 2 1 3 2 2 2 4 1 2 1 1 2 1 1 2 2 2 2 1 2 2 2 1 2 1 1 2 1 3 1 1 5 2 1 2 2 1 3 1 1 2 2 1 3 2 1 1 1 4 1 3 2 1 1 1 1 3 3 1 2 1 3 1 1 3 1 1 1 3 1 4 2 2 2 3 1 2 1 1 2 5 3 1 3 2 1 1 2 1 1 2 1 1 1 2 1 2 3 1 1 1 3 3 3 1 3 3 1 4 1 1 3 1 1 4 1 1 2 1 2 2 3 1 1 1 2 2 3 2 3 5 5 2 1 2 2 1 1 1 1 1 1 1 1 1 3 2 2 5 1 3 2 1 2 3 2 1 1 1 1 4 2 1 3 3 1 1 3 1 1 2 1 2 1 2 1 1 1 1 2 3 1 1 2 3 1 1 3 2 1 3 1 2 1 2 1 2 3 2 1 1 3 3 2 1 1 1 3 2 1 2 2 1 1 1 3 1 1 2 1 1 1 2 1 1 1 1 3 2 2 3 2 1 1 2 2 1 2 2 2 2 2 1 2 1 1 1 1 1 2 1 2 2 2 2 3 1 1 1 1 2 2 3 1 1 1 3 1 3 1 4 1 1 1 1 2 1 2 1 5 1 4 1 2 2 1 2 1 3 1 2 2 1 3 4 2 1 2 1 2 2 3 1 1 2 2 1 3 1 2 2 1 1 1 1 2 3 1 3 2 2 1 1 1 1 2 1 1 4 5 2 1 2 1 1 1 1 2 3 3 2 1 1 1 1 1 1 1 1 2 1 1 2 1 3 1 1 2 1 2 3 2 2 1 2 1 1 1 1 1 1 1 1 1 1 2 2 2 2 1 1 1 1 3 1 2 1 2 1 1 1 1 2 4 1 1 2 2 1 1 2 1 1 2 2 2 1 1 1 1 2 1 1 1 1 1 1 1 1 1 1 1 2 2 1 3 2 3 4 3 2 1 2 2 1 3 1 2 1 1 2 3 3 1 2 2 1 1 3 4 2 1 1 2 3 1 1 2 1 1 6 1 1 2 1 2 2 1 2 1 1 2 2 4 2 3 1 2 5 3 2 4 2 3 1 1 3 1 2 1 1 1 5 4 1 1 1 1 3 1 1 1 1 2 1 2 1 3 2 1 1 3 2 1 1 1 1 3 1 1 2 2 1 2 4 2 1 3 2 1 1 1 2 2 1 1 2 2 1 1 2 4 1 1 1 2 1 1 2 1 3 1 2 1 1 1 1 2 4 1 1 1 1 1 1 2 1 2 3 1 1 3 2 1 2 3 1 2 2 1 1 1 2 1 1 1 1 2 2 2 1 2 3 1 1 1 1 2 1 1 2 2 2 1 1 1 1 2 2 1 1 1 2 2 3 1 1 1 3 2 1 3 1 1 1 1 1 1 3 4 3 2 2 1 1 1 1 1 2 1 1 2 1 3 1 1 1 2 1 2 1 2 3 3 2 2 1 1 2 1 1 1 1 1 1 2 1 1 3 1 3 2 2 1 1 2 1 2 1 1 1 1 1 1 1 2 2 2 2 1 1 2 1 3 2 1 2 1 2 1 2 1 1 2 1 1 1 3 1 1 1 1 1 1 1 2 2 2 1 1 2 2 1 1 1 1 1 2 2 2 1 1 1 3 1 1 2 1 2 1 1 1 3 1 1 2 1 1 1 1 1 1 3 1 2 1 2 3 2 1 1 1 1 1 1 1 1 1 2 1 1 2 1 2 1 1 1 3 2 1 2 1 2 2 2 2 1 1 3 1 1 1 1 1 3 3 2 3 1 1 1 3 1 4 1 1 3 2 1 3 2 2 1 2 2 1 1 1 1 2 1 2 1 2 2 1 2 3 1 1 1 1 1 2 3 2 1 1 2 1 2 1 1 3 1 2 2 1 4 1 3 1 1 1 1 1 1 1 1 1 4 3 2 3 1 1 1 1 1 3 1 1 2 2 2 2 3 1 1 1 1 2 1 1 1 2 1 1 4 1 2 2 1 2 1 1 1 1 1 3 2 1 1 1 2 1 2 2 2 1 2 2 4 1 2 2 1 1 2 1 2 3 1 2 1 2 2 3 2 1 2 1 1 2 1 2 2 2 1 3 2 2 1 2 2 2 1 1 2 2 2 1 1 1 2 3 2 2 1 4 2 1 1 1 1 3 1 1 2 1 2 1 2 2 1 1 1 1 1 4 5 1 1 3 2 3 2 2 1 3 3 4 1 1 5 1 2 2 1 1 2 1 1 3 2 1 2 1 1 2 2 2 1 2 1 1 1 3 2 2 1 2 2 3 2 4 4 2 1 1 1 1 2 3 2 2 2 1 1 1 1 4 1 2 1 1 1 1 1 1 1 1 3 2 2 3 3 1 2 1 1 2 2 2 3 1 2 1 1 2 1 1 1 2 1 2 1 1 1 1 5 2 1 1 1 1 2 2 1 2 1 1 2 2 1 2 2 2 1 5 1 3 1 3 2 1 2 2 1 1 1 1 3 2 3 1 2 2 1 1 1 2 1 1 1 2 1 1 3 1 1 2 2 1 3 1 1 2 4 3 2 2 3 1 1 1 1 1 2 1 1 1 1 2 2 1 1 2 3 1 1 4 1 3 1 2 2 4 1 1 1 2 3 2 2 1 1 2 1 3 1 1 2 1 2 1 1 2 1 1 2 3 3 1 1 1 3 2 1 1 1 2 3 2 2 1 2 2 1 3 3 3 3 1 2 1 1 2 3 1 1 1 4 1 1 3 1 1 1 3 1 2 1 2 1 1 1 2 4 1 1 1 1 1 3 1 2 5 2 1 2 2 1 2 1 1 1 1 2 1 2 4 1 2 1 1 1 2 1 3 3 1 3 2 2 3 2 1 2 3 6 2 1 2 5 1 2 1 1 1 4 2 1 1 3 1 2 1 2 1 2 1 3 2 4 1 3 1 1 2 3 2 3 2 2 2 1 2 2 2 2 2 1 2 1 1 1 1 1 1 1 1 2 3 1 1 2 3 3 1 1 2 4 2 3 1 1 1 2 1 1 1 3 2 1 3 1 4 2 3 3 2 1 1 2 1 2 3 1 2 1 1 2 1 1 2 2 2 3 1 1 2 3 2 2 1 1 1 2 1 3 2 2 1 1 1 1 2 1 2 1 1 2 1 2 1 1 3 2 1 1 1 2 1 1 1 2 2 1 3 1 1 2 1 1 1 1 2 1 1 2 1 1 3 1 2 1 2 1 1 3 2 2 1 1 1 1 4 2 2 3 1 2 1 1 1 1 2 1 2 1 1 1 2 2 2 1 1 3 1 3 2 2 2 2 2 2 2 1 1 3 2 1 2 1 2 2 2 1 2 1 2 3 2 2 1 4 1 2 4 1 3 2 1 1 1 1 1 3 2 1 1 3 1 1 1 1 1 1 1 1 1 1 1 2 1 5 1 3 2 2 1 2 4 1 2 1 2 1 1 2 1 2 2 2 1 2 2 2 1 1 2 1 2 2 2 1 1 2 1 1 2 1 1 1 1 1 1 3 1 2 1 4 2 1 1 2 1 1 1 2 1 2 1 1 1 2 3 1 1 1 1 1 3 1 1 2 1 3 3 1 1 2 1 2 1 2 3 3 2 2 1 1 3 2 3 3 1 3 1 2 2 4 1 1 1 2 2 1 2 2 1 3 1 2 1 4 1 1 1 1 1 3 1 1 4 1 2 4 1 1 3 1 2 1 1 3 2 2 2 2 1 3 2 1 1 1 1 1 2 1 3 2 1 2 2 3 1 1 2 2 4 1 1 1 1 1 1 1 1 2 1 2 2 2 2 2 1 1 3 2 3 2 3 1 1 1 3 3 2 2 2 2 1 2 3 1 1 2 2 3 1 1 1 1 1 3 1 2 1 2 2 1 2 1 2 2 1 1 1 1 1 1 1 2 2 3 1 1 2 5 1 3 4 1 1 2 2 2 2 2 1 1 1 1 1 2 1 3 2 1 1 2 1 1 3 1 1 1 1 1 1 2 1 1 2 1 1 1 2 1 1 1 1 1 1 2 1 2 3 3 2 1 2 1 1 2 1 1 2 1 1 1 3 4 1 3 1 2 4 1 1 1 4 2 1 1 3 1 1 2 1 1 1 1 2 1 3 2 2 2 1 1 2 2 1 1 1 1 2 1 2 3 1 1 1 2 3 1 1 1 1 1 4 1 1 2 2 1 2 2 6 2 3 2 1 1 4 2 2 2 2 1 2 4 3 2 1 3 1 1 1 1 2 2 4 2 1 2 2 3 1 1 2 1 1 1 2 1 1 4 1 1 2 2 1 1 3 1 1 2 2 1 2 2 3 1 1 2 1 1 1 2 1 3 2 2 1 1 3 1 1 1 2 2 1 1 2 1 3 1 1 1 1 1 6 1 1 1 1 2 2 1 2 2 2 1 1 3 1 2 1 1 1 1 1 1 2 4 5 1 1 2 1 4 1 1 1 1 1 1 1 2 1 2 1 1 2 2 1 1 3 2 1 3 2 1 3 1 3 2 1 2 2 3 2 1 2 1 1 1 2 3 1 1 1 3 3 1 2 2 3 1 2 2 1 1 2 2 1 1 1 7 1 2 1 2 1 1 1 2 1 1 1 1 3 1 2 3 2 4 1 3 1 2 1 1 1 2 1 2 2 2 1 4 1 2 1 1 1 3 1 1 2 1 1 4 1 1 4 1 1 4 2 2 1 1 2 3 2 2 1 2 1 1 2 2 1 3 2 1 3 2 1 1 1 1 2 1 1 3 1 1 2 1 2 2 3 1 4 2 1 1 1 1 1 1 1 2 3 2 2 2 1 1 1 1 1 1 2 2 2 1 1 1 2 2 2 2 5 1 1 1 2 1 4 1 1 1 1 2 4 1 2 2 1 2 2 4 1 2 1 1 1 1 2 1 2 1 2 2 1 1 2 2 1 2 1 2 1 1 3 3 2 3 1 2 1 1 1 1 1 1 2 1 1 1 2 2 1 1 1 1 1 1 1 3 1 2 1 1 4 1 2 1 2 2 1 1 4 1 3 3 1 1 2 2 1 1 1 1 1 2 2 1 2 1 2 2 1 2 2 1 1 3 1 1 2 2 2 1 1 1 3 1 1 2 1 2 1 1 1 1 2 1 2 1 2 1 1 1 3 1 2 1 3 1 1 2 1 1 1 1 2 2 3 1 4 4 1 1 3 3 1 2 1 2 2 1 1 2 2 1 1 1 2 1 1 4 3 1 1 1 1 2 2 3 3 1 2 1 3 2 4 1 1 1 1 2 1 1 1 1 1 3 4 2 2 2 1 1 1 1 2 1 4 2 1 2 1 1 3 1 2 2 1 2 1 2 2 4 1 1 1 1 1 1 1 1 1 3 1 2 2 1 2 2 1 1 1 3 1 2 2 1 1 2 5 2 1 2 2 2 2 2 2 2 1 1 1 1 3 1 1 1 2 1 2 3 1 1 2 1 2 1 2 1 2 4 1 1 2 1 2 1 1 1 2 2 4 1 1 2 1 2 1 2 1 1 3 1 1 1 3 2 2 1 2 1 1 3 2 1 1 1 1 3 1 1 1 3 1 4 1 1 1 1 1 4 1 2 2 2 2 2 4 2 1 1 3 2 3 3 1 2 2 2 2 1 2 2 1 2 2 2 2 1 1 2 1 2 2 2 2 3 1 3 1 1 1 3 2 1 2 1 1 3 1 1 4 2 3 2 3 1 1 1 2 2 1 1 1 1 2 2 1 1 1 1 4 1 1 1 4 2 2 1 1 4 2 1 2 1 2 3 3 1 1 1 1 3 2 2 2 2 2 1 2 2 1 1 1 2 1 2 5 1 1 5 3 2 5 2 4 2 3 1 4 1 1 2 1 1 1 5 2 2 1 1 1 2 3 1 2 1 3 1 2 1 1 1 1 2 1 3 3 1 2 1 2 1 3 1 1 1 1 1 2 1 1 1 2 5 1 2 1 1 2 1 1 1 1 1 1 1 1 3 4 2 1 2 1 1 3 1 1 2 2 1 2 2 1 1 1 1 1 1 2 2 3 1 2 1 3 3 2 2 1 2 1 2 2 2 1 2 2 1 1 2 1 2 1 2 2 2 1 5 1 1 2 1 2 1 3 1 1 1 1 1 2 2 3 2 2 1 2 1 1 1 2 2 1 1 1 1 1 1 2 2 2 1 2 3 1 1 1 3 3 1 1 1 1 3 1 1 2 2 1 4 4 1 2 2 1 4 1 2 3 1 4 1 1 1 2 2 2 1 1 1 2 1 1 1 1 1 2 2 1 2 1 2 2 1 3 1 1 3 1 3 1 3 2 1 2 1 1 3 1 1 5 3 1 2 1 2 1 1 2 1 1 1 1 2 1 1 1 4 3 3 3 3 1 3 2 3 1 1 1 1 2 1 1 1 1 3 2 1 1 1 4 1 1 2 3 2 2 1 3 2 2 1 3 2 1 1 1 2 3 1 1 3 1 1 3 1 2 1 1 1 1 2 4 1 2 1 1 1 2 1 4 1 2 2 2 1 3 1 5 1 3 2 1 2 1 2 3 3 1 1 1 1 2 1 2 3 1 1 1 2 1 1 1 2 2 1 1 1 2 1 1 1 2 1 2 2 1 3 1 3 4 1 2 1 1 1 1 1 1 3 1 1 2 2 1 4 1 2 2 3 1 2 1 1 1 5 1 1 3 4 3 1 1 2 1 1 2 1 1 1 1 4 1 2 1 1 1 3 4 1 2 3 2 2 2 1 3 2 4 1 1 1 1 1 2 1 2 4 2 1 2 1 1 1 1 1 2 1 2 4 2 3 1 1 3 3 2 2 4 2 1 1 1 3 1 1 1 1 5 3 1 3 2 1 1 2 1 1 2 4 3 1 1 2 1 2 1 1 2 1 1 3 2 1 1 1 1 2 3 2 1 1 1 2 2 1 3 5 1 2 2 2 1 2 1 1 3 4 2 3 1 1 2 1 1 1 1 2 3 1 1 1 1 1 1 2 1 1 1 1 2 1 2 1 1 2 1 3 2 1 2 1 1 1 1 1 2 1 3 2 1 3 2 2 1 2 1 2 1 1 1 1 2 1 1 1 1 1 1 1 1 1 1 1 1 2 2 1 2 1 1 1 4 5 1 3 1 1 2 2 1 5 1 1 5 2 1 1 2 1 2 2 1 2 2 4 2 2 1 2 4 3 3 1 2 1 2 1 2 1 1 1 1 1 2 2 1 2 1 3 3 1 2 2 1 1 2 1 1 4 2 2 5 2 2 1 2 3 1 1 2 1 2 1 1 2 1 1 1 1 2 1 1 2 1 1 1 1 1 2 1 2 2 1 1 1 1 1 3 1 1 5 1 1 1 1 1 1 1 2 3 2 1 3 1 1 1 2 1 2 1 2 2 1 4 2 1 3 3 4 1 1 1 1 2 1 3 3 1 3 2 1 1 2 3 2 3 1 3 2 2 2 1 3 1 2 2 2 3 2 1 1 1 1 2 1 3 3 2 1 1 2 4 2 2 1 1 1 1 1 1 3 1 1 1 2 1 1 3 2 1 2 1 3 2 4 2 2 3 2 2 1 1 1 1 1 3 2 1 2 1 2 2 1 1 2 1 1 3 1 1 2 3 1 2 1 2 2 1 2 1 4 2 1 1 1 1 2 1 1 2 1 1 2 1 3 2 4 1 1 1 5 1 1 2 1 1 2 1 1 1 2 3 2 4 1 1 1 1 2 3 1 2 1 1 2 2 3 2 1 1 1 2 2 2 2 1 2 1 1 1 3 2 2 2 1 2 1 1 1 2 1 1 3 2 1 3 2 1 2 1 4 1 1 2 2 1 1 2 2 1 1 1 2 5 1 1 1 2 1 1 1 3 2 1 2 1 1 1 2 5 1 2 1 1 1 2 3 1 1 1 3 1 3 2 1 1 3 3 5 3 3 2 1 1 2 4 2 1 1 1 2 1 3 1 1 1 3 1 1 3 2 2 1 1 2 3 2 2 2 1 1 1 2 1 1 1 2 2 2 2 1 2 1 1 1 1 2 1 2 2 2 1 1 1 3 1 1 1 2 1 2 4 1 1 1 3 1 1 1 1 1 1 1 1 1 1 2 2 1 4 1 3 1 1 2 2 1 1 1 1 3 2 1 1 2 1 1 1 1 2 1 4 2 1 1 1 1 2 2 1 3 3 2 1 3 1 2 1 2 1 1 1 1 2 2 1 1 2 1 1 1 3 1 1 2 1 1 3 1 1 2 1 1 3 1 3 1 1 2 2 3 1 1 1 1 2 2 3 1 2 1 2 3 1 1 2 1 1 2 1 2 2 2 1 1 1 1 2 1 1 2 4 3 1 2 2 3 2 1 1 4 1 1 1 1 1 2 1 1 2 1 1 2 1 2 1 2 1 1 1 2 2 1 2 2 3 1 2 3 1 1 2 1 2 2 4 1 2 1 2 1 1 1 4 1 2 1 1 2 1 2 1 2 1 2 1 1 1 1 2 1 3 2 1 2 2 1 2 1 1 1 1 2 2 4 1 2 2 2 1 1 2 3 1 1 4 4 1 2 2 3 1 1 2 1 2 1 3 2 1 1 1 1 3 3 1 2 3 1 1 4 1 1 3 2 1 1 1 1 3 1 1 2 1 2 3 2 1 1 2 2 1 3 2 3 4 1 1 2 1 1 1 1 1 3 2 3 2 1 1 1 1 2 2 1 1 1 2 1 1 1 1 2 3 1 1 1 1 2 3 2 1 1 2 3 1 3 1 1 1 1 1 1 1 1 1 1 1 3 1 2 2 2 1 3 1 1 2 2 2 3 1 2 1 2 3 1 2 1 1 2 2 1 2 1 1 1 3 1 3 1 1 1 2 5 3 1 1 1 2 1 1 1 2 1 3 2 2 2 1 1 1 1 2 1 5 1 1 1 2 3 1 2 1 1 1 1 2 3 1 2 1 3 1 1 3 1 2 3 2 1 2 1 2 1 1 2 1 2 1 1 2 1 2 2 2 1 3 1 1 1 2 1 1 2 2 1 1 1 1 1 2 2 1 4 3 1 1 1 1 5 1 1 1 1 3 2 2 1 1 1 1 1 1 1 1 1 1 3 1 1 2 1 5 1 2 2 1 2 1 2 1 1 2 1 1 1 2 1 2 3 1 2 3 1 1 1 3 1 1 2 1 2 4 1 3 3 1 3 1 1 3 1 1 1 1 2 2 2 1 2 2 3 2 3 1 2 2 1 2 1 1 2 1 1 2 1 1 2 2 1 2 3 2 2 1 1 2 1 1 1 2 2 1 3 3 1 2 3 2 1 1 1 1 2 1 2 2 1 3 2 1 2 2 1 3 2 1 1 2 4 1 3 2 2 2 1 1 3 2 1 2 1 1 2 2 1 1 2 1 2 1 4 3 1 3 3 1 1 1 3 4 1 2 3 3 2 2 2 2 1 1 2 1 3 1 3 2 2 2 1 1 2 1 1 3 1 3 1 2 4 1 1 1 1 4 2 2 2 4 1 1 2 1 1 2 1 1 1 1 1 1 1 1 1 2 2 1 1 1 1 1 3 1 1 1 1 1 2 3 1 4 1 3 3 1 2 2 1 1 1 1 2 1 4 1 3 1 1 2 2 1 1 2 1 1 1 1 3 2 2 2 2 1 2 1 3 4 2 1 1 1 1 1 2 1 2 1 1 1 1 1 2 2 1 1 1 1 1 3 1 1 4 1 2 2 1 1 1 3 1 2 1 1 1 3 2 1 2 1 4 1 3 1 2 2 1 2 1 1 4 1 1 2 2 1 1 1 1 1 1 2 1 1 1 1 2 2 3 2 1 1 2 3 3 1 2 1 3 1 1 2 2 1 1 1 2 2 3 3 1 1 2 1 1 2 4 2 1 1 1 1 1 1 3 1 2 2 1 2 1 1 2 1 1 1 3 1 1 1 1 1 1 2 1 2 1 3 1 3 2 5 2 2 1 1 3 1 2 1 1 4 1 1 3 2 2 1 1 1 1 3 1 4 2 3 1 1 1 3 1 2 2 1 1 1 2 1 1 4 2 2 1 2 1 3 1 1 3 1 1 1 3 1 3 3 3 1 1 1 1 1 3 2 4 3 1 1 2 1 1 1 1 1 1 1 1 2 1 2 1 3 1 2 1 2 1 1 1 1 2 2 1 2 2 3 2 2 1 1 1 2 2 3 2 2 1 1 2 1 2 1 4 2 1 2 2 1 1 3 1 3 2 1 3 2 2 1 1 3 1 1 1 2 1 1 1 2 1 2 2 1 1 1 2 1 3 1 2 2 2 1 1 2 1 2 1 1 1 1 1 1 1 2 1 2 1 1 1 4 1 4 4 1 1 1 2 1 2 1 1 2 1 2 1 3 2 4 3 2 2 1 1 2 1 1 1 2 2 1 2 1 1 1 1 2 1 4 1 1 1 1 1 1 2 1 3 1 1 1 2 2 1 1 2 1 1 3 2 1 1 4 1 1 1 4 1 2 1 2 3 1 3 3 1 2 2 1 2 4 1 2 1 1 1 1 2 3 1 1 1 1 2 1 1 1 1 1 1 1 1 2 1 2 1 2 1 1 1 1 1 1 1 2 1 1 1 2 2 2 2 2 2 1 1 1 1 1 2 1 1 2 4 1 1 1 2 2 1 2 1 1 1 1 2 1 1 1 1 2 2 1 1 1 1 4 2 2 1 2 1 1 2 3 1 1 2 2 1 3 1 1 2 3 1 2 3 2 2 1 2 1 3 1 2 2 1 1 2 3 1 2 4 1 1 3 1 1 1 3 1 2 1 1 2 2 1 1 1 1 2 2 1 1 1 2 1 2 1 2 1 1 2 1 1 1 1 1 3 1 1 4 1 2 1 1 1 1 1 1 2 2 1 1 2 1 1 1 1 1 2 1 2 2 1 3 3 4 2 1 2 1 1 2 3 1 3 2 1 2 3 1 2 1 5 1 1 1 3 1 2 1 1 2 3 1 2 3 4 3 2 1 1 4 1 3 1 2 2 2 1 2 3 2 1 1 5 2 2 1 2 2 1 1 2 1 1 2 2 3 1 3 1 1 1 1 2 1 1 1 1 1 3 1 1 1 1 2 1 2 1 2 4 1 2 1 1 2 1 1 2 3 1 2 3 1 2 2 1 2 1 1 1 3 2 2 1 3 1 1 1 1 2 1 3 1 1 1 1 1 3 1 1 1 1 2 2 2 1 1 4 1 3 2 2 1 1 1 2 2 2 1 2 1 1 1 1 1 3 2 3 1 
  #Test Small 17701
  #Test Medium 25712
  #Test Large 46335
