Board size [mm] 225x75

Stats side 1
  #Components with background 26
  #Components with points 144
  #Components nofly 3
  #Components notouch 5
  #Pins 17802
  #GNDs 656
  #VDDs 556
  #Clock 13
  #NoFly points 470
  #NoTouch points 816
  #Points [total] 20313

Stats side 2
  #Components with background 28
  #Components with points 125
  #Components nofly 2
  #Components notouch 1
  #Pins 20004
  #GNDs 820
  #VDDs 647
  #Clock 14
  #NoFly points 332
  #NoTouch points 232
  #Points [total] 22049

Stats board (side 1 + side 2)
  #Components with background 54
  #Components with points 269
  #Components nofly 5
  #Components notouch 6
  #Pins 37806
  #GNDs 1476
  #VDDs 1203
  #Clock 27
  #NoFly points 802
  #NoTouch points 1048
  #Points [total] 42362
  #Nets 2220
    Net Size: 1476 1203 27 1 1 3 1 1 2 2 2 2 3 1 1 1 1 4 1 1 1 3 1 1 1 2 1 1 1 1 1 1 2 2 1 1 3 2 3 1 4 1 1 2 2 3 1 1 1 3 2 1 3 3 3 5 2 2 2 2 4 3 3 3 3 1 2 1 1 1 1 2 1 1 2 2 1 3 1 2 4 1 2 3 4 2 1 1 3 1 1 1 1 2 1 3 1 1 2 2 1 1 4 2 3 1 2 3 3 2 4 3 2 1 1 1 2 1 1 2 1 2 1 1 2 2 1 1 1 2 2 1 2 1 2 1 1 1 3 1 2 1 1 1 1 1 3 1 1 2 1 2 3 2 2 2 3 1 3 1 2 1 2 1 1 1 3 2 1 2 2 2 1 2 1 1 3 1 1 3 1 2 3 1 1 1 2 2 3 1 1 1 1 2 1 2 1 1 1 1 1 1 1 2 1 1 2 1 2 1 1 1 2 1 2 1 1 3 2 2 2 4 1 3 2 1 1 1 1 1 1 1 2 1 1 1 2 1 1 2 2 4 1 2 3 3 1 1 2 2 2 2 2 3 1 1 2 1 3 1 1 2 1 1 1 1 1 2 2 2 1 1 2 2 2 2 2 2 1 2 1 1 2 2 1 4 2 1 1 1 2 2 2 1 1 2 4 2 2 2 1 2 2 3 2 1 2 1 2 1 1 2 2 2 1 3 1 1 3 5 1 2 1 1 1 1 1 1 3 1 2 2 1 1 1 2 2 2 4 1 3 2 1 1 1 1 2 2 1 1 1 1 1 2 1 2 1 2 3 2 2 1 1 1 1 2 1 1 2 2 1 3 2 1 3 1 1 1 1 2 1 1 1 2 3 2 1 2 2 5 1 2 3 2 2 2 3 1 1 4 1 1 1 1 1 1 1 1 1 2 3 1 1 1 2 3 1 1 2 1 1 1 2 1 1 1 2 2 4 4 2 3 1 3 1 1 1 1 1 3 1 3 1 1 1 1 1 1 1 1 1 1 1 3 2 1 2 2 2 1 3 4 2 1 3 3 1 2 2 2 1 2 3 2 2 1 1 1 1 1 1 1 2 1 1 1 3 3 3 1 1 3 1 1 1 2 3 1 2 1 1 1 3 2 1 1 2 1 5 3 1 2 1 1 1 1 4 1 2 1 1 2 3 4 3 3 2 3 3 3 3 1 3 1 2 2 4 2 1 3 2 2 2 1 1 3 2 2 1 1 1 1 2 2 1 1 2 1 1 2 4 2 2 1 2 1 2 1 2 1 1 1 2 3 1 2 1 3 1 2 1 1 1 1 1 2 1 3 1 2 1 1 2 1 1 3 1 2 1 2 2 1 5 2 3 1 2 2 2 1 1 1 2 3 1 3 3 1 1 1 2 1 2 3 2 1 3 2 3 2 2 1 1 1 1 1 4 1 1 2 2 1 5 1 2 4 3 3 3 2 1 3 2 2 3 1 2 2 1 2 1 1 1 1 2 1 3 1 1 1 1 1 2 3 1 1 1 1 4 2 2 2 1 1 1 2 5 1 1 2 1 3 2 1 5 1 1 2 1 1 1 2 2 3 2 2 1 1 2 2 2 2 2 1 1 2 1 5 3 1 3 2 1 3 1 2 1 2 2 1 1 1 1 2 2 2 1 1 1 1 1 3 2 3 1 2 2 1 1 1 1 2 1 4 3 3 2 1 3 3 3 2 2 1 2 2 1 2 2 1 1 2 3 3 1 2 3 2 1 3 1 2 3 2 2 2 1 1 2 2 1 2 2 1 1 1 1 2 1 2 1 3 1 2 2 2 4 1 1 1 1 2 1 1 1 1 1 1 2 4 2 1 2 1 1 1 1 1 3 2 1 1 2 1 4 4 2 2 2 1 2 1 3 3 2 2 1 1 2 1 1 2 2 1 1 1 1 1 1 1 1 1 2 1 1 2 1 2 2 1 3 2 1 2 3 4 1 1 1 1 2 1 1 4 2 1 2 2 3 2 1 3 3 1 4 2 2 1 1 1 2 3 2 2 1 1 1 1 1 3 1 1 1 1 1 1 2 2 3 3 3 1 2 3 1 2 1 1 2 2 2 1 3 1 1 1 3 2 1 1 1 2 2 2 1 3 1 2 2 1 1 4 4 2 3 1 2 2 2 3 2 1 2 4 1 1 1 2 1 2 6 1 1 3 1 3 1 1 1 2 2 1 3 5 2 2 1 1 2 2 2 3 1 2 1 3 1 1 1 1 1 3 2 1 1 1 1 2 1 2 1 1 2 3 1 2 1 1 4 1 1 4 1 3 3 2 2 1 1 1 1 2 1 2 1 3 1 2 3 1 1 2 2 1 1 1 3 1 2 4 1 1 1 2 1 4 2 3 2 2 2 1 1 3 1 1 1 2 2 2 1 1 1 2 2 2 1 1 1 1 5 1 1 3 2 3 2 1 1 1 1 1 3 3 2 1 1 1 1 2 2 1 2 2 2 1 2 2 1 1 1 1 2 2 3 2 2 1 2 3 2 1 2 1 1 1 2 1 2 2 3 3 2 1 1 1 2 4 1 1 1 4 1 1 1 1 2 1 2 1 1 2 2 1 3 1 2 2 3 2 1 1 1 1 1 1 2 3 2 1 2 1 1 3 2 4 2 2 1 6 1 1 1 1 1 1 2 1 3 1 1 4 1 2 1 2 1 3 2 1 6 1 1 1 3 2 2 1 3 1 2 3 2 2 5 2 1 1 1 1 1 2 1 2 4 2 1 1 4 3 2 1 1 2 1 1 2 1 2 1 1 2 1 1 1 2 1 2 1 1 5 3 2 2 3 2 3 4 1 1 2 1 2 1 1 1 3 1 2 1 1 2 1 1 1 2 1 3 1 2 1 1 1 1 2 1 1 2 2 1 2 1 3 3 3 1 1 1 2 1 2 4 2 1 1 2 3 2 1 1 1 1 1 1 1 1 3 1 3 1 1 1 2 2 2 2 1 3 2 2 2 1 2 2 1 2 3 3 2 1 2 2 1 1 1 2 2 2 2 1 1 2 1 1 1 2 1 1 4 1 3 1 1 1 1 1 1 2 1 1 2 2 1 2 1 2 3 1 1 4 2 1 1 3 1 3 1 4 2 1 1 1 1 1 1 1 1 1 3 3 3 1 3 3 4 4 1 1 1 3 2 1 2 3 3 2 1 3 1 1 1 2 4 1 4 2 2 1 2 1 1 1 2 2 1 1 1 1 3 2 1 1 1 1 1 2 1 2 1 2 3 2 1 3 5 1 2 2 1 3 3 1 2 1 2 2 1 2 2 1 2 2 2 4 1 3 3 1 1 1 1 2 2 2 1 2 3 1 1 2 1 2 1 3 1 1 2 2 1 1 3 2 2 5 1 1 1 1 1 1 4 2 1 2 3 4 2 1 3 2 1 2 1 1 2 1 2 1 1 1 2 1 1 1 3 1 3 6 3 5 2 3 1 2 3 2 3 1 2 1 2 4 1 1 4 1 3 2 3 2 2 3 1 2 2 1 3 1 2 1 2 1 2 2 1 1 1 1 1 1 2 2 1 3 2 1 1 1 2 1 1 1 2 1 1 2 4 1 3 3 1 1 1 3 1 1 2 1 1 4 1 1 2 2 1 1 1 2 2 2 1 3 1 1 2 3 2 2 3 2 3 1 3 1 2 1 1 1 3 1 2 1 1 1 1 1 1 3 1 2 1 2 1 1 2 2 1 2 1 1 1 2 2 3 3 1 1 1 2 2 2 1 2 1 2 1 2 2 2 5 3 2 2 5 2 1 1 1 1 2 2 1 1 1 2 2 1 1 2 1 1 1 3 3 1 1 1 1 1 2 1 2 2 1 1 1 1 1 2 1 1 1 1 1 1 2 1 2 1 2 1 1 2 3 3 1 4 2 1 1 1 1 1 2 2 3 3 2 1 1 2 2 2 2 1 1 1 1 2 1 1 2 2 3 3 1 1 3 2 1 1 1 1 5 2 3 1 2 2 3 1 1 1 1 1 1 1 2 1 2 1 1 3 2 1 2 1 2 3 2 2 1 1 1 4 2 2 1 1 1 2 1 2 1 1 1 2 1 1 2 2 1 3 2 2 1 1 1 1 1 3 1 1 1 1 2 2 1 2 1 3 1 1 1 2 1 2 3 2 1 1 1 1 1 3 2 5 1 1 1 1 2 1 1 5 1 1 3 1 2 2 2 4 1 2 1 1 2 1 1 3 2 1 1 3 1 3 1 2 2 4 2 3 1 2 2 2 1 1 1 2 1 1 3 3 1 2 2 1 3 2 1 1 2 2 1 2 1 3 1 1 1 2 3 2 1 1 1 2 2 2 1 1 1 1 2 3 1 1 2 2 1 1 1 1 1 1 2 3 1 2 1 2 1 1 2 1 1 3 1 2 1 1 2 1 1 1 1 1 2 3 1 2 1 1 1 4 1 3 1 3 1 1 2 2 1 1 2 2 1 2 1 2 3 1 1 1 1 2 2 1 2 2 1 2 1 2 1 2 1 1 1 2 3 2 2 1 3 1 1 2 2 1 4 1 1 3 2 2 1 1 2 1 3 1 3 3 1 1 1 1 3 1 2 1 2 2 2 3 2 1 1 1 1 3 1 3 2 1 2 1 4 1 1 1 2 2 1 1 2 1 2 2 2 2 2 2 1 2 1 2 1 1 2 3 2 1 1 2 1 3 1 2 4 2 2 1 2 2 2 1 1 3 1 1 1 1 1 1 2 1 2 1 1 1 2 1 1 2 1 2 1 1 2 1 1 1 2 2 2 1 1 1 1 1 2 1 1 2 2 1 3 1 2 3 1 1 1 1 2 2 1 2 2 1 1 2 2 2 4 2 1 2 1 1 1 1 1 3 3 2 1 1 2 4 2 2 3 1 1 3 1 1 2 1 3 1 1 1 2 3 1 4 2 1 1 1 1 2 2 3 1 1 1 2 3 1 1 1 2 2 1 2 1 1 1 2 2 1 2 
  #Test Small 2696
  #Test Medium 5313
  #Test Large 8542
