Board size [mm] 100x250

Stats side 1
  #Components with background 15
  #Components with points 114
  #Components nofly 4
  #Components notouch 3
  #Pins 32805
  #GNDs 717
  #VDDs 531
  #Clock 4
  #NoFly points 664
  #NoTouch points 634
  #Points [total] 35355

Stats side 2
  #Components with background 6
  #Components with points 135
  #Components nofly 0
  #Components notouch 3
  #Pins 39412
  #GNDs 1067
  #VDDs 831
  #Clock 4
  #NoFly points 0
  #NoTouch points 414
  #Points [total] 41728

Stats board (side 1 + side 2)
  #Components with background 21
  #Components with points 249
  #Components nofly 4
  #Components notouch 6
  #Pins 72217
  #GNDs 1784
  #VDDs 1362
  #Clock 8
  #NoFly points 664
  #NoTouch points 1048
  #Points [total] 77083
  #Nets 70436
    Net Size: 1784 1362 8 2 2 3 1 1 2 4 1 1 2 1 2 1 3 2 1 3 2 2 1 3 1 1 1 2 4 3 1 1 1 1 3 3 1 1 1 1 4 2 1 1 1 2 4 1 2 1 1 2 1 2 3 1 2 3 4 3 3 3 2 3 3 1 1 2 2 3 4 3 2 2 1 4 1 3 2 3 4 1 4 1 2 3 1 1 1 1 1 1 2 5 1 2 2 1 3 2 2 1 3 4 5 3 3 2 1 2 2 1 1 2 3 2 1 6 2 1 2 2 4 3 1 2 1 2 2 1 1 1 4 3 2 3 1 3 1 1 2 1 1 1 4 2 2 2 5 2 1 2 2 1 1 2 2 1 2 1 2 2 6 1 2 2 1 2 6 4 1 2 2 2 4 2 1 1 2 3 1 2 1 3 2 3 4 1 3 1 2 3 2 1 1 1 2 2 1 1 4 2 1 1 2 2 2 3 1 1 3 1 1 1 2 1 2 2 1 1 3 4 2 1 1 1 1 2 1 2 1 2 2 2 4 2 3 5 2 2 1 4 1 1 1 1 3 1 3 1 4 3 2 3 2 1 4 3 2 2 4 1 2 3 1 1 3 5 1 3 3 1 1 4 3 2 5 1 6 2 1 2 3 2 1 1 2 3 1 2 2 4 1 2 2 1 2 3 1 2 1 1 2 1 1 3 3 1 3 2 1 2 2 3 3 1 1 2 2 4 2 3 4 2 2 3 3 1 3 1 4 2 1 1 2 1 1 1 1 1 3 2 1 3 1 3 1 1 1 3 2 2 3 1 2 2 1 1 1 1 3 2 1 2 1 2 3 2 1 2 1 3 3 4 3 3 2 2 2 4 2 2 1 3 1 2 1 2 1 1 1 4 2 2 2 1 2 2 2 1 2 3 4 3 3 1 2 1 1 2 2 3 2 1 2 4 1 1 2 1 2 1 2 4 2 4 1 3 1 2 4 1 1 1 2 3 2 1 1 1 5 4 4 1 1 4 3 3 2 1 1 1 2 2 2 3 1 1 3 1 1 1 1 1 1 1 1 1 3 1 1 3 1 2 2 2 2 3 1 1 2 2 2 2 4 1 1 1 2 2 1 2 1 2 2 1 2 5 3 2 2 2 2 1 1 1 1 1 2 1 1 1 1 1 4 1 2 4 3 2 1 2 5 4 2 4 3 3 1 1 1 2 1 3 1 1 1 3 1 3 1 1 2 1 1 4 2 1 3 1 1 2 2 2 2 1 2 1 1 1 1 5 1 1 1 2 1 2 2 3 1 3 2 4 1 2 1 1 2 2 2 3 1 2 2 2 2 1 1 1 1 3 1 3 1 1 3 1 2 2 2 2 5 2 2 1 1 1 1 3 1 1 1 1 1 1 3 1 2 2 2 1 1 2 2 1 1 2 1 1 1 1 3 2 2 1 2 3 5 3 1 3 2 1 1 1 3 1 2 3 1 3 1 2 3 1 2 3 1 1 1 2 1 3 3 1 1 3 1 1 2 5 4 1 1 4 2 2 3 1 1 1 1 1 2 1 2 2 3 1 4 1 2 2 1 3 2 1 1 2 4 1 2 3 1 5 2 1 3 2 2 3 1 2 1 1 2 3 2 3 1 1 3 2 2 1 2 1 1 3 3 1 3 3 2 1 2 2 2 1 2 3 1 3 5 1 3 3 1 2 2 3 4 3 2 1 1 1 2 1 1 3 2 2 2 3 3 1 2 3 1 2 1 3 2 3 1 2 3 1 2 3 1 2 1 2 4 3 1 1 2 3 1 3 2 4 1 2 2 3 1 1 2 4 1 2 3 3 3 3 3 1 1 2 3 2 5 2 2 1 1 2 3 1 1 2 2 1 3 1 1 1 1 2 1 3 3 1 2 1 2 1 2 3 2 3 1 1 1 1 1 2 2 1 1 2 2 2 1 1 1 3 2 1 3 4 1 4 1 2 3 4 1 3 1 1 1 3 1 2 3 1 2 3 1 2 4 1 1 4 3 1 2 2 1 1 1 4 3 2 3 3 1 1 3 7 1 1 2 1 2 1 1 3 2 3 4 1 4 2 2 5 5 2 1 1 2 1 2 2 3 3 1 3 1 2 2 1 1 3 4 1 2 1 3 3 2 1 1 3 3 1 2 5 2 4 3 1 3 2 3 4 2 2 3 3 1 1 2 2 3 3 2 2 2 5 3 1 3 2 7 1 2 4 2 3 2 1 1 1 2 1 1 1 3 1 1 4 1 2 3 2 1 1 3 2 1 3 1 3 2 1 2 1 2 2 2 1 1 2 2 1 1 1 2 2 2 1 2 2 4 6 2 2 2 3 1 2 1 1 2 3 2 2 1 2 5 1 1 3 3 1 4 1 2 4 4 3 2 2 1 4 2 3 1 2 3 1 2 2 3 2 2 1 1 3 1 1 2 2 2 7 1 1 2 1 1 1 1 3 2 1 1 1 1 1 2 2 3 1 3 5 5 3 1 2 2 3 2 1 1 6 3 2 1 1 1 3 2 1 3 4 2 4 3 4 2 3 1 1 1 3 3 3 2 1 4 4 2 1 3 3 1 1 1 2 2 1 2 2 1 1 2 1 1 4 1 2 3 1 1 1 3 3 3 1 3 2 2 1 1 1 1 1 2 2 3 2 3 4 3 1 2 2 2 1 1 4 1 3 3 1 2 3 3 2 3 1 2 2 2 1 1 1 1 1 1 1 1 3 1 1 1 1 3 1 1 1 2 2 2 2 1 3 3 1 1 2 2 1 1 1 1 3 2 5 1 2 2 1 1 2 1 1 1 4 1 2 1 1 1 1 2 1 1 5 3 1 2 1 1 1 3 1 3 1 2 1 1 1 2 1 1 3 2 4 4 1 1 2 1 2 3 1 1 4 1 3 4 1 3 1 1 1 1 2 2 1 2 2 1 1 2 1 1 1 2 2 1 1 1 3 3 2 1 2 1 2 2 1 1 3 3 1 4 1 1 3 3 1 1 2 3 1 4 2 6 2 1 2 1 2 2 1 1 2 1 2 3 2 2 2 2 2 2 5 1 2 1 1 1 2 4 2 4 3 3 2 2 1 2 1 2 1 1 1 1 2 1 4 1 1 4 1 1 1 3 5 2 2 1 3 1 2 1 4 2 1 1 4 3 2 2 2 3 1 1 1 1 2 3 2 3 2 1 2 2 1 3 1 1 4 1 3 1 2 1 2 2 2 3 2 1 1 3 1 2 6 7 4 1 3 4 1 1 1 1 4 1 2 1 2 3 2 1 1 1 2 1 1 3 5 2 3 1 2 1 1 2 2 1 1 2 1 1 2 1 3 4 1 1 3 1 4 1 1 1 2 2 2 2 2 2 3 3 1 2 1 1 2 4 2 2 1 1 1 3 1 3 2 1 1 3 2 3 2 2 1 2 2 2 1 2 1 2 1 3 2 1 1 2 3 1 1 2 2 1 3 1 2 1 1 3 4 1 1 1 2 4 2 2 1 2 2 1 3 1 1 1 2 1 4 1 4 3 1 2 1 1 2 1 3 3 2 2 2 1 1 1 2 2 1 1 2 1 3 2 2 4 1 2 1 3 2 6 1 1 1 2 2 3 3 3 1 4 1 2 2 5 2 2 1 1 2 2 2 1 2 3 1 1 3 1 3 4 1 1 1 1 3 1 1 1 1 1 1 3 3 2 1 4 1 1 1 1 1 1 1 1 2 2 5 2 2 4 1 1 3 3 1 1 3 2 1 1 3 3 2 1 1 1 1 3 2 1 5 3 3 3 1 1 2 1 2 2 4 1 1 1 1 5 2 2 1 2 4 1 3 2 4 1 2 3 2 2 2 1 1 4 2 2 1 2 4 5 3 2 1 1 1 2 3 3 1 2 2 1 2 2 2 1 2 1 1 1 1 1 1 1 2 2 1 2 1 1 2 2 1 3 3 4 2 1 1 3 2 1 1 2 2 1 1 4 1 1 1 1 1 2 2 3 2 1 1 1 1 1 1 2 2 1 3 2 2 3 2 1 1 1 1 2 4 3 1 1 1 1 1 1 3 4 1 4 2 3 1 1 3 3 4 5 2 2 1 6 4 3 1 1 4 2 3 2 1 1 2 1 1 2 1 2 3 2 1 2 1 1 2 2 2 1 1 2 1 1 4 1 3 2 2 5 1 2 1 2 3 5 1 2 3 1 1 1 1 1 1 1 1 1 2 1 3 1 2 1 1 3 3 1 4 2 1 1 1 1 2 2 3 5 3 3 4 1 1 1 3 1 1 3 2 2 3 4 1 2 2 5 1 2 2 1 1 1 1 1 5 1 4 3 1 3 5 1 1 2 1 4 2 2 1 1 2 1 1 3 2 2 1 3 2 3 2 1 2 4 1 2 1 1 3 1 2 2 3 2 1 2 2 1 3 1 2 3 1 1 2 3 1 2 4 5 1 2 2 2 1 3 3 1 3 1 1 2 1 1 2 1 4 3 2 3 2 1 1 1 1 2 1 1 2 2 1 1 5 3 1 1 3 1 2 2 1 1 2 3 1 5 1 2 1 3 2 1 2 1 1 1 3 1 3 1 1 4 1 1 2 1 1 1 1 1 1 1 2 2 1 3 2 3 2 3 1 2 1 1 1 2 1 1 1 2 1 1 1 2 2 3 1 2 4 1 1 1 5 1 1 4 1 2 3 2 1 1 1 2 1 2 1 1 3 3 2 1 1 1 3 1 3 1 2 1 1 1 2 2 4 1 4 2 2 1 1 4 1 1 4 1 2 3 1 2 3 1 2 3 1 4 1 2 3 1 2 2 2 1 1 3 3 1 1 1 3 1 2 4 2 2 1 1 2 1 2 3 3 2 1 2 2 1 1 1 3 1 1 1 2 4 1 3 1 5 1 4 1 2 3 2 2 5 2 1 1 1 2 1 3 3 1 1 1 2 1 4 3 1 1 2 1 1 1 5 1 5 1 1 1 2 4 1 3 1 1 1 1 2 1 1 1 2 3 1 2 2 4 1 2 1 2 1 1 1 6 2 2 3 2 2 2 3 2 1 1 2 3 1 3 1 1 1 3 1 1 4 2 1 2 1 1 3 1 1 1 2 1 1 3 3 2 1 1 1 2 1 2 2 2 2 2 3 1 2 1 1 2 2 2 2 1 3 2 3 2 2 5 1 1 1 2 1 1 2 2 1 1 1 3 2 1 3 3 2 2 1 1 1 1 4 3 3 5 4 1 5 1 2 2 1 1 4 2 3 1 1 2 2 2 3 1 2 3 2 3 1 2 1 1 1 1 1 1 1 1 2 2 1 4 2 2 2 1 3 2 1 1 3 1 2 1 1 2 4 2 1 1 1 2 1 3 1 1 1 1 2 3 1 2 1 2 3 5 1 1 2 1 2 2 4 2 3 2 1 2 3 1 2 3 1 1 2 1 2 3 2 1 1 4 3 3 1 3 2 2 1 2 1 2 2 1 1 1 6 3 2 3 5 1 1 2 2 1 2 1 1 1 2 1 1 4 2 1 3 1 2 1 3 2 2 2 2 1 1 1 1 1 2 4 5 3 4 1 1 2 3 3 2 4 1 1 2 1 5 2 2 1 3 2 2 1 3 1 4 2 4 1 3 1 2 2 1 1 2 1 2 4 2 3 1 1 2 2 1 1 1 2 2 1 1 1 3 2 3 1 2 3 1 2 2 3 1 3 2 4 3 1 2 1 4 1 2 2 1 2 2 1 1 1 1 1 1 1 1 2 2 2 3 1 1 1 3 1 1 4 6 2 2 1 1 1 3 2 1 1 6 1 1 4 1 3 5 4 1 1 1 3 2 1 1 1 1 2 2 1 1 2 3 1 1 1 2 3 2 4 1 1 2 1 1 1 2 4 1 1 2 1 1 1 2 1 2 3 2 1 1 2 3 1 1 2 2 1 1 1 1 1 3 1 3 1 1 2 2 1 1 3 1 2 2 2 3 1 2 4 2 2 2 4 4 3 2 2 1 2 2 5 2 3 2 4 1 3 4 2 1 1 1 1 4 2 1 3 1 1 1 1 2 1 2 2 1 2 1 1 1 3 1 4 1 2 1 1 2 2 5 4 1 1 1 1 4 3 4 3 3 1 1 1 1 1 2 3 2 1 1 3 3 1 2 2 2 1 1 2 2 2 1 1 1 2 3 2 1 2 2 3 2 2 1 1 1 2 2 2 2 2 1 1 5 3 2 4 2 3 2 2 1 3 1 1 1 4 3 2 3 2 2 5 2 1 3 1 1 2 2 1 3 2 3 2 1 2 3 1 2 1 1 1 1 4 1 1 2 1 4 1 1 3 2 4 2 1 2 1 2 1 1 3 3 2 1 2 1 1 3 2 3 3 2 2 6 3 4 1 4 2 3 1 1 1 2 1 2 4 1 3 3 4 5 2 2 3 3 1 2 2 2 3 2 1 5 3 1 3 2 1 2 1 1 2 1 2 3 4 1 2 1 3 1 2 3 2 3 2 5 1 1 2 1 2 1 1 2 2 1 3 1 1 2 4 2 4 2 2 1 2 1 2 5 1 1 2 1 1 2 2 2 2 1 2 1 5 2 2 2 1 2 2 1 2 3 1 2 3 1 4 2 3 2 4 1 1 2 4 2 1 1 2 1 2 6 2 3 1 1 2 2 2 2 1 2 2 4 3 1 1 2 1 2 2 2 2 1 2 2 2 2 2 1 1 1 2 3 4 2 4 3 2 3 2 2 1 6 2 2 4 2 2 5 1 1 2 2 6 5 5 1 1 1 2 1 1 1 1 3 3 2 2 4 1 1 3 1 3 2 3 2 2 1 1 2 1 3 1 3 1 1 1 2 1 2 2 2 2 2 1 2 3 4 1 2 1 1 1 2 3 2 1 4 1 3 3 4 1 1 1 1 3 1 1 1 1 1 1 4 1 2 2 2 1 3 2 1 2 4 3 2 6 3 1 2 4 4 1 4 1 1 1 1 2 3 1 1 3 1 1 2 3 2 1 1 2 1 1 2 3 3 2 1 1 2 1 1 1 1 1 1 5 1 2 3 2 1 1 2 1 2 2 4 1 3 3 6 1 2 1 1 4 2 3 1 1 1 1 2 2 1 2 2 3 2 3 1 2 1 2 2 2 3 2 1 2 3 2 1 1 2 1 2 1 3 2 3 2 1 1 2 3 1 1 1 2 1 6 2 3 6 4 2 1 2 2 1 2 3 4 1 1 3 2 2 1 2 1 2 2 1 2 2 4 3 1 1 1 1 2 1 1 3 4 4 2 3 2 2 2 2 5 2 1 2 2 2 3 1 2 1 2 1 1 3 2 1 4 2 1 3 2 3 1 2 1 2 2 3 3 1 3 3 2 2 1 1 1 3 1 2 1 1 2 2 1 1 2 2 2 2 2 4 3 2 1 2 1 1 2 4 3 1 1 1 2 3 4 1 5 4 2 2 2 3 1 2 3 3 1 2 1 5 1 2 1 2 2 3 1 2 1 4 2 1 2 1 3 4 3 1 2 3 1 4 1 1 2 1 3 5 5 4 1 1 2 2 2 1 3 2 1 1 2 2 2 2 2 3 1 2 1 1 1 1 2 1 2 1 1 2 4 2 2 1 1 1 3 2 1 2 1 3 2 1 3 1 1 2 1 1 4 1 2 2 2 2 1 1 1 2 1 1 2 2 1 2 3 3 2 1 1 2 1 2 1 1 1 1 4 1 1 2 2 1 2 2 2 3 1 2 1 2 3 3 4 1 1 4 1 3 1 2 3 1 1 2 1 1 1 2 1 2 2 3 6 2 1 1 3 3 2 3 4 3 1 3 3 1 2 1 3 2 1 1 3 1 8 1 2 2 1 2 3 4 3 4 2 3 3 1 2 1 1 2 3 1 4 2 1 3 1 1 2 1 1 1 2 2 2 3 1 1 2 4 2 1 5 2 2 3 4 1 1 3 6 3 1 1 2 1 1 1 4 3 3 1 3 1 1 2 1 2 2 4 1 1 4 1 2 1 4 1 1 1 1 3 3 2 2 3 1 3 1 3 1 2 2 1 1 3 4 2 3 6 1 2 2 1 1 2 2 2 1 4 2 2 4 1 1 2 4 1 1 4 1 2 1 1 1 5 1 3 2 1 1 
  #Test Small 4886
  #Test Medium 10064
  #Test Large 16676
