Board size [mm] 200x250

Stats side 1
  #Components with background 15
  #Components with points 250
  #Components nofly 6
  #Components notouch 6
  #Pins 68674
  #GNDs 2369
  #VDDs 1991
  #Clock 32
  #NoFly points 940
  #NoTouch points 1048
  #Points [total] 75054

Stats side 2
  #Components with background 38
  #Components with points 237
  #Components nofly 0
  #Components notouch 0
  #Pins 60530
  #GNDs 2059
  #VDDs 1657
  #Clock 13
  #NoFly points 0
  #NoTouch points 0
  #Points [total] 64259

Stats board (side 1 + side 2)
  #Components with background 53
  #Components with points 487
  #Components nofly 6
  #Components notouch 6
  #Pins 129204
  #GNDs 4428
  #VDDs 3648
  #Clock 45
  #NoFly points 940
  #NoTouch points 1048
  #Points [total] 139313
  #Nets 124589
    Net Size: 4428 3648 45 1 3 1 1 2 2 2 3 1 1 1 2 1 1 1 1 2 4 4 3 2 1 2 2 2 2 1 1 4 2 1 1 3 1 2 4 1 3 3 2 1 2 2 3 1 2 3 2 2 1 1 4 1 1 2 4 4 4 3 2 1 3 1 1 4 1 1 1 1 4 5 2 1 2 1 1 4 4 2 2 1 2 3 2 3 1 4 3 2 1 1 1 2 2 3 2 2 4 1 2 2 2 2 1 1 2 2 2 2 1 1 3 4 1 4 2 1 1 1 2 1 1 4 2 2 1 2 1 3 2 2 1 4 1 2 2 3 2 1 1 2 2 2 3 2 3 5 3 2 1 2 5 1 1 1 2 1 2 3 3 1 5 2 2 2 5 2 2 1 4 2 2 1 1 1 4 2 1 2 3 2 1 1 2 1 1 2 1 3 3 4 4 3 1 2 2 2 1 2 1 1 4 3 1 3 3 1 1 3 1 2 3 1 1 2 3 1 1 1 1 1 2 6 1 4 3 2 2 1 1 2 4 2 1 3 2 2 2 3 1 1 1 2 6 1 1 1 2 1 2 2 4 2 1 2 1 3 4 2 1 1 1 1 1 2 2 1 1 5 4 3 2 2 1 3 2 3 3 2 1 2 2 1 1 2 3 1 3 3 2 2 1 3 6 1 2 1 6 1 1 2 2 2 1 1 1 2 1 3 1 2 2 1 1 2 1 1 3 1 1 2 1 1 1 1 2 2 2 1 2 1 1 1 2 3 1 3 2 2 1 2 3 1 4 1 3 1 3 4 2 1 2 2 1 2 4 1 2 4 1 3 2 1 5 1 3 2 4 2 2 2 3 3 1 1 2 2 1 2 3 2 1 1 3 4 1 1 1 1 1 3 3 1 3 2 3 1 2 1 5 2 3 1 2 2 1 1 2 1 2 1 1 1 1 1 2 1 1 4 2 1 1 1 1 1 2 2 2 3 4 1 2 1 2 6 2 1 1 1 3 3 2 2 1 1 1 1 2 1 1 3 2 2 1 2 2 3 1 3 2 1 3 4 1 1 2 3 3 3 4 2 4 1 3 3 1 3 1 4 2 2 4 1 2 4 2 1 3 1 4 3 2 1 5 1 2 4 2 2 1 3 2 1 1 2 2 2 2 1 5 2 4 1 1 1 1 1 2 1 2 2 1 2 2 2 2 3 3 3 2 3 1 1 1 1 3 1 4 3 1 1 3 4 3 1 1 3 9 5 2 4 1 1 2 1 1 1 1 2 5 1 2 5 1 1 1 1 1 1 2 3 1 3 1 2 2 2 2 2 4 2 1 2 3 2 1 2 3 1 3 5 2 2 2 2 2 5 3 3 1 3 1 3 1 1 1 2 1 1 1 3 5 2 1 1 4 2 1 2 1 2 2 1 2 2 3 2 6 2 1 2 2 1 2 1 6 3 1 1 2 2 1 5 1 1 1 3 2 1 2 1 2 2 1 4 2 1 1 1 2 1 1 1 2 2 1 4 3 1 2 4 1 1 4 5 3 1 1 4 3 2 1 1 1 3 4 1 1 2 1 1 1 3 1 5 2 2 3 3 2 1 1 2 1 1 2 2 1 1 1 1 2 1 4 4 3 3 1 1 3 1 1 4 2 1 1 1 1 1 2 2 1 1 6 1 3 2 3 3 1 2 2 1 2 2 2 1 1 4 2 1 1 2 3 2 1 4 4 3 2 2 3 2 3 1 6 1 2 3 3 1 1 1 1 2 1 2 2 1 3 4 1 1 1 5 2 1 2 3 1 3 5 1 4 1 2 2 2 2 3 4 1 2 1 1 4 1 3 6 1 1 1 1 1 5 1 1 4 1 3 4 1 1 1 1 4 3 2 2 3 1 2 2 1 2 2 3 1 1 1 2 1 1 2 2 2 3 1 1 2 1 4 2 1 1 4 4 1 2 4 1 2 1 1 4 1 1 3 3 1 1 4 1 3 1 2 2 4 1 1 2 1 1 2 1 2 1 1 1 2 1 2 1 4 1 1 2 1 2 1 2 1 3 1 1 2 1 2 2 1 2 1 3 2 4 4 2 1 3 4 2 2 2 2 1 2 4 3 2 2 3 3 1 3 3 4 1 2 3 1 3 1 1 1 1 1 3 2 1 1 4 1 4 1 2 1 1 2 2 1 1 3 3 2 4 1 1 2 3 2 2 4 3 2 4 2 1 1 2 2 2 1 1 1 3 3 3 1 4 1 4 2 3 1 2 2 5 1 1 1 2 2 3 2 1 2 2 2 2 1 5 2 5 4 5 1 2 1 3 2 1 3 1 1 2 1 1 1 3 3 2 2 1 1 3 2 2 3 3 1 1 2 2 1 2 1 1 1 2 1 1 4 3 2 2 2 1 2 4 2 1 4 1 5 5 1 1 1 5 4 1 1 3 1 1 2 2 4 3 2 3 1 2 2 3 1 3 1 1 2 2 4 2 1 4 3 1 3 1 1 1 2 1 2 2 2 1 2 2 1 3 1 1 1 2 3 7 1 2 1 5 2 1 3 2 3 1 1 1 1 3 2 3 3 3 1 1 2 2 1 4 2 4 3 2 3 2 1 2 1 1 1 2 2 1 2 1 1 1 1 1 1 1 1 1 1 3 2 2 1 1 1 2 5 2 3 1 1 3 2 2 1 2 2 5 2 1 3 2 1 2 1 1 2 1 4 2 1 4 3 3 2 2 4 3 1 1 2 2 3 3 1 4 2 1 2 1 1 1 4 2 1 1 1 4 1 2 3 1 3 3 3 2 1 1 2 2 1 2 1 2 1 2 2 3 2 1 1 1 3 2 1 3 1 2 2 1 3 4 1 1 2 1 2 1 2 1 1 1 1 2 1 4 1 1 2 1 1 3 1 2 1 2 1 1 3 2 2 2 5 1 1 2 2 1 1 3 1 3 2 1 2 2 3 3 3 3 3 1 4 1 1 1 1 1 3 1 1 2 2 1 3 1 3 3 3 1 4 2 3 1 3 1 1 1 1 1 2 2 3 1 2 1 4 6 1 1 3 3 2 4 1 2 1 1 4 1 1 3 2 3 3 2 1 1 2 2 1 2 1 3 1 2 1 4 3 3 1 2 1 1 2 3 3 2 1 2 5 1 2 1 4 2 2 1 1 2 1 1 3 3 2 1 1 5 2 3 2 3 1 5 3 3 2 1 2 2 3 3 2 2 1 2 2 1 3 3 3 1 4 4 1 1 1 2 3 1 3 3 1 4 2 1 3 2 3 1 3 1 1 2 2 6 1 3 3 2 2 1 2 2 1 4 1 4 1 1 1 1 1 1 2 2 1 2 1 1 2 1 1 1 3 4 2 4 6 2 4 4 1 4 1 2 1 1 2 1 6 2 2 3 2 1 4 1 2 1 1 1 3 1 5 3 2 2 3 1 2 1 1 1 3 2 3 3 1 2 1 3 4 1 2 2 1 3 3 1 2 1 1 4 1 2 3 1 1 2 1 1 1 2 3 2 1 1 1 1 1 2 1 2 1 1 3 1 1 3 3 2 1 2 3 2 2 2 2 2 1 2 4 1 1 2 1 1 1 2 4 1 2 1 2 1 5 2 5 1 2 3 2 2 4 4 2 2 2 1 2 1 2 3 1 1 1 2 4 1 2 4 1 1 1 1 6 3 1 1 1 2 1 3 1 2 2 4 1 2 2 1 4 2 6 2 2 3 1 2 2 5 3 2 1 3 1 4 2 1 1 2 2 4 1 3 2 1 1 3 4 1 1 1 3 2 2 1 3 1 3 1 3 4 5 1 4 2 1 1 2 1 1 5 3 3 1 1 2 1 1 3 1 1 3 2 2 3 3 2 1 1 1 1 2 1 3 1 3 1 2 2 3 1 3 2 4 1 2 1 2 1 3 1 1 2 1 2 4 4 2 1 2 2 3 3 3 1 2 3 1 3 2 1 1 3 2 3 4 2 1 3 1 1 5 1 3 4 3 3 2 2 1 3 2 4 1 2 2 2 2 3 4 1 1 1 1 2 2 1 1 1 3 2 2 2 1 3 3 3 1 4 2 1 1 2 1 3 1 4 1 1 1 6 1 3 1 2 2 1 1 1 1 1 1 1 2 1 2 1 1 2 1 2 3 1 2 4 1 6 2 3 2 2 3 3 1 1 4 1 1 2 3 2 2 1 2 1 1 1 2 2 2 1 2 1 2 1 4 2 1 1 1 1 4 2 4 2 3 1 1 1 2 1 3 1 2 4 5 2 1 2 2 1 1 1 2 1 1 1 2 1 1 2 3 2 2 1 3 2 1 1 3 2 3 3 1 3 4 1 2 1 1 3 1 1 1 1 3 2 1 1 1 2 2 2 1 2 1 2 1 1 2 2 1 1 1 1 3 2 3 4 4 3 1 1 3 1 1 3 3 5 1 3 3 1 2 2 1 3 4 3 3 1 2 1 3 1 4 3 1 2 4 2 2 1 4 3 2 4 1 2 1 2 1 4 5 4 5 1 5 2 1 1 1 1 1 3 2 1 4 5 2 1 2 1 3 2 1 1 1 1 1 1 3 3 1 2 1 1 2 3 3 1 1 2 1 1 1 2 2 2 2 2 2 1 2 1 4 3 2 1 2 2 3 3 2 2 4 3 2 3 3 2 4 2 2 1 2 5 2 1 3 1 4 2 2 2 1 3 2 1 3 2 4 1 2 1 1 1 4 2 1 1 1 2 1 2 1 2 3 1 3 1 2 1 2 2 1 1 1 3 1 3 3 1 1 1 1 1 1 2 1 2 2 3 3 2 2 2 4 2 2 2 4 2 2 3 2 1 1 1 2 2 2 2 1 2 1 1 1 4 2 3 3 3 2 4 3 3 1 1 2 3 3 2 4 1 1 5 1 5 3 1 2 1 1 1 1 1 1 3 3 2 3 6 1 1 2 2 2 3 2 3 2 2 2 1 4 4 1 3 4 1 2 2 2 1 1 3 4 1 2 1 4 1 3 4 3 2 2 2 4 1 3 1 1 2 1 2 1 1 1 2 1 1 3 1 2 1 2 2 1 3 3 2 2 3 2 1 2 1 2 1 2 2 2 4 4 2 2 1 4 2 1 1 1 4 1 1 2 1 1 3 3 2 1 1 1 3 2 3 3 1 3 3 1 1 3 4 3 2 3 1 1 1 1 1 1 1 5 3 4 1 3 3 2 1 3 1 2 2 2 3 3 2 3 3 1 1 2 3 2 2 1 2 1 1 2 4 1 1 1 2 4 1 4 1 3 1 2 2 4 1 1 2 1 1 1 1 2 3 1 3 2 3 1 1 3 2 3 3 2 3 2 2 1 2 1 1 1 2 1 3 2 2 1 2 2 3 2 1 1 4 3 1 1 1 2 1 3 3 1 4 1 2 1 1 2 3 2 2 1 1 3 2 3 1 3 1 1 1 5 1 2 2 2 1 1 3 3 4 1 2 1 1 2 1 2 6 2 1 1 3 1 1 3 3 2 2 2 4 1 1 1 2 1 1 2 1 3 2 1 1 1 2 1 2 1 1 2 3 1 4 1 2 1 2 1 2 1 1 2 1 1 3 1 1 2 3 1 2 1 3 2 3 3 1 6 1 3 3 2 3 2 2 1 1 5 1 3 1 1 1 3 5 1 1 2 2 1 1 2 3 4 2 2 2 2 3 1 1 1 1 3 1 3 2 1 2 2 1 1 3 4 1 1 1 2 1 1 2 2 1 4 5 1 4 1 3 1 1 3 1 2 1 1 3 1 2 2 3 1 4 1 1 1 2 2 4 2 1 2 6 2 1 1 3 4 3 1 2 1 1 1 1 2 6 1 2 1 4 2 2 2 1 2 2 2 1 2 3 1 1 2 3 1 1 1 4 2 1 4 3 1 1 2 2 2 1 4 3 1 1 1 1 1 3 1 1 3 1 4 5 2 3 3 1 2 2 5 2 2 1 7 1 2 2 2 1 1 1 3 3 2 2 2 1 3 3 2 1 3 1 3 3 1 2 5 3 2 2 1 2 4 2 2 3 1 2 1 4 1 4 2 1 2 3 1 1 5 3 3 1 1 2 3 2 1 1 2 1 2 2 1 2 2 3 1 1 1 2 2 2 2 2 3 4 2 2 4 1 1 2 3 1 1 1 1 2 3 3 2 2 2 1 3 2 1 3 1 4 3 2 1 2 2 1 1 1 2 3 2 2 2 3 1 3 1 4 2 2 2 3 3 1 1 4 2 2 1 1 2 1 4 3 2 2 4 3 1 1 2 2 2 1 2 2 4 2 4 1 2 1 3 3 1 4 1 1 1 1 1 2 3 1 3 4 1 3 5 1 3 1 2 1 3 1 1 2 4 1 6 5 2 2 3 1 3 2 3 1 3 1 2 2 3 1 1 4 2 1 2 3 3 2 4 2 1 3 1 5 2 2 1 4 1 1 2 5 4 3 1 1 3 2 1 3 1 4 2 1 4 1 3 2 2 1 2 1 1 1 2 2 2 3 3 1 2 1 1 1 1 1 2 2 1 4 1 4 1 1 3 4 3 1 3 1 2 1 2 2 2 5 1 2 1 3 3 1 1 2 1 1 2 1 2 1 1 2 1 1 3 3 1 2 2 1 3 1 3 1 1 1 4 2 2 2 2 1 2 3 1 1 1 3 3 1 2 1 1 2 1 2 1 1 1 4 2 3 2 3 1 1 1 1 2 2 3 2 1 2 3 1 1 1 4 2 1 4 1 2 4 3 1 2 1 1 3 2 3 2 4 1 1 1 2 1 2 4 1 1 1 1 1 4 3 1 1 1 3 1 1 2 2 3 1 1 3 3 2 2 1 4 3 1 1 3 1 1 1 1 1 1 1 4 2 1 5 5 1 2 2 4 1 1 1 2 2 1 1 1 1 1 2 1 1 2 1 3 3 1 1 1 2 4 2 2 1 3 2 2 2 3 5 1 1 1 2 1 2 3 1 2 2 1 2 1 3 1 1 2 3 2 3 3 1 2 1 1 1 2 3 1 3 2 2 2 1 2 1 2 2 5 1 1 1 2 3 3 2 1 1 2 4 2 3 3 3 2 1 3 4 2 1 5 1 1 2 2 3 1 2 2 1 1 3 5 2 3 3 2 2 2 4 4 1 2 2 3 2 2 3 1 4 3 1 1 2 2 1 4 4 2 1 1 1 2 2 1 4 1 6 1 3 4 2 2 1 1 2 2 1 1 3 3 1 1 3 1 1 1 3 2 2 2 6 3 2 2 1 1 1 4 1 3 1 1 3 5 4 3 1 1 1 2 1 2 1 3 1 4 1 2 1 3 2 1 2 2 4 1 2 1 1 4 2 3 3 2 1 1 1 1 1 5 4 1 3 4 1 3 2 1 1 4 1 2 2 1 3 1 4 3 2 3 2 1 3 2 1 2 4 1 1 2 3 1 1 1 5 2 2 1 4 1 2 2 2 1 2 1 1 2 1 1 2 2 3 1 2 1 3 2 2 1 1 2 1 1 1 1 1 1 2 1 3 4 1 2 1 1 2 3 3 7 3 1 3 2 1 1 2 1 5 6 2 3 1 3 2 2 2 3 3 2 1 1 1 2 2 1 2 2 4 1 1 2 3 4 1 4 2 3 1 2 3 3 3 1 4 1 2 2 1 2 2 2 4 1 6 2 3 2 3 1 1 2 2 2 1 3 1 4 1 1 2 1 3 2 2 2 3 1 1 3 1 1 1 1 1 2 2 2 4 1 1 3 1 2 1 3 3 4 1 1 1 4 4 1 2 1 3 2 2 2 3 1 1 4 5 3 1 1 2 3 3 4 2 2 2 1 1 2 1 1 3 1 2 1 1 1 2 1 1 1 1 1 3 3 2 2 4 5 2 4 3 1 1 1 3 2 1 5 4 2 2 1 5 1 2 2 5 3 2 3 4 2 2 4 1 2 2 1 1 1 6 2 2 1 2 3 1 1 1 2 4 3 2 1 4 1 2 1 3 3 4 2 1 4 1 2 2 1 4 3 4 1 3 3 4 1 2 1 1 2 2 2 4 3 1 2 1 3 2 3 2 3 1 3 5 1 1 1 6 2 1 2 2 3 2 3 1 2 2 2 4 1 2 3 2 1 4 4 1 1 3 2 3 2 1 4 1 2 1 4 1 2 2 1 1 2 1 4 1 1 3 1 1 1 3 3 1 2 2 2 2 2 2 1 3 5 1 2 3 2 2 1 1 2 3 4 3 1 2 1 1 1 7 1 4 2 4 1 3 1 2 3 3 2 1 1 2 3 1 2 1 3 2 3 1 2 4 1 2 1 2 2 1 1 2 5 4 3 1 1 5 1 1 2 5 1 4 3 3 2 2 2 2 3 4 1 1 5 3 2 1 2 3 1 3 4 1 6 1 2 3 1 4 3 5 2 1 1 1 2 1 2 1 2 2 3 2 2 4 2 3 5 2 1 1 1 1 1 1 2 3 2 1 5 5 2 1 2 3 2 1 1 1 4 2 2 1 1 1 1 1 1 4 1 4 3 4 2 2 3 3 3 2 1 2 2 2 3 3 3 2 2 1 1 1 1 2 2 3 4 3 1 3 3 3 1 1 3 2 2 3 2 2 1 4 4 4 1 2 1 2 3 1 3 3 1 1 1 1 1 2 1 1 1 1 4 3 2 2 1 2 2 1 4 2 1 1 3 1 1 4 4 1 3 1 1 5 1 1 2 2 3 3 1 1 2 3 2 3 4 1 2 1 3 1 2 2 1 1 1 4 4 3 2 1 1 3 3 2 2 1 2 2 2 2 2 2 1 1 1 1 2 1 1 2 1 1 1 1 1 1 4 1 1 2 2 1 3 2 2 3 3 3 1 1 3 1 1 1 1 2 1 2 2 2 2 2 3 4 1 1 1 4 2 2 1 3 2 3 2 2 1 3 1 1 1 4 1 3 2 1 2 1 2 5 2 1 1 3 1 1 2 1 1 2 7 1 4 3 3 3 4 1 3 2 2 2 1 1 4 1 1 3 3 1 4 1 2 3 2 1 3 1 1 1 4 3 1 1 1 2 4 2 3 1 1 2 1 3 1 1 2 2 2 1 3 3 1 1 3 1 3 1 3 2 1 1 1 1 2 1 1 3 1 1 1 1 2 3 2 2 3 1 2 3 2 3 1 2 4 2 1 1 1 1 3 1 1 1 2 1 1 1 2 2 1 4 1 1 3 1 4 2 4 2 3 4 1 4 1 2 1 3 2 2 2 1 2 1 1 1 2 2 3 5 1 2 4 1 3 2 2 3 1 2 3 1 3 3 2 2 1 1 2 2 1 1 3 2 1 3 3 1 1 2 2 3 4 2 2 2 1 3 1 1 5 3 4 2 3 3 3 3 1 1 1 1 1 2 5 1 3 2 4 3 2 2 1 3 1 4 1 1 1 3 3 1 2 2 3 1 1 3 3 1 3 1 1 2 1 5 2 4 1 3 2 3 2 2 3 3 1 1 2 2 1 1 2 4 2 1 3 2 3 2 1 2 1 2 2 3 4 1 2 1 3 1 4 1 1 2 1 2 2 2 1 1 1 2 1 1 1 1 2 1 1 1 2 1 1 1 2 1 2 3 1 1 3 1 3 2 1 2 3 3 4 1 3 1 2 2 1 4 1 1 2 1 2 3 1 2 1 4 2 2 1 1 2 4 1 1 1 1 2 2 1 1 2 1 1 2 2 1 1 1 1 3 3 1 2 2 3 3 4 2 1 5 2 4 1 3 3 2 1 5 2 3 4 2 1 2 3 1 2 3 2 3 3 1 3 2 3 1 1 1 2 4 1 1 1 2 2 2 3 1 5 2 1 3 2 3 3 3 1 2 3 1 5 1 2 1 5 2 2 1 1 1 1 3 2 2 1 2 2 1 1 2 3 2 2 2 1 2 2 3 3 3 1 1 2 1 2 1 1 1 3 3 4 2 7 3 1 3 1 2 2 2 1 4 2 2 1 1 1 1 3 1 3 3 3 1 2 2 2 1 1 1 2 1 2 3 1 3 1 1 1 3 1 2 4 1 1 3 1 2 1 2 1 2 1 1 2 1 3 2 3 1 2 3 2 2 1 1 1 1 1 1 1 2 2 3 3 1 1 1 1 1 2 2 1 4 2 2 1 1 2 1 3 3 4 2 3 2 1 1 1 1 3 2 3 1 1 4 1 1 2 1 3 1 3 4 2 2 2 2 2 2 1 2 3 1 2 4 1 1 1 3 4 3 1 1 3 3 4 2 1 1 3 2 1 1 1 2 1 5 2 1 2 1 2 2 1 2 5 2 1 4 4 2 3 1 1 1 2 2 2 2 2 1 2 1 3 2 1 2 5 3 2 1 1 1 3 2 2 3 1 1 3 3 2 1 3 5 2 1 2 2 1 4 2 2 1 2 1 4 1 1 3 1 1 1 4 1 1 1 2 1 1 1 1 2 1 2 1 2 2 3 3 1 5 1 4 3 2 2 2 2 7 3 4 3 3 2 1 2 3 3 2 1 3 2 1 2 2 1 1 2 2 1 1 1 3 1 1 1 2 1 2 2 2 5 3 2 2 1 1 2 2 1 4 1 4 3 1 2 4 2 2 3 3 2 1 1 2 3 2 1 1 3 1 1 1 1 1 1 1 1 2 2 2 3 2 2 3 2 3 2 2 2 1 2 2 2 2 1 2 1 1 1 1 1 3 2 1 2 2 2 3 5 3 1 3 2 2 1 2 2 1 1 1 3 4 2 2 2 2 1 3 2 6 3 3 2 2 2 2 2 4 3 1 2 1 3 1 1 3 1 1 1 1 2 1 4 1 2 2 2 4 3 3 1 3 2 1 1 2 2 2 2 1 2 2 1 2 1 1 2 2 1 1 2 1 1 2 1 1 2 2 3 1 3 1 1 1 3 1 3 1 1 7 1 1 1 2 1 2 1 4 1 1 1 1 2 1 6 2 2 1 3 1 1 2 1 2 2 1 2 1 1 4 2 3 1 1 2 1 1 2 3 2 1 2 1 5 3 4 1 2 1 2 3 1 1 2 3 1 1 1 2 1 2 1 2 3 2 2 1 2 1 1 2 1 1 2 1 3 2 2 1 2 2 2 1 3 3 4 2 2 3 2 2 3 1 2 1 2 5 2 2 2 2 3 1 3 2 1 2 4 1 3 2 2 1 2 1 2 2 2 2 2 3 1 1 2 2 3 1 3 1 1 1 2 2 2 2 2 2 3 3 2 1 1 3 2 2 4 2 3 4 1 3 6 2 2 2 1 4 1 2 4 1 2 2 3 3 4 1 1 1 3 5 3 3 3 1 1 1 1 2 1 5 1 1 1 1 3 1 4 2 1 1 2 2 3 3 2 1 2 4 2 5 2 1 1 1 2 4 1 3 1 2 1 2 1 1 2 2 2 3 2 1 3 4 1 1 2 2 1 2 4 1 2 1 1 1 1 2 2 2 1 1 2 2 2 4 1 1 3 2 2 1 1 4 3 3 1 3 1 4 1 3 2 1 1 2 3 1 1 5 2 2 1 2 1 1 3 6 2 1 3 1 4 1 1 3 2 2 2 1 2 1 2 1 4 2 7 1 5 3 1 4 4 1 1 2 1 2 1 2 2 2 2 3 2 2 3 3 1 3 2 1 2 2 1 1 3 1 4 1 1 3 3 2 2 1 2 1 3 3 3 1 2 3 1 3 4 1 4 1 4 4 1 4 1 3 2 3 1 1 5 1 1 3 2 3 2 1 2 1 2 4 4 2 3 3 2 1 3 2 2 1 4 1 4 1 2 4 3 1 2 2 3 1 1 2 3 3 1 1 1 2 5 3 2 1 2 2 2 3 1 1 2 2 1 2 1 3 1 1 1 2 1 3 2 2 1 4 1 5 2 1 1 2 1 3 2 6 2 1 1 1 1 2 2 1 1 4 1 4 1 1 3 3 3 2 2 1 2 4 1 1 3 1 5 2 3 4 5 3 1 1 2 5 2 2 6 2 1 1 1 1 4 2 2 1 2 6 2 2 3 2 1 3 1 1 1 2 5 3 1 2 2 2 3 1 1 1 1 2 1 3 2 1 5 1 3 3 2 1 2 2 1 2 1 1 4 1 1 3 2 5 4 2 1 1 1 3 1 1 1 1 1 2 1 2 2 2 4 2 1 1 3 1 3 1 2 1 3 2 2 2 2 3 1 6 1 2 1 2 1 2 3 1 1 3 3 3 2 2 5 1 2 1 1 1 2 4 2 1 1 2 2 2 2 2 1 1 1 2 3 2 3 1 5 3 1 4 1 2 1 1 3 2 3 4 4 2 1 1 3 1 1 1 4 2 3 2 2 2 1 1 1 2 1 1 3 2 2 1 2 1 1 1 1 3 1 4 1 3 2 1 3 2 2 2 4 2 1 1 1 1 2 1 2 2 1 1 2 4 3 1 1 3 3 2 2 1 1 3 1 2 1 2 6 4 1 1 1 1 3 2 1 3 4 2 2 3 2 1 1 2 3 2 1 1 1 1 1 3 3 4 5 2 4 1 2 1 1 1 2 1 2 1 3 1 3 1 2 4 2 1 1 1 2 2 1 2 2 2 2 2 1 2 3 1 1 5 4 1 2 4 3 3 1 2 1 1 2 2 1 2 1 1 6 1 1 1 2 1 3 1 2 2 2 1 1 1 2 2 1 2 3 1 1 1 1 2 3 3 1 1 1 4 1 2 1 2 5 1 1 1 1 1 1 1 3 2 1 2 2 1 1 1 1 3 1 1 2 1 3 1 3 1 4 1 2 1 3 1 2 1 3 2 3 1 2 2 1 2 2 3 2 2 1 3 2 2 5 2 3 1 2 2 1 3 1 3 2 1 3 2 2 1 1 2 4 1 1 2 5 3 6 2 1 2 2 1 2 1 1 1 2 2 4 1 2 2 2 1 2 1 1 2 2 1 3 1 3 3 3 2 2 2 1 1 3 2 3 2 3 2 1 1 1 1 1 2 1 2 2 1 1 1 1 2 2 1 3 2 3 5 1 3 4 1 2 4 1 1 1 2 4 4 5 2 1 1 2 4 1 1 1 1 1 2 3 1 2 4 1 1 1 4 1 1 1 4 3 1 1 1 3 2 3 1 2 2 4 2 1 4 1 1 4 1 2 2 1 3 2 1 1 4 2 2 2 3 2 4 1 4 3 2 3 2 2 3 2 1 4 4 1 1 3 4 4 1 2 2 1 2 2 1 2 4 1 2 2 4 3 1 1 1 1 3 1 2 1 1 2 1 1 4 2 1 1 2 1 3 1 2 1 3 3 4 2 1 3 2 1 2 3 2 2 2 3 2 2 1 3 3 3 1 1 3 2 1 2 3 2 2 2 2 1 1 2 4 1 1 4 1 1 2 3 1 4 2 1 4 2 5 4 4 3 1 4 3 2 3 3 3 5 3 3 1 2 3 1 3 1 3 1 2 1 2 3 2 1 2 5 1 3 1 2 2 3 1 1 3 2 1 1 6 1 1 1 2 3 3 1 3 4 2 1 2 2 1 2 2 2 2 1 4 2 4 2 1 2 4 4 2 2 2 3 2 4 3 1 3 4 2 2 2 6 2 2 1 1 1 2 5 1 3 2 1 2 3 3 1 2 2 2 1 2 2 2 2 4 1 2 3 3 1 1 1 2 5 3 3 2 2 8 2 3 1 2 1 3 1 1 1 2 2 1 3 2 1 2 2 3 3 1 3 4 5 3 1 2 1 1 3 1 2 2 1 3 2 4 2 2 1 2 1 3 1 1 2 2 2 3 3 4 1 2 3 3 2 1 5 1 4 3 1 1 3 2 3 1 1 2 2 1 4 2 2 2 3 1 3 1 1 1 3 1 2 1 2 3 1 1 2 1 1 2 2 1 4 1 2 2 2 1 3 2 1 2 3 4 3 2 1 3 2 3 1 2 1 3 2 1 2 1 2 1 1 2 4 2 2 3 2 2 2 4 3 1 4 4 3 2 4 1 2 2 4 2 1 2 4 1 1 2 4 3 1 4 2 1 3 2 5 1 1 2 2 1 2 2 2 1 3 3 3 3 1 3 2 1 1 1 1 3 1 1 3 3 1 1 5 1 2 5 2 2 3 3 1 1 2 2 1 2 2 1 3 2 2 2 2 1 1 3 2 1 2 5 4 2 1 2 1 1 1 1 4 3 2 3 1 2 5 2 2 5 1 2 2 3 2 2 1 2 1 6 3 3 1 2 1 1 1 1 1 1 1 2 1 2 3 2 7 2 1 4 1 3 1 2 3 1 2 1 1 2 1 2 2 1 6 5 1 2 1 2 2 2 1 1 3 1 2 1 3 3 1 1 1 2 1 3 1 4 1 2 2 1 2 1 1 1 2 2 1 5 1 3 3 
  #Test Small 8083
  #Test Medium 18766
  #Test Large 34553
