Board size [mm] 400x250

Stats side 1
  #Components with background 68
  #Components with points 475
  #Components nofly 5
  #Components notouch 5
  #Pins 135023
  #GNDs 3979
  #VDDs 3113
  #Clock 48
  #NoFly points 728
  #NoTouch points 878
  #Points [total] 143769

Stats side 2
  #Components with background 69
  #Components with points 497
  #Components nofly 1
  #Components notouch 1
  #Pins 129599
  #GNDs 5182
  #VDDs 3874
  #Clock 51
  #NoFly points 212
  #NoTouch points 170
  #Points [total] 139088

Stats board (side 1 + side 2)
  #Components with background 137
  #Components with points 972
  #Components nofly 6
  #Components notouch 6
  #Pins 264622
  #GNDs 9161
  #VDDs 6987
  #Clock 99
  #NoFly points 940
  #NoTouch points 1048
  #Points [total] 282857
  #Nets 253662
    Net Size: 9161 6987 99 1 1 4 1 3 3 1 1 2 1 1 3 1 2 1 3 3 1 1 1 1 1 1 2 2 1 2 1 1 2 1 1 1 2 2 4 1 1 1 3 1 3 1 1 1 1 1 1 4 4 2 1 1 1 3 2 2 4 2 3 1 1 3 2 1 3 2 2 1 2 2 1 2 1 2 3 1 3 1 1 2 6 1 2 3 2 1 1 2 1 3 2 1 2 2 1 4 1 2 2 1 3 1 1 3 1 1 2 3 2 2 3 1 1 2 1 1 1 1 4 4 4 4 2 1 1 1 1 1 3 2 3 1 1 3 1 2 2 2 2 2 4 3 1 2 1 1 1 1 1 2 1 1 2 1 2 2 1 3 1 1 4 3 1 2 2 2 4 3 1 2 3 2 1 2 2 2 1 3 4 2 1 2 2 4 3 3 3 1 4 1 1 4 2 2 2 3 1 1 2 3 1 1 4 2 1 2 1 3 2 2 2 1 4 1 2 1 2 2 1 1 1 1 4 2 2 1 1 3 1 3 3 1 3 1 1 2 1 3 2 2 2 2 2 1 4 2 2 3 1 4 1 2 1 2 1 2 4 2 2 3 1 2 3 4 1 1 1 1 2 2 1 2 1 1 1 3 2 1 2 1 1 1 2 1 3 1 1 2 2 6 2 1 1 1 1 1 1 1 2 2 2 1 1 2 1 1 1 1 4 1 3 1 2 2 1 1 2 1 4 1 1 1 2 1 4 1 1 1 2 5 1 2 1 2 3 2 3 1 2 1 2 1 2 2 1 1 3 6 3 1 1 3 1 1 2 1 1 1 4 2 1 3 1 1 3 5 1 1 1 1 1 1 1 2 1 2 2 1 2 2 1 1 3 2 2 2 1 2 2 3 1 2 5 2 3 2 3 5 3 1 2 2 3 4 3 1 4 1 1 1 2 1 1 1 1 2 2 1 2 1 3 2 1 1 2 6 1 2 1 4 2 2 2 3 1 1 3 1 2 3 2 1 3 4 1 1 4 2 1 2 2 2 1 1 1 2 1 4 2 2 2 4 3 1 1 3 4 2 3 2 1 1 1 1 1 3 2 4 2 1 2 1 1 1 2 1 1 3 5 2 3 2 2 2 2 3 2 1 2 3 3 2 1 2 1 1 1 1 4 3 2 2 2 3 1 2 1 3 1 2 2 2 4 1 4 1 1 2 2 1 1 2 1 3 3 3 4 2 1 3 2 2 2 2 1 2 3 1 1 1 1 1 1 1 2 4 3 2 1 2 3 3 2 2 3 2 2 2 2 1 4 2 2 1 1 2 1 1 4 1 4 2 2 2 4 1 2 2 1 1 1 1 1 1 1 4 2 1 2 3 4 2 1 2 3 1 3 2 3 2 1 2 3 3 1 2 3 3 2 2 1 2 3 1 2 1 1 1 2 3 1 1 2 1 1 1 1 2 3 1 2 1 1 1 1 2 2 2 2 1 3 3 1 1 2 2 1 2 2 1 2 2 2 1 2 2 1 3 3 2 2 3 5 1 1 3 1 1 2 4 1 1 1 2 1 2 1 1 1 1 2 1 1 1 2 3 3 3 3 1 1 1 2 1 1 3 3 1 4 2 3 1 1 1 3 1 1 1 1 3 2 1 3 1 2 1 2 1 2 3 1 1 1 3 3 1 1 5 2 1 1 1 2 1 2 3 5 2 2 1 2 1 1 5 2 4 1 1 2 2 5 2 1 1 3 2 2 3 1 1 3 1 2 2 1 1 1 1 1 2 1 1 1 1 3 3 1 2 1 1 1 3 2 5 4 3 3 1 4 1 2 1 3 1 1 1 2 1 1 2 2 1 2 2 1 4 3 2 2 2 3 2 4 1 1 1 2 1 4 1 3 3 1 3 1 2 1 4 4 4 3 1 1 1 1 1 2 1 3 1 1 1 3 2 2 1 1 1 1 2 1 1 2 2 1 1 1 3 1 3 1 2 4 1 1 4 2 2 1 2 1 4 1 1 5 1 1 1 1 1 1 1 3 6 1 1 2 2 1 3 2 2 1 1 3 1 2 2 1 2 1 1 4 5 1 2 2 4 1 2 1 1 1 1 4 1 5 3 2 3 4 1 1 2 1 1 2 2 3 1 3 3 1 2 2 1 3 2 1 1 1 2 2 1 3 4 1 1 1 1 2 3 4 2 2 3 1 2 1 2 2 1 2 2 3 1 3 1 1 3 1 2 1 4 2 2 1 2 3 1 1 3 2 1 2 2 1 3 2 2 1 1 1 1 3 4 1 3 2 1 2 1 5 1 2 1 1 1 1 2 2 1 1 2 1 2 1 3 3 1 2 2 5 2 1 1 2 3 5 3 2 1 1 4 2 1 3 1 4 1 5 2 1 2 2 2 2 2 1 5 3 4 5 2 3 4 2 2 3 1 3 1 2 2 1 2 2 1 1 3 1 3 1 1 2 1 2 2 2 2 1 5 2 5 2 1 2 1 2 2 1 2 1 2 2 1 2 3 2 2 1 1 3 2 2 2 2 1 2 3 1 1 1 2 2 1 1 5 2 4 1 2 2 2 3 1 3 2 2 3 3 2 1 2 2 1 4 2 1 1 3 2 1 4 1 1 2 2 1 1 2 1 3 1 1 4 2 3 1 1 1 2 1 1 2 2 5 1 1 1 2 2 2 2 3 2 2 3 1 2 2 1 3 2 3 1 1 4 1 1 2 3 1 3 2 2 1 2 1 2 1 1 2 1 4 3 2 2 1 1 1 3 2 2 3 2 2 4 4 1 1 5 1 3 2 4 2 4 2 2 1 2 1 1 2 1 1 1 2 3 2 1 3 1 4 3 1 5 2 3 2 1 2 1 2 1 1 2 2 2 2 2 1 1 2 2 2 4 1 1 2 6 1 1 3 1 4 4 5 2 1 1 1 1 3 2 2 2 2 1 1 3 2 5 4 2 1 3 3 1 1 1 1 2 1 2 1 1 2 3 6 2 1 2 5 2 2 1 1 1 3 1 1 2 1 3 1 2 1 2 2 1 2 1 2 2 1 1 2 5 3 2 2 4 2 2 1 3 2 1 4 2 1 1 4 1 1 1 1 1 2 5 2 2 1 2 2 1 4 2 3 1 3 1 3 2 1 3 2 3 2 1 3 2 1 1 1 1 1 2 3 2 2 2 2 1 1 2 2 3 3 2 2 2 4 2 1 1 4 1 2 1 2 1 1 2 4 1 1 4 3 2 2 3 4 2 1 1 2 1 1 3 1 1 1 3 3 1 3 1 2 3 3 3 3 6 2 3 1 2 4 3 1 1 1 4 1 2 4 3 4 1 2 4 3 1 1 2 1 3 3 2 2 4 1 5 1 2 1 3 2 1 3 2 1 5 3 1 2 2 1 1 1 2 1 2 1 2 3 2 2 2 1 4 1 3 2 6 1 2 3 2 2 2 2 1 2 2 1 1 1 4 1 1 2 1 1 2 2 3 1 1 1 2 4 1 3 1 1 3 1 5 1 1 1 1 4 1 1 1 2 1 1 1 2 5 1 1 2 1 3 3 1 2 2 1 2 4 3 2 2 1 1 1 1 1 1 2 2 3 2 3 1 3 2 4 3 1 1 1 2 2 3 2 1 3 1 1 2 2 1 3 1 2 1 3 1 2 2 1 1 1 2 3 4 1 1 1 1 2 2 4 1 1 1 1 1 5 1 5 1 2 1 3 3 2 1 1 1 2 2 2 1 1 3 2 2 1 2 2 2 1 3 1 2 1 3 2 4 2 3 1 2 1 1 2 1 1 1 3 1 1 2 1 1 2 2 1 2 1 3 1 1 2 3 3 3 2 1 1 1 1 1 1 3 1 2 1 2 2 5 6 1 1 1 2 3 1 3 1 2 1 1 1 1 2 1 3 3 1 1 2 2 3 3 3 1 3 3 1 3 1 3 1 1 2 2 1 2 2 1 1 2 4 2 1 3 1 1 1 1 1 2 2 2 1 1 3 2 2 3 2 2 1 2 4 5 4 2 2 3 2 1 1 2 2 3 1 1 2 1 2 4 5 2 3 1 1 4 2 2 2 2 3 2 3 2 2 2 2 1 3 1 2 1 2 2 2 1 2 1 1 1 2 1 2 1 2 1 2 1 3 1 3 1 2 2 1 3 4 3 1 2 1 1 2 5 2 2 2 2 3 1 2 3 5 3 1 3 4 3 1 2 2 2 1 4 1 1 2 1 2 1 1 2 2 2 2 1 1 3 1 2 3 1 2 1 3 4 3 4 5 2 2 5 2 3 2 5 1 2 2 1 2 2 3 1 1 1 3 3 2 4 1 3 1 2 2 4 1 1 2 3 1 2 3 1 2 3 2 2 2 2 2 1 1 3 2 1 1 1 1 2 2 2 1 1 3 1 1 2 2 1 1 2 2 1 1 2 1 1 3 2 1 4 1 4 1 1 2 4 4 1 2 1 3 4 1 1 1 2 1 2 2 1 3 2 1 1 1 2 1 3 2 3 1 1 2 2 4 2 1 2 3 2 3 2 2 1 1 2 4 1 2 1 2 3 2 2 1 3 3 2 1 2 5 2 1 3 2 1 2 2 3 1 1 1 4 1 1 1 1 2 3 2 3 1 2 1 1 1 2 2 4 2 2 1 2 2 3 1 2 2 2 2 3 2 1 3 1 2 5 4 3 2 2 1 1 1 1 2 1 2 1 2 1 3 4 3 1 1 3 2 2 1 1 1 3 3 2 1 2 2 3 3 2 2 1 4 1 2 1 2 1 1 5 3 2 3 1 1 4 1 3 2 2 3 1 1 3 2 1 2 3 1 1 5 1 3 2 1 2 2 2 2 5 3 1 3 3 1 3 1 5 1 1 5 1 1 1 2 1 2 4 2 3 4 3 1 2 4 3 2 3 1 1 1 1 3 1 5 4 2 2 2 1 3 1 1 5 1 3 1 1 1 1 2 1 1 4 1 3 2 1 3 2 1 1 3 3 2 3 1 2 3 2 2 5 2 4 2 1 1 1 1 4 2 1 1 3 2 2 5 3 2 1 1 2 4 2 4 1 2 2 1 2 3 1 2 4 1 2 1 1 4 1 1 1 1 1 2 1 2 3 1 1 2 1 2 2 4 1 2 2 1 1 2 2 2 1 1 4 1 2 4 2 2 2 3 2 1 2 4 3 4 2 4 2 2 1 2 1 1 1 1 1 2 2 3 2 4 4 2 3 1 1 1 1 1 2 3 2 2 2 2 1 2 3 1 4 3 1 4 1 1 3 3 1 2 2 2 1 1 2 1 1 1 3 3 1 2 1 4 3 3 2 2 3 2 2 1 3 2 1 3 3 3 2 4 1 2 2 4 3 2 1 2 2 2 3 3 2 1 4 1 2 4 1 1 1 1 3 2 3 2 3 5 4 1 1 3 1 1 3 3 4 2 1 2 2 2 3 2 1 1 2 1 1 1 2 2 1 1 2 2 1 2 1 4 1 2 1 1 1 1 3 3 1 3 1 3 1 3 2 3 1 1 4 3 1 2 3 2 1 1 3 3 2 3 3 2 1 1 3 1 1 1 2 4 1 3 2 3 7 4 1 3 2 2 1 2 2 3 1 1 2 1 1 2 1 1 1 2 1 2 4 4 3 1 2 3 3 2 1 2 3 1 1 3 2 1 2 2 1 1 1 1 1 3 4 2 2 4 1 3 2 1 1 2 2 1 2 2 2 4 2 3 3 1 2 2 2 1 1 2 1 1 1 2 2 2 1 3 3 1 5 2 1 7 4 1 1 2 3 1 2 1 1 4 3 1 2 3 2 1 3 2 2 1 2 4 2 1 3 2 2 2 1 2 1 1 3 4 1 4 1 1 3 1 1 4 2 2 2 2 1 1 1 1 1 1 1 3 1 1 2 2 2 2 2 1 3 2 5 1 2 1 2 1 2 1 1 1 1 1 2 1 1 3 1 1 2 2 1 1 1 1 3 2 3 1 2 1 1 5 2 2 1 3 1 2 3 4 2 2 2 4 2 5 2 2 1 1 1 1 4 2 1 2 2 2 1 4 1 2 1 2 2 2 3 1 1 1 1 2 1 2 1 1 1 3 1 2 3 1 1 2 1 2 1 1 2 1 1 3 1 1 3 1 2 1 1 4 2 2 1 2 1 2 2 1 1 2 1 1 3 1 4 2 1 1 1 2 1 4 1 1 3 5 3 2 1 1 4 3 2 2 1 3 2 1 1 3 1 1 2 3 1 3 2 5 2 5 3 2 1 1 3 1 2 2 2 1 2 1 1 1 1 2 1 1 2 1 3 2 2 3 2 3 2 2 3 2 4 1 2 2 2 4 1 1 1 2 3 2 4 6 2 2 3 1 1 3 2 4 4 1 1 1 1 3 2 1 4 3 2 1 2 1 1 4 1 3 3 2 2 2 3 2 3 4 2 2 3 1 2 1 2 3 1 2 1 1 1 1 1 2 1 2 2 3 1 2 5 1 1 3 1 2 4 1 3 2 4 2 3 3 1 2 1 1 1 3 3 1 1 3 3 4 3 1 2 2 1 1 2 4 2 2 2 2 3 1 4 5 4 3 2 2 2 3 1 1 2 2 2 1 1 3 6 2 1 3 2 2 1 2 1 1 1 2 1 2 4 2 1 1 2 2 2 4 6 2 1 2 2 1 3 1 1 1 2 3 2 2 2 1 1 1 2 2 2 1 3 1 1 3 2 2 4 3 4 3 2 1 1 2 1 1 1 1 2 2 2 3 2 2 2 1 3 2 1 4 1 1 2 2 1 2 2 3 2 1 1 1 1 2 2 3 3 2 2 2 3 3 2 3 1 1 3 2 1 1 2 1 1 1 1 2 1 3 1 1 1 2 2 3 1 1 1 2 1 1 1 1 2 2 1 2 2 2 1 2 2 3 1 2 3 1 1 1 2 3 2 1 4 2 3 2 3 3 1 2 3 1 1 5 3 2 2 3 2 4 1 3 1 1 1 3 1 1 2 1 2 2 1 1 2 2 3 2 1 3 1 1 2 1 1 1 1 1 2 1 2 2 2 2 2 5 2 4 2 2 3 3 1 2 4 1 1 1 1 5 1 3 1 1 1 1 1 1 2 2 2 5 3 4 2 4 2 3 3 1 4 3 1 1 1 3 4 2 1 1 1 1 1 1 3 2 1 1 4 2 3 1 1 1 2 1 1 1 3 2 1 1 4 4 1 2 2 2 2 2 5 1 2 1 2 1 3 1 2 1 4 2 1 1 1 1 2 2 2 3 4 1 3 2 2 4 1 1 1 2 4 5 1 3 3 2 1 2 4 2 3 1 1 1 2 3 2 3 1 2 2 5 1 2 3 2 2 3 1 3 1 3 2 1 2 1 2 2 2 2 3 3 2 2 2 4 2 1 1 1 2 1 1 2 3 1 1 2 3 2 2 2 2 2 2 1 2 1 2 5 1 5 1 4 2 4 2 1 1 1 2 1 2 2 1 2 4 1 2 1 2 3 2 3 4 1 1 1 1 1 1 2 1 1 2 2 1 2 1 1 1 2 4 1 2 2 1 3 2 1 1 1 1 4 2 2 2 6 2 1 3 1 1 1 2 2 1 1 1 1 1 4 1 1 2 2 3 4 6 3 3 3 2 1 1 1 1 2 3 1 1 1 1 2 1 3 1 1 3 1 2 1 1 1 1 1 1 3 2 2 3 2 1 2 4 1 1 1 1 3 2 1 1 1 3 3 2 4 1 2 3 1 2 1 1 1 2 1 1 1 1 1 1 1 4 3 1 4 2 2 1 1 2 1 1 3 2 1 1 2 1 1 1 2 2 1 1 1 2 1 2 3 2 3 2 1 1 1 1 1 1 2 1 1 2 1 1 2 1 1 1 3 1 3 1 2 1 2 4 1 4 1 2 1 2 3 3 2 1 1 2 2 3 3 1 1 2 1 1 1 1 3 1 1 1 5 5 2 1 3 1 2 2 3 1 3 2 3 6 1 5 5 1 2 3 2 1 2 4 4 1 1 3 2 3 2 2 2 1 3 2 1 2 2 2 3 3 1 1 1 1 3 2 1 3 1 1 1 1 3 2 3 1 1 1 3 2 1 3 2 3 2 2 3 1 2 1 3 2 2 7 1 1 2 3 1 2 3 1 4 2 3 1 3 1 1 6 2 3 2 2 1 3 2 2 3 4 3 3 1 1 1 5 5 1 3 3 1 3 3 2 2 4 1 1 2 1 2 2 4 4 3 2 2 4 3 3 3 2 3 1 1 1 1 2 1 1 2 1 4 2 2 3 1 2 4 3 1 1 1 3 1 3 1 1 3 2 2 1 2 4 2 1 2 1 1 2 1 3 2 1 4 2 1 3 2 1 3 1 2 3 1 2 1 2 2 1 3 1 2 2 1 2 1 1 1 1 1 2 4 1 3 1 3 4 2 3 1 2 1 2 1 1 2 3 3 2 1 3 1 3 2 2 2 2 2 2 1 4 2 2 2 1 2 2 6 2 1 2 5 2 2 1 2 2 1 3 5 2 1 2 3 3 3 2 2 1 2 1 3 1 2 2 2 1 1 2 1 1 3 2 1 3 2 1 1 3 1 1 1 1 3 4 2 1 1 3 2 3 1 1 1 3 2 2 1 1 4 1 1 1 2 2 1 2 1 1 2 2 1 1 3 1 2 1 1 1 1 2 4 2 4 1 2 2 3 1 1 1 2 1 2 3 2 1 1 1 2 2 1 1 2 1 2 1 3 1 2 3 2 2 3 2 1 2 3 1 2 2 1 1 4 2 1 1 1 2 1 2 1 2 3 2 2 1 2 2 2 3 1 3 3 1 1 2 2 1 2 3 2 1 1 1 1 2 1 1 3 2 1 1 4 2 3 2 2 3 1 2 1 1 1 1 2 5 4 1 1 1 1 1 1 2 1 2 1 2 1 1 3 4 4 3 3 1 1 1 6 2 2 1 2 1 2 2 2 1 1 2 1 4 2 2 1 1 3 3 1 2 2 2 1 2 3 2 3 2 2 1 2 2 3 2 2 3 1 1 2 1 2 3 1 3 4 1 2 4 1 2 4 1 3 1 1 2 6 1 3 2 1 3 2 1 1 2 1 4 1 2 1 2 1 1 1 2 3 2 2 4 2 3 1 3 2 2 1 4 2 5 1 3 3 1 2 1 3 1 1 1 2 2 1 1 1 1 3 2 2 2 1 1 5 2 1 1 4 2 2 3 3 1 1 1 3 3 1 2 3 1 2 1 2 5 3 2 4 6 2 1 2 2 3 1 1 2 1 2 2 2 2 4 2 1 1 1 1 1 1 1 2 1 1 1 3 2 3 1 1 1 3 1 3 1 2 2 1 1 1 1 3 2 6 1 4 1 1 1 1 1 1 4 2 3 1 3 2 3 3 2 2 1 5 1 1 1 1 1 2 3 1 2 2 2 1 1 4 2 1 4 1 1 3 1 2 2 1 1 1 1 2 1 1 1 1 4 1 1 3 1 1 2 1 1 2 4 1 1 3 2 1 1 1 1 1 2 2 1 1 2 1 2 1 3 1 3 1 3 2 2 3 3 1 2 2 3 1 2 1 2 1 2 2 2 3 1 1 2 1 3 2 2 4 3 3 2 3 1 2 1 1 3 1 1 2 2 4 4 1 2 4 1 1 3 2 1 5 2 4 4 1 3 1 1 1 1 1 2 2 3 1 1 1 4 3 2 2 2 2 2 1 3 1 2 1 2 2 1 3 2 2 2 2 1 3 2 1 1 3 3 3 1 2 1 2 2 2 2 1 2 2 3 1 3 1 3 1 2 1 3 2 2 1 1 2 1 2 2 1 2 1 1 4 1 2 1 3 2 2 1 1 1 2 2 2 2 2 2 4 4 2 1 1 3 2 1 1 1 1 2 1 3 1 1 1 3 1 1 3 2 2 1 3 2 2 2 1 4 2 3 1 4 5 1 1 1 3 4 4 2 1 2 2 1 1 1 2 3 2 2 1 3 1 3 1 2 1 1 2 1 2 3 2 1 1 2 1 1 2 1 1 1 2 4 2 1 2 1 3 4 2 1 3 2 2 2 1 1 1 1 1 3 1 2 4 2 3 1 1 3 1 2 1 1 2 2 1 2 5 1 2 1 1 3 6 2 1 1 2 1 1 2 1 1 4 2 1 1 1 3 4 1 3 1 3 2 2 2 1 1 1 2 4 3 1 1 3 3 1 2 2 3 2 2 4 3 1 1 1 2 1 1 2 1 1 4 3 1 2 1 1 4 1 1 2 1 1 2 2 1 2 1 1 1 3 1 3 1 4 2 1 2 3 2 3 2 1 1 2 3 1 1 1 5 5 2 2 1 4 2 3 2 1 1 2 2 2 2 3 2 6 4 2 2 1 2 2 1 1 1 3 3 1 1 1 1 2 3 1 3 1 2 1 1 2 1 1 1 1 2 1 1 1 1 4 2 4 2 2 1 4 4 3 1 2 1 3 1 1 1 2 1 1 2 2 1 1 3 2 1 4 5 3 3 2 1 2 3 1 4 2 3 1 1 1 1 1 1 2 2 3 2 1 4 2 1 2 1 4 2 3 4 3 3 2 4 1 1 1 1 1 1 2 1 1 1 2 1 1 6 2 2 3 3 2 1 4 2 1 5 1 3 1 1 1 1 1 3 1 1 1 3 1 3 2 2 1 2 2 1 1 1 1 2 3 2 2 1 1 4 1 2 1 2 1 5 1 1 2 2 4 1 3 2 1 2 2 3 4 4 1 1 3 2 1 3 1 1 2 2 3 1 2 3 1 2 2 3 4 2 2 3 1 2 3 3 2 2 1 2 2 1 3 1 2 1 4 1 3 1 1 2 1 1 3 1 1 2 1 1 2 3 1 1 3 2 3 1 2 1 2 3 1 3 3 3 2 2 2 3 1 2 2 1 5 3 2 1 3 1 3 2 2 2 1 1 1 2 1 1 3 3 1 5 1 1 2 1 1 1 3 2 2 2 2 1 3 2 2 1 3 2 1 3 2 1 2 3 1 4 1 2 2 3 2 1 1 2 1 3 2 1 2 1 2 1 1 2 2 3 2 1 1 1 1 1 1 1 3 1 1 4 3 1 2 3 1 1 1 1 2 3 1 2 2 3 1 1 2 4 3 1 1 1 3 1 2 3 4 3 3 2 3 2 3 3 1 2 4 2 1 2 3 2 2 1 1 2 3 1 1 1 1 2 1 2 2 1 3 3 1 1 2 1 2 1 1 4 1 2 1 1 1 4 2 5 4 2 1 2 2 1 3 5 3 4 2 2 1 2 1 4 3 1 1 3 1 2 1 2 5 3 1 3 1 3 1 1 1 3 2 3 2 2 1 2 3 2 1 1 2 2 1 1 2 2 1 4 2 3 2 4 2 3 2 1 4 3 1 2 3 3 2 1 1 2 4 1 2 1 1 2 4 1 1 2 1 1 4 3 2 1 3 3 1 1 1 1 3 2 2 3 3 1 3 3 3 1 1 2 1 1 1 2 2 1 1 7 1 1 2 3 2 1 1 1 2 1 1 4 1 2 2 2 2 1 2 2 4 1 1 2 2 1 3 2 2 2 1 2 1 3 2 4 1 3 1 1 1 2 2 1 2 2 2 1 2 1 2 3 4 3 1 4 1 1 3 1 3 1 1 1 2 2 2 1 2 2 2 4 1 2 1 1 1 3 2 2 1 1 2 1 1 3 1 3 2 3 2 4 1 2 2 2 2 1 1 1 3 2 1 2 2 3 1 3 2 2 2 2 2 3 2 1 4 2 2 3 4 1 3 5 5 3 2 2 1 1 1 2 1 4 1 2 2 2 1 1 1 3 1 2 1 3 3 2 2 2 2 4 1 4 2 2 2 2 2 1 2 3 1 2 1 1 3 2 3 1 1 2 2 5 1 1 1 5 3 4 3 5 2 1 2 2 2 2 3 1 1 3 1 2 2 4 1 3 3 1 2 2 1 3 4 1 2 2 1 1 2 1 2 1 1 1 3 1 2 1 1 3 1 1 1 3 2 2 2 5 1 1 1 1 1 3 1 1 1 1 2 1 3 3 1 2 1 1 1 3 3 4 2 5 1 1 1 1 2 1 3 2 1 2 1 1 1 2 2 2 2 1 1 1 3 2 2 1 2 2 3 2 1 1 2 3 1 3 2 1 2 1 2 1 4 3 1 1 1 1 2 2 2 1 2 1 4 2 2 2 2 1 2 3 1 1 3 4 1 2 2 1 2 4 3 3 2 6 2 2 1 4 3 1 3 1 1 2 1 1 5 2 1 1 2 2 2 2 2 1 1 1 2 3 3 1 2 1 4 2 2 2 1 1 1 1 3 1 4 2 2 2 2 1 2 1 6 3 2 1 1 3 4 1 2 2 1 2 2 1 1 4 1 1 1 1 2 2 1 2 1 3 2 2 1 1 1 2 2 1 1 2 2 2 2 2 4 2 1 2 1 2 2 2 1 3 2 1 1 2 1 1 1 1 2 4 1 1 2 5 1 2 2 2 2 2 4 2 1 2 2 1 1 2 2 1 2 3 1 1 3 2 5 1 1 1 1 3 1 2 1 5 3 2 1 2 1 4 2 2 1 1 4 3 1 1 1 3 3 3 1 1 1 2 3 2 3 3 2 2 2 1 1 4 3 3 4 2 1 1 1 3 2 2 3 4 1 4 2 3 2 1 1 2 2 3 2 2 1 3 1 3 1 1 3 2 2 1 2 2 1 3 2 2 1 2 1 2 2 3 5 4 2 3 3 1 2 2 2 1 4 1 3 3 2 1 1 2 3 4 3 2 2 1 1 1 1 1 1 2 2 2 2 1 1 2 1 2 1 3 2 2 4 1 2 4 1 2 2 1 1 3 3 1 1 1 5 1 2 2 4 4 2 3 4 3 2 1 1 1 1 3 3 1 3 1 2 1 3 1 3 3 2 3 1 1 2 1 4 1 1 1 1 2 1 2 1 1 2 1 2 2 1 1 1 2 3 1 3 2 3 1 2 1 2 2 1 7 3 2 3 2 1 3 1 1 2 1 2 1 2 3 1 2 1 3 1 3 3 1 1 1 1 1 1 2 1 1 2 1 2 2 4 1 4 1 4 2 1 2 3 4 4 2 1 1 1 2 3 2 2 3 2 2 1 2 1 1 1 2 1 3 3 2 1 3 1 2 3 3 1 1 1 2 2 3 2 1 3 2 1 2 1 1 1 1 2 3 5 3 2 2 2 1 2 1 2 2 2 1 3 3 2 1 4 3 3 2 3 2 1 1 1 1 2 1 1 4 2 1 1 1 2 2 1 2 1 1 2 1 1 2 4 2 2 1 2 1 2 1 1 6 1 3 2 4 2 1 2 2 1 4 3 4 1 1 3 2 1 2 3 2 2 2 1 1 2 3 2 1 2 4 1 1 2 2 3 1 1 1 2 1 1 1 2 2 2 1 2 2 3 2 1 3 2 1 1 2 2 2 1 4 2 1 2 1 2 3 3 1 2 1 1 1 4 1 2 3 2 1 2 2 2 2 2 1 4 3 3 1 3 3 2 1 2 2 2 1 2 2 4 3 2 2 1 1 3 4 1 3 1 1 2 2 5 2 2 1 3 3 3 2 1 3 2 1 1 2 1 5 2 1 4 2 3 1 2 1 3 2 2 1 1 1 3 2 1 1 3 3 1 1 1 2 5 1 2 2 1 2 1 2 1 3 2 2 3 1 1 4 1 2 1 3 1 2 2 1 1 1 4 2 1 1 2 1 1 3 3 3 3 1 1 2 1 2 3 3 1 3 1 4 1 2 1 2 4 1 1 1 1 4 1 1 2 2 1 1 2 1 2 1 1 3 2 1 3 1 1 1 1 2 2 2 1 1 1 2 2 2 2 1 3 3 2 1 3 2 1 3 2 2 1 2 1 1 3 4 3 1 3 2 2 1 2 2 2 2 5 1 4 2 3 1 3 1 1 1 1 5 3 4 1 2 2 4 1 2 1 1 4 3 1 2 3 1 2 1 3 1 1 1 2 2 1 2 1 1 1 3 4 1 1 2 1 3 2 3 2 1 3 2 2 1 3 5 2 1 2 1 1 3 2 1 1 1 2 5 1 2 2 2 2 1 2 2 1 1 1 3 2 1 2 2 1 3 3 3 2 1 3 2 4 1 2 3 4 3 2 4 3 4 1 1 1 4 1 1 2 2 4 3 2 1 3 1 1 2 5 1 1 2 4 1 1 1 3 1 2 3 2 2 3 1 1 1 1 1 1 1 1 2 2 4 2 5 1 1 3 2 3 2 1 3 2 3 2 3 2 2 3 1 1 1 1 1 2 1 1 1 1 1 2 2 1 4 6 2 2 2 4 1 3 2 1 3 2 2 3 3 3 1 1 1 2 4 2 1 1 1 1 2 1 1 1 1 1 3 1 1 4 2 1 1 1 2 3 2 1 1 2 1 2 1 3 2 1 3 2 4 1 2 1 2 1 1 1 2 1 2 3 3 1 1 1 1 1 2 1 3 4 1 3 3 1 3 1 1 2 1 3 3 1 1 1 1 4 3 1 3 3 2 2 1 2 2 2 2 1 1 1 1 1 2 2 2 1 2 2 1 2 1 2 3 3 2 3 1 1 2 3 3 3 1 2 2 2 1 3 1 2 1 1 2 2 1 1 1 2 2 3 1 1 1 2 2 2 2 2 2 1 1 3 1 3 2 1 2 1 1 3 2 2 1 3 2 1 3 2 4 2 7 2 2 1 2 4 2 1 4 3 2 1 2 1 2 1 1 1 1 1 4 2 2 1 3 1 3 1 3 2 2 3 2 1 3 4 5 2 3 1 2 1 4 1 2 1 3 1 1 1 3 1 1 1 2 2 1 3 2 1 2 3 1 4 3 3 1 2 2 3 2 4 1 2 3 1 1 1 3 2 2 3 1 4 1 2 1 2 1 3 2 1 1 3 1 2 1 2 1 3 2 2 1 2 2 1 1 3 3 1 1 1 3 1 1 2 2 4 4 3 1 2 1 3 2 1 2 2 1 2 3 2 1 2 4 3 1 2 1 4 1 1 1 1 2 1 2 2 2 2 1 1 1 1 2 2 1 1 1 2 4 2 2 1 1 2 2 2 1 1 1 1 1 2 2 2 2 1 2 5 2 2 1 2 1 1 1 2 3 1 1 3 1 1 1 2 1 4 2 3 3 5 1 2 4 3 1 3 4 4 1 3 1 2 3 1 2 1 2 2 1 2 2 1 1 3 6 2 2 2 1 3 1 1 3 3 3 4 1 3 2 1 1 5 3 1 2 1 1 1 1 2 1 2 1 1 1 2 1 1 2 2 2 2 3 1 1 3 1 1 4 5 1 1 2 3 1 1 3 2 1 2 1 1 1 3 2 1 1 3 1 1 1 2 2 4 2 1 2 1 2 1 2 1 2 2 1 4 1 1 3 1 1 1 3 3 2 1 2 1 1 2 2 1 2 3 1 1 2 1 2 3 1 1 1 1 3 2 4 1 1 2 3 3 2 2 2 2 1 3 1 4 2 1 2 1 4 5 1 3 4 2 1 3 4 3 1 1 6 1 5 1 1 3 1 1 2 1 4 1 1 2 2 1 3 2 2 2 1 1 2 2 2 2 2 1 2 2 2 3 2 3 2 2 5 2 2 3 2 1 2 2 4 2 2 2 4 2 2 1 4 3 3 1 1 2 2 3 6 2 1 1 1 1 3 4 2 3 1 1 2 2 1 2 1 2 3 5 2 1 2 3 1 1 2 2 2 4 3 2 1 2 2 2 2 1 4 1 1 3 2 3 1 3 2 1 3 2 1 4 1 4 1 3 1 1 1 1 2 1 1 5 1 3 1 1 2 1 2 2 3 1 4 1 1 5 2 1 4 2 1 2 3 1 3 1 1 2 1 1 2 3 1 1 1 2 1 4 1 2 1 1 1 1 2 2 4 3 3 2 2 2 4 2 2 3 4 2 1 2 1 3 3 3 3 1 2 5 3 3 3 1 4 1 2 1 2 2 2 4 2 1 2 4 1 2 3 1 2 1 2 2 2 3 1 1 1 1 1 2 2 5 1 1 1 1 2 4 3 2 2 3 3 1 1 5 1 4 1 2 2 3 1 1 2 1 1 1 2 2 2 4 1 3 2 3 2 3 1 1 2 3 1 1 2 3 1 1 3 1 2 1 1 1 1 2 2 3 3 1 2 1 1 1 2 3 5 6 1 4 3 1 2 2 1 1 2 1 3 2 1 1 3 1 2 3 1 2 1 5 2 4 3 1 1 1 2 2 2 1 1 4 3 1 2 1 2 1 2 2 3 2 1 2 2 1 3 1 1 1 2 1 3 2 1 1 4 4 2 1 2 1 2 1 2 1 2 1 1 1 3 1 2 2 2 1 3 1 2 1 3 2 2 1 3 3 1 2 1 1 1 3 1 2 2 1 1 5 4 2 2 2 2 2 1 4 2 2 2 1 1 1 1 3 2 2 4 1 1 3 2 4 1 1 1 1 1 4 1 2 1 1 1 1 1 4 1 1 2 1 1 1 2 1 3 1 3 2 1 1 1 2 1 2 2 1 1 4 3 4 1 4 2 1 2 1 4 3 3 1 1 1 4 2 2 2 2 1 1 1 1 1 1 3 3 3 2 2 2 1 1 3 1 1 1 1 1 2 1 2 2 1 3 1 2 2 2 2 1 3 3 1 2 2 1 2 1 1 1 2 3 1 1 1 1 2 1 1 2 3 2 2 3 2 2 3 1 2 1 1 1 2 3 2 4 1 1 3 1 2 1 3 4 4 3 1 2 2 2 3 2 2 2 1 2 2 1 1 2 1 2 3 1 1 2 2 2 3 1 2 2 1 2 1 2 1 4 1 3 1 1 2 2 4 1 1 3 3 1 1 1 3 1 2 1 2 1 1 2 1 2 2 3 1 2 1 3 3 3 1 4 2 4 2 1 1 3 1 1 4 2 3 1 3 2 2 2 2 4 2 1 2 2 1 6 3 3 6 1 1 3 1 2 2 1 4 1 2 3 2 4 3 2 1 1 3 3 3 1 1 1 2 1 1 2 1 1 3 2 4 1 1 2 3 1 1 4 1 2 2 3 3 3 4 1 5 1 4 3 2 1 4 3 1 1 1 2 1 1 1 2 3 3 1 3 1 5 1 2 1 1 1 3 1 1 1 2 1 1 4 1 1 4 3 2 2 1 3 2 3 1 1 2 1 3 1 3 2 1 1 2 4 1 1 1 3 5 2 3 2 2 2 2 4 1 2 5 3 2 1 4 2 1 1 1 1 2 1 4 2 1 4 2 1 3 3 1 2 1 2 3 4 3 3 3 1 2 1 3 1 6 2 2 2 1 3 1 1 2 3 1 1 1 1 2 2 2 2 3 2 2 1 1 1 1 4 1 2 1 3 4 2 2 1 3 3 1 2 1 4 2 1 2 1 1 1 2 3 2 3 2 3 1 1 2 2 4 2 2 1 3 1 2 4 1 5 1 1 1 1 1 3 1 2 2 3 1 3 2 1 2 1 1 3 2 2 3 3 3 2 1 2 2 2 4 2 2 2 1 2 3 1 1 4 1 2 2 4 2 1 2 1 2 2 2 2 2 3 1 3 1 2 2 2 1 2 3 1 1 3 1 1 3 1 2 1 1 2 1 1 1 2 1 2 3 3 5 1 1 5 1 1 1 1 1 1 3 2 1 2 2 1 1 1 1 2 3 1 2 1 2 2 2 2 2 1 1 2 3 2 1 4 1 2 2 1 2 3 1 2 1 3 3 1 5 2 3 1 1 1 2 5 2 3 1 1 3 2 2 1 1 3 1 1 1 2 1 2 4 2 3 3 1 1 2 2 2 1 2 2 2 3 3 1 2 1 2 2 4 1 3 2 1 1 3 1 3 3 1 1 2 1 1 2 1 1 3 1 2 1 1 4 1 1 1 3 2 1 2 4 2 3 2 3 1 1 2 1 4 4 1 1 2 1 3 2 2 1 1 2 2 2 2 1 3 2 1 2 2 1 1 1 1 1 1 1 4 2 1 1 2 1 5 1 3 1 2 1 2 1 1 3 5 2 1 1 2 1 4 1 6 1 4 3 3 1 2 2 3 2 1 1 3 3 3 1 2 2 1 4 2 2 4 2 4 1 4 4 2 2 3 2 2 1 1 3 2 2 2 2 1 1 1 2 1 3 4 1 2 3 2 1 3 3 1 1 3 4 2 4 1 2 2 2 6 1 2 2 2 2 1 1 1 1 1 1 4 3 3 3 1 1 2 1 1 2 3 2 4 1 2 1 3 4 1 2 1 1 2 2 1 2 1 2 4 1 4 2 2 2 2 1 3 1 1 1 2 2 2 2 1 1 4 1 2 1 2 1 3 1 1 1 1 1 2 1 2 2 2 2 2 3 2 1 1 1 4 1 1 1 2 1 1 2 1 3 3 4 1 3 5 3 3 2 1 3 3 4 1 1 1 1 4 1 4 1 2 3 2 1 1 1 2 1 1 1 4 1 3 2 1 3 2 3 4 2 3 1 2 1 3 2 1 2 2 1 3 1 4 1 1 1 1 3 1 2 3 1 2 1 5 1 1 3 1 2 2 1 2 3 1 2 2 1 3 2 2 2 1 1 1 2 1 3 3 5 2 1 2 3 3 2 1 2 3 1 1 1 2 2 1 1 2 1 3 2 3 2 1 3 1 1 3 1 3 1 2 1 2 3 1 1 1 2 1 1 1 3 2 1 2 1 2 3 3 3 2 1 1 2 1 1 1 3 4 1 3 4 2 2 2 1 1 3 1 1 1 2 2 2 3 3 5 1 3 1 2 2 1 2 1 2 2 2 3 1 2 1 3 2 1 1 1 1 1 1 2 2 1 3 2 1 1 4 4 1 5 3 1 1 1 1 1 2 4 1 2 1 1 2 1 1 3 1 3 2 1 3 1 2 3 2 1 1 2 1 4 2 1 1 2 2 3 1 3 1 1 2 1 1 2 4 1 1 1 1 2 1 2 2 2 2 1 2 1 1 2 2 1 1 1 2 4 2 1 1 2 2 2 1 3 2 1 1 3 1 1 7 3 1 4 1 3 4 3 2 1 3 1 1 1 2 1 1 1 3 1 2 1 1 1 2 2 2 1 2 2 2 1 2 1 1 3 3 1 4 2 3 3 1 1 1 2 1 1 1 3 2 1 3 1 5 1 1 3 1 3 1 3 4 1 2 1 1 4 2 4 1 1 3 1 4 2 2 5 2 1 2 1 2 2 2 3 2 1 1 2 5 1 2 3 2 2 3 1 2 1 1 1 5 2 2 1 1 3 1 1 2 3 1 2 1 1 1 2 2 4 1 1 1 2 1 2 2 2 1 1 2 2 2 1 1 1 1 3 2 3 2 1 6 2 1 2 1 3 3 2 1 3 1 2 1 1 2 5 1 1 2 1 3 1 3 1 2 2 3 3 1 1 3 3 1 2 4 1 2 1 2 2 2 3 2 2 4 1 1 1 2 1 2 1 2 2 1 3 2 1 5 1 1 3 1 2 1 2 2 1 1 1 2 5 4 4 3 2 1 3 4 1 1 1 1 1 1 1 2 2 1 4 1 2 2 2 1 3 1 1 1 1 3 2 1 1 1 3 1 2 2 2 2 1 3 2 2 2 2 2 2 2 3 2 2 3 1 1 3 3 2 1 1 7 3 1 1 2 1 2 2 4 2 4 2 1 1 1 2 5 1 2 1 4 1 1 2 3 2 2 1 2 2 1 1 1 2 1 1 1 1 1 1 1 3 2 2 3 2 1 2 3 2 1 1 2 2 1 1 2 2 3 3 2 2 2 2 2 2 4 1 2 1 3 2 2 3 3 1 1 1 2 3 2 4 1 2 4 1 1 4 5 1 3 2 2 2 3 1 2 1 1 4 2 2 1 4 1 2 1 2 3 3 2 2 1 3 1 2 3 1 2 2 2 4 3 1 1 1 2 2 3 1 2 2 2 1 4 1 1 3 2 1 1 2 2 1 3 2 1 2 1 2 3 1 1 3 2 2 3 3 5 3 1 4 1 2 2 4 3 1 1 1 3 1 4 1 1 1 1 1 1 2 3 1 1 1 1 2 1 1 3 2 2 2 3 2 1 1 1 1 4 3 1 1 1 1 1 1 3 2 3 1 1 2 4 3 3 1 3 3 1 3 3 1 1 1 1 1 2 2 3 2 1 1 1 1 1 2 3 2 1 2 2 2 1 2 3 2 5 1 3 1 1 1 3 1 1 2 1 3 1 1 2 1 1 3 1 1 4 1 4 1 2 1 3 1 3 2 1 2 3 1 2 4 1 1 2 1 1 4 1 1 3 3 4 2 1 2 1 2 4 3 1 2 3 1 2 2 1 3 1 4 1 1 2 2 1 4 1 2 2 1 3 1 1 1 2 6 2 1 2 1 1 2 2 1 1 1 2 1 3 2 5 2 1 2 2 3 1 4 1 2 2 1 2 3 2 3 2 1 1 2 3 2 1 5 1 5 5 1 1 4 1 3 3 1 1 1 4 3 2 2 3 3 3 2 2 1 1 2 2 1 2 3 1 1 5 1 2 3 4 2 2 1 4 1 1 2 1 2 2 3 1 1 3 3 3 3 3 2 3 1 2 1 2 2 4 3 2 6 4 2 2 1 1 1 3 2 5 3 1 1 1 4 2 1 1 2 3 1 2 3 2 2 1 2 1 1 2 1 2 1 2 4 2 2 4 2 1 2 7 2 2 2 1 1 1 6 1 2 1 2 4 2 1 1 3 2 3 2 2 5 1 2 2 3 2 4 1 1 3 3 1 1 2 3 1 3 2 2 2 1 1 5 2 5 3 1 3 2 1 1 1 4 2 2 1 1 3 3 2 1 3 1 1 1 2 4 1 2 1 2 2 3 1 1 2 2 2 3 4 1 3 1 3 2 1 3 3 2 1 1 1 1 1 1 7 2 1 3 3 1 1 4 2 2 1 3 2 1 1 2 2 1 1 2 1 1 1 4 2 2 1 3 3 1 5 3 2 2 2 1 2 1 3 2 1 2 1 1 2 2 3 1 1 1 1 1 3 2 1 1 2 2 4 2 3 3 1 4 5 2 1 1 2 2 1 2 1 2 2 2 2 1 1 4 1 2 3 1 1 1 1 2 2 4 1 1 1 2 2 2 3 2 6 2 1 1 1 3 3 3 2 1 1 1 1 2 2 1 2 4 2 3 2 3 3 1 2 3 2 2 1 1 1 3 1 1 3 2 1 1 2 1 3 1 1 1 3 2 3 1 5 3 2 1 3 2 1 3 2 1 2 1 3 1 2 1 2 2 1 2 3 3 1 2 1 2 3 1 1 3 4 1 3 2 2 2 1 4 3 1 3 1 4 1 1 1 1 3 4 1 1 1 2 1 1 2 1 1 1 2 1 2 1 3 4 3 2 2 2 1 3 3 2 5 5 2 2 4 1 3 1 3 2 3 1 2 5 1 3 2 3 1 2 2 1 3 2 1 5 2 3 1 1 3 2 1 2 4 4 1 2 2 1 2 1 5 1 3 2 2 1 2 1 1 1 3 1 1 1 1 1 2 3 1 1 1 2 1 1 2 1 2 1 2 2 2 2 1 2 2 5 1 3 1 1 1 1 2 2 1 3 1 4 3 2 2 1 3 3 2 2 2 3 1 3 2 2 1 2 2 2 2 1 2 3 4 1 5 1 2 2 2 4 3 4 3 2 3 2 1 2 3 3 3 1 3 1 1 3 2 1 2 2 2 2 3 2 2 2 2 2 2 3 1 2 1 2 1 3 3 2 3 1 1 1 2 1 2 1 4 3 4 1 2 3 2 2 2 2 2 3 2 5 1 1 1 2 2 4 3 4 4 1 2 3 1 2 1 3 3 1 3 1 2 1 1 2 5 3 1 1 2 3 7 2 4 2 4 2 3 1 1 1 3 2 5 1 1 1 5 1 3 1 1 4 2 2 1 1 3 5 1 1 1 3 2 1 2 2 2 3 1 4 1 1 1 1 3 1 2 4 1 4 1 2 2 1 2 2 1 2 1 4 1 1 1 2 2 2 3 2 1 1 1 1 4 2 2 1 1 1 3 1 3 1 2 1 1 2 3 1 2 2 1 1 1 1 3 1 2 1 3 5 1 3 1 1 1 1 1 2 1 2 3 1 1 1 1 1 2 5 2 5 2 2 2 2 4 1 3 2 2 1 2 1 1 2 2 4 1 2 2 1 6 1 1 2 2 2 1 2 1 1 1 3 1 1 1 3 1 2 1 1 1 4 1 3 1 2 1 1 2 1 2 5 6 2 1 1 1 2 1 1 1 3 1 4 3 1 2 1 3 2 1 4 1 1 1 2 1 3 1 1 2 1 2 2 1 2 3 3 1 2 1 1 2 1 2 1 1 2 1 2 1 1 2 1 2 1 2 3 1 3 3 4 1 1 1 2 1 3 2 2 2 1 1 3 1 2 3 1 1 1 4 1 2 2 1 1 3 2 2 2 1 1 1 2 2 1 1 1 2 2 1 2 1 3 3 1 2 1 1 2 1 1 1 1 1 4 1 1 1 2 5 1 4 1 1 1 4 2 1 2 2 4 1 1 1 3 3 1 3 3 1 2 2 2 2 2 1 4 3 1 1 2 4 2 3 1 2 1 1 5 3 1 1 4 2 3 1 1 2 1 2 3 2 3 1 2 3 1 2 1 1 2 2 2 2 1 2 2 2 2 3 2 2 2 1 1 2 3 1 1 1 2 2 1 1 1 1 1 2 1 1 1 1 1 1 1 3 1 3 4 3 5 1 4 1 1 1 1 1 3 2 1 4 2 3 1 1 2 3 1 3 1 2 3 3 1 1 1 2 1 2 3 2 1 1 2 1 1 2 1 1 2 2 3 1 1 1 1 1 3 2 2 1 5 1 2 5 2 2 1 1 3 4 2 2 1 2 1 1 1 2 3 3 3 2 1 2 1 2 2 2 6 1 3 2 1 1 1 3 4 2 2 2 2 3 1 2 2 2 1 1 1 3 2 1 2 3 1 3 3 2 2 3 3 2 1 1 1 4 1 1 3 4 1 3 2 2 1 2 2 1 2 1 2 2 3 1 2 1 1 1 2 1 3 1 2 1 1 1 2 1 2 1 2 1 2 2 1 1 3 3 1 3 3 1 3 2 2 2 4 2 1 4 1 3 2 1 1 1 1 1 4 1 1 2 2 1 1 1 1 1 1 6 2 2 3 4 2 3 2 1 1 1 3 3 1 1 1 1 1 2 2 1 1 1 3 5 1 1 1 1 3 4 2 2 1 1 2 2 1 2 2 2 1 4 2 4 2 2 1 2 1 4 3 2 5 2 4 1 1 4 4 1 3 2 3 2 1 1 1 4 1 4 2 3 2 2 1 1 2 2 2 1 2 2 3 3 1 1 1 1 1 4 1 1 3 2 1 2 2 1 3 3 5 1 1 1 1 4 4 1 2 1 2 3 1 1 2 3 2 2 3 1 1 1 5 2 1 5 1 3 1 4 1 1 3 2 3 1 2 2 4 1 2 2 2 2 1 1 2 2 1 1 3 2 2 1 2 1 1 2 2 2 1 2 3 1 3 2 3 2 1 1 2 1 2 2 2 2 1 3 1 4 2 1 1 1 2 1 2 1 1 2 1 3 1 1 2 2 4 1 2 1 3 5 2 2 4 2 4 1 2 1 1 2 3 1 2 1 1 3 2 1 2 3 2 2 1 2 2 1 1 2 2 1 1 3 2 2 4 3 1 1 3 2 1 1 1 2 2 2 1 2 1 3 1 3 4 2 2 1 5 2 2 1 1 2 2 1 2 2 2 3 1 2 4 1 2 1 1 2 4 2 1 5 2 1 3 1 1 2 4 3 1 2 1 1 1 1 1 2 3 2 2 2 1 4 1 2 2 4 1 3 1 1 1 3 2 3 2 2 2 4 2 1 1 2 2 2 1 2 3 1 1 1 3 5 4 1 2 2 1 2 2 1 2 3 3 3 1 2 2 2 3 3 1 1 1 1 4 2 1 1 1 2 2 1 2 2 2 2 1 2 2 3 4 1 1 1 1 6 2 2 2 4 4 1 2 1 1 1 1 3 3 2 1 1 2 1 4 3 2 1 2 1 1 2 2 3 2 5 3 5 1 1 4 3 2 1 1 2 2 1 1 1 1 1 2 1 1 2 3 2 2 1 1 2 1 3 2 2 1 4 3 1 2 1 2 2 4 2 3 3 3 1 1 3 2 1 1 2 1 5 1 1 1 2 1 1 1 1 1 1 1 2 1 1 1 3 1 2 2 1 1 1 1 2 4 1 1 1 3 3 2 2 1 1 1 1 3 2 1 5 2 1 1 2 3 2 2 1 2 2 1 3 3 1 2 1 1 4 2 1 1 1 3 6 4 1 3 1 2 2 2 2 2 1 1 4 3 1 1 1 1 2 1 3 2 1 3 1 2 2 2 2 1 1 1 2 3 2 1 4 2 1 2 2 1 3 1 1 2 1 1 1 2 1 3 1 1 2 1 2 2 2 3 4 2 1 1 2 1 4 1 2 3 1 5 3 1 2 1 2 1 1 2 2 1 2 3 3 2 2 2 3 3 2 2 1 1 3 2 3 2 1 4 2 4 1 5 2 2 1 1 1 5 2 1 1 4 2 1 4 3 2 4 2 3 4 1 2 1 4 1 1 2 3 1 3 3 2 1 1 2 2 1 3 3 2 1 3 1 2 1 2 1 1 2 2 5 4 2 3 3 1 3 3 2 1 2 3 3 1 6 1 1 2 1 3 1 1 3 2 1 1 1 2 2 1 4 3 2 1 2 2 1 1 3 1 1 1 2 1 1 1 3 1 2 1 1 3 3 1 2 1 2 4 2 1 1 3 4 2 2 3 3 2 3 4 1 2 3 2 3 1 1 3 1 3 2 3 2 3 1 3 1 2 4 2 4 1 1 1 1 2 4 3 3 1 1 2 1 1 3 3 1 2 1 2 1 2 2 2 3 4 1 1 5 3 1 2 2 1 1 2 4 2 1 4 2 2 1 1 1 4 1 1 2 1 1 1 3 1 2 3 1 2 5 2 1 2 5 1 1 4 4 2 1 1 4 4 2 1 1 1 2 4 1 1 2 2 2 2 1 4 3 2 1 1 1 1 6 1 2 5 1 2 1 3 1 1 3 2 5 4 2 4 5 1 2 4 3 1 1 2 2 1 2 4 1 2 1 2 2 1 2 2 2 5 4 1 2 3 1 1 1 3 2 1 2 2 1 5 3 4 2 1 3 2 1 4 1 3 2 2 2 3 1 1 1 2 1 2 3 2 1 2 2 1 1 1 5 1 2 1 2 4 2 2 1 1 1 3 1 1 3 1 2 1 5 2 1 2 2 1 2 4 1 2 4 1 1 1 1 2 1 3 2 3 2 3 1 2 2 2 3 1 2 1 1 1 3 2 2 1 1 1 2 1 2 1 1 3 1 1 2 1 3 2 1 3 2 4 1 3 2 1 3 1 1 2 1 1 1 1 1 4 2 2 1 1 1 4 1 1 1 2 1 1 1 2 5 1 1 1 2 2 1 2 2 1 2 1 1 2 1 2 4 2 1 1 2 3 2 2 2 1 1 2 1 2 3 3 4 2 1 1 3 1 1 3 2 1 2 3 2 2 1 3 2 2 3 4 2 1 2 2 1 2 3 2 4 1 4 2 4 1 1 4 1 4 1 2 2 2 2 2 2 4 8 1 1 1 1 5 2 1 1 2 1 3 3 2 1 4 1 3 2 1 1 1 1 1 4 2 3 2 1 1 1 1 1 2 2 1 1 2 3 3 3 1 2 3 1 2 1 1 4 2 3 4 2 1 4 1 3 2 1 1 1 3 3 5 2 2 2 2 4 4 3 1 2 2 4 1 3 1 5 2 2 3 2 3 3 1 1 2 1 1 3 2 3 1 2 3 1 2 2 2 1 4 3 2 1 3 3 1 1 1 2 3 2 3 2 6 2 3 2 3 3 2 4 1 3 4 4 1 2 1 1 1 2 1 1 2 2 1 3 2 3 2 2 1 1 3 4 1 1 2 1 1 3 2 3 2 2 3 1 2 3 2 4 2 2 1 1 1 3 2 3 1 2 1 3 4 1 2 4 4 3 3 1 2 3 2 2 2 1 2 1 1 2 2 2 1 2 1 2 1 3 2 6 3 2 4 2 1 2 3 2 3 2 2 1 3 1 1 1 3 1 2 2 1 1 4 1 3 4 2 4 3 1 2 4 1 1 1 4 2 2 2 1 2 2 3 2 2 2 2 1 1 4 4 1 1 4 2 1 1 1 5 1 2 1 6 1 1 5 1 2 1 1 1 1 1 2 3 1 2 1 1 2 2 1 3 1 3 2 2 2 1 1 2 4 4 2 1 1 2 1 1 1 2 1 1 1 1 3 1 2 3 2 1 1 1 1 3 1 2 1 1 4 2 2 1 1 3 1 1 1 4 1 3 2 3 3 1 1 1 2 1 1 2 1 2 1 3 4 1 1 2 4 2 3 2 1 1 1 4 2 2 2 1 2 1 2 3 1 1 4 1 1 1 2 1 2 4 1 2 2 2 3 1 2 1 4 1 2 2 1 3 1 1 2 1 2 1 2 2 1 3 2 6 1 1 4 2 1 1 5 2 3 1 2 1 1 1 3 1 3 1 4 2 1 3 1 1 2 1 2 3 1 1 1 1 2 3 3 2 2 1 1 1 1 1 1 1 2 5 3 1 1 2 1 2 2 1 3 2 2 1 1 1 3 1 1 3 2 2 1 2 3 2 1 2 2 4 2 1 2 2 2 2 3 2 1 1 1 1 3 1 1 3 1 3 2 1 1 2 1 1 2 1 2 2 1 1 1 3 2 1 3 1 1 2 1 2 4 4 2 1 1 2 1 4 1 1 2 1 3 1 2 2 2 1 1 2 2 4 2 1 1 1 2 1 3 3 2 2 1 1 2 2 1 1 2 1 1 3 2 1 1 3 1 2 1 2 2 1 1 1 3 2 1 1 3 1 2 1 1 3 2 4 1 2 5 2 1 1 1 1 2 3 1 1 2 4 1 3 6 4 3 4 1 2 2 3 1 3 2 1 1 1 2 1 2 1 1 1 1 1 3 1 2 2 1 1 2 1 2 3 2 1 1 2 3 2 5 2 4 1 2 2 2 1 2 1 1 1 1 2 1 1 4 2 2 4 1 3 3 2 1 2 4 3 1 1 4 1 1 1 1 1 1 2 1 1 2 1 3 1 3 2 1 4 3 3 3 2 2 1 2 1 1 3 1 1 1 3 1 1 2 2 1 1 2 4 4 3 3 1 2 2 1 1 2 3 2 3 1 1 2 2 1 4 1 2 1 1 1 1 1 2 3 1 4 2 3 1 4 4 2 2 1 4 1 1 1 5 2 5 1 2 3 1 1 4 1 2 4 3 2 2 1 2 2 1 2 1 2 2 3 2 3 2 4 1 3 2 3 3 1 1 1 1 1 3 3 3 1 2 2 2 1 2 1 2 1 2 3 3 1 2 1 1 2 2 2 2 2 1 2 1 2 2 4 1 2 3 1 2 1 1 3 3 1 2 1 2 1 1 1 1 4 3 2 2 1 1 1 2 3 1 5 2 1 3 2 3 2 3 2 2 2 5 1 2 2 1 3 2 1 1 4 1 1 2 1 1 1 2 1 2 1 2 3 2 1 2 1 1 1 1 2 2 4 1 2 5 3 1 5 2 3 1 2 2 4 1 2 1 2 2 3 1 2 1 1 3 1 5 2 2 1 3 3 1 1 1 2 3 3 2 3 3 5 1 1 1 1 1 1 1 1 1 3 2 1 1 1 2 1 1 1 1 5 1 1 2 1 4 1 1 1 2 3 2 2 1 1 1 2 1 1 1 3 1 3 1 1 1 2 1 3 2 1 1 1 2 2 2 2 2 4 3 2 1 2 1 2 2 2 1 3 3 1 2 1 1 1 4 1 1 2 2 2 2 3 2 1 1 3 3 3 1 4 1 3 2 3 1 3 2 1 1 1 3 1 1 1 2 2 1 3 1 1 1 3 1 3 3 1 4 2 5 1 1 2 1 2 2 3 1 4 1 2 2 1 1 1 1 2 5 1 3 2 1 1 1 3 1 1 2 1 1 3 1 2 2 2 1 2 1 1 3 1 1 1 3 2 1 1 1 3 4 3 4 1 1 1 4 1 2 9 4 2 3 1 2 1 3 2 2 2 3 3 1 1 4 3 1 1 2 1 1 3 1 1 2 1 1 1 3 1 2 2 2 2 2 2 2 1 1 1 1 5 1 1 3 2 1 1 2 1 2 1 1 1 1 3 2 2 2 1 2 2 1 3 3 2 1 5 2 3 2 2 1 1 1 1 1 3 1 2 2 1 1 1 2 1 1 2 3 2 3 1 2 3 2 1 2 2 2 2 1 1 1 2 1 1 3 2 2 1 1 2 3 3 1 2 3 1 1 4 1 2 3 3 1 2 2 2 1 3 2 2 1 3 2 3 1 3 2 1 2 1 2 2 1 1 1 1 1 2 2 2 1 3 2 1 3 1 3 2 1 4 2 2 5 2 1 2 2 1 3 2 1 1 2 2 1 1 2 2 1 3 5 2 1 1 1 2 2 2 3 2 5 1 1 2 2 4 1 1 2 3 2 3 1 3 2 4 1 3 1 1 1 1 3 1 1 4 3 4 2 1 1 1 3 2 1 1 3 1 2 2 2 2 1 5 1 1 1 2 2 1 1 2 1 2 1 3 1 4 2 1 4 2 1 2 2 1 2 2 3 3 1 2 4 2 4 1 1 1 1 3 1 3 1 1 1 1 1 1 1 1 1 1 3 2 1 2 2 3 2 1 2 1 1 2 1 2 1 3 2 1 2 1 1 3 1 3 3 1 2 1 1 1 1 1 1 1 1 4 4 2 3 4 3 2 3 4 3 1 2 3 3 1 2 2 1 3 4 1 2 2 3 1 2 1 2 1 4 1 2 2 1 3 1 2 1 3 4 1 1 1 1 3 2 2 4 2 4 2 3 2 1 1 2 1 3 2 1 2 1 1 3 1 3 1 2 3 1 1 1 1 1 1 1 2 2 1 1 2 2 1 3 3 1 3 1 3 1 2 2 1 1 2 1 3 2 4 2 2 2 1 3 1 2 1 2 1 1 2 2 1 2 2 2 1 1 1 2 3 1 2 1 3 3 1 1 5 4 2 3 1 1 1 1 1 2 1 2 2 2 2 1 2 1 2 2 2 2 2 2 1 2 1 1 3 4 1 2 2 2 1 1 2 2 1 1 1 2 2 4 1 3 3 1 1 1 1 3 1 3 1 2 2 1 3 1 3 1 2 1 1 3 3 1 2 2 5 1 2 2 3 1 2 1 1 1 2 3 1 2 2 1 2 5 2 2 2 3 2 3 2 1 1 1 4 2 3 3 1 3 3 3 1 2 1 1 1 3 1 4 3 3 2 2 2 1 4 5 2 3 1 1 5 1 1 2 1 2 3 2 2 2 3 2 2 2 2 2 1 1 3 2 2 2 3 1 2 1 1 2 1 3 1 2 2 2 1 1 1 7 2 2 2 2 3 2 4 2 4 2 1 3 2 2 2 2 1 1 1 2 2 1 1 1 2 1 3 1 1 1 1 1 1 1 2 1 3 2 3 2 2 1 1 2 2 2 1 3 1 3 2 2 2 3 1 3 1 1 2 1 5 1 2 2 1 1 1 1 1 3 1 2 1 1 3 1 1 2 2 2 1 2 2 2 1 2 2 4 2 1 2 1 2 2 2 1 1 1 1 4 3 2 1 1 3 1 2 1 1 4 2 2 1 1 2 2 1 3 3 3 2 1 1 2 3 1 2 5 1 1 3 1 1 3 3 1 2 1 2 1 1 3 1 2 1 1 3 2 1 2 1 3 2 1 1 1 1 1 1 3 2 3 1 1 2 1 1 1 2 1 1 2 2 2 2 3 1 1 1 2 1 2 1 1 5 5 2 2 1 1 2 1 1 2 4 1 2 4 1 2 5 1 3 1 3 2 2 1 1 3 2 2 4 4 2 1 1 1 1 1 2 2 3 2 2 3 1 4 3 1 1 4 4 2 3 4 1 2 1 3 2 2 3 2 1 1 1 1 2 3 1 1 2 2 2 2 2 4 2 1 2 1 4 1 1 1 2 4 1 4 3 1 2 2 1 2 1 2 2 4 4 1 1 1 1 3 1 2 1 3 1 3 2 1 1 1 1 1 1 2 3 6 4 2 4 1 1 4 2 1 1 1 1 1 2 1 1 5 1 2 1 2 4 1 3 2 1 1 1 1 4 4 2 1 2 3 3 1 2 2 3 1 3 4 2 3 2 2 1 1 2 2 1 4 3 2 2 1 1 1 1 4 2 3 1 1 3 2 2 3 3 3 1 4 1 1 1 3 4 4 3 3 1 2 3 1 1 1 1 1 2 2 1 2 1 2 2 3 1 1 3 1 3 1 2 3 1 1 3 3 1 2 1 2 2 4 4 2 1 2 
  #Test Small 18370
  #Test Medium 39935
  #Test Large 62731
