Board size [mm] 200x200

Stats side 1
  #Components with background 26
  #Components with points 195
  #Components nofly 4
  #Components notouch 4
  #Pins 49216
  #GNDs 1545
  #VDDs 1315
  #Clock 13
  #NoFly points 590
  #NoTouch points 708
  #Points [total] 53387

Stats side 2
  #Components with background 27
  #Components with points 154
  #Components nofly 1
  #Components notouch 2
  #Pins 48345
  #GNDs 1301
  #VDDs 1039
  #Clock 13
  #NoFly points 138
  #NoTouch points 340
  #Points [total] 51176

Stats board (side 1 + side 2)
  #Components with background 53
  #Components with points 349
  #Components nofly 5
  #Components notouch 6
  #Pins 97561
  #GNDs 2846
  #VDDs 2354
  #Clock 26
  #NoFly points 728
  #NoTouch points 1048
  #Points [total] 104563
  #Nets 95575
    Net Size: 2846 2354 26 2 1 1 1 2 2 1 4 2 2 3 1 3 1 1 1 2 1 1 2 2 1 3 3 2 2 1 2 3 1 2 2 4 3 1 1 1 3 1 1 1 1 1 2 1 2 1 2 3 1 2 1 1 3 3 1 1 2 1 1 1 1 1 2 1 1 2 1 2 1 2 2 2 2 1 2 1 3 1 2 2 1 1 2 1 1 2 1 1 1 1 2 2 1 2 1 1 1 1 1 3 1 2 2 1 2 2 1 1 3 1 2 1 3 1 2 1 1 1 2 1 3 1 4 1 2 2 3 2 2 1 1 1 2 2 2 1 5 1 1 2 2 3 1 1 3 2 2 1 3 2 1 2 1 1 2 1 1 1 1 1 1 2 1 2 2 1 3 2 1 2 1 1 1 1 1 4 1 1 1 1 1 1 1 1 1 2 1 1 1 1 2 2 1 1 2 1 4 2 1 1 2 1 2 1 2 1 1 1 1 2 2 1 1 3 2 1 2 2 1 3 1 6 1 1 1 1 1 1 1 1 1 2 2 2 1 1 1 2 2 1 1 1 1 3 3 1 1 2 1 1 1 3 1 2 2 1 1 1 1 1 1 2 1 3 2 1 2 2 1 2 1 3 2 1 1 1 2 1 1 2 1 2 3 1 2 2 1 3 3 2 1 2 2 2 2 1 2 1 2 2 1 1 1 2 2 1 1 1 2 1 2 2 2 2 2 4 1 2 1 2 2 1 1 2 2 1 1 1 3 4 2 2 2 1 1 1 2 2 1 1 1 2 1 3 1 2 2 1 1 2 1 1 1 1 1 1 2 1 1 2 2 1 2 1 1 1 2 1 2 2 3 1 3 1 1 1 1 2 2 2 1 3 3 2 2 1 6 1 1 3 1 2 1 1 1 2 1 2 1 1 2 2 2 1 2 2 2 1 1 3 1 1 2 1 1 1 1 2 2 1 1 1 3 1 2 2 1 1 1 1 1 1 2 2 2 2 2 2 1 1 2 1 4 3 1 1 2 1 1 1 1 1 1 3 1 1 3 1 2 1 2 1 2 1 1 3 2 1 1 1 1 2 2 1 1 1 2 2 2 2 1 3 2 1 3 1 1 1 1 1 1 1 1 1 1 1 1 2 1 3 1 1 3 3 2 2 1 1 1 1 1 2 1 1 3 2 1 2 3 2 2 2 2 1 1 4 1 2 1 1 1 1 2 2 1 2 2 1 1 2 2 1 3 1 2 2 2 1 1 2 1 2 3 1 2 1 1 2 1 2 1 1 1 1 1 1 1 1 1 1 1 3 1 1 1 1 1 1 1 1 1 3 1 1 3 1 2 1 1 1 2 1 1 1 2 2 4 1 2 1 1 3 1 1 1 1 1 1 2 1 1 2 1 1 1 1 3 1 1 1 1 2 1 1 1 3 1 1 1 2 1 1 3 3 2 2 2 1 1 2 1 2 1 1 2 1 2 1 2 1 2 1 2 3 3 2 1 1 3 2 1 3 2 2 1 1 1 1 1 1 1 1 2 1 3 1 1 1 1 3 2 1 1 2 4 4 1 2 1 3 2 2 2 1 1 2 2 1 1 1 1 1 1 1 1 1 1 2 1 1 1 1 1 3 3 2 2 2 2 3 1 2 2 2 2 1 1 1 1 4 2 1 1 3 1 1 1 2 1 1 3 1 3 3 2 2 2 2 3 1 4 1 2 1 1 1 1 1 1 1 3 1 1 2 3 3 3 2 1 3 3 1 1 1 1 2 3 2 1 1 1 2 1 2 1 2 2 2 2 1 3 2 2 1 1 1 2 1 1 1 1 1 2 2 2 1 2 1 1 1 1 5 2 1 3 1 3 6 1 2 3 2 2 2 3 1 2 2 1 1 2 3 3 1 1 1 1 1 2 2 4 1 2 1 2 1 3 1 1 2 1 2 1 4 3 1 1 1 3 1 3 2 3 3 1 2 2 2 1 1 2 1 3 1 2 2 1 1 1 2 2 2 1 1 3 2 2 1 3 1 2 2 2 1 1 1 2 3 2 1 1 2 2 1 3 1 3 2 3 1 1 2 3 2 1 1 2 3 1 2 1 1 1 3 2 1 2 2 5 1 3 2 2 4 1 2 2 1 1 2 1 2 1 1 4 1 1 1 2 2 2 2 1 3 1 4 3 1 2 2 2 1 1 1 1 1 2 2 2 1 1 3 2 1 3 1 1 1 1 1 1 1 1 2 1 2 2 1 2 1 1 1 2 2 2 2 1 1 3 1 2 1 1 2 2 2 1 2 2 1 2 2 2 1 2 1 1 1 1 2 3 1 2 1 2 1 1 1 2 2 4 1 2 1 1 1 2 2 1 2 1 3 2 4 3 3 2 3 1 1 1 3 2 1 1 2 2 3 1 1 3 1 4 2 1 1 2 1 3 1 2 2 1 1 1 2 2 2 2 1 1 2 2 1 5 2 2 2 1 1 2 1 1 1 1 4 2 1 4 1 3 4 3 2 2 2 2 3 2 1 1 4 1 1 2 1 1 1 2 1 1 1 3 3 2 1 2 1 1 1 1 1 1 2 1 1 1 1 2 1 2 1 4 1 1 1 1 1 2 1 1 1 2 3 2 1 1 1 4 1 2 2 2 1 1 4 2 1 1 1 2 2 2 2 3 3 1 5 2 1 2 1 1 1 2 2 2 2 1 1 2 2 2 1 3 1 4 2 4 1 3 1 3 2 2 2 1 3 1 1 1 3 1 2 1 1 1 1 1 3 3 2 1 3 1 2 3 4 2 4 1 2 1 1 3 2 1 1 1 1 2 2 1 2 3 1 1 1 1 1 1 1 3 3 3 3 1 2 1 1 2 3 2 2 1 2 2 1 3 3 3 4 2 2 1 2 2 1 3 1 1 1 1 3 2 1 2 3 1 1 3 1 3 1 2 1 2 3 1 2 4 1 1 2 1 3 1 2 1 5 2 4 1 1 1 2 3 1 1 2 1 2 1 1 1 1 1 2 4 2 2 2 3 1 3 1 2 1 1 1 2 2 1 2 2 2 2 1 1 4 2 1 1 2 1 2 1 1 1 1 1 1 2 1 1 3 3 2 1 1 1 3 2 1 2 2 1 1 4 3 1 1 1 2 1 3 1 1 1 2 3 1 2 1 1 4 1 3 1 4 3 2 1 1 1 2 2 4 1 1 1 3 1 2 4 1 1 2 2 1 1 1 1 3 2 1 1 1 1 1 5 1 4 4 2 2 4 2 4 4 1 1 1 1 1 1 1 2 2 1 1 1 2 6 1 2 1 1 1 1 2 3 1 2 3 3 1 3 1 1 1 2 2 1 1 2 1 1 3 1 1 1 2 2 2 1 1 1 1 1 1 1 1 1 2 2 3 1 3 2 1 1 1 1 1 1 1 2 2 1 1 1 1 1 1 1 2 2 2 2 1 2 3 2 1 4 1 2 1 1 1 1 1 2 1 1 1 3 1 2 2 2 1 1 1 1 2 4 3 2 1 1 2 1 1 1 2 1 4 2 1 2 1 2 1 2 1 1 2 2 1 1 1 1 1 3 3 1 4 1 1 1 1 2 1 2 1 1 4 1 1 2 1 1 2 2 1 2 2 2 1 1 1 1 1 2 1 1 1 1 3 1 2 2 1 3 1 1 1 1 2 1 1 1 1 1 1 1 2 1 3 3 2 2 4 1 1 3 2 2 1 1 2 2 1 1 2 1 1 2 2 1 1 1 1 1 4 2 1 1 1 2 1 1 1 1 1 2 2 1 1 3 2 1 2 2 1 1 1 1 1 1 2 1 1 1 1 2 2 3 1 4 2 2 2 3 2 1 1 1 1 2 1 1 1 2 2 1 1 2 1 2 2 2 1 2 1 3 1 4 2 1 2 2 2 1 3 1 1 2 2 2 1 1 2 2 1 1 1 2 4 1 1 4 1 2 1 2 1 3 1 3 2 2 1 1 3 1 1 3 2 2 1 1 1 1 2 3 2 1 2 2 2 1 4 1 1 3 1 2 1 2 1 2 1 1 3 1 2 1 1 1 1 1 1 3 4 2 1 1 1 2 1 1 1 1 2 1 1 3 1 2 2 3 1 1 1 1 2 2 2 1 1 2 1 1 1 2 3 1 2 1 1 1 1 1 1 1 2 2 2 3 2 1 1 3 4 3 2 1 4 1 1 2 3 1 3 1 3 1 1 5 2 2 5 1 1 1 2 3 1 1 2 1 2 2 2 1 1 2 2 2 1 2 2 3 1 1 2 1 4 1 1 1 3 1 1 2 2 1 1 1 1 1 2 2 4 1 1 2 1 1 1 1 1 2 1 2 1 3 2 3 2 2 1 4 2 2 2 1 3 3 1 1 2 2 2 2 1 1 1 1 1 2 1 1 3 1 1 2 2 3 1 2 3 1 1 1 1 3 1 1 4 1 2 2 1 2 2 2 1 1 1 3 1 1 3 1 1 3 1 1 3 1 2 2 2 2 2 2 1 3 2 2 1 1 2 2 1 1 1 2 1 2 2 1 1 1 1 2 2 3 2 3 1 3 1 1 2 3 3 2 2 1 1 1 1 1 1 1 2 2 3 1 2 1 1 2 1 1 2 1 2 1 1 1 2 1 3 1 1 3 1 1 1 3 1 1 1 2 3 1 1 1 1 2 5 3 1 1 1 1 1 2 3 1 1 1 3 3 2 2 1 3 2 2 1 1 2 1 3 2 2 4 1 1 2 1 1 3 1 1 3 2 1 1 4 1 2 2 1 2 1 1 1 2 2 3 3 2 1 1 2 1 1 1 1 1 1 2 4 4 1 3 1 2 4 2 1 1 2 1 1 2 1 1 1 1 1 1 1 2 2 3 1 3 2 1 2 2 1 2 2 1 2 1 1 2 1 1 1 3 2 3 1 1 3 4 1 2 5 2 1 3 1 2 1 1 1 2 1 2 1 1 1 2 4 1 3 1 2 2 2 2 3 1 2 1 1 2 2 3 4 2 3 1 1 2 1 1 1 2 3 2 3 5 1 1 2 1 1 1 1 2 1 3 1 1 3 3 1 2 1 2 2 3 1 1 1 2 2 3 3 2 2 1 1 1 2 3 3 2 3 1 1 3 2 3 2 4 2 1 1 2 1 1 1 3 1 2 1 2 1 1 1 1 4 1 4 1 1 2 3 1 4 2 2 1 1 2 2 2 1 1 2 3 1 1 1 1 3 1 3 2 1 1 1 1 2 3 1 1 3 1 2 1 3 3 1 1 2 1 1 1 1 1 1 2 2 1 2 1 1 1 1 3 1 1 2 1 1 2 1 2 1 1 1 2 5 1 1 2 1 1 1 1 3 1 2 2 2 1 1 1 1 1 2 1 4 1 1 2 1 2 2 5 1 1 1 1 2 3 2 1 1 4 3 1 1 2 2 2 1 1 1 2 2 2 1 1 1 1 1 2 3 2 1 1 1 1 2 1 1 4 1 1 1 2 1 3 1 1 3 4 2 1 2 1 1 1 1 1 1 1 1 1 1 1 4 1 1 1 3 3 2 1 1 2 1 2 1 1 1 2 1 2 2 4 1 4 1 2 2 1 1 4 2 2 1 1 2 1 2 1 2 1 1 2 1 1 1 1 2 1 1 2 1 1 1 1 1 2 2 1 2 2 1 1 1 1 2 1 1 2 1 1 1 1 3 1 1 1 5 1 1 1 1 2 3 1 1 1 1 1 2 1 2 1 4 1 1 5 2 1 1 1 1 1 3 1 1 3 2 1 2 1 3 1 2 1 2 2 2 2 1 2 2 2 3 2 2 1 1 2 1 2 1 3 1 1 1 1 1 2 1 2 1 1 1 1 1 1 1 1 3 1 1 1 1 1 2 1 2 1 2 1 2 3 3 1 2 1 1 2 1 1 2 1 1 2 1 1 4 1 1 2 1 3 2 1 2 1 1 2 1 3 3 1 1 1 1 3 1 1 1 1 1 1 1 2 2 2 3 1 1 1 1 2 1 2 2 1 1 1 2 1 1 1 1 2 1 2 1 4 1 1 3 2 1 1 1 2 2 2 2 1 1 2 2 1 3 1 2 4 3 2 1 1 1 2 2 3 1 3 2 2 1 1 2 1 1 1 1 1 3 2 1 3 1 2 1 3 1 1 1 2 1 2 2 1 1 1 1 2 3 1 2 2 1 1 1 1 1 1 1 1 3 1 3 1 2 1 3 1 2 1 1 1 3 1 2 1 1 1 1 3 2 1 1 2 1 2 2 1 3 2 2 2 2 2 1 1 2 1 2 3 5 1 3 2 1 1 1 2 1 4 4 3 1 1 1 2 3 3 1 4 4 3 1 4 1 1 2 1 1 4 1 3 1 2 1 2 1 1 2 1 1 1 1 1 1 1 1 1 1 1 1 1 1 1 2 2 1 3 2 2 1 1 1 1 1 1 1 1 1 3 1 1 2 1 1 1 1 2 2 1 1 1 2 2 2 1 2 3 2 1 1 2 3 1 1 1 2 1 3 3 1 1 2 1 1 2 1 1 2 1 1 1 1 1 2 3 1 1 2 1 1 1 1 3 3 1 1 5 3 1 1 1 1 1 3 2 1 2 2 2 2 1 4 1 1 1 1 2 2 1 3 1 4 1 4 1 2 1 2 3 1 1 1 3 1 1 1 3 1 4 1 1 1 1 1 2 1 1 1 3 1 1 1 2 2 1 2 1 2 1 3 1 1 1 1 3 1 2 1 1 2 3 3 1 3 3 3 1 1 1 2 3 1 1 2 2 3 2 1 2 2 1 2 1 2 1 2 2 2 1 1 1 2 1 1 3 1 1 2 1 1 2 2 2 1 1 3 1 2 1 1 1 1 1 2 1 2 1 2 1 1 1 2 2 1 2 2 1 2 1 2 2 3 3 1 1 1 3 2 1 1 1 1 1 2 1 1 2 1 1 2 2 2 4 3 2 1 3 2 2 5 1 1 1 1 1 1 2 5 1 1 1 3 1 1 4 1 4 1 1 2 1 1 2 2 2 1 2 1 1 1 2 2 2 1 1 2 2 1 1 2 2 1 1 1 1 1 2 1 1 1 1 1 1 2 3 2 3 2 2 1 1 1 2 1 2 1 1 1 2 1 1 1 1 5 2 3 3 1 1 1 2 3 2 1 2 1 2 1 1 1 1 1 2 5 3 2 2 1 2 4 1 1 2 1 1 2 2 1 1 2 1 1 2 2 3 2 2 2 1 1 2 1 1 4 4 3 2 1 1 1 2 3 1 1 1 2 1 1 2 2 1 3 1 2 1 1 2 1 1 1 2 2 2 4 2 1 1 1 2 1 1 1 2 1 2 1 1 2 1 1 1 1 1 2 1 2 1 1 1 2 1 2 2 2 2 1 2 1 2 2 1 2 1 2 1 1 1 1 1 1 3 2 2 1 1 1 1 2 2 1 3 2 1 1 2 1 1 1 3 2 1 1 2 2 2 3 2 1 1 1 2 1 1 2 2 1 2 3 1 3 1 1 2 1 2 1 2 3 1 4 1 1 2 1 1 3 1 1 3 1 1 1 4 1 1 2 1 2 2 2 2 4 1 2 1 2 2 1 1 2 1 3 2 1 1 2 1 2 2 3 1 4 1 4 1 3 1 2 1 1 3 4 1 1 1 1 2 1 1 2 1 1 2 1 1 2 2 1 1 2 1 1 2 1 2 1 2 2 2 1 1 2 1 1 2 2 1 2 1 1 3 3 1 1 1 2 1 2 4 1 2 1 3 1 4 2 2 1 1 2 1 1 1 1 3 3 1 3 1 5 1 2 2 1 1 1 1 2 1 1 3 1 1 1 1 2 1 1 1 1 1 2 2 3 1 2 1 2 2 1 1 1 1 3 1 1 1 1 2 1 1 2 2 1 3 2 1 1 1 2 1 3 2 2 1 5 2 1 2 1 1 1 1 1 1 1 2 1 1 3 1 2 2 1 1 1 1 3 2 2 2 2 1 3 1 2 2 1 1 2 1 1 1 1 1 1 1 2 1 2 2 3 2 3 5 1 1 1 1 1 3 1 3 3 1 1 2 2 1 1 2 1 1 1 3 2 2 2 1 1 1 1 1 3 3 2 1 1 1 1 1 1 2 2 1 1 1 1 1 1 3 2 3 1 1 3 2 1 1 1 3 1 1 1 1 4 1 2 1 2 1 3 3 1 2 1 1 3 2 1 1 1 1 1 1 1 2 2 2 1 2 2 2 1 1 2 2 3 2 2 1 2 1 2 2 1 2 4 1 1 2 1 1 1 1 2 4 2 3 3 3 1 1 2 1 1 1 1 3 1 1 1 1 1 1 2 3 4 1 1 2 2 2 2 4 1 1 1 1 2 1 2 3 2 2 1 2 1 1 3 2 1 2 1 3 2 2 1 1 2 2 2 1 2 1 1 1 2 6 3 1 2 4 1 2 1 1 2 1 3 1 3 1 2 1 3 1 2 3 2 3 3 3 3 2 2 1 3 2 1 3 1 1 2 1 1 3 1 1 1 1 3 2 3 2 1 1 1 1 1 1 3 1 3 2 3 3 2 1 1 2 1 3 3 1 1 1 4 1 1 2 1 3 1 2 4 2 2 1 1 1 1 4 2 1 2 1 1 1 1 1 1 2 1 2 1 2 1 1 2 2 1 1 1 4 1 2 1 1 1 1 1 1 2 1 2 1 3 1 3 2 2 1 1 1 2 2 2 1 2 2 1 3 1 1 3 2 1 1 1 1 1 1 1 1 3 2 2 2 1 1 2 1 1 1 4 1 1 2 1 2 1 1 1 3 1 1 1 1 1 1 1 1 1 1 3 2 1 2 1 1 1 3 1 2 1 4 2 1 1 1 2 1 1 2 1 1 1 1 1 2 2 4 1 2 2 2 2 2 2 1 1 3 1 1 1 1 1 3 1 3 1 1 1 2 1 1 1 2 3 1 1 2 2 2 1 4 1 1 1 1 1 2 1 1 3 3 1 3 1 1 1 3 1 1 3 1 2 1 1 3 2 2 2 2 1 1 1 5 1 4 1 2 2 1 2 2 1 1 1 2 2 2 1 3 2 1 1 1 2 4 1 1 2 1 1 1 1 2 2 1 1 1 1 2 1 2 2 1 2 1 2 3 1 2 2 2 1 2 1 2 3 1 2 1 2 1 3 1 1 1 1 3 1 2 1 1 1 3 1 3 1 2 2 3 2 1 2 2 2 1 3 1 1 1 1 3 3 1 1 2 1 2 2 1 1 1 1 2 1 1 2 1 3 2 1 1 1 1 2 3 1 1 1 1 2 2 1 2 3 1 3 3 3 1 2 1 1 1 1 1 3 2 2 2 3 1 2 1 1 1 1 1 1 1 1 2 1 4 1 1 1 1 1 1 2 1 2 1 1 2 1 1 4 2 2 1 1 3 2 1 1 2 3 1 1 1 2 1 1 1 2 2 1 1 1 2 3 2 3 2 1 1 1 6 3 1 4 1 2 3 2 2 2 1 1 2 2 1 2 3 1 1 1 2 2 1 1 2 1 1 2 1 1 4 1 2 1 3 1 1 1 2 1 2 2 2 2 2 1 1 2 4 2 2 2 1 1 1 1 1 2 1 1 3 1 2 1 3 2 2 3 2 1 1 4 3 1 3 2 1 1 1 1 1 2 1 1 2 2 2 2 3 1 2 3 1 1 2 1 3 2 1 1 2 1 1 1 2 2 1 1 1 1 2 2 1 1 1 1 1 1 1 2 2 1 1 4 1 1 1 1 3 3 1 4 1 2 1 4 2 1 2 4 3 2 3 2 1 1 3 1 1 1 1 2 1 5 1 1 3 2 2 1 3 3 2 1 1 1 2 1 2 1 1 1 3 1 2 2 1 2 1 1 1 1 1 1 1 1 1 2 2 1 1 2 3 1 2 1 1 2 1 1 2 1 1 1 1 1 1 1 2 1 1 1 2 2 2 1 1 1 2 2 2 1 1 1 3 1 1 2 2 2 1 1 2 1 2 1 2 3 2 2 2 2 1 3 1 1 2 2 1 1 3 1 1 1 1 2 2 1 2 1 3 1 1 1 1 2 1 1 1 2 2 1 1 1 2 2 1 3 2 2 2 1 1 3 1 1 1 2 1 1 1 2 1 1 2 5 1 2 2 3 2 2 1 1 2 1 2 2 2 3 2 1 1 4 2 3 2 3 1 1 2 3 1 2 1 3 1 3 4 1 2 1 3 1 1 2 1 1 2 2 1 2 1 1 1 1 2 1 1 3 2 1 1 1 2 2 1 1 1 1 3 1 1 1 1 2 1 2 1 1 1 1 2 2 2 1 1 2 2 2 2 2 1 1 2 1 1 1 1 3 2 1 2 3 2 1 2 3 1 1 2 1 1 2 2 1 1 1 1 3 1 2 3 1 3 1 3 1 1 3 2 2 2 2 1 2 1 1 1 2 1 1 1 1 1 1 3 1 2 1 3 1 3 2 2 2 2 2 1 2 1 1 1 1 1 3 1 2 1 1 2 1 2 2 1 1 2 1 1 2 1 3 4 1 2 1 3 2 1 3 3 2 2 1 1 1 4 1 1 1 2 1 3 1 1 1 1 1 2 1 2 1 1 1 1 1 2 2 1 2 1 3 1 1 1 3 1 1 1 1 1 1 1 1 1 1 1 1 3 1 1 1 1 1 3 1 1 2 1 2 2 1 1 1 2 1 2 3 1 2 1 1 1 4 1 1 2 1 2 2 3 2 1 1 2 1 1 2 2 1 2 1 1 1 2 1 3 2 1 1 2 2 2 2 2 2 1 1 2 2 3 3 3 2 1 1 2 1 3 1 1 1 2 1 2 2 1 1 1 1 3 3 2 2 1 2 2 1 1 1 2 1 1 1 1 3 1 3 2 2 1 2 1 1 2 1 1 2 1 1 1 1 2 1 3 1 1 1 2 1 1 1 2 1 2 1 1 1 1 1 1 1 2 1 2 1 1 2 2 2 1 1 1 3 2 1 2 1 1 1 2 1 1 1 1 2 1 1 1 3 1 2 4 2 1 1 3 2 1 2 3 1 3 2 2 2 1 1 1 1 2 1 1 2 2 2 1 1 3 2 2 3 3 2 2 1 1 1 1 1 2 1 1 2 1 1 2 3 2 2 2 2 1 2 1 1 2 1 2 1 3 3 1 1 1 1 3 4 1 1 2 1 1 3 1 3 4 1 1 1 2 1 5 1 1 1 1 3 1 4 2 3 2 2 2 2 2 1 1 1 1 1 1 1 1 2 2 1 2 3 3 3 1 1 1 2 2 2 2 1 1 2 1 1 1 2 2 2 2 1 1 1 2 3 2 2 1 1 2 1 1 2 1 2 2 1 1 3 1 1 5 3 2 1 1 2 1 1 2 1 1 1 1 4 2 1 1 2 1 2 1 3 2 1 2 1 4 2 2 2 5 1 1 2 4 2 1 2 1 1 1 3 1 2 3 1 2 2 1 1 1 1 2 1 2 1 4 2 1 1 1 1 1 2 2 2 1 3 3 2 2 1 1 2 1 2 1 2 2 1 2 2 2 2 1 1 2 2 1 2 3 1 2 1 1 1 1 2 1 1 1 1 1 2 1 1 1 2 1 3 1 3 2 2 1 2 1 1 2 2 1 1 2 1 1 1 1 1 1 2 1 2 1 3 3 2 3 1 1 2 1 2 1 2 3 2 1 3 2 1 1 1 2 1 1 2 1 3 1 1 2 3 1 2 1 2 2 1 1 1 1 1 1 2 2 1 2 2 2 1 2 3 1 2 1 1 1 1 3 1 2 1 1 3 2 1 3 2 1 1 1 1 1 1 2 1 1 2 4 2 2 1 1 1 1 2 1 1 1 1 4 2 2 1 1 2 1 2 2 2 2 1 3 1 2 1 2 2 1 1 1 1 2 2 1 5 1 1 2 2 1 2 1 2 1 2 3 1 1 1 2 1 2 3 3 1 1 1 1 2 3 3 2 1 3 1 2 1 4 1 2 2 1 1 3 3 1 1 2 1 1 2 1 1 1 2 1 3 2 1 2 2 2 2 1 2 1 2 2 2 1 1 1 2 1 2 1 1 2 1 3 4 2 2 1 1 1 1 2 2 2 2 1 1 1 2 2 1 1 1 1 1 3 2 2 1 2 4 1 3 1 3 1 1 1 1 1 2 1 3 2 2 1 1 1 1 1 4 1 2 3 1 2 2 1 2 2 1 1 2 3 2 2 2 1 3 1 2 1 1 2 2 2 2 2 1 2 1 1 1 1 2 2 2 1 1 1 2 1 1 2 3 2 1 2 1 1 1 2 1 1 1 1 2 1 3 3 2 1 2 2 1 2 2 1 1 2 2 1 3 3 4 1 1 4 2 2 1 1 2 1 2 2 1 2 1 3 1 2 2 1 1 2 1 1 2 1 4 1 3 3 1 1 2 2 1 1 1 1 1 2 3 2 1 2 3 2 1 2 1 1 3 1 1 2 2 1 1 2 1 2 2 1 1 4 2 2 4 2 2 3 2 1 1 2 1 1 1 3 1 1 1 2 2 1 1 2 2 2 4 1 1 2 3 1 4 1 2 1 2 1 3 1 2 1 2 1 2 1 4 1 1 1 1 1 3 1 1 3 2 1 1 2 1 1 3 2 1 2 2 2 1 1 1 3 1 2 1 2 1 1 1 1 1 1 1 1 1 1 1 1 1 1 2 3 2 1 2 1 1 1 4 1 2 1 1 1 2 2 1 1 1 2 1 1 3 1 1 1 2 2 2 1 2 2 2 2 2 1 1 1 1 2 1 1 3 2 3 3 1 1 1 1 1 2 2 2 1 3 1 3 1 2 3 1 1 1 1 1 1 2 1 2 1 1 2 1 1 1 2 3 1 1 1 1 1 2 1 4 2 3 1 1 1 2 4 1 1 1 2 1 2 1 1 1 1 1 1 2 2 1 1 1 2 2 2 2 2 2 1 1 1 1 2 1 1 2 2 1 2 2 1 1 1 1 3 1 1 2 3 1 2 1 2 2 1 1 2 2 1 1 1 2 1 1 1 1 2 1 1 3 2 2 1 1 3 2 3 2 1 2 1 1 4 1 2 1 1 2 2 2 1 2 1 1 
  #Test Small 7334
  #Test Medium 16735
  #Test Large 24612
