Board size [mm] 250x50

Stats side 1
  #Components with background 3
  #Components with points 65
  #Components nofly 1
  #Components notouch 1
  #Pins 17107
  #GNDs 368
  #VDDs 316
  #Clock 5
  #NoFly points 212
  #NoTouch points 122
  #Points [total] 18130

Stats side 2
  #Components with background 8
  #Components with points 56
  #Components nofly 0
  #Components notouch 3
  #Pins 10518
  #GNDs 368
  #VDDs 292
  #Clock 12
  #NoFly points 0
  #NoTouch points 586
  #Points [total] 11776

Stats board (side 1 + side 2)
  #Components with background 11
  #Components with points 121
  #Components nofly 1
  #Components notouch 4
  #Pins 27625
  #GNDs 736
  #VDDs 608
  #Clock 17
  #NoFly points 212
  #NoTouch points 708
  #Points [total] 29906
  #Nets 27374
    Net Size: 736 608 17 1 1 2 1 4 1 1 1 2 1 3 2 4 1 1 1 1 2 1 3 2 2 1 2 1 2 1 1 2 3 1 1 1 3 3 1 1 2 2 2 1 5 2 3 2 2 2 1 2 1 2 1 2 1 2 1 2 1 3 1 1 1 2 2 1 1 2 2 2 2 2 3 1 2 4 2 2 1 3 2 1 3 1 1 2 1 1 2 3 1 2 2 2 2 1 3 3 2 1 1 2 3 1 2 1 1 2 1 3 1 2 3 1 2 1 3 2 2 3 3 2 1 4 1 2 1 3 1 1 2 2 1 2 1 1 1 1 1 2 2 2 1 2 2 1 1 1 2 1 3 2 1 1 1 1 2 2 2 1 3 1 1 2 3 1 2 3 2 1 4 1 2 1 1 2 3 3 1 3 1 1 1 2 1 1 1 1 1 3 2 1 1 1 1 2 3 4 2 1 1 1 1 1 1 2 2 1 3 1 1 1 3 1 1 1 1 1 1 2 1 1 3 1 4 3 2 4 1 2 2 1 1 3 2 1 2 3 4 2 2 1 4 3 4 1 1 1 1 1 1 2 1 2 1 3 1 1 2 1 3 5 3 1 2 2 1 3 1 4 1 3 1 1 3 2 3 2 1 3 1 2 1 1 1 2 1 3 1 1 1 1 1 3 2 1 2 2 1 1 2 3 1 2 4 2 1 1 2 1 1 1 2 2 1 3 2 2 1 1 1 1 1 1 3 1 1 1 3 1 1 2 2 1 4 1 1 1 1 3 3 1 1 1 5 2 5 2 1 4 1 1 4 3 4 1 1 1 3 1 1 1 3 6 1 1 4 2 2 1 1 2 1 1 1 1 3 1 1 2 1 1 1 1 2 4 2 3 2 1 2 2 1 1 3 1 1 1 1 2 1 1 3 2 3 2 1 1 1 2 2 3 1 2 2 1 2 2 2 2 2 2 1 2 2 3 1 1 2 3 3 1 2 1 3 3 2 1 1 1 1 2 2 2 1 1 1 1 3 1 1 2 1 1 1 3 1 1 1 2 2 1 1 1 1 3 1 1 2 1 2 2 2 5 3 1 3 2 2 1 1 1 2 3 2 1 2 3 3 1 2 2 3 2 1 3 2 1 1 4 2 1 1 1 3 3 1 1 2 1 1 1 2 3 1 1 3 2 1 2 2 2 1 2 2 1 5 1 1 1 3 1 2 1 2 1 1 1 2 2 3 1 2 1 1 2 2 1 1 1 1 1 1 1 1 1 1 5 1 2 1 4 1 2 2 1 2 2 2 3 1 3 5 1 1 1 1 1 2 1 2 1 1 1 3 1 1 1 1 2 1 1 2 1 2 1 1 4 1 2 1 2 1 2 2 2 2 1 4 2 3 1 2 2 2 1 1 1 4 3 1 1 1 1 1 2 1 2 1 1 2 2 2 2 2 1 1 1 1 2 2 1 2 1 2 1 1 2 3 3 3 1 3 2 2 1 1 1 5 1 2 2 1 2 1 2 2 1 1 1 1 2 1 3 2 1 1 2 1 3 2 1 3 3 2 1 1 1 1 1 1 4 1 2 1 2 1 1 2 3 2 1 1 1 1 2 1 1 2 2 2 1 2 1 3 3 4 1 3 2 1 4 1 1 3 4 1 1 1 2 1 2 2 2 1 1 2 2 1 1 1 2 1 2 3 1 1 3 3 1 1 1 1 1 3 1 3 1 2 2 1 1 2 1 3 1 2 1 1 1 1 1 1 1 2 3 1 1 3 4 1 1 1 1 3 1 2 3 2 1 1 1 2 2 2 1 3 2 1 2 2 1 1 1 2 2 2 2 3 1 1 3 2 2 4 1 2 6 2 1 1 2 1 1 1 1 1 1 2 1 1 1 2 1 1 2 1 1 1 2 2 1 1 3 3 1 1 1 1 1 1 3 1 1 2 1 1 2 1 1 2 2 1 4 1 1 2 2 1 1 1 3 1 2 2 3 2 2 2 1 1 3 2 3 1 1 4 1 3 3 1 1 3 1 1 1 1 1 2 2 2 1 3 3 1 1 1 1 3 2 2 1 4 1 2 2 1 2 2 3 2 1 2 1 2 3 3 2 1 1 2 3 2 1 1 2 1 2 2 1 1 2 1 1 1 2 1 3 5 2 2 2 1 3 1 1 4 3 1 1 2 1 1 1 2 2 1 2 2 2 1 4 3 2 2 1 2 1 1 3 1 3 4 1 3 1 1 1 3 2 3 1 4 3 1 2 2 2 2 2 1 2 3 2 1 3 3 3 1 1 2 1 1 1 1 5 1 2 3 1 1 2 1 1 1 3 1 1 1 1 2 3 1 1 2 2 2 2 1 2 1 1 1 2 1 2 3 1 1 1 2 2 1 1 1 1 1 2 1 2 1 1 1 3 2 2 1 1 2 1 1 1 1 1 2 2 2 1 1 1 1 4 1 1 1 1 1 3 2 3 4 1 1 2 3 1 1 3 1 1 1 2 3 3 1 2 1 2 1 3 2 1 2 3 4 1 1 2 1 2 1 1 3 6 2 1 4 2 4 2 1 2 2 1 1 1 1 2 4 3 2 1 1 1 1 1 2 1 2 7 1 1 1 2 2 2 1 3 1 1 2 1 1 1 1 3 1 1 1 1 2 1 2 1 2 2 2 2 2 2 1 1 3 1 2 1 2 1 2 3 1 2 1 1 2 3 2 3 1 2 3 1 1 1 3 1 3 1 3 3 4 5 3 1 2 3 1 2 3 1 3 3 2 1 2 2 1 1 1 2 4 2 2 1 2 3 3 1 2 1 3 1 2 1 1 2 4 1 3 2 2 1 3 2 1 3 2 3 1 1 1 1 1 2 1 1 1 1 1 1 1 1 3 1 1 2 2 3 1 1 2 2 1 3 2 2 2 2 2 1 3 3 6 1 3 1 3 1 2 3 1 1 4 1 1 2 1 1 3 1 3 1 5 1 1 1 2 2 1 1 2 2 2 1 2 1 2 1 2 2 2 3 1 2 1 1 2 1 1 1 1 1 1 1 5 1 2 3 5 2 1 1 2 3 3 1 3 1 1 2 2 2 1 2 3 2 2 1 3 1 2 2 1 1 1 2 1 2 2 2 1 1 2 2 2 1 2 1 2 3 1 1 1 1 1 1 1 3 2 4 3 1 1 1 5 1 1 2 2 2 1 1 2 1 1 3 1 3 1 3 2 4 1 1 1 2 2 1 1 2 3 3 1 2 1 5 1 1 2 1 1 3 1 1 1 1 1 1 1 3 1 1 2 1 1 2 2 1 2 2 2 1 2 1 1 1 1 2 1 1 1 1 1 1 2 2 2 2 1 2 2 1 1 1 2 1 1 1 2 1 2 2 2 2 1 1 1 1 2 1 2 3 3 2 2 3 1 2 1 2 1 1 4 2 2 2 1 1 1 2 2 1 1 1 2 3 1 1 5 2 1 1 2 4 4 1 2 2 1 2 2 1 2 2 2 1 2 2 1 2 2 2 2 2 1 1 2 3 3 2 2 1 2 2 1 
  #Test Small 2217
  #Test Medium 4701
  #Test Large 6321
