Board size [mm] 200x100

Stats side 1
  #Components with background 18
  #Components with points 101
  #Components nofly 2
  #Components notouch 5
  #Pins 24237
  #GNDs 727
  #VDDs 542
  #Clock 19
  #NoFly points 258
  #NoTouch points 878
  #Points [total] 26661

Stats side 2
  #Components with background 11
  #Components with points 111
  #Components nofly 4
  #Components notouch 1
  #Pins 29532
  #GNDs 584
  #VDDs 514
  #Clock 26
  #NoFly points 682
  #NoTouch points 170
  #Points [total] 31508

Stats board (side 1 + side 2)
  #Components with background 29
  #Components with points 212
  #Components nofly 6
  #Components notouch 6
  #Pins 53769
  #GNDs 1311
  #VDDs 1056
  #Clock 45
  #NoFly points 940
  #NoTouch points 1048
  #Points [total] 58169
  #Nets 53331
    Net Size: 1311 1056 45 1 2 1 2 2 2 3 1 2 1 2 4 1 1 3 2 1 1 3 3 4 2 2 1 1 1 3 2 2 1 1 2 2 3 1 1 1 2 1 1 1 1 1 3 2 2 1 4 3 2 1 2 1 2 3 1 2 2 2 3 2 1 1 1 3 1 1 1 3 3 2 1 2 1 1 1 1 2 2 1 2 1 4 2 2 1 1 1 3 1 1 2 2 1 1 2 3 1 2 4 1 4 3 2 1 2 2 4 1 2 3 1 2 2 2 1 1 1 3 1 2 4 1 2 2 2 2 4 1 1 1 2 2 3 2 1 1 2 1 1 1 1 2 2 1 1 2 3 1 2 1 2 3 1 1 2 4 3 3 2 1 1 1 3 1 1 2 1 1 2 4 2 1 1 1 1 1 2 1 3 1 2 1 2 2 2 1 1 1 1 1 1 2 1 2 2 2 1 6 1 2 3 1 1 1 2 2 1 1 1 1 4 1 2 1 4 2 3 1 3 1 2 3 2 2 1 1 1 3 1 1 4 1 1 4 2 4 5 3 1 2 4 2 3 2 1 1 1 3 1 4 2 3 1 3 2 4 5 3 3 1 3 1 2 4 1 1 2 1 1 3 2 2 1 1 2 1 1 1 2 2 2 2 1 1 2 1 2 4 2 3 2 1 1 1 1 4 2 2 1 2 1 1 1 1 1 1 2 1 1 2 2 2 1 3 2 2 1 1 6 2 2 1 1 3 3 1 1 6 1 1 1 1 1 2 3 2 1 1 3 2 2 1 2 2 3 2 1 1 3 2 1 1 4 1 3 2 2 1 3 1 3 1 2 1 2 1 1 1 3 2 1 2 3 3 2 2 2 2 2 1 1 2 1 4 4 2 3 1 1 5 1 2 3 1 3 2 2 1 3 2 2 3 1 2 3 1 1 3 2 1 4 1 2 1 1 1 2 1 1 2 2 1 5 1 1 1 1 1 2 2 2 1 1 1 1 1 1 2 2 2 1 2 2 2 1 1 2 1 1 1 1 1 1 1 1 1 1 1 1 1 1 2 3 1 1 1 1 4 1 1 1 1 2 2 1 1 2 1 2 2 2 3 1 2 1 3 4 3 3 1 2 4 3 1 3 2 4 1 1 4 1 1 2 3 3 3 1 2 1 2 1 1 2 2 3 3 1 2 2 2 1 2 1 2 3 1 1 2 1 1 2 2 2 2 3 1 1 2 1 1 2 1 1 1 1 1 4 1 1 1 1 1 3 1 1 1 1 1 1 3 1 2 3 1 2 1 2 2 3 1 2 2 1 2 6 2 1 2 1 1 2 3 2 2 1 2 1 3 1 2 4 2 2 1 2 2 2 2 1 1 2 2 1 3 1 4 2 4 1 1 1 1 2 1 1 2 1 1 1 1 5 1 2 1 2 3 2 2 2 2 2 2 3 2 2 2 2 1 2 4 2 3 1 1 1 2 1 3 2 2 2 1 4 1 1 1 1 2 1 2 3 2 2 1 1 1 1 3 1 2 2 1 2 2 2 1 1 2 1 1 1 2 1 2 1 1 1 2 2 1 3 2 2 2 2 2 2 1 4 2 2 3 2 3 1 1 1 2 1 2 2 1 3 2 3 2 1 3 4 2 3 2 2 1 4 3 4 1 1 3 2 4 2 1 1 2 1 2 4 2 1 2 3 1 1 4 2 4 1 2 1 1 1 2 1 1 1 1 1 2 2 2 2 3 2 2 2 1 1 1 2 4 3 3 1 1 1 1 2 1 1 1 3 3 2 2 1 2 3 4 2 1 1 5 1 1 2 1 3 2 2 1 2 3 2 1 3 2 1 1 2 1 2 2 3 2 1 1 2 1 1 2 3 1 2 3 3 1 2 3 7 2 1 3 1 4 1 2 1 4 3 2 2 4 2 2 1 1 1 2 1 3 2 1 2 1 1 2 2 2 1 2 1 3 1 3 1 1 1 1 3 4 2 1 2 2 3 1 1 2 2 1 2 1 3 2 5 2 2 2 2 2 3 1 3 2 2 4 3 1 1 4 5 1 1 4 1 3 3 1 3 2 1 2 2 2 2 2 2 2 3 2 2 1 3 2 1 2 1 1 1 1 1 2 1 1 1 3 2 1 1 2 2 1 1 1 2 3 2 2 4 1 1 1 1 1 1 2 1 2 1 3 2 1 1 2 4 2 1 1 1 2 2 1 2 1 3 1 2 1 1 1 3 2 1 2 3 2 3 4 1 1 2 2 1 3 2 1 1 1 3 3 1 3 1 1 3 2 2 2 2 2 2 1 4 1 1 1 3 3 1 1 1 1 2 1 1 1 1 2 1 4 2 1 2 1 1 2 3 3 2 2 1 1 1 1 2 1 3 1 2 1 2 1 3 1 3 2 3 1 2 5 2 4 2 1 3 2 1 1 3 1 4 2 1 2 1 3 1 4 1 4 2 1 1 2 1 1 1 3 1 1 1 2 3 1 1 2 1 1 3 1 5 3 2 1 1 2 1 2 1 1 3 2 2 1 1 2 1 3 1 2 2 1 1 1 1 3 1 1 1 4 1 1 1 1 3 2 3 1 3 1 1 1 1 3 2 1 1 2 1 2 1 4 3 6 1 2 1 1 5 1 1 1 2 1 1 2 2 1 2 2 2 1 2 3 3 1 1 1 2 2 3 1 2 3 3 1 1 2 1 2 1 2 1 1 2 2 3 1 1 1 3 1 1 2 1 5 4 1 2 1 1 1 3 4 1 1 2 5 2 2 1 1 2 2 2 3 2 2 2 1 1 1 2 1 2 1 1 2 2 1 2 1 1 1 3 3 1 2 3 1 2 3 1 1 1 2 1 2 3 1 1 2 3 1 2 1 2 2 3 5 1 2 1 1 2 3 1 2 3 1 1 1 2 1 5 5 3 4 2 1 2 1 1 2 2 1 2 1 1 1 2 3 2 2 1 2 1 1 1 2 3 1 1 2 2 1 2 1 2 3 2 2 1 3 3 1 1 1 3 1 2 3 2 5 3 1 2 3 1 1 1 1 1 1 3 1 1 1 1 1 3 1 4 2 2 2 2 4 1 1 1 2 1 1 1 1 3 2 1 1 3 1 2 1 1 3 1 1 1 1 1 4 2 2 1 3 1 3 2 3 1 1 1 1 1 3 2 1 2 2 2 1 2 2 2 1 1 1 2 1 1 1 1 2 1 2 3 4 1 2 1 1 3 1 2 3 1 2 3 1 1 2 1 1 2 1 1 1 1 1 2 3 1 2 2 3 3 1 2 1 3 1 1 2 1 1 3 3 2 1 2 5 1 2 1 1 1 2 1 3 2 1 1 3 2 2 2 1 1 4 1 1 3 1 1 2 3 1 1 1 2 2 1 2 3 3 1 1 3 2 3 1 2 2 1 2 1 3 3 1 2 1 2 1 1 1 2 1 1 2 1 3 2 3 4 1 1 4 2 2 1 2 1 2 1 2 2 1 1 1 4 3 2 1 1 3 2 2 2 3 3 1 1 4 2 1 2 1 2 1 2 1 1 2 2 2 1 3 2 3 1 1 2 1 1 1 1 2 3 1 1 2 3 4 1 1 1 2 3 2 1 2 1 1 1 1 1 3 1 2 1 2 3 4 2 2 2 1 1 2 1 1 2 2 2 1 1 2 1 4 2 1 1 3 1 1 3 1 3 2 1 3 1 4 2 1 1 1 1 1 1 1 1 1 3 2 1 1 2 2 1 6 2 1 2 3 1 1 1 1 1 2 4 1 2 2 3 1 2 3 4 1 2 2 4 3 1 2 2 2 1 3 1 2 1 3 1 2 1 1 1 2 3 3 2 1 2 1 2 3 3 1 2 1 1 1 2 2 1 2 2 2 4 2 1 1 1 1 1 3 1 4 1 2 2 2 3 1 3 1 1 3 3 2 3 2 1 3 1 3 2 3 1 2 1 2 1 2 1 2 1 1 2 1 1 1 2 4 4 2 2 1 1 1 3 1 1 2 2 2 2 2 1 1 2 2 1 1 1 3 1 3 1 1 1 1 1 1 2 2 1 1 1 2 1 1 2 1 2 2 2 3 3 3 3 3 1 2 2 1 2 2 3 1 1 2 3 2 1 1 1 2 2 1 1 2 2 1 3 1 4 2 1 2 3 2 1 2 1 1 2 3 1 2 1 4 1 1 2 4 1 1 1 1 2 3 2 1 3 2 1 1 4 3 4 1 1 2 3 1 4 1 1 3 1 1 2 2 2 1 2 1 1 2 1 2 1 2 3 1 1 2 2 2 1 2 1 1 2 2 1 1 1 2 2 2 1 2 1 2 1 2 5 1 1 1 2 1 2 3 1 1 1 1 1 1 1 1 1 1 4 3 4 2 1 2 2 1 4 2 3 1 2 5 3 2 1 1 1 1 2 1 3 1 1 2 1 2 3 1 2 1 1 1 4 1 2 2 1 2 2 1 1 4 2 2 2 3 1 4 1 2 2 1 1 1 1 2 2 2 4 3 1 1 2 3 2 3 1 4 2 1 1 2 3 4 2 3 3 5 1 2 2 1 1 1 2 2 5 1 2 1 1 1 1 2 1 2 1 1 2 1 1 2 3 1 1 1 2 3 2 1 2 2 4 1 1 1 2 2 1 2 1 3 5 1 2 3 1 2 1 2 1 3 1 2 1 1 1 4 2 2 2 1 2 1 1 1 1 1 1 3 1 2 1 1 2 3 1 1 1 1 1 4 2 2 1 2 3 1 2 3 3 4 4 3 1 1 2 1 4 1 3 1 2 2 3 2 2 1 2 3 1 3 1 2 1 1 2 1 5 2 3 1 1 1 3 2 1 3 1 2 6 1 1 1 3 5 2 1 2 1 4 1 2 1 2 3 2 2 2 1 3 1 1 2 1 1 1 2 2 3 4 1 1 1 4 1 4 1 1 2 2 1 2 4 1 2 2 1 2 1 2 1 1 2 1 3 2 4 1 2 2 2 4 2 3 1 1 1 1 1 1 2 3 2 3 1 2 2 1 4 3 3 3 1 3 1 1 3 1 3 1 2 2 2 2 3 1 4 1 1 3 1 1 1 2 1 1 4 1 3 1 1 1 4 2 1 1 1 2 3 2 1 1 4 1 1 2 1 1 1 2 2 2 3 2 1 1 1 5 2 1 1 4 1 1 2 2 5 1 1 1 2 1 3 1 2 2 1 2 3 1 1 3 1 1 2 2 2 2 2 3 1 1 3 1 1 1 2 5 1 1 2 1 1 3 1 1 2 1 2 1 1 1 2 3 1 1 2 3 4 1 1 1 1 1 3 1 1 3 1 1 1 2 1 2 1 4 2 2 3 1 4 2 2 1 1 2 1 1 1 3 2 3 4 2 1 1 1 5 2 3 1 1 3 2 1 1 2 1 2 2 2 1 1 2 3 1 1 2 3 1 1 1 2 1 1 2 3 3 1 1 2 2 3 2 1 2 1 1 2 1 2 1 1 2 1 1 1 2 1 2 1 1 1 1 5 1 2 4 1 2 2 1 1 1 3 2 1 2 3 1 1 1 2 3 2 3 2 2 1 1 4 2 2 1 4 1 1 1 3 1 1 2 1 1 3 3 2 1 3 1 2 2 1 2 3 2 1 2 3 4 1 1 5 2 2 2 3 1 3 1 2 1 2 1 3 2 2 1 3 1 2 1 1 1 2 3 2 6 3 3 2 3 1 2 5 2 2 1 1 2 2 4 2 2 1 3 1 2 1 3 1 1 1 4 2 2 2 1 1 2 1 1 1 1 4 1 1 1 2 3 1 1 1 3 2 1 1 2 4 1 1 2 3 2 2 2 1 1 1 3 4 1 1 1 1 1 1 2 1 1 2 1 2 1 1 1 2 1 1 1 3 1 1 1 1 2 2 2 1 1 3 2 4 1 1 3 2 1 2 1 2 1 2 2 2 2 2 2 1 3 4 2 1 1 1 3 1 1 2 2 3 1 2 1 2 1 1 1 2 2 1 2 3 2 1 2 2 1 2 2 1 2 2 1 2 4 2 2 2 3 1 2 1 1 1 1 1 2 3 3 3 1 2 1 1 1 4 1 2 3 1 1 1 1 1 1 1 2 3 1 2 1 1 3 1 3 2 5 1 1 1 1 1 1 1 2 1 1 1 2 4 3 2 3 3 3 1 2 3 2 1 2 2 1 2 3 1 4 1 2 1 1 2 1 2 4 1 1 2 3 3 1 1 1 1 1 1 3 5 1 1 2 3 1 4 3 1 2 1 1 1 1 2 1 2 1 1 2 1 1 1 2 4 1 1 1 2 1 1 2 3 2 2 1 2 1 1 1 1 1 1 3 1 1 2 1 1 2 1 3 1 6 1 1 1 1 3 2 1 4 1 1 2 2 4 2 1 3 1 1 1 1 2 1 1 2 1 1 1 2 1 1 3 2 2 1 1 1 1 1 3 1 1 2 1 2 2 3 2 2 2 3 2 1 1 2 1 3 2 1 2 2 5 2 2 2 2 1 1 1 1 2 2 2 2 2 1 1 2 5 1 1 2 2 1 2 2 1 4 3 2 1 3 1 3 1 4 2 5 1 1 1 2 3 4 4 1 4 1 4 1 1 1 1 1 2 4 5 1 1 2 1 1 3 2 1 1 1 4 1 1 
  #Test Small 5109
  #Test Medium 7744
  #Test Large 13556
