Board size [mm] 150x350

Stats side 1
  #Components with background 25
  #Components with points 290
  #Components nofly 6
  #Components notouch 6
  #Pins 67628
  #GNDs 1596
  #VDDs 1248
  #Clock 38
  #NoFly points 940
  #NoTouch points 1048
  #Points [total] 72498

Stats side 2
  #Components with background 30
  #Components with points 274
  #Components nofly 0
  #Components notouch 0
  #Pins 73550
  #GNDs 1592
  #VDDs 1171
  #Clock 22
  #NoFly points 0
  #NoTouch points 0
  #Points [total] 76335

Stats board (side 1 + side 2)
  #Components with background 55
  #Components with points 564
  #Components nofly 6
  #Components notouch 6
  #Pins 141178
  #GNDs 3188
  #VDDs 2419
  #Clock 60
  #NoFly points 940
  #NoTouch points 1048
  #Points [total] 148833
  #Nets 137080
    Net Size: 3188 2419 60 2 3 1 2 1 1 1 2 2 3 2 2 3 1 2 1 3 3 1 2 1 2 3 2 2 2 4 2 1 2 3 2 1 3 3 1 2 2 1 1 1 3 1 2 1 3 1 1 1 1 1 2 2 2 1 1 2 2 1 1 2 1 1 2 1 1 1 1 1 1 1 3 2 4 3 1 1 1 1 1 1 1 1 1 2 2 4 1 2 2 1 1 1 1 2 2 1 4 2 2 1 1 3 1 1 1 1 3 1 1 1 4 3 1 2 1 2 1 1 1 2 1 1 2 1 1 2 1 1 2 1 1 2 2 1 1 2 2 1 1 2 2 1 3 2 2 2 3 2 1 2 2 2 1 2 1 2 1 1 1 2 2 4 3 1 3 1 3 1 3 1 4 1 2 1 2 3 2 3 1 2 1 1 1 2 1 3 2 1 2 2 1 1 1 3 1 2 1 1 1 2 3 1 1 2 1 1 2 1 2 2 1 2 1 1 2 1 2 1 2 2 1 2 1 5 2 1 1 1 3 3 2 3 3 3 1 2 2 1 1 1 1 3 2 1 1 4 2 2 1 2 3 2 3 1 1 3 1 3 2 1 1 2 4 1 1 1 1 2 2 2 2 2 1 1 2 1 2 2 2 1 1 4 2 1 2 4 1 2 1 1 1 1 2 2 2 3 1 2 1 2 5 1 1 1 2 1 1 1 1 2 3 2 1 3 1 2 1 1 1 2 3 1 2 1 2 2 2 1 2 1 1 2 1 1 1 1 3 1 1 1 2 3 1 1 2 2 3 1 2 2 2 1 3 2 1 1 2 2 1 4 1 1 2 1 3 1 1 2 1 2 1 2 3 3 2 1 1 1 1 1 1 3 2 1 1 1 5 2 3 3 4 4 3 1 3 2 4 3 3 1 3 1 2 3 1 2 2 3 1 2 1 1 2 2 1 2 2 3 2 3 2 2 1 2 1 2 1 2 1 1 2 2 3 2 1 1 1 1 3 2 1 1 2 5 2 2 1 2 1 3 2 1 1 2 2 3 1 2 1 3 3 4 1 1 1 3 2 2 2 3 1 3 1 5 1 1 4 3 4 2 2 3 1 1 3 1 1 2 1 2 4 3 1 1 2 2 1 2 2 1 2 1 2 1 2 2 1 1 2 2 1 1 3 1 1 1 1 2 1 2 1 1 3 1 1 1 2 1 4 1 1 1 1 2 2 1 2 2 2 1 1 1 1 1 1 2 2 2 2 2 1 1 3 2 1 1 1 1 1 1 1 3 2 1 1 2 1 2 1 1 1 1 2 4 1 5 1 1 1 3 3 1 1 4 3 3 1 5 1 1 2 1 1 1 1 2 1 1 1 1 2 2 3 1 1 2 1 1 1 2 2 1 1 1 2 2 3 1 3 2 2 3 2 2 3 2 1 1 1 1 1 1 1 1 1 2 2 3 2 1 4 1 2 3 1 1 1 4 2 2 1 1 3 1 2 3 1 1 3 2 1 2 4 1 2 3 1 2 1 3 1 2 1 2 3 3 1 1 2 3 2 1 2 2 1 1 1 3 1 3 2 1 2 2 3 1 1 1 2 2 2 1 3 2 3 1 2 2 2 3 1 2 3 1 1 4 3 1 2 1 2 3 3 2 1 1 2 1 2 1 1 4 1 1 2 1 3 1 2 2 1 1 3 2 2 2 1 1 1 4 2 1 1 1 3 3 1 1 1 1 2 4 1 2 1 4 2 2 1 1 2 2 4 1 1 1 1 3 3 2 2 1 1 2 2 1 3 1 1 2 1 2 1 2 2 1 4 2 4 2 3 1 2 3 4 1 1 2 4 1 6 3 1 1 2 2 2 1 1 1 1 3 3 1 1 2 2 1 2 1 2 1 3 1 1 4 1 3 1 1 2 1 1 4 1 2 2 2 1 1 1 1 2 1 2 3 3 2 3 3 1 3 2 1 3 1 1 1 1 1 3 2 2 2 1 2 1 1 1 2 1 1 1 3 3 2 3 2 1 2 1 1 1 4 1 1 1 1 1 2 1 1 5 1 2 2 3 2 1 1 2 2 2 1 3 2 4 1 3 5 1 1 1 2 2 1 2 1 1 2 1 1 1 2 1 1 1 1 1 2 2 1 2 2 2 1 2 1 2 1 2 2 3 1 2 3 1 1 2 1 1 1 1 1 1 2 2 1 4 2 1 1 2 2 4 2 4 2 1 4 2 1 1 1 3 2 1 2 1 1 1 3 1 1 1 1 2 1 4 2 1 2 2 1 1 2 1 1 1 2 2 1 1 1 3 1 1 3 1 2 3 2 2 3 1 4 3 1 1 3 1 3 3 2 1 2 1 1 1 1 1 1 1 2 4 4 1 1 1 2 2 2 1 1 2 2 1 3 2 1 2 1 1 1 2 3 1 1 2 1 1 1 1 3 2 3 1 2 2 2 1 4 1 1 2 2 1 4 4 1 3 4 2 1 1 2 2 2 2 1 2 3 1 1 3 1 2 1 2 2 2 3 3 1 2 1 2 3 1 1 2 1 1 2 3 1 2 1 1 1 1 1 2 2 1 2 1 3 2 2 2 2 1 1 2 1 3 2 2 2 1 1 1 1 4 2 2 1 4 1 1 3 3 1 3 3 1 1 3 1 1 2 1 2 3 1 2 2 1 1 2 2 2 2 1 2 1 2 1 3 1 1 3 1 1 2 1 1 2 1 6 1 2 1 4 1 1 2 2 2 3 1 1 3 2 2 3 1 2 1 2 2 1 2 1 1 2 2 2 1 1 4 2 2 1 1 1 1 1 2 2 1 3 1 1 1 2 2 1 1 1 2 2 1 1 2 1 1 1 3 2 1 3 2 1 1 1 1 1 1 2 1 2 1 3 1 2 2 3 4 1 3 2 1 2 3 1 1 2 3 1 1 2 1 1 1 1 1 1 3 1 1 1 3 1 2 1 1 1 1 2 1 2 2 1 4 1 2 3 1 1 2 2 1 1 2 1 2 4 1 3 2 3 2 3 1 3 1 1 1 1 3 3 1 2 1 3 1 1 1 1 1 2 1 3 3 2 3 2 4 2 2 2 1 3 2 2 3 3 1 2 1 1 1 2 1 5 1 3 1 1 1 1 4 1 2 3 1 1 1 1 5 2 2 3 1 1 2 2 3 2 2 2 1 1 2 1 1 3 2 1 4 1 1 1 1 2 1 4 3 1 2 3 1 1 3 2 1 2 3 2 4 2 2 1 3 2 1 1 3 2 1 3 2 1 1 1 2 2 2 2 2 2 1 1 1 1 3 1 1 2 1 1 1 1 2 2 2 5 1 4 3 1 3 2 2 1 1 2 1 2 1 3 1 2 1 1 1 2 1 2 1 1 2 1 1 2 2 1 3 2 2 1 3 3 1 2 1 2 1 4 1 6 2 1 1 2 1 3 2 1 2 2 2 2 1 2 4 1 1 2 1 3 3 3 1 2 1 4 3 2 2 2 3 1 1 1 2 1 1 1 1 1 1 1 1 1 1 4 3 1 3 1 2 2 4 1 3 1 1 1 1 2 1 5 2 1 1 1 2 2 2 1 2 3 3 3 1 2 2 1 1 3 2 3 2 2 1 3 2 1 1 1 2 1 1 1 1 1 1 1 2 2 2 3 2 1 2 1 1 3 2 2 1 2 1 1 1 1 2 3 1 1 4 1 2 1 1 2 3 1 2 2 2 1 3 2 2 1 2 2 2 2 1 2 2 3 3 5 3 3 1 2 1 3 2 2 2 1 2 1 3 1 1 3 2 1 1 1 1 1 1 1 2 2 2 2 5 3 1 1 1 1 2 2 1 2 1 1 1 3 1 3 2 2 1 1 1 3 2 4 1 2 1 3 1 1 2 1 3 1 1 3 3 1 1 1 1 3 2 1 1 1 1 3 1 2 1 2 1 1 1 3 1 3 2 1 1 1 2 1 2 3 1 1 1 2 1 1 2 1 1 1 2 1 3 1 2 1 1 4 1 1 3 2 2 1 2 1 1 1 3 3 3 3 1 1 2 1 1 2 2 2 1 4 4 1 1 1 1 1 1 1 1 2 2 2 1 1 2 2 1 1 1 1 1 1 1 1 2 5 2 2 1 2 2 1 1 1 2 1 2 3 1 1 2 1 3 4 1 1 2 2 1 3 3 2 3 7 3 1 2 1 1 3 1 2 1 1 1 3 1 1 3 2 2 1 1 2 1 2 2 1 2 1 2 1 1 3 1 3 1 5 4 2 3 1 4 1 4 1 2 2 2 1 2 1 1 1 1 1 4 1 2 2 1 2 1 3 1 2 2 1 1 3 2 2 2 1 1 1 5 2 1 3 2 5 2 1 1 1 2 1 1 1 1 4 2 2 4 1 2 3 2 1 1 3 1 1 1 2 4 1 1 1 1 1 1 2 2 2 2 1 2 2 1 1 1 1 2 3 1 3 1 4 2 4 4 1 2 1 1 2 2 3 1 3 1 2 1 2 1 2 2 3 3 1 1 2 1 3 1 1 1 3 2 1 2 2 3 2 3 1 1 2 2 3 1 1 1 1 1 1 1 2 2 1 1 1 1 1 3 1 1 1 1 1 2 2 1 2 4 2 2 1 1 2 1 3 2 1 2 2 1 4 2 2 2 1 2 2 2 1 1 1 3 2 2 1 2 2 4 3 3 2 3 1 4 1 3 1 2 1 1 1 1 2 1 1 1 3 2 3 1 1 2 2 2 1 3 1 3 1 2 1 1 2 2 1 1 3 1 2 4 1 1 3 1 2 2 1 1 4 2 3 1 1 1 1 2 2 2 1 1 2 2 1 2 2 2 5 1 1 2 1 2 1 1 1 2 1 4 3 1 1 1 2 1 1 3 2 2 3 1 3 2 3 2 3 2 1 2 3 1 2 3 3 2 3 3 1 2 2 3 1 1 2 3 1 1 1 2 1 1 1 5 2 1 2 2 2 1 2 1 4 2 2 4 1 3 1 1 2 1 1 2 1 3 2 6 1 1 2 3 2 1 1 4 1 1 3 1 3 1 1 2 1 1 1 1 3 1 1 1 1 2 2 3 2 1 1 1 1 2 1 1 2 1 2 3 2 1 3 1 1 2 1 1 3 1 3 2 1 1 1 2 2 2 1 1 2 2 2 1 1 1 3 1 1 2 1 2 1 2 1 3 3 1 2 1 1 1 1 1 5 1 1 1 1 1 1 2 1 2 3 1 3 3 2 2 3 2 1 1 2 1 2 2 2 3 3 1 4 1 2 2 1 3 1 2 4 1 2 2 1 1 3 1 2 1 1 1 1 2 2 1 1 3 3 2 2 3 1 2 1 3 1 4 2 3 1 1 2 2 3 3 1 1 1 3 3 1 1 1 2 2 1 3 1 1 2 1 1 1 1 1 3 2 1 3 2 4 3 4 1 1 1 4 3 2 2 1 2 1 1 1 1 2 1 1 1 3 1 1 1 1 1 1 4 2 1 1 1 3 2 1 2 1 2 1 2 3 3 2 3 1 2 1 2 1 2 1 3 2 3 2 1 1 3 1 1 3 2 1 1 1 1 1 1 2 1 3 2 1 1 2 2 5 1 1 2 1 3 2 1 1 1 1 2 1 1 1 2 2 1 2 1 3 2 1 2 1 1 1 1 2 1 1 1 1 1 1 1 1 1 1 1 1 2 1 1 1 1 3 1 2 1 5 2 2 2 1 1 2 3 3 1 1 1 1 2 1 1 2 2 2 3 1 1 4 1 1 1 1 2 1 1 3 1 2 2 2 2 1 1 1 1 2 3 1 2 4 2 2 1 3 1 2 3 2 3 1 4 2 1 1 3 1 4 1 3 1 4 1 1 3 4 1 1 1 1 1 4 1 2 1 2 1 1 1 1 1 1 1 4 1 1 1 1 5 1 2 1 3 2 1 2 2 2 2 2 2 2 3 4 2 1 1 1 4 2 1 4 3 1 1 3 1 2 1 3 4 3 1 2 1 1 3 2 1 1 1 3 1 2 2 3 1 2 1 1 1 2 1 1 1 1 1 1 4 2 1 1 4 3 2 1 2 1 2 2 1 2 1 3 2 2 2 3 4 2 1 1 1 1 3 1 1 2 1 1 2 1 2 1 1 2 1 1 1 1 2 2 2 1 1 1 2 3 2 1 4 1 2 1 2 1 1 2 1 1 1 2 1 3 1 3 2 1 1 1 2 1 1 2 1 2 2 2 1 1 1 1 3 1 1 3 2 2 3 1 2 2 2 1 1 3 2 1 2 2 1 2 3 1 3 3 2 2 1 2 1 1 2 2 4 2 1 3 1 1 1 1 2 1 2 1 1 1 2 2 1 2 1 1 1 2 3 1 2 2 1 2 1 2 1 1 1 2 4 2 3 4 2 1 2 1 1 2 2 2 1 2 1 2 4 1 1 1 1 3 1 2 1 2 1 1 1 3 1 1 2 2 1 1 4 1 2 1 3 2 3 2 1 1 3 3 2 1 3 4 2 2 2 1 2 2 2 3 1 1 2 1 1 1 2 1 2 4 3 2 1 1 1 2 2 1 3 3 1 1 2 1 2 1 3 2 2 2 1 1 2 2 1 2 1 2 1 1 1 2 1 2 4 1 2 3 2 1 3 3 2 1 2 1 1 2 2 1 1 1 1 1 2 1 5 1 3 2 1 1 2 2 1 2 1 2 3 1 1 1 2 1 2 1 1 1 1 2 1 3 3 1 2 2 3 2 2 2 1 1 1 3 2 2 2 1 1 2 3 3 2 2 1 3 1 1 2 1 1 1 1 1 1 2 1 1 1 2 1 2 2 2 3 1 3 1 2 1 3 3 1 1 3 1 1 2 1 2 1 1 1 2 2 1 2 3 2 1 5 1 6 4 3 2 1 2 2 2 1 1 1 1 1 1 2 1 1 2 1 1 1 2 2 2 1 2 1 1 3 1 2 1 2 1 1 2 1 3 2 5 1 2 1 1 1 1 1 1 1 1 1 3 1 1 3 1 1 1 1 1 3 1 1 1 2 1 1 3 2 1 2 1 1 1 1 2 1 1 3 2 1 2 1 2 1 1 1 3 1 4 2 1 2 2 3 2 1 3 1 1 2 1 2 2 3 1 2 1 3 1 3 2 2 3 1 3 1 4 1 2 3 1 3 2 2 2 4 1 1 2 1 1 1 2 1 1 2 2 4 2 2 2 2 1 1 1 3 3 2 1 2 2 1 1 2 1 2 1 1 3 1 1 1 1 2 3 1 1 3 5 1 2 1 3 2 1 1 3 1 1 1 3 2 2 1 2 1 1 2 2 1 1 2 1 2 1 2 2 1 1 2 1 1 2 2 1 2 1 2 1 1 1 1 1 1 2 1 1 1 1 3 4 2 1 1 3 2 1 1 2 1 1 1 3 2 1 3 1 1 1 1 1 3 1 2 2 3 1 1 2 1 4 4 1 2 1 1 1 1 1 1 1 1 1 2 1 1 3 2 6 1 1 1 1 2 1 4 1 1 1 3 1 2 1 1 3 2 2 2 1 1 2 3 2 1 1 1 2 1 1 1 3 1 1 2 2 4 2 1 1 2 2 1 1 3 3 2 2 3 5 1 1 2 1 1 3 1 1 2 1 1 1 1 2 1 2 2 1 1 1 2 1 4 1 3 1 2 3 1 2 2 1 1 2 2 3 1 1 2 2 1 1 2 4 1 2 2 3 2 4 1 1 1 1 3 1 2 2 2 1 2 1 1 1 1 3 1 1 1 1 1 1 3 2 1 1 2 1 3 3 2 3 4 4 1 3 1 2 2 2 3 1 3 1 1 1 2 3 3 1 2 1 2 3 5 2 2 1 1 1 2 2 1 2 3 2 1 3 2 1 1 1 2 2 1 1 1 1 2 1 2 3 1 1 1 1 1 1 3 1 1 1 1 1 3 3 2 3 1 1 2 1 4 2 4 1 2 1 1 1 3 3 2 2 1 1 1 3 3 1 1 1 1 2 3 2 2 1 1 3 5 1 3 1 1 1 3 2 2 2 1 1 2 1 1 2 1 1 1 3 1 2 1 2 2 1 1 1 1 1 4 2 1 2 1 1 2 1 2 1 1 1 1 1 2 1 3 2 2 2 2 2 2 2 2 1 1 2 2 2 3 2 4 2 2 1 2 4 3 2 3 1 1 1 1 2 1 2 1 4 1 1 2 3 1 2 1 1 1 1 3 1 5 2 1 4 1 1 1 2 1 2 1 1 2 2 1 1 2 1 1 2 2 3 1 1 1 3 1 1 1 1 1 1 3 1 2 2 3 1 1 3 3 1 2 3 2 1 3 1 3 2 1 3 1 1 5 1 2 1 1 3 2 1 2 2 2 3 3 1 3 2 1 1 2 1 1 3 1 1 1 1 1 1 2 1 1 1 1 1 2 1 2 1 1 3 1 1 3 1 1 2 2 2 1 2 2 1 1 2 1 2 1 2 1 4 1 2 1 1 2 2 2 1 2 3 2 1 1 2 3 1 2 2 1 4 1 2 1 2 1 2 1 2 2 1 6 1 4 2 2 4 1 2 1 1 1 1 1 3 1 2 1 2 3 2 1 2 1 1 2 1 2 1 2 3 2 1 1 4 1 2 1 1 2 3 2 2 3 1 1 1 1 1 3 2 4 1 4 2 2 1 2 1 1 1 1 1 1 1 1 2 2 1 3 2 1 1 1 2 3 4 2 2 3 1 2 2 1 2 3 2 3 1 2 1 3 1 1 3 2 1 1 2 1 2 2 1 2 2 1 2 1 2 4 3 1 2 3 3 1 1 3 1 1 1 3 3 1 1 4 1 1 1 2 1 1 3 2 4 2 3 2 2 1 1 2 2 2 1 1 3 1 1 1 2 1 1 1 1 2 2 2 4 2 2 4 1 2 1 3 2 1 1 1 1 1 2 2 1 2 1 2 1 1 3 1 1 2 1 1 5 2 3 2 2 3 1 2 3 2 1 1 1 3 1 1 1 1 2 2 1 2 2 1 2 1 1 2 1 2 1 2 1 1 1 2 3 1 2 1 1 1 1 3 2 1 2 2 1 2 3 1 2 2 1 3 1 1 2 1 1 2 1 3 1 1 2 1 2 2 4 1 1 1 3 1 1 1 1 1 1 1 1 3 3 1 1 1 1 1 1 1 1 2 4 1 2 1 1 2 3 2 1 1 2 1 1 3 1 1 2 1 3 1 3 2 1 2 2 3 1 2 1 1 1 1 1 1 1 2 3 1 2 3 1 1 1 1 3 1 2 2 3 1 2 2 2 2 2 2 3 1 2 3 3 5 1 1 1 2 2 3 2 3 1 1 1 1 3 1 3 1 1 3 2 5 2 1 2 1 1 2 4 1 1 3 1 2 1 1 1 1 1 1 2 4 2 2 1 5 2 1 2 2 3 2 3 1 2 1 1 2 3 2 1 2 1 2 1 2 1 1 1 2 1 2 1 1 3 2 2 4 2 1 2 2 1 1 1 1 1 1 3 3 2 2 2 2 2 4 1 2 2 2 1 1 2 2 1 1 2 2 2 4 1 3 2 2 2 3 3 1 1 1 3 1 3 1 1 1 2 2 3 1 1 1 1 2 3 1 1 3 2 1 1 2 1 2 1 1 1 3 3 2 2 2 2 2 2 1 3 1 1 2 1 1 2 1 2 1 1 1 2 1 1 1 2 2 1 1 2 1 1 1 2 1 2 2 1 1 1 5 1 1 3 2 1 3 1 1 1 2 1 2 2 2 1 2 1 1 5 1 4 2 2 3 3 1 3 3 1 4 1 1 2 1 1 2 5 2 1 2 1 3 1 2 1 1 2 3 1 1 1 1 1 1 2 3 1 1 2 1 1 2 2 3 1 2 2 1 2 2 1 2 1 2 1 2 2 2 1 4 1 1 2 2 2 1 4 1 1 2 1 3 1 1 1 2 3 2 1 5 1 3 1 1 1 1 2 4 2 1 1 2 1 2 1 1 1 3 1 2 1 3 3 1 2 1 1 1 1 1 1 1 1 1 1 1 1 3 1 1 1 5 2 1 1 3 1 2 1 3 1 1 1 1 2 1 2 3 2 1 3 2 1 1 2 1 3 1 3 3 2 1 1 1 1 1 1 1 1 1 3 2 2 3 2 2 1 1 1 1 1 1 3 3 1 1 2 1 1 2 2 1 1 3 1 2 3 1 2 4 3 1 2 1 1 1 1 3 1 1 3 2 3 1 2 1 2 1 2 1 1 1 3 1 3 2 1 4 1 3 1 6 3 5 3 2 2 1 1 3 2 1 3 1 1 4 3 3 1 1 1 1 1 1 1 2 3 1 3 2 1 2 2 3 1 1 1 3 1 2 2 1 1 2 1 2 1 1 1 2 2 1 1 2 1 1 3 2 3 4 1 1 2 1 1 3 1 2 2 2 1 2 1 2 1 1 3 1 2 1 1 3 1 1 3 1 1 1 2 1 4 1 1 2 1 1 1 1 1 2 1 3 1 1 2 2 1 2 1 2 1 3 1 1 1 1 1 2 3 2 1 1 1 3 2 3 2 4 1 1 1 2 3 2 2 1 1 1 2 1 1 1 2 1 2 1 2 1 1 2 2 3 2 2 3 1 1 1 1 3 1 1 2 1 1 1 1 1 1 3 2 1 2 1 2 2 2 1 1 2 1 3 1 1 4 1 1 2 3 4 1 1 1 2 1 1 1 3 1 2 2 2 1 2 2 2 1 1 2 2 3 2 1 3 2 3 2 1 1 2 2 2 1 1 1 3 2 2 2 2 1 3 5 1 2 2 2 5 2 3 1 2 1 2 2 2 1 3 2 2 1 2 1 2 1 3 2 1 2 1 1 1 1 1 2 1 2 1 4 2 2 2 4 1 2 1 2 1 4 1 1 1 1 3 3 1 3 4 1 1 1 1 3 2 3 2 1 1 2 1 4 2 1 1 2 1 1 1 1 2 1 2 2 4 1 1 1 2 2 1 2 2 1 2 2 2 2 1 1 4 1 2 1 1 1 1 2 1 1 2 3 1 1 2 1 5 2 3 2 1 1 2 2 7 4 2 4 3 2 2 1 4 3 1 2 2 1 2 2 1 3 1 1 3 2 3 1 1 2 2 1 1 3 1 2 1 1 3 3 1 3 1 1 1 1 1 1 4 1 3 2 1 1 2 1 2 2 1 1 1 1 2 1 2 1 2 2 1 2 1 1 2 2 3 2 2 2 2 1 2 2 1 2 1 2 2 1 2 1 1 3 2 1 1 2 2 2 1 2 2 1 1 2 1 1 2 1 2 1 2 2 2 2 1 1 1 1 2 2 1 2 1 2 2 1 2 3 1 1 3 1 1 4 2 2 2 1 1 3 1 2 3 2 2 4 3 2 2 1 1 2 2 3 2 1 1 2 1 2 1 6 1 2 2 2 1 2 1 1 1 1 1 1 3 1 1 1 1 5 3 3 2 3 2 1 1 2 2 1 2 3 2 1 4 1 7 1 1 3 2 1 1 2 4 1 2 1 5 1 3 3 6 2 2 1 2 1 3 2 1 3 3 1 1 1 1 2 1 1 1 2 1 1 1 1 1 1 5 2 3 1 3 1 1 1 1 1 1 2 1 1 3 1 1 1 1 2 1 1 2 1 1 2 1 2 1 2 3 3 3 1 2 2 1 1 1 2 1 1 2 1 3 1 1 1 1 1 1 1 2 2 2 1 1 1 1 3 1 1 1 2 2 2 3 2 1 1 2 1 1 2 1 2 1 2 2 2 1 3 1 1 1 1 1 2 2 2 2 1 1 2 2 1 1 2 1 1 2 1 3 1 2 1 1 3 4 1 2 1 1 2 1 4 3 1 1 1 2 1 1 2 2 2 1 1 1 3 4 2 3 1 1 1 3 3 1 2 2 3 3 1 3 4 1 1 1 2 2 4 2 2 1 4 2 1 3 2 1 1 1 1 2 3 1 1 1 1 4 1 2 3 1 2 2 1 5 1 1 3 1 1 1 1 2 2 1 2 2 1 3 4 2 3 1 1 1 1 2 2 2 2 1 1 2 1 1 2 2 3 2 1 2 2 1 2 2 1 1 4 1 2 1 3 2 3 1 2 1 1 1 2 2 1 1 2 2 3 1 3 2 3 2 2 1 2 3 3 4 1 1 3 1 1 1 2 1 1 1 2 1 1 1 2 1 1 1 2 1 3 2 3 1 1 2 2 3 2 1 1 1 2 3 1 2 1 2 1 1 3 2 1 1 1 1 2 2 2 1 1 1 2 1 2 1 2 2 1 4 1 1 1 1 3 2 1 1 3 1 2 1 1 1 3 2 3 1 1 1 2 1 1 1 1 1 1 1 1 1 2 1 1 2 1 1 2 1 2 3 1 1 3 1 1 1 3 1 2 1 1 1 2 3 3 1 2 1 1 3 1 1 3 2 1 1 1 2 3 2 3 2 1 1 4 2 1 3 2 1 2 6 2 1 1 1 1 1 2 1 1 2 1 1 1 2 3 3 1 3 3 1 1 1 1 2 2 3 2 3 2 1 2 2 3 3 4 2 1 3 1 1 1 3 2 3 2 1 2 1 1 2 1 1 3 2 3 1 1 1 2 1 2 2 2 2 1 1 2 1 3 1 2 3 2 1 1 1 1 1 2 4 2 3 2 1 1 1 1 4 1 1 1 1 2 1 1 2 1 1 1 1 2 1 3 2 2 1 1 1 1 2 1 2 1 2 3 1 2 1 1 3 2 1 2 4 1 1 1 1 1 3 1 1 1 3 2 3 1 1 3 2 1 2 2 2 3 1 1 1 4 1 3 2 1 1 1 1 1 3 2 1 1 2 2 4 1 2 5 2 1 2 2 2 1 2 1 2 1 1 1 1 1 3 3 2 1 1 1 2 2 1 1 1 1 3 2 1 1 4 1 3 1 2 1 3 1 1 3 2 1 2 1 1 1 2 4 1 1 1 2 3 2 2 1 2 1 3 2 3 1 2 3 2 2 2 3 1 2 2 1 1 1 3 1 3 1 4 2 2 2 3 2 2 2 1 1 4 1 2 1 1 1 2 2 1 1 1 4 2 1 2 2 2 1 3 1 4 1 1 1 2 1 2 1 1 5 1 2 1 1 1 1 3 3 2 2 1 2 2 2 1 1 1 2 1 1 1 1 1 2 2 1 2 1 1 1 1 1 1 4 2 1 1 2 1 2 2 4 1 2 2 3 2 6 2 2 3 1 1 1 1 3 3 4 3 3 1 4 1 4 2 1 3 2 4 4 1 2 2 1 5 1 2 1 1 3 3 1 2 3 1 2 1 1 1 3 2 1 1 3 1 3 1 1 1 1 2 1 3 1 1 3 2 2 1 2 2 4 1 1 2 2 1 1 2 1 1 1 3 1 2 2 1 5 1 1 4 3 2 1 1 1 1 1 1 1 2 1 1 2 1 1 1 3 2 2 4 5 2 1 3 1 4 1 2 3 1 2 1 1 2 3 2 1 1 1 3 1 2 1 1 2 2 3 1 2 2 1 1 1 5 1 2 1 4 4 1 1 1 2 1 2 2 3 1 2 2 1 1 1 1 1 1 5 1 1 2 2 2 1 1 1 6 1 2 4 1 4 2 1 1 1 1 1 1 2 1 3 1 3 2 1 3 2 3 2 1 1 3 3 1 3 1 1 3 3 1 3 1 1 3 1 1 1 2 1 1 1 1 4 2 4 1 1 2 1 1 2 3 1 1 2 1 2 1 3 1 2 1 2 5 1 1 1 1 3 3 1 1 1 1 5 1 3 1 1 1 1 1 1 1 3 1 2 3 4 1 2 3 1 2 2 3 1 1 1 3 2 2 1 2 1 1 1 4 1 1 3 4 2 3 3 1 1 1 2 1 1 1 3 4 3 4 1 1 1 7 1 1 2 2 2 1 2 1 1 1 2 2 4 2 3 1 4 2 3 1 1 3 2 1 3 1 2 2 1 3 1 1 1 1 2 2 1 2 2 2 1 1 3 2 3 1 5 1 1 1 2 1 1 1 1 1 1 2 1 5 1 1 3 2 2 2 3 4 1 1 1 3 2 1 3 3 1 3 1 2 2 3 1 1 2 1 2 1 3 3 1 1 1 1 4 1 1 1 1 1 5 1 3 2 1 2 1 3 2 2 3 2 1 1 2 2 1 2 2 1 1 2 1 1 1 2 1 1 5 2 4 2 1 2 1 1 1 1 1 2 2 2 4 2 1 2 1 1 3 1 2 1 1 2 2 2 2 1 1 2 1 1 1 1 2 1 2 3 1 2 4 1 1 5 1 2 1 1 1 1 1 3 1 1 1 1 1 2 3 1 4 1 2 1 2 1 2 2 3 3 3 1 2 1 2 1 3 1 2 2 2 3 1 1 1 2 4 3 3 4 1 2 1 2 3 1 3 3 1 2 4 1 1 1 1 3 1 1 1 1 1 1 1 2 2 4 1 1 3 2 2 3 1 3 1 2 3 1 2 1 1 2 3 2 1 1 2 2 2 3 4 6 1 4 1 2 1 1 3 3 2 1 1 3 1 1 1 2 2 1 1 2 4 1 2 2 1 3 2 1 1 1 2 3 1 3 3 2 2 3 1 1 1 1 4 2 3 1 1 1 1 4 2 1 3 1 1 2 1 1 1 1 1 2 2 1 1 1 3 3 3 1 4 3 4 2 1 1 4 3 2 1 2 2 2 2 2 3 3 1 1 2 4 3 1 1 1 1 2 3 1 1 1 1 1 3 2 1 1 1 2 2 1 1 1 1 1 2 1 1 3 4 1 2 1 1 3 3 1 1 1 3 1 3 1 3 2 1 1 2 1 2 3 2 1 1 2 2 1 1 1 2 2 1 2 1 1 1 1 3 1 2 2 3 3 1 3 1 3 1 1 1 3 3 3 1 2 1 1 1 2 1 1 1 1 1 1 1 3 1 3 2 1 1 2 1 2 2 2 1 6 1 2 1 3 1 4 2 1 3 1 2 2 3 2 1 1 2 1 2 2 1 1 2 2 1 2 2 2 1 1 1 4 3 3 2 2 3 2 2 3 2 2 2 1 2 1 2 1 2 3 3 2 5 2 1 2 2 1 1 2 3 1 1 1 1 4 2 2 1 1 4 1 5 2 4 4 1 3 1 2 3 2 1 1 1 2 1 4 1 2 2 1 2 1 1 3 2 1 3 2 1 1 2 1 1 1 2 1 2 1 1 1 2 1 3 1 1 1 1 2 2 1 1 1 2 1 1 1 1 2 2 3 1 1 1 2 1 2 1 1 1 2 2 1 2 2 1 1 3 4 2 6 2 3 1 1 1 1 2 2 1 1 1 2 1 2 1 1 1 2 1 2 1 2 2 1 3 1 1 1 4 1 1 1 4 1 2 3 1 2 1 1 1 1 3 1 1 4 1 1 1 2 2 2 1 3 1 2 6 3 4 1 1 3 2 2 2 1 1 2 3 2 4 1 2 3 3 1 1 2 1 1 4 2 1 4 3 2 1 2 2 1 2 2 1 1 2 1 1 1 3 1 3 2 2 1 2 2 2 1 1 3 1 4 3 2 2 1 2 1 3 2 1 3 2 1 2 3 1 2 1 2 1 2 1 1 2 4 1 2 1 1 1 1 1 1 1 3 3 1 2 3 1 1 1 1 1 3 2 1 1 1 4 2 1 1 1 1 1 1 3 1 1 1 4 1 3 1 1 1 1 2 1 1 3 2 2 4 1 2 3 1 1 2 2 3 2 1 1 1 2 1 2 2 2 2 2 1 2 1 1 1 1 3 1 2 1 1 1 2 1 3 1 2 1 1 2 1 2 3 1 3 3 2 2 1 1 2 2 2 3 1 1 1 1 2 3 2 1 3 2 2 1 1 2 5 4 1 2 2 1 1 1 2 3 2 1 1 1 2 3 2 2 1 1 2 2 2 2 3 1 4 1 2 1 3 1 1 1 1 2 1 1 1 1 1 2 1 2 2 1 2 2 1 1 2 2 2 1 1 2 1 2 1 3 1 1 3 2 1 2 2 1 2 1 3 3 2 3 1 1 1 1 1 1 3 1 1 1 3 1 1 1 2 1 2 3 2 2 3 2 2 1 2 1 4 1 1 2 1 1 3 1 1 2 1 2 2 2 1 1 1 2 1 1 1 2 2 1 1 1 1 2 2 1 1 1 2 1 2 1 3 3 1 1 2 1 1 1 1 1 5 1 1 2 1 4 1 1 1 1 1 2 1 2 1 1 2 1 1 2 1 2 2 3 3 2 2 3 1 1 1 1 2 2 2 1 2 2 3 1 2 2 3 2 2 4 3 1 3 1 1 3 1 2 4 1 2 4 1 2 2 1 1 2 1 3 1 1 2 2 1 1 1 1 2 1 1 3 2 1 1 1 1 1 2 1 2 1 1 1 1 3 2 1 1 1 4 2 1 1 4 2 1 1 2 1 3 1 1 2 1 1 2 2 1 1 2 1 1 2 2 2 1 1 3 2 1 2 1 1 2 1 3 1 1 1 2 1 1 4 2 3 1 2 2 3 2 1 2 1 4 1 1 2 1 2 1 1 2 1 2 1 3 1 1 2 4 2 1 1 1 6 1 1 1 2 2 1 2 3 1 2 1 4 2 2 2 2 2 2 1 3 1 1 1 2 2 2 3 1 2 1 2 1 4 3 1 1 4 2 2 1 1 1 2 3 2 2 1 1 1 4 5 1 2 1 1 1 3 1 2 2 1 1 2 3 3 2 1 2 1 1 2 1 1 1 1 2 3 2 1 2 1 2 2 2 1 2 2 1 1 3 2 3 3 1 4 1 2 2 2 1 2 2 1 2 1 2 2 1 1 1 2 1 2 1 2 1 3 1 3 4 1 1 2 2 1 1 2 1 2 2 2 2 2 1 1 3 2 2 1 1 2 3 1 1 1 2 3 1 2 4 1 1 2 3 1 2 1 2 2 1 2 2 2 2 1 1 2 2 1 3 2 2 4 3 1 1 1 2 2 1 4 2 1 3 2 1 1 3 1 3 3 1 2 1 3 2 2 2 1 3 1 1 1 2 1 1 4 2 3 1 2 2 1 2 2 1 2 3 1 1 1 2 2 2 2 3 2 2 2 3 1 1 1 4 2 1 3 2 1 3 2 3 3 3 2 1 2 1 1 1 1 2 3 2 4 3 2 3 1 1 3 1 3 1 3 1 2 4 1 2 1 1 1 1 1 1 1 2 1 3 2 1 1 1 2 1 2 2 2 1 3 1 1 1 1 1 1 3 3 1 3 1 1 1 2 1 3 1 3 1 4 1 2 2 1 1 1 2 4 2 2 1 1 1 1 2 2 2 3 1 1 2 2 1 1 1 2 1 2 1 2 1 2 1 1 2 2 1 1 2 2 2 1 1 2 1 1 3 1 1 2 1 4 1 2 1 1 1 3 1 1 1 1 2 1 2 1 1 2 1 3 1 2 1 2 1 1 1 2 2 2 2 1 2 1 2 2 1 1 1 1 1 1 1 1 1 1 3 3 5 2 1 1 3 4 2 1 1 1 1 1 2 1 2 2 1 1 2 1 2 1 1 1 4 1 2 2 1 2 1 2 1 2 1 2 1 3 2 3 1 1 1 2 2 1 3 1 4 1 2 1 1 1 1 5 3 3 3 2 2 2 3 1 1 2 2 2 1 2 4 2 1 4 2 2 1 2 1 2 1 1 2 3 1 1 1 2 2 2 1 2 1 2 1 6 2 1 3 2 1 1 2 1 2 1 1 2 2 1 2 3 1 2 2 1 1 2 2 1 1 2 1 2 1 1 2 1 1 1 1 1 6 1 1 2 1 2 1 2 2 2 1 1 1 2 1 1 1 2 2 2 1 1 3 3 2 2 3 1 4 1 1 1 2 2 4 1 1 1 1 1 2 1 1 1 1 1 2 1 1 2 1 2 1 1 3 1 3 1 1 1 2 1 2 2 1 2 1 1 1 2 1 2 1 1 3 2 1 5 1 1 1 1 3 2 3 3 3 1 2 2 2 1 1 2 3 1 1 1 2 1 1 2 1 4 2 2 1 2 1 2 1 3 4 3 1 2 2 2 2 3 5 1 2 2 2 2 2 1 3 1 
  #Test Small 14103
  #Test Medium 22434
  #Test Large 37030
