Board size [mm] 100x400

Stats side 1
  #Components with background 22
  #Components with points 165
  #Components nofly 3
  #Components notouch 3
  #Pins 50329
  #GNDs 1344
  #VDDs 968
  #Clock 15
  #NoFly points 562
  #NoTouch points 586
  #Points [total] 53804

Stats side 2
  #Components with background 13
  #Components with points 170
  #Components nofly 2
  #Components notouch 3
  #Pins 48840
  #GNDs 1654
  #VDDs 1330
  #Clock 15
  #NoFly points 258
  #NoTouch points 462
  #Points [total] 52559

Stats board (side 1 + side 2)
  #Components with background 35
  #Components with points 335
  #Components nofly 5
  #Components notouch 6
  #Pins 99169
  #GNDs 2998
  #VDDs 2298
  #Clock 30
  #NoFly points 820
  #NoTouch points 1048
  #Points [total] 106363
  #Nets 96145
    Net Size: 2998 2298 30 3 1 2 4 2 1 1 2 2 4 2 3 2 1 3 1 1 1 1 3 2 1 1 1 2 3 1 1 1 2 2 1 1 1 3 3 3 1 1 2 1 5 1 1 2 1 2 4 3 1 5 3 1 3 1 1 1 1 1 1 1 5 3 1 1 1 3 4 5 2 3 1 2 2 4 2 1 2 3 2 5 3 5 3 1 3 1 4 4 1 3 2 4 3 4 1 2 1 1 1 2 1 4 4 1 4 2 1 1 1 3 1 1 2 4 1 2 1 3 1 2 2 2 1 1 1 5 2 3 2 2 4 2 2 3 1 4 2 1 2 3 1 1 2 1 1 1 2 1 1 1 3 2 2 2 2 2 3 3 3 1 2 2 1 2 2 1 1 4 2 3 3 1 1 2 1 1 2 1 2 2 2 1 3 1 1 3 2 2 2 1 1 2 1 2 1 2 3 2 1 2 1 2 1 1 1 1 1 2 1 1 2 1 2 2 3 1 3 1 2 3 2 1 1 1 1 1 4 1 3 2 1 3 1 2 1 1 3 2 2 5 2 3 2 1 2 3 1 3 1 3 1 2 1 2 2 2 2 2 1 2 4 1 2 1 1 3 1 3 1 2 1 2 3 1 2 3 1 1 1 2 4 3 4 2 1 1 1 3 1 1 2 1 1 1 1 3 2 2 1 1 2 7 2 1 5 3 3 3 1 3 1 3 1 1 3 1 2 2 3 5 1 3 4 1 2 3 1 2 1 2 3 3 2 2 1 2 2 1 1 3 1 2 2 1 1 1 1 3 3 4 2 2 2 3 2 2 3 2 3 3 3 2 2 1 1 2 1 2 3 2 1 1 1 1 5 1 3 2 3 2 2 1 3 1 4 5 1 2 1 2 3 1 4 2 2 2 1 3 2 1 1 3 1 1 3 1 2 1 2 3 3 1 1 2 4 1 1 2 1 1 2 1 1 2 2 1 3 3 2 1 1 1 2 2 2 3 2 2 1 1 1 2 1 4 5 3 1 2 1 1 3 1 2 1 1 2 1 4 2 1 4 3 1 2 1 2 2 4 1 1 2 2 1 1 2 2 4 3 3 1 1 2 1 2 1 2 2 3 3 2 1 4 1 3 1 1 2 2 2 1 4 3 2 1 2 1 2 2 2 3 2 3 2 1 3 1 1 5 1 1 1 1 5 2 3 6 2 3 2 2 3 1 2 4 1 1 1 1 2 1 2 2 2 4 2 1 3 5 1 5 1 1 1 3 3 2 3 2 3 1 2 3 4 1 1 1 1 1 2 2 1 2 1 1 1 3 3 2 1 2 1 1 2 1 1 3 3 1 1 2 2 1 2 1 1 1 3 2 1 2 3 2 1 1 1 3 1 1 1 4 1 1 1 2 1 1 1 1 2 2 4 3 2 1 1 1 3 1 1 1 1 2 1 3 3 1 1 1 6 5 2 2 1 3 1 1 1 4 2 2 2 1 2 2 3 2 5 2 2 1 4 1 2 3 3 1 2 4 2 2 1 1 1 2 1 3 2 2 2 1 2 3 1 1 1 3 1 2 2 1 2 2 1 2 2 3 1 1 1 1 1 1 3 1 1 1 2 1 3 3 2 3 4 2 1 2 2 3 3 2 2 1 2 1 4 3 2 3 2 1 1 1 2 1 1 2 2 2 2 3 3 1 1 3 3 3 2 3 1 3 1 2 1 1 2 4 4 1 2 1 1 2 1 1 2 1 1 1 3 2 2 3 1 5 2 1 1 1 2 1 2 1 2 1 2 1 4 2 4 1 1 1 3 1 2 2 2 2 4 2 1 4 1 2 1 1 3 1 2 1 3 1 1 1 2 2 1 1 2 1 1 1 4 2 2 2 1 2 3 1 1 3 2 1 1 1 3 2 4 2 1 2 4 1 4 1 1 3 1 4 1 1 1 1 2 1 2 5 2 2 3 1 1 1 1 5 1 1 3 3 4 2 2 1 2 1 3 1 3 4 2 1 2 1 1 1 3 3 4 1 2 3 1 2 2 1 4 3 2 2 2 2 1 2 5 1 2 2 2 1 1 1 1 3 1 3 2 2 4 3 2 1 1 1 3 4 2 2 3 3 1 3 2 2 2 5 1 1 1 3 1 2 4 1 1 2 1 4 3 2 2 2 3 1 1 2 4 1 1 2 1 1 1 2 2 1 4 1 2 1 2 4 2 3 2 2 2 3 1 1 1 1 1 2 2 1 3 1 1 2 4 1 1 3 1 4 2 2 2 1 2 1 3 1 1 1 3 2 1 2 2 3 3 3 1 2 1 1 2 2 2 2 2 2 1 1 2 1 2 2 4 3 2 1 2 3 2 1 2 2 2 1 3 2 2 2 2 1 2 2 3 3 1 2 2 1 2 1 2 1 1 1 2 1 3 3 1 2 2 3 3 3 1 3 1 1 1 4 1 2 4 3 2 2 3 2 3 1 1 2 4 6 4 1 1 1 3 1 1 3 2 1 1 3 4 2 3 1 1 1 2 1 2 1 2 2 2 2 3 3 1 2 3 1 1 2 3 1 2 2 1 1 4 2 3 1 2 3 2 3 4 1 1 2 2 1 1 1 2 1 1 2 3 2 2 1 3 3 3 2 6 2 1 2 3 2 3 1 2 1 2 1 2 2 3 1 3 1 3 2 3 2 2 1 1 2 1 1 3 1 2 1 3 1 2 1 3 3 2 2 3 1 1 2 1 2 1 3 2 4 1 3 4 1 1 1 2 1 3 3 2 1 3 3 1 1 2 3 1 1 6 1 2 1 2 2 1 2 1 4 4 1 4 1 3 1 2 1 3 3 1 1 2 2 2 2 2 1 1 3 3 1 1 3 1 4 1 4 1 3 2 2 2 2 1 2 1 1 2 1 2 2 1 1 4 5 3 2 1 1 3 1 1 3 2 2 1 3 7 2 1 3 3 3 1 1 1 3 1 1 3 1 1 2 1 1 1 1 1 3 1 1 1 2 2 4 3 3 1 2 3 1 2 3 2 4 1 1 1 2 1 3 1 1 3 1 2 1 2 3 4 4 1 1 1 2 2 2 1 2 1 1 2 1 2 2 4 2 4 1 1 3 5 2 4 4 2 3 2 3 1 2 2 3 2 3 1 2 1 1 3 3 1 4 3 1 1 1 2 2 2 5 3 1 4 1 1 1 4 1 3 1 1 3 2 2 2 1 2 1 1 1 4 3 1 1 3 4 1 1 1 3 3 7 1 2 1 1 3 3 1 1 3 3 5 3 1 2 3 2 3 1 1 1 5 3 1 3 1 2 3 2 2 2 2 1 1 4 1 1 2 3 2 1 1 4 2 4 4 3 1 2 1 2 2 2 1 1 2 2 4 1 2 1 1 1 5 1 1 1 1 3 1 2 1 2 3 2 2 5 2 1 3 2 3 2 1 3 2 3 2 1 1 5 2 4 2 2 2 2 2 3 2 2 1 4 1 3 1 1 3 2 2 3 2 2 1 1 2 1 1 1 5 4 1 1 1 2 1 3 1 4 1 1 4 1 1 1 1 4 1 1 2 1 2 2 2 1 5 2 1 4 1 4 3 1 4 2 4 2 3 1 2 1 2 1 2 1 1 1 3 1 3 4 4 1 1 1 3 2 2 3 1 1 2 2 2 2 1 2 1 2 1 1 2 3 4 1 3 2 3 2 2 3 1 2 3 2 1 2 1 1 2 1 3 5 2 2 2 1 1 1 3 3 3 1 2 2 1 5 2 2 2 1 3 1 1 1 1 5 2 2 2 1 1 1 1 1 1 2 1 2 3 2 2 3 2 1 2 2 3 2 2 4 3 1 4 2 3 4 1 3 1 2 4 1 1 3 2 3 3 3 1 2 5 1 3 1 1 1 1 1 1 1 4 1 4 3 2 1 2 2 1 2 2 2 2 1 3 2 2 2 4 2 3 2 3 1 3 4 2 5 2 2 2 1 2 1 1 2 1 5 6 1 5 2 3 1 3 3 3 1 2 2 2 1 3 3 2 1 2 1 1 2 4 1 3 1 2 3 1 2 1 1 3 2 1 1 2 1 2 1 1 2 2 1 1 2 2 3 3 4 2 2 4 2 4 3 4 1 3 1 1 3 2 2 1 3 2 4 1 2 1 2 3 2 1 3 1 2 1 2 4 3 2 1 2 2 2 1 1 1 1 2 2 1 4 2 2 3 3 3 1 1 1 2 2 1 2 1 2 1 1 1 1 2 1 2 3 2 3 2 1 2 2 2 3 1 2 1 2 2 3 3 2 1 1 2 6 2 1 1 2 1 4 3 1 4 4 1 1 1 1 2 1 2 4 3 2 2 1 1 1 2 1 1 2 2 3 1 3 2 2 1 1 2 3 3 1 1 5 2 1 1 1 3 3 1 2 2 5 1 1 2 1 1 1 4 3 3 3 1 3 2 1 3 1 6 1 1 1 1 1 1 3 1 2 3 2 2 3 5 2 6 2 1 1 1 2 3 2 1 2 1 1 5 2 2 1 1 4 1 3 1 1 1 2 2 1 1 3 1 2 2 2 2 2 2 2 2 1 2 2 2 1 4 3 1 2 1 2 2 2 5 1 1 1 1 4 3 2 1 1 1 2 1 1 1 1 5 2 2 2 3 2 2 2 1 1 3 3 3 4 2 4 2 1 3 1 2 3 1 3 2 3 1 1 1 2 1 3 5 1 2 1 2 3 1 2 2 3 2 1 2 4 3 3 2 1 1 3 3 1 2 1 1 1 5 2 2 2 1 1 4 3 1 2 1 2 3 2 1 1 2 2 1 1 1 3 1 1 2 4 1 1 1 1 2 1 2 1 1 3 1 2 2 2 2 2 1 2 1 1 1 1 4 3 2 1 1 3 1 4 2 2 3 2 3 1 1 1 2 1 1 2 3 2 2 2 2 2 4 2 1 1 1 1 1 3 1 5 1 1 1 5 1 1 1 1 1 1 3 2 3 1 1 2 2 3 2 3 1 1 3 1 2 3 3 1 2 5 1 2 5 1 2 2 3 2 3 2 6 2 1 2 1 1 4 3 1 2 3 1 1 1 3 1 2 2 1 2 1 1 1 2 3 1 3 1 2 2 1 1 1 1 2 1 1 2 1 1 1 2 2 1 2 3 2 1 1 3 3 3 1 1 1 1 2 4 2 1 2 2 1 3 1 4 1 4 5 2 2 1 2 1 1 2 1 1 1 4 2 1 3 1 1 3 2 2 1 2 3 2 2 2 3 3 2 3 1 2 2 1 1 1 1 1 4 1 2 1 2 2 2 2 3 2 1 1 2 1 2 2 3 1 2 4 1 2 1 4 2 1 1 1 2 1 2 2 1 2 1 2 3 4 3 2 6 2 2 1 1 1 1 1 2 5 2 2 2 3 1 4 5 2 2 1 1 2 1 2 3 3 2 2 1 2 1 2 1 2 1 4 1 3 1 3 3 1 4 2 2 4 2 2 2 3 1 1 2 1 1 1 2 2 3 3 1 1 3 4 1 7 2 2 2 2 1 4 1 2 1 1 1 2 4 1 1 1 2 2 2 1 1 5 2 2 1 4 1 1 3 2 1 1 3 3 2 1 4 3 6 2 2 1 1 1 1 2 3 3 2 1 1 1 2 1 2 3 2 2 4 3 3 2 4 2 5 4 1 1 5 3 2 1 1 1 3 2 1 1 2 1 1 3 2 2 3 3 3 1 1 1 1 1 2 1 3 3 1 3 3 4 1 2 2 3 4 4 3 1 5 2 2 4 1 3 1 4 2 2 2 1 1 1 2 2 2 3 3 1 1 2 3 2 2 2 4 2 1 2 2 4 1 3 2 1 1 1 1 2 1 1 1 1 1 2 2 3 1 1 3 1 1 2 1 2 2 2 2 2 2 4 2 1 1 1 2 2 1 3 2 1 2 1 3 1 1 3 1 2 3 1 1 2 3 1 1 1 1 1 1 1 3 2 3 1 1 2 2 2 3 2 2 2 1 1 1 1 3 1 2 3 1 2 1 2 3 1 1 1 3 4 2 1 1 2 4 1 1 1 3 1 1 4 2 4 2 3 2 1 2 2 1 1 1 2 2 2 2 1 1 1 1 1 1 2 3 4 1 1 3 1 1 2 1 3 1 1 3 2 5 6 1 6 3 2 1 2 1 4 2 1 1 1 3 2 1 1 1 2 1 1 1 1 1 4 4 1 3 2 1 2 1 2 2 2 2 1 1 2 5 2 1 1 3 1 2 3 3 1 3 2 1 2 3 3 3 2 1 3 1 2 2 3 1 3 3 1 1 2 7 3 1 1 3 2 1 3 2 1 1 2 2 1 3 3 1 5 1 1 2 3 2 2 2 5 1 3 1 2 2 2 4 2 1 3 4 2 1 3 3 2 1 4 2 1 1 2 2 5 1 3 3 1 3 3 3 3 2 2 1 1 1 1 3 1 5 1 2 2 1 1 4 3 2 2 1 1 3 1 1 1 2 2 4 3 2 4 1 4 1 2 2 2 2 2 3 3 2 1 1 2 1 3 1 1 4 1 3 2 5 1 3 1 1 2 2 4 3 1 1 1 3 1 1 1 2 3 1 1 2 2 1 2 3 1 2 2 1 3 1 1 1 2 2 1 2 1 2 1 2 1 1 1 1 1 1 3 2 1 3 4 1 1 1 1 4 3 2 2 2 2 2 1 1 2 1 1 1 1 1 1 3 1 1 2 2 1 2 1 3 1 6 1 3 2 1 3 2 2 2 1 3 2 1 4 4 1 1 5 3 1 2 3 2 1 2 3 2 3 3 2 4 4 2 2 1 1 2 2 6 1 3 3 2 2 1 1 3 1 2 3 2 1 2 1 4 5 2 1 1 3 5 1 5 2 3 1 2 4 1 3 2 4 1 2 2 2 2 2 3 3 1 2 1 4 2 4 3 2 2 2 1 1 2 3 3 2 2 4 1 1 2 2 2 2 3 1 1 1 2 2 2 4 2 2 1 1 2 3 2 3 1 1 1 1 2 2 1 1 1 1 4 4 3 1 3 3 2 3 1 4 3 1 2 2 2 1 1 4 2 3 2 3 2 2 1 1 2 2 1 1 2 1 1 1 1 1 3 2 2 5 1 1 1 2 1 1 1 1 1 4 1 3 2 3 3 2 1 1 3 3 2 1 2 2 2 1 2 2 3 2 2 1 2 2 2 1 1 2 1 3 2 3 2 2 5 1 4 1 1 2 4 2 1 2 2 1 4 1 1 3 1 1 1 1 3 1 3 3 4 1 2 2 2 1 2 1 3 1 1 2 4 1 2 1 2 3 2 1 2 3 1 1 1 1 2 2 2 1 2 3 1 1 2 2 2 1 1 3 3 1 1 1 1 3 2 1 2 2 3 2 2 2 4 2 3 1 2 1 2 2 3 2 3 3 2 2 1 1 3 1 4 1 2 3 3 1 1 3 3 2 2 1 1 2 1 1 2 3 3 1 2 1 2 2 1 2 2 1 5 1 2 2 1 1 2 2 3 1 1 2 1 2 1 5 1 1 1 1 1 3 1 2 1 1 3 1 1 3 3 4 2 3 3 2 2 1 2 2 1 2 2 1 1 2 1 1 1 2 2 1 4 1 3 4 3 2 2 2 2 2 1 1 1 2 3 2 1 2 2 2 1 2 3 3 1 1 3 2 1 1 3 2 1 1 3 1 2 1 2 1 1 2 1 1 2 1 2 1 1 3 1 1 2 1 3 1 1 2 2 2 3 1 1 2 3 2 2 4 2 2 2 2 1 4 1 1 1 5 1 1 1 2 2 2 2 1 1 1 4 1 1 1 2 2 3 4 3 3 5 1 2 3 3 1 1 3 1 1 2 1 2 3 1 2 4 2 2 1 2 2 1 3 3 2 4 1 3 2 4 5 1 2 4 1 1 1 2 3 2 1 1 1 2 1 1 1 1 2 2 1 3 5 1 1 2 3 2 2 2 3 1 1 2 1 3 1 3 2 1 1 1 1 3 1 1 1 2 2 2 3 2 1 3 4 1 1 3 1 1 1 1 3 1 4 2 3 2 1 1 1 2 4 4 3 1 1 1 2 2 1 1 1 1 1 2 1 4 1 3 3 2 1 2 1 1 1 1 1 1 5 1 1 1 1 3 2 1 2 2 1 1 2 2 1 4 1 1 3 1 3 1 3 3 1 2 1 3 2 3 2 2 2 2 4 5 2 2 2 2 1 2 2 4 2 4 1 1 1 3 3 2 2 2 2 1 4 2 4 2 3 1 2 3 1 1 3 2 2 1 3 1 2 1 1 2 2 1 1 1 3 1 3 5 3 2 1 4 2 1 1 1 5 2 2 2 2 5 4 1 2 2 2 1 4 1 1 2 4 1 2 3 2 5 3 1 2 4 1 3 2 1 1 1 1 1 2 1 2 1 2 1 1 1 3 2 3 1 1 1 1 1 2 1 5 1 1 1 2 1 1 2 1 1 4 1 4 2 2 1 3 1 1 2 2 1 4 4 2 2 2 2 1 1 6 2 1 1 1 1 3 1 1 3 1 1 1 1 4 1 1 1 4 5 2 2 1 2 2 1 2 1 2 2 1 1 3 1 1 3 1 3 3 3 1 2 1 2 2 4 1 1 2 2 3 2 2 2 1 3 3 1 2 3 1 1 3 1 2 1 2 2 1 2 1 2 1 3 2 1 3 2 2 3 1 1 2 3 1 2 4 1 1 6 5 2 1 1 2 2 1 3 3 2 3 3 2 1 1 2 4 2 1 1 3 2 1 2 2 3 1 1 1 3 2 4 2 1 1 2 1 1 2 4 2 3 1 5 1 2 1 2 3 2 1 3 3 1 2 2 1 1 1 2 1 2 1 1 2 2 4 3 4 2 3 1 2 1 2 1 2 2 1 2 2 2 1 1 2 1 1 1 2 1 5 1 3 1 3 1 1 2 3 1 4 1 2 2 2 2 2 1 2 1 2 1 1 1 2 2 3 3 3 1 1 2 1 1 4 1 3 2 6 1 3 1 1 2 1 2 2 3 1 1 1 3 2 2 1 4 2 2 3 2 3 3 2 1 1 1 1 1 1 1 6 3 1 2 2 2 2 1 1 1 1 1 2 4 1 2 2 1 2 4 3 1 1 2 1 2 1 4 1 2 2 1 1 1 2 1 2 2 1 2 1 4 2 1 4 2 1 3 4 2 3 2 1 4 1 2 1 3 2 2 2 1 1 1 4 2 1 4 1 2 1 1 2 2 1 1 1 3 3 1 2 1 1 2 2 2 1 1 1 1 3 3 2 1 3 2 1 1 1 3 4 5 1 6 3 2 1 1 2 1 1 1 2 3 1 1 1 2 3 4 2 1 3 2 1 3 2 1 1 1 3 1 1 3 5 2 2 2 2 1 4 1 1 1 1 2 3 2 2 1 2 1 2 3 1 2 4 1 1 1 1 2 2 3 3 2 4 1 2 3 2 1 2 4 2 1 3 2 3 1 1 2 2 1 1 1 1 2 3 2 1 2 2 3 2 2 1 2 2 2 2 2 2 1 3 5 3 2 3 1 2 2 2 3 2 1 1 3 1 2 1 1 1 1 2 1 2 3 1 3 1 1 1 3 1 2 3 1 2 1 5 4 3 1 1 2 1 1 1 1 3 3 2 2 2 1 1 2 3 2 2 2 1 3 1 1 2 2 1 2 1 2 2 2 2 1 1 1 1 2 6 3 1 1 2 1 1 2 2 2 4 1 1 3 2 3 2 2 2 2 1 1 1 2 2 2 1 1 1 2 1 2 3 2 1 1 1 1 2 1 2 2 1 2 2 2 1 1 1 3 2 1 1 2 2 4 1 1 2 2 3 1 1 1 1 2 3 3 2 2 2 1 1 2 2 1 1 1 2 2 2 2 1 3 2 4 2 1 3 2 1 3 2 2 1 2 2 1 1 2 1 1 1 1 2 1 1 2 1 2 1 1 1 2 2 3 2 1 4 2 4 1 1 1 1 2 2 1 3 1 3 1 3 6 2 3 2 2 1 2 2 1 3 1 4 1 2 6 1 3 1 3 2 3 2 3 5 3 3 2 1 1 2 2 1 1 1 2 1 2 2 5 1 4 3 1 1 2 3 3 4 3 1 3 1 3 2 1 2 2 3 2 1 3 4 2 4 3 1 2 2 1 4 2 2 1 2 2 1 2 1 5 3 4 2 2 1 4 4 4 1 1 1 3 1 2 1 1 1 1 2 1 2 2 2 5 1 2 1 1 1 1 1 1 4 3 1 1 1 1 1 3 1 1 1 3 1 2 2 3 4 2 3 1 2 3 1 1 3 4 1 2 2 1 5 1 1 3 2 2 1 1 1 1 4 1 2 1 1 1 3 1 1 2 1 2 1 1 2 4 4 1 2 1 3 2 2 1 4 2 1 3 3 1 3 3 3 1 4 2 1 4 1 2 1 1 2 1 3 2 2 3 3 2 1 1 1 2 1 1 1 2 2 3 1 1 2 1 3 1 3 2 1 2 2 1 4 2 2 2 2 1 1 2 1 2 1 1 1 2 1 1 2 2 3 1 2 2 1 1 4 2 3 2 1 1 1 3 1 1 1 2 1 2 2 1 1 3 3 1 1 1 1 2 2 3 1 2 3 2 1 2 1 5 2 1 2 1 2 2 1 2 2 2 1 2 1 1 3 2 2 2 2 1 4 3 1 2 3 1 1 2 1 3 1 5 2 3 1 2 1 2 2 1 3 1 2 3 1 1 2 1 2 3 1 3 2 2 1 1 3 3 4 2 2 3 1 2 1 2 3 1 1 2 1 1 1 2 4 1 1 1 2 1 1 2 5 2 4 1 2 3 3 2 3 3 1 1 4 1 2 1 1 2 2 1 1 3 3 2 1 1 4 3 6 1 2 3 2 1 3 2 1 1 3 2 2 1 1 2 2 1 3 2 2 5 1 4 1 2 1 2 1 4 1 2 2 1 1 2 2 1 4 1 1 3 3 1 2 3 1 5 1 2 2 1 2 2 2 1 1 4 1 1 1 2 1 2 2 3 1 1 2 2 3 1 2 4 2 3 4 3 1 1 2 1 2 2 1 4 2 3 2 2 3 2 3 3 2 1 3 3 5 2 1 1 1 1 2 2 4 2 1 3 2 1 2 2 1 2 1 1 2 1 4 2 3 1 1 1 2 1 2 1 1 1 2 2 1 1 1 2 1 1 3 3 2 1 2 3 2 2 1 2 1 1 3 1 1 4 1 1 1 3 2 5 1 2 2 2 1 1 2 3 1 1 1 4 2 1 2 1 1 3 2 2 1 1 1 2 4 2 1 1 1 1 3 2 2 2 1 5 3 1 1 1 2 2 1 2 3 3 2 2 2 2 3 2 1 2 1 4 2 1 3 2 1 
  #Test Small 8595
  #Test Medium 13381
  #Test Large 24901
