Board size [mm] 375x275

Stats side 1
  #Components with background 159
  #Components with points 706
  #Components nofly 6
  #Components notouch 6
  #Pins 135460
  #GNDs 5619
  #VDDs 4514
  #Clock 64
  #NoFly points 940
  #NoTouch points 1048
  #Points [total] 147645

Stats side 2
  #Components with background 149
  #Components with points 722
  #Components nofly 0
  #Components notouch 0
  #Pins 142689
  #GNDs 6350
  #VDDs 5427
  #Clock 67
  #NoFly points 0
  #NoTouch points 0
  #Points [total] 154533

Stats board (side 1 + side 2)
  #Components with background 308
  #Components with points 1428
  #Components nofly 6
  #Components notouch 6
  #Pins 278149
  #GNDs 11969
  #VDDs 9941
  #Clock 131
  #NoFly points 940
  #NoTouch points 1048
  #Points [total] 302178
  #Nets 16013
    Net Size: 11969 9941 131 1 1 1 1 3 1 2 1 1 1 2 1 1 1 1 1 1 1 1 1 1 2 3 3 1 2 1 1 4 2 1 2 2 1 1 1 3 1 1 3 1 2 1 2 1 2 2 1 2 3 1 1 2 1 2 1 1 1 3 2 2 1 3 3 1 2 2 2 2 2 1 1 1 1 1 3 2 1 1 2 2 2 2 1 1 1 3 2 2 1 2 1 1 2 1 3 1 5 1 1 1 2 1 4 1 1 3 2 1 1 2 1 1 1 2 2 1 2 1 1 1 1 1 1 3 1 1 2 1 1 1 2 1 1 1 2 3 1 2 2 2 1 2 1 1 2 2 1 1 1 4 1 2 2 5 1 2 2 3 3 1 1 1 1 1 1 1 1 1 1 1 1 2 1 6 1 1 1 1 4 1 1 1 2 2 1 1 2 1 4 1 2 2 1 4 2 1 4 2 2 1 2 1 1 1 1 2 2 1 1 1 1 1 1 2 2 2 2 2 2 2 2 1 1 1 3 1 2 2 2 1 1 2 2 2 3 1 2 1 3 1 1 2 2 1 2 1 2 3 1 2 1 2 1 3 1 1 1 1 1 2 2 1 5 1 5 2 1 3 3 2 2 2 2 1 2 1 1 3 3 2 2 1 1 1 1 2 2 1 3 5 2 2 1 1 2 2 1 1 1 1 1 2 2 1 1 1 1 1 3 2 2 1 1 2 2 3 1 2 1 1 3 1 1 1 1 1 1 1 1 2 2 1 1 2 1 2 1 1 1 1 3 1 1 1 2 1 3 2 1 1 1 2 4 4 2 1 1 1 2 2 1 1 1 1 1 1 1 4 2 3 1 1 1 1 1 2 1 4 1 1 1 3 2 2 2 2 1 1 4 1 1 3 2 1 2 1 1 2 1 2 1 2 3 2 3 5 1 2 4 2 2 2 1 1 1 2 1 1 4 3 2 1 1 1 3 2 1 3 1 2 2 1 3 3 2 2 2 1 3 2 4 2 1 3 1 1 3 1 3 2 1 1 1 1 1 2 2 1 3 2 1 1 1 2 1 1 3 1 3 2 1 2 1 1 1 1 1 3 2 2 1 2 1 3 2 1 1 1 1 4 1 2 1 1 3 1 2 2 2 4 5 1 1 1 2 2 2 1 1 2 2 5 3 1 4 1 2 4 2 1 4 1 3 1 2 1 3 3 1 2 2 3 1 4 2 2 1 4 2 2 1 1 3 3 3 2 2 1 2 2 1 1 1 1 3 2 1 1 2 2 1 1 1 1 4 2 1 1 3 5 2 1 1 1 1 1 2 1 3 2 1 1 1 2 4 2 1 2 1 2 1 2 1 1 1 2 1 1 4 2 2 3 2 1 2 3 2 2 2 2 3 2 6 1 1 2 1 2 1 2 3 1 1 1 1 1 1 1 1 3 1 2 3 1 2 1 2 1 1 1 1 4 2 1 1 1 1 1 1 1 6 2 4 2 3 1 1 2 3 1 2 1 1 1 2 1 1 1 2 1 2 1 1 1 1 1 2 1 2 1 1 1 1 1 3 3 1 1 2 2 1 2 5 2 2 3 1 3 2 2 3 2 3 6 4 2 3 1 1 1 1 2 1 4 1 1 2 1 4 2 1 1 1 1 1 2 1 2 2 3 2 1 2 1 1 4 3 2 1 2 3 1 1 2 4 2 1 1 2 1 4 2 2 1 6 1 3 3 2 1 1 2 3 3 2 2 3 2 1 1 1 1 2 1 1 1 1 2 1 2 1 2 3 1 2 3 1 1 1 3 3 2 2 6 2 1 2 1 1 1 2 1 1 2 2 2 2 2 1 1 2 1 3 2 1 1 1 1 1 2 1 1 1 1 2 4 1 2 1 3 1 2 1 2 3 3 1 1 4 1 2 2 2 2 1 1 1 3 2 1 1 2 2 2 2 1 1 2 1 3 2 1 3 3 1 2 1 1 2 1 2 1 1 1 1 4 1 1 2 3 1 1 5 1 2 2 1 1 2 1 1 1 1 2 2 2 2 1 1 4 1 1 2 1 1 1 1 1 1 1 1 1 1 1 1 1 3 1 4 2 3 1 2 3 1 4 2 3 1 1 1 1 1 2 2 1 1 1 1 1 1 2 2 3 1 1 2 2 3 1 2 2 1 2 2 2 1 2 1 1 4 1 2 1 1 1 1 3 1 1 4 4 1 4 2 1 2 3 3 3 1 2 1 1 2 1 1 2 1 4 1 4 1 2 2 1 2 3 1 2 1 1 2 3 1 2 2 2 3 3 1 2 1 1 2 1 2 2 1 6 1 2 3 3 2 2 1 3 2 1 3 1 1 1 1 1 1 1 1 2 2 1 2 2 1 1 1 1 1 1 2 2 1 2 3 2 2 1 1 2 2 3 3 1 1 3 4 2 3 1 1 2 1 2 3 1 1 2 2 1 1 1 1 1 1 2 1 1 2 3 1 2 2 2 1 2 3 1 3 1 5 1 1 1 1 2 1 2 1 1 3 1 2 3 1 3 1 2 2 2 1 2 2 3 1 2 3 1 3 1 1 4 1 1 2 1 2 1 3 2 2 1 2 2 1 1 2 2 1 1 1 1 2 1 1 1 2 1 1 1 1 1 1 1 3 1 1 1 2 1 1 3 1 1 1 3 1 1 2 1 5 1 1 3 2 2 1 2 2 1 1 1 2 2 1 1 4 3 2 1 1 1 2 3 1 3 1 1 4 2 2 1 1 1 4 1 1 2 3 1 1 3 1 3 2 1 1 2 1 1 2 1 1 1 1 4 1 2 1 3 2 2 1 1 5 1 2 1 1 1 1 3 1 5 2 3 2 1 1 1 1 3 1 2 2 1 2 1 2 3 2 1 3 2 1 2 2 3 2 1 1 2 1 1 2 2 4 1 1 2 2 2 2 1 1 5 1 2 1 1 2 2 1 3 1 1 1 2 1 1 1 3 1 1 2 1 1 1 1 1 3 4 2 1 1 1 1 1 1 2 3 1 1 1 3 1 1 1 1 1 2 4 4 2 2 1 3 1 2 2 1 2 1 2 1 1 1 1 1 1 1 3 2 1 1 1 1 6 2 3 2 1 4 1 3 1 1 2 1 2 1 2 1 1 1 2 3 1 1 1 1 2 1 1 1 2 3 1 2 1 2 2 1 1 2 1 1 5 4 2 2 3 1 2 1 3 1 1 3 1 1 4 1 1 1 1 2 1 1 1 1 3 3 2 1 2 1 1 1 2 2 2 1 1 3 1 1 1 4 1 2 1 2 1 4 2 2 2 2 3 1 4 1 1 1 1 2 2 1 3 1 1 1 2 1 1 1 5 2 1 1 1 1 1 1 1 2 1 1 2 2 1 4 4 1 2 1 3 3 1 1 3 2 2 2 4 2 2 4 2 1 1 3 3 1 1 3 3 1 4 1 1 1 2 3 2 1 2 1 1 1 2 2 3 2 2 1 1 2 2 2 2 1 1 3 1 2 4 1 1 2 1 1 2 1 1 1 3 1 3 2 2 4 1 1 3 1 3 2 1 2 6 3 1 2 2 1 1 2 4 2 1 2 3 1 2 2 3 1 1 1 2 2 4 1 1 4 1 1 4 2 4 2 1 2 1 1 2 1 2 3 1 1 2 1 1 1 1 1 1 1 1 2 2 4 2 2 2 2 1 2 1 1 1 1 1 5 1 2 2 2 1 3 3 2 1 1 2 1 2 2 3 1 1 1 2 1 1 1 1 1 3 2 3 1 1 1 1 3 1 1 1 2 1 1 1 1 1 1 1 1 1 2 2 2 1 1 1 1 1 1 3 2 1 1 1 1 1 1 3 2 7 4 1 1 1 1 4 2 1 1 2 1 2 1 2 1 2 2 2 3 1 1 2 1 2 1 1 3 1 2 2 1 2 1 1 2 3 2 3 1 1 1 2 2 1 2 3 3 2 2 1 2 3 1 2 1 2 1 1 2 1 1 2 1 1 1 1 2 1 3 1 2 1 1 1 1 1 1 1 1 1 1 1 2 2 1 3 1 1 2 1 1 1 1 1 2 2 1 1 4 2 1 1 1 2 2 1 1 2 2 1 2 4 1 2 2 1 4 2 2 2 2 2 1 1 1 2 1 1 1 2 2 1 2 2 1 1 1 2 1 4 2 1 1 1 2 2 1 2 3 2 2 2 3 1 1 1 2 2 3 1 2 3 3 3 1 2 1 1 1 1 2 2 1 2 1 1 1 3 2 5 2 2 1 1 2 1 1 1 1 1 1 1 2 1 2 2 2 1 2 1 1 1 3 3 1 5 2 1 1 1 1 1 4 3 1 1 2 3 1 2 1 1 3 2 2 2 1 2 4 2 2 1 2 1 1 2 4 2 2 1 2 3 1 3 3 3 1 1 2 5 2 2 2 2 1 2 3 3 2 2 1 1 1 1 4 1 1 1 1 4 1 1 3 1 3 1 1 4 1 1 2 1 1 2 3 1 3 1 1 1 1 2 2 1 3 1 1 1 2 1 2 1 1 3 3 2 2 1 2 1 1 1 1 1 1 1 6 3 2 1 2 2 1 1 1 2 2 2 2 2 1 2 1 2 1 2 1 1 2 3 2 2 2 1 2 2 1 3 3 1 1 2 2 1 1 2 2 1 3 1 2 3 2 2 2 2 3 2 1 2 2 1 1 1 2 1 2 2 1 2 1 1 1 1 1 1 1 2 2 3 3 2 1 1 1 2 1 1 2 2 1 1 1 1 1 1 1 2 1 1 2 1 2 3 2 1 3 2 2 1 1 3 1 2 2 1 2 4 2 1 2 2 1 1 2 2 3 1 1 3 1 1 1 2 1 3 1 2 2 1 4 3 3 3 2 2 2 2 2 3 1 3 1 1 1 1 1 3 1 1 2 1 3 2 1 1 2 2 1 1 1 2 1 1 1 2 1 3 2 1 2 1 1 3 3 2 2 1 3 2 1 2 2 2 2 1 1 2 1 2 1 1 2 3 1 2 1 2 1 2 1 2 1 2 4 4 2 2 1 3 1 1 1 4 3 4 1 2 1 1 1 2 2 2 1 3 1 2 3 1 2 2 1 1 1 2 3 3 2 1 2 2 1 1 1 1 1 1 2 2 1 2 2 1 1 2 1 1 1 4 4 1 1 2 2 1 1 1 1 1 1 2 1 2 3 1 2 2 1 3 1 1 1 4 4 1 4 2 3 3 3 2 2 1 2 2 2 1 2 1 2 1 1 2 1 1 1 2 1 2 1 1 1 1 2 1 3 1 2 2 2 2 1 1 1 1 3 2 2 1 4 2 2 2 1 3 2 1 2 2 1 1 1 1 1 1 2 1 2 2 3 1 5 1 2 1 2 2 1 3 2 2 1 3 1 1 1 3 2 1 2 2 1 2 3 1 2 2 3 2 1 3 1 3 1 5 2 4 1 1 2 4 1 1 1 1 1 6 2 3 3 2 2 1 2 2 1 2 1 1 1 1 1 2 1 3 1 2 1 1 2 1 2 3 1 1 3 1 1 3 2 2 1 2 2 2 1 1 1 2 4 1 2 1 1 1 1 1 3 1 1 2 2 1 2 1 1 2 3 2 1 1 3 1 2 2 3 1 1 2 2 1 3 2 2 3 2 2 3 2 1 1 1 2 1 1 2 2 1 1 1 4 1 2 1 1 4 3 1 1 2 1 1 2 2 1 2 4 1 1 2 2 2 3 2 2 3 2 2 1 3 4 1 1 1 2 3 1 1 2 1 2 1 1 2 1 6 1 2 2 1 3 1 2 1 1 2 3 3 1 1 3 1 2 1 3 3 3 4 6 2 1 1 1 1 2 2 3 1 2 2 2 1 3 4 1 2 3 1 1 1 1 2 2 2 1 1 1 2 2 5 4 3 1 1 1 2 1 1 3 1 1 2 2 1 5 1 1 4 1 4 2 2 1 2 3 4 1 2 3 2 2 1 4 1 1 1 1 1 1 2 3 1 1 1 1 1 1 1 2 2 1 4 1 1 1 2 3 3 1 1 1 1 3 2 1 1 2 1 1 1 1 1 1 3 3 2 2 2 1 2 2 3 3 2 1 3 1 2 3 1 1 2 2 2 1 1 2 1 1 3 2 3 1 3 1 1 1 1 2 1 1 1 1 2 1 2 3 1 2 2 1 1 1 3 2 1 1 1 2 5 2 2 2 2 3 2 1 2 2 1 1 2 2 1 1 2 1 1 3 2 1 2 4 2 4 1 1 3 1 3 1 2 3 1 1 1 1 2 1 1 1 4 1 2 2 3 1 1 2 1 1 1 3 1 3 1 2 2 3 1 2 3 2 1 5 1 4 3 3 1 1 1 2 1 1 2 1 1 1 1 1 2 2 2 1 1 2 2 1 2 3 1 2 1 1 2 1 1 3 2 1 2 2 4 1 2 1 2 1 1 1 1 3 1 2 2 1 2 1 2 2 2 1 3 1 3 2 1 1 1 2 1 2 4 4 1 2 1 2 1 1 2 1 1 1 1 2 1 2 3 1 2 1 5 1 2 1 1 3 1 2 2 2 2 1 1 1 2 3 1 1 2 1 1 1 1 1 3 1 1 4 1 1 2 2 1 2 1 2 1 1 1 2 5 1 2 1 1 1 3 1 3 1 1 1 1 3 1 1 2 3 1 2 1 2 1 1 2 1 1 1 1 2 1 2 3 1 1 2 2 1 4 1 3 2 1 2 2 1 1 1 1 2 1 4 1 1 1 3 1 2 3 1 1 2 2 3 2 4 2 1 1 1 1 1 1 1 1 1 1 4 2 1 3 3 3 2 2 2 1 2 4 1 1 2 3 1 2 1 1 1 1 1 3 2 1 2 1 2 3 2 2 1 3 3 1 1 1 2 1 2 1 3 1 1 1 2 1 2 2 1 2 6 1 2 1 4 1 4 1 2 1 1 1 2 1 2 3 2 1 1 3 2 1 1 1 1 2 3 3 2 1 1 3 2 1 2 1 1 2 1 1 2 1 1 1 1 1 1 1 3 4 2 3 3 1 2 1 1 3 4 2 2 1 2 1 1 2 3 1 1 1 2 2 3 2 3 2 2 2 2 2 1 1 2 1 2 1 1 1 1 2 2 3 4 2 3 2 4 2 1 3 2 1 4 1 2 3 2 1 2 1 2 2 2 2 1 1 1 2 3 3 1 2 1 2 3 1 1 1 3 1 2 1 2 1 1 1 3 1 2 1 2 1 2 4 2 2 2 1 2 2 2 1 1 3 1 2 2 1 2 3 1 4 2 2 1 1 2 1 2 3 1 3 1 2 2 3 3 2 2 1 4 1 4 1 2 1 2 2 3 1 3 1 1 2 1 1 1 1 1 1 2 3 1 1 1 1 4 1 3 1 2 1 1 2 1 2 1 1 1 4 1 2 1 1 1 1 2 2 1 1 1 1 5 1 2 2 2 2 4 1 1 1 1 3 1 1 1 1 3 1 1 1 1 2 3 1 2 2 1 3 2 3 1 1 1 2 1 2 3 3 2 1 1 2 2 2 2 1 1 4 1 1 1 1 3 1 1 3 2 2 1 2 1 1 1 2 1 1 1 1 1 2 1 2 2 2 3 2 3 2 2 1 1 2 4 4 1 2 2 3 1 1 2 1 2 1 1 1 2 1 3 2 1 1 1 2 1 1 2 1 1 1 1 1 2 2 1 1 1 1 1 2 2 1 3 1 3 2 1 1 1 1 2 1 2 1 3 2 1 3 1 2 2 3 3 3 1 2 1 3 1 1 3 1 1 1 1 1 2 1 1 3 1 1 1 1 3 1 1 1 2 2 2 4 1 1 2 1 1 3 2 1 1 3 1 2 2 1 2 1 1 3 1 3 1 2 3 1 1 1 1 2 2 2 1 1 1 1 1 1 2 1 2 1 2 1 3 2 2 1 4 2 1 2 1 3 1 1 4 2 1 3 2 2 2 2 1 1 2 1 1 1 3 3 1 1 1 2 2 1 2 3 1 1 2 1 2 2 1 1 5 2 1 2 1 1 3 1 2 4 2 1 2 3 3 3 1 1 1 1 1 1 2 2 1 2 2 2 2 2 1 1 2 2 1 1 1 1 1 1 3 1 2 2 3 1 3 1 3 1 2 1 3 4 2 1 1 2 1 2 1 1 2 1 1 3 1 2 3 1 1 2 1 2 1 1 2 1 3 1 2 1 6 3 1 3 2 1 2 2 1 1 3 2 4 1 2 2 3 2 2 3 2 1 2 2 1 1 1 1 2 2 3 1 1 2 1 4 2 2 1 1 2 1 3 1 1 2 1 1 2 3 2 1 5 1 4 1 4 2 1 3 2 1 2 1 1 1 1 1 2 2 2 2 2 1 1 1 1 2 1 1 1 1 1 1 3 2 2 1 2 2 1 3 3 1 1 2 1 1 1 1 6 1 2 1 3 3 1 1 1 1 2 2 2 2 3 2 1 1 4 3 2 2 1 3 1 2 1 1 3 1 2 1 4 2 2 1 4 1 2 1 1 1 1 1 2 1 1 2 2 2 3 4 3 2 1 2 3 2 1 1 1 1 3 6 1 1 1 1 1 2 1 1 1 1 2 2 2 2 1 1 1 2 2 1 1 2 1 1 1 1 2 1 1 4 2 1 2 1 1 1 1 2 1 2 3 3 1 1 1 3 3 2 2 2 1 1 1 1 3 2 2 3 1 6 1 1 2 1 1 1 2 1 4 1 2 3 2 2 2 3 2 5 2 1 1 1 2 3 3 2 1 1 2 2 3 1 1 1 1 2 1 2 2 2 5 1 2 2 3 1 2 2 1 1 1 1 2 1 1 1 4 2 1 3 3 1 3 1 3 2 4 2 1 1 4 1 2 4 2 1 2 1 1 2 2 2 1 3 1 1 1 1 1 2 1 2 4 1 2 5 1 2 1 1 1 1 2 2 4 3 1 1 1 1 3 1 1 3 1 1 1 1 3 1 3 2 1 2 1 1 1 1 1 1 1 1 1 1 1 1 2 1 1 2 2 1 1 3 1 3 1 2 1 1 2 2 1 3 2 1 2 1 1 2 1 3 3 3 2 2 2 1 2 1 1 1 4 2 2 2 2 5 4 2 2 3 3 1 1 1 3 3 2 3 2 2 1 5 2 1 1 1 2 1 2 1 1 1 2 1 3 1 2 3 1 1 2 3 1 2 2 4 1 1 3 2 1 2 1 1 1 1 1 1 2 1 1 1 1 1 3 1 2 1 2 2 4 2 2 3 3 2 1 2 1 2 3 1 2 2 1 2 1 1 2 1 1 3 1 1 2 1 3 2 2 1 1 2 1 1 2 3 2 1 1 1 2 2 2 2 1 1 1 1 1 1 2 1 3 1 1 2 1 1 1 4 2 2 3 4 1 1 2 3 1 1 1 2 2 1 2 1 2 2 3 1 1 1 2 1 2 1 3 1 1 2 5 2 1 2 2 1 2 2 2 3 3 1 3 1 3 3 2 1 3 1 2 3 2 2 1 1 1 2 1 1 1 2 1 1 1 1 2 1 1 1 1 1 4 2 2 4 2 1 1 1 2 4 5 3 1 1 1 2 4 1 1 1 2 1 3 1 1 3 2 2 2 1 1 1 1 3 1 1 2 1 2 1 1 3 1 1 4 1 2 3 1 1 1 1 2 4 2 1 1 3 2 1 3 1 2 1 1 1 1 3 2 2 3 3 3 1 1 1 1 3 1 1 2 1 3 3 1 3 3 1 1 1 1 1 1 1 3 1 2 3 1 1 2 2 1 2 1 1 1 2 3 2 3 3 1 2 1 1 1 1 1 4 1 2 1 2 3 3 1 2 2 2 2 1 2 3 2 2 1 3 2 1 1 2 1 1 1 2 1 1 2 1 1 2 2 2 1 1 2 1 2 1 2 2 3 2 2 2 3 1 2 1 3 3 2 3 2 4 1 3 2 2 1 1 7 2 1 1 2 3 3 4 4 1 1 2 2 3 3 2 1 2 1 6 2 3 4 1 2 2 1 3 1 1 3 1 2 1 2 2 1 1 4 1 2 1 1 2 2 2 2 1 1 4 1 2 1 1 1 2 2 1 1 2 1 2 3 2 1 1 3 3 2 2 3 1 3 1 1 2 5 2 1 4 1 1 1 2 1 3 3 1 4 1 2 3 1 2 1 2 1 4 1 1 2 3 1 2 2 2 1 3 1 1 2 3 1 3 2 1 2 4 2 1 2 1 2 2 3 1 2 1 2 1 2 1 1 1 3 5 1 2 1 2 3 2 1 1 5 1 1 2 3 3 4 2 1 2 1 3 1 2 1 3 1 1 1 3 1 1 3 1 2 3 2 1 1 5 2 1 3 1 2 2 1 3 1 1 1 1 3 3 1 1 1 3 2 1 4 1 1 1 2 1 4 1 1 2 1 1 2 2 2 1 1 1 1 1 4 2 1 1 2 2 1 2 1 2 1 3 1 1 1 1 1 4 1 3 2 1 2 1 4 2 2 1 2 1 1 1 1 2 3 2 1 1 1 1 1 3 2 1 1 2 3 2 4 1 3 4 1 3 1 3 1 3 1 1 4 3 1 1 2 2 2 3 3 1 1 2 1 1 1 2 1 1 1 1 1 1 2 1 1 3 2 2 4 3 2 2 2 1 2 1 1 1 1 2 2 1 1 3 1 2 3 2 3 2 3 1 2 2 1 2 1 1 1 1 1 1 3 4 1 1 1 1 2 1 1 1 2 1 2 3 3 1 1 2 2 4 5 1 1 2 4 1 2 4 1 3 2 3 4 2 1 2 1 2 1 1 2 4 3 1 2 1 1 1 2 2 2 3 1 1 2 1 1 2 3 4 1 4 4 2 2 3 2 2 1 1 1 1 1 1 1 3 1 2 2 4 1 1 1 2 4 1 2 4 1 1 1 3 2 1 2 1 1 4 1 1 2 1 1 1 1 2 1 1 1 2 2 1 2 1 1 2 2 1 1 1 1 1 1 1 1 4 1 1 2 2 3 1 2 2 3 2 1 3 4 3 2 4 1 2 1 3 1 2 2 1 3 2 1 2 1 1 1 1 1 2 1 1 1 1 1 3 1 4 2 3 2 1 2 1 3 1 3 1 2 3 1 1 4 1 2 2 2 2 2 2 1 2 1 1 1 1 2 2 4 2 1 1 3 2 1 1 6 2 1 1 1 1 2 1 1 2 1 2 4 1 2 1 1 1 2 1 2 1 1 1 1 2 1 1 1 2 1 2 1 4 1 1 2 1 1 3 3 1 1 3 4 2 2 3 3 2 2 2 2 2 1 1 1 1 2 1 2 4 1 2 2 1 1 2 1 1 1 3 4 1 1 1 2 2 2 1 1 2 1 1 1 1 1 1 4 3 2 2 1 1 2 2 2 3 1 1 1 1 1 1 3 1 3 3 2 2 2 1 1 3 3 1 1 1 3 1 1 2 1 1 1 3 3 3 1 1 2 2 1 3 1 1 1 3 2 1 1 1 2 1 1 3 2 1 1 1 3 2 2 2 2 1 1 1 1 1 1 1 2 1 2 2 4 2 1 2 1 2 1 3 3 1 2 4 1 4 2 1 3 2 1 2 1 2 1 1 1 1 1 2 3 3 3 1 2 1 2 2 3 1 3 2 4 2 1 1 2 1 2 1 2 3 3 1 1 1 1 2 1 1 2 2 2 3 1 1 2 1 1 2 2 1 2 1 1 2 1 2 1 2 3 4 1 4 4 2 1 2 1 1 4 1 3 2 3 2 1 2 1 2 2 3 1 1 1 2 1 2 1 1 2 2 4 1 2 2 2 1 1 1 2 2 2 2 1 3 2 1 1 2 2 1 2 3 1 2 1 5 2 1 1 1 1 1 3 1 2 2 4 1 2 1 3 2 3 1 3 1 2 4 2 2 1 1 1 2 1 3 3 1 1 3 3 1 2 1 3 1 3 1 2 3 2 2 1 2 1 1 2 2 2 3 2 4 1 2 2 1 1 2 2 3 1 2 1 1 2 2 1 1 3 2 3 2 1 2 1 1 2 3 2 1 2 3 1 1 1 2 1 2 3 1 3 1 1 1 1 3 2 4 2 2 2 1 1 2 1 1 1 1 1 1 1 2 2 1 1 1 1 2 1 1 2 1 2 1 3 2 1 3 4 1 1 1 2 2 4 1 3 2 1 2 1 2 3 2 2 1 1 1 1 1 2 1 2 3 1 1 1 1 1 3 2 4 1 3 2 2 2 2 2 1 4 3 5 1 1 2 2 2 1 1 1 1 1 1 1 1 2 1 2 2 2 4 1 1 4 2 1 1 1 1 1 1 1 1 1 1 1 1 1 1 1 3 3 2 2 1 2 2 2 3 2 1 1 1 1 1 1 1 3 2 1 2 1 2 1 1 1 2 1 1 2 2 1 3 2 2 2 1 3 1 2 2 1 2 2 1 2 2 1 2 1 1 2 2 1 3 2 1 2 3 1 3 2 1 2 2 1 2 1 3 1 2 2 2 2 2 1 2 2 2 2 4 1 2 1 1 1 1 4 2 4 1 3 1 2 2 2 2 2 1 1 2 3 1 1 1 2 1 1 1 2 1 2 1 2 4 2 2 4 1 2 1 1 2 1 2 1 1 4 5 1 1 2 3 2 1 1 1 2 3 3 2 1 2 1 1 1 1 2 1 3 1 2 1 2 3 1 1 3 1 1 1 3 2 4 2 2 1 2 2 1 2 2 1 2 2 1 2 2 1 1 1 1 2 2 1 1 1 3 1 1 2 1 4 1 3 1 1 1 2 4 2 2 1 1 5 3 2 3 1 1 2 1 1 2 3 1 1 2 4 1 1 2 1 2 1 1 2 1 1 1 1 1 3 4 2 1 1 1 2 1 3 2 1 2 2 3 5 3 1 1 2 1 2 3 2 3 1 1 2 1 2 1 1 1 1 2 3 2 3 3 1 2 1 2 1 2 2 2 2 1 5 1 1 2 1 2 2 1 4 2 2 3 1 3 2 1 2 2 1 1 2 2 1 2 1 2 3 4 2 3 2 3 1 1 2 3 5 1 1 2 1 1 1 2 2 1 4 2 1 1 1 1 2 2 1 1 1 2 1 1 3 2 3 2 4 2 2 1 1 2 2 2 1 1 2 3 1 3 3 3 3 2 1 4 1 3 1 1 5 2 1 1 1 3 1 1 1 2 2 1 1 3 1 2 1 2 1 2 2 2 4 1 1 1 1 2 1 2 2 1 3 1 2 3 2 2 1 2 3 2 2 1 2 1 1 1 2 1 2 2 1 2 3 1 3 1 2 1 4 2 2 3 1 1 1 2 3 1 1 2 2 1 1 2 1 2 1 2 3 2 3 2 2 2 3 1 1 2 1 3 1 2 1 1 1 4 3 1 1 5 1 4 1 2 2 1 1 2 2 1 1 3 1 1 2 1 2 1 4 2 1 1 1 1 1 1 1 2 3 2 1 1 1 1 1 2 1 3 1 3 3 1 2 1 2 1 2 1 4 3 2 3 1 1 1 1 3 2 1 2 1 2 1 1 4 2 3 1 2 2 1 2 2 2 2 1 2 1 2 3 1 2 1 1 1 1 1 1 1 1 2 1 2 1 3 3 2 1 2 2 2 1 2 3 1 1 1 1 3 1 2 1 4 1 2 1 2 2 2 1 1 1 1 2 1 1 2 2 1 1 1 1 2 1 1 2 4 1 3 2 1 3 2 1 2 5 1 2 1 1 1 1 1 2 3 1 2 2 2 3 1 2 1 1 2 1 2 1 1 1 2 1 2 2 1 1 1 1 4 3 1 3 1 1 1 2 1 2 2 2 1 1 1 1 1 3 2 1 1 2 1 1 1 1 1 2 2 3 1 1 2 2 4 2 2 2 1 1 1 2 2 2 1 4 1 1 1 1 1 2 3 1 1 2 2 1 2 1 1 1 1 2 1 1 1 1 1 1 1 2 1 1 2 2 3 1 1 1 2 2 1 4 2 1 1 1 1 1 1 5 1 3 1 1 3 1 2 2 1 1 2 4 1 1 1 3 2 1 1 3 1 2 2 3 3 1 2 2 1 1 2 2 1 4 1 3 2 1 1 1 3 2 1 3 4 2 1 1 2 3 1 2 1 3 6 2 2 2 2 2 1 1 1 2 1 2 4 1 1 2 1 1 2 2 1 1 1 1 1 1 2 3 5 1 4 3 1 2 1 1 1 2 1 1 4 1 2 1 1 1 1 5 1 3 4 2 1 1 1 1 2 3 2 4 1 4 3 3 1 2 1 1 1 1 1 2 4 1 1 2 1 1 4 3 1 3 3 2 1 1 2 2 1 2 1 2 3 1 2 2 3 1 4 2 1 2 3 1 1 1 1 1 1 2 1 1 3 2 4 3 1 2 2 1 3 1 1 2 1 2 5 5 1 1 1 1 1 2 2 1 1 2 4 2 3 2 2 3 1 1 1 1 1 1 3 3 1 1 1 1 2 1 1 3 1 2 1 3 2 2 1 2 1 1 1 1 2 2 1 3 3 1 1 2 1 2 2 2 3 3 1 1 3 2 1 1 1 3 4 2 1 2 2 2 3 1 1 1 2 3 1 1 2 1 2 1 1 2 1 1 3 3 2 1 2 3 1 2 1 2 2 2 1 2 4 1 1 2 1 3 1 1 1 1 1 4 1 2 1 2 1 1 2 1 1 2 1 3 2 3 1 1 2 1 3 2 2 3 1 1 3 2 4 3 1 3 2 1 2 2 3 2 4 1 2 2 2 1 1 1 2 1 1 4 1 2 1 1 2 1 2 2 2 1 2 1 1 2 1 1 2 2 1 1 2 1 1 2 2 2 1 3 1 2 3 4 2 1 1 1 1 1 3 1 3 2 1 3 1 4 2 1 1 3 2 2 3 1 2 2 2 2 4 1 1 2 1 1 2 1 1 2 1 1 1 1 1 2 2 1 2 2 1 2 1 1 3 3 1 1 1 2 1 2 1 1 1 1 3 1 2 2 2 2 1 1 1 2 4 1 2 1 1 3 1 2 2 2 1 2 1 3 1 1 1 3 1 1 1 2 2 2 1 2 2 1 2 2 2 1 1 3 1 2 3 2 2 1 1 2 1 1 2 5 3 1 4 1 1 2 1 2 1 2 2 1 1 1 1 1 1 4 2 1 1 1 1 1 1 2 1 4 1 1 1 1 2 1 4 4 3 1 1 2 1 1 2 2 1 1 3 3 1 1 1 1 2 2 2 2 1 1 1 1 1 1 1 1 1 3 1 1 1 4 2 1 2 1 1 2 1 1 1 2 3 1 2 1 1 2 2 1 1 1 1 1 2 1 1 1 1 3 1 2 1 2 1 1 3 2 1 2 4 2 1 1 1 2 3 1 1 1 1 1 1 1 2 1 2 3 1 1 3 2 1 1 2 2 2 1 2 2 1 3 1 2 1 3 1 2 1 3 2 1 2 2 1 4 1 1 2 1 3 1 3 1 2 1 2 1 3 1 2 2 1 1 1 1 3 1 1 1 2 2 7 2 2 4 1 4 1 2 1 2 3 2 3 1 1 1 3 3 2 2 1 6 3 1 3 3 2 3 2 2 1 1 1 1 1 2 1 1 2 2 1 1 2 1 2 1 1 1 2 1 2 1 2 2 2 4 4 1 1 1 2 2 2 2 1 3 1 2 1 2 1 2 3 1 2 2 4 1 3 1 2 1 3 3 4 2 2 2 3 1 3 1 1 3 3 1 1 2 4 1 3 1 1 1 1 2 1 2 3 1 1 2 2 2 1 4 1 1 3 2 3 1 1 1 2 1 3 1 1 1 2 2 1 1 1 2 1 2 2 1 1 1 1 1 5 1 4 3 3 2 1 1 1 3 2 2 2 1 3 1 3 1 3 2 1 4 1 4 3 2 3 2 2 1 1 1 1 1 2 2 4 2 1 1 1 6 1 2 2 1 2 1 1 1 1 3 2 1 1 4 5 1 2 3 1 3 1 1 4 1 2 1 1 1 2 1 1 2 2 2 4 1 1 1 1 2 1 2 1 2 1 1 1 3 2 2 2 3 2 1 1 5 1 2 1 1 2 1 2 5 2 2 4 1 2 2 1 1 1 3 1 3 4 1 2 3 2 1 1 2 2 4 1 2 1 4 2 1 2 1 2 2 3 2 2 3 2 1 2 1 2 1 3 2 2 2 3 1 1 1 1 2 1 1 2 1 2 2 3 1 1 1 1 1 3 2 1 3 1 1 1 3 1 1 1 3 1 1 1 2 3 1 1 3 1 1 1 2 3 1 1 1 1 2 2 1 2 1 2 1 4 1 1 2 2 1 2 3 1 1 2 3 1 1 2 3 2 1 1 2 3 2 1 2 3 1 2 1 1 2 4 2 4 2 2 2 2 1 1 2 1 1 1 1 1 3 3 1 2 4 1 3 1 1 2 3 2 1 1 2 1 3 1 1 1 2 1 1 1 1 1 1 2 1 2 1 1 2 3 1 1 2 1 1 2 2 2 1 2 2 2 2 1 3 5 3 1 3 2 1 2 2 2 1 1 2 1 1 4 1 4 2 2 1 1 1 1 1 1 1 1 1 2 2 1 5 2 1 1 2 2 1 1 2 1 2 1 1 2 1 2 1 4 2 1 1 1 1 2 1 1 1 1 2 2 1 2 3 1 3 1 1 2 2 2 1 1 1 1 2 1 2 5 2 1 2 4 2 1 2 2 2 2 1 6 2 1 2 1 1 2 1 1 1 2 2 2 3 1 2 2 3 1 3 2 2 1 1 1 1 3 1 2 2 1 2 2 2 4 2 1 1 1 2 1 4 1 2 2 1 3 1 2 1 1 2 1 2 2 3 1 1 2 1 1 2 1 1 2 1 1 3 1 2 1 1 2 2 1 1 1 1 3 2 1 1 4 2 1 1 2 1 4 2 2 2 3 2 2 1 1 1 3 3 1 1 1 1 2 2 2 2 1 1 2 1 1 1 1 2 2 3 2 1 1 3 3 2 1 1 1 1 2 1 2 1 2 1 1 2 2 2 1 1 1 3 1 1 1 1 1 1 3 1 1 1 2 1 2 1 1 1 3 1 1 1 3 1 1 1 1 2 1 2 2 1 4 2 1 2 1 1 1 1 1 3 4 3 3 1 1 2 1 1 2 2 1 1 1 1 1 1 1 1 2 5 3 2 1 1 2 3 1 4 1 1 2 4 2 2 1 2 2 1 2 1 2 1 1 2 2 1 4 3 1 1 1 1 1 1 1 5 1 1 2 1 1 1 1 1 1 3 1 4 1 1 2 1 1 1 1 1 1 3 1 3 2 2 1 1 1 1 2 1 1 1 2 2 1 1 1 2 1 1 4 3 2 1 2 1 1 1 2 2 2 4 1 1 1 1 1 2 1 3 1 5 1 2 2 2 2 3 1 1 1 2 1 1 1 1 2 1 3 5 1 2 1 2 3 1 1 4 2 1 1 2 1 2 3 1 2 5 3 1 3 3 2 2 2 1 1 4 1 2 2 3 2 3 1 2 3 1 2 2 2 2 3 1 3 1 1 1 1 1 1 2 3 2 1 1 2 2 1 1 1 1 4 1 1 1 1 1 1 5 1 1 1 3 1 2 3 1 1 4 4 1 2 1 1 2 1 2 2 2 4 1 1 2 1 3 3 3 2 2 1 2 2 1 3 1 2 2 2 2 3 1 5 1 1 2 1 2 1 2 1 1 3 3 1 1 4 1 2 1 1 1 3 2 2 2 2 2 1 1 3 3 1 1 1 4 1 3 2 2 1 1 4 2 1 2 1 1 3 3 1 4 1 2 2 1 2 1 2 3 2 1 1 2 2 1 1 3 2 1 1 3 2 1 2 2 2 2 1 1 4 3 1 3 1 2 2 2 1 1 3 2 2 2 2 1 1 1 1 1 1 1 1 2 4 1 2 2 1 1 2 2 1 2 2 1 1 1 3 1 1 1 2 3 3 1 1 1 1 3 1 1 3 1 2 1 1 3 2 1 2 3 1 1 1 1 1 1 1 2 2 1 2 1 1 1 1 1 5 3 4 1 1 4 2 2 2 1 3 1 2 1 1 1 1 2 2 2 3 3 2 1 3 1 2 1 2 3 1 1 3 1 1 3 2 1 4 4 2 1 1 2 2 1 2 1 2 1 4 1 2 1 1 1 3 1 2 3 1 1 2 1 1 2 1 1 2 1 1 3 1 1 1 1 2 2 1 2 1 3 2 2 3 2 4 1 1 2 1 1 1 3 1 2 2 2 1 1 1 1 1 2 3 2 4 3 1 1 1 2 1 1 1 1 2 2 1 2 1 2 1 3 2 1 1 1 3 1 3 2 4 2 1 1 2 1 1 1 1 2 1 3 3 1 2 2 1 4 2 2 1 2 1 2 1 3 1 1 2 4 1 3 1 2 3 1 1 2 2 1 2 2 1 2 3 2 1 2 3 2 2 1 2 3 1 1 2 1 1 2 1 1 1 1 3 2 2 2 2 2 2 1 1 2 2 2 3 1 1 4 4 1 2 1 1 1 1 3 4 2 1 1 1 2 1 1 1 1 5 1 3 3 4 2 1 2 2 2 3 1 1 1 3 1 3 3 1 1 1 1 2 3 1 1 1 1 1 1 1 1 1 2 1 2 1 1 1 3 1 1 1 1 1 1 2 2 1 1 1 1 1 4 3 1 1 1 1 1 2 4 1 2 1 3 1 2 2 1 1 2 2 2 2 1 2 1 2 1 2 2 2 1 1 3 1 1 5 1 1 2 1 3 2 1 1 1 1 1 1 1 1 1 3 3 2 2 2 2 1 3 4 2 2 2 3 1 2 2 1 1 1 3 1 1 1 1 1 1 2 2 1 1 2 1 2 3 3 1 3 2 1 1 1 1 2 3 5 2 1 1 2 3 1 1 1 1 2 2 1 1 1 2 2 1 1 2 1 3 2 1 3 1 1 2 2 1 1 4 1 2 1 1 1 1 2 2 3 5 1 2 3 1 1 1 3 1 1 1 1 1 2 1 6 3 2 2 3 1 1 2 1 1 1 1 1 2 2 1 2 1 1 1 1 3 1 1 1 1 3 1 2 1 1 1 1 2 3 2 2 1 3 1 2 1 3 3 1 2 1 1 3 2 1 1 1 1 1 1 3 2 2 2 3 1 2 2 1 1 2 3 2 3 1 1 2 2 1 1 3 7 4 2 1 3 1 1 1 1 1 2 1 2 1 2 2 1 1 3 1 4 1 2 1 1 3 1 3 1 2 1 2 2 3 3 1 1 1 1 1 2 1 1 1 2 2 3 2 3 2 1 1 1 1 4 1 1 1 4 3 1 1 3 2 3 2 2 1 1 1 1 1 1 1 2 1 1 2 1 1 2 1 2 1 1 2 2 2 1 3 1 1 1 1 3 2 2 3 2 2 1 2 2 1 2 1 1 1 3 1 2 3 1 2 1 3 1 1 1 2 2 3 1 2 2 3 2 1 1 2 3 1 2 4 1 1 3 2 1 3 2 2 2 2 1 2 3 1 1 1 1 1 2 2 2 1 1 1 3 1 1 3 1 1 3 2 3 1 3 1 3 1 1 1 1 1 4 1 1 1 1 2 2 1 1 3 1 2 2 2 1 2 3 2 3 1 3 2 1 2 2 2 4 2 1 1 3 1 1 3 2 2 1 5 3 1 1 1 1 3 1 1 1 1 2 1 3 1 2 2 3 3 1 2 1 1 2 1 1 1 1 1 1 1 2 4 1 1 1 3 1 4 1 1 3 1 1 1 1 1 1 1 2 1 1 3 1 4 4 1 1 1 1 1 1 2 1 1 2 1 3 1 2 3 3 1 2 2 1 1 2 1 1 1 2 1 3 1 1 2 1 1 1 1 1 2 3 4 1 1 1 1 2 2 4 1 3 1 1 2 3 1 3 1 1 2 1 3 3 2 2 1 4 1 1 1 1 2 2 3 1 1 2 1 2 1 1 2 1 2 1 1 3 3 1 1 2 1 2 2 4 3 1 1 1 2 1 1 4 2 1 1 1 1 2 2 3 1 2 2 1 1 2 4 1 2 2 2 1 1 2 2 2 2 3 1 2 1 3 3 1 1 1 1 3 1 2 1 1 1 1 2 3 2 2 3 1 1 2 1 2 1 2 2 1 1 1 1 1 4 1 1 2 4 2 1 2 1 1 2 1 2 1 1 1 2 1 1 1 1 2 3 1 1 1 1 2 2 2 2 1 2 1 2 2 1 2 1 2 1 2 1 1 1 1 3 1 2 1 2 2 2 2 1 2 1 1 2 1 1 2 2 1 1 1 2 1 3 1 2 1 1 1 2 4 2 2 3 2 2 2 1 1 3 2 1 2 3 2 2 2 3 1 2 1 2 2 2 1 1 3 1 2 3 1 2 1 3 1 1 2 2 5 2 1 1 1 1 1 2 1 2 1 1 1 1 1 1 1 1 2 1 1 1 5 2 1 2 1 1 1 1 2 2 1 2 1 2 1 2 1 1 2 2 3 4 2 1 2 1 2 1 1 1 2 1 1 1 1 2 1 1 1 1 1 1 1 1 1 1 1 1 3 1 1 1 1 2 3 1 1 1 1 2 2 1 1 3 3 2 1 2 1 2 1 1 1 4 2 2 2 2 2 1 1 3 1 2 2 1 2 3 3 1 2 3 1 3 1 1 1 3 2 1 1 2 1 1 2 2 1 1 1 1 1 1 1 1 1 3 1 1 1 1 3 2 1 2 3 1 1 1 1 1 1 1 2 2 1 1 2 1 1 1 2 3 1 1 3 1 1 1 1 1 1 1 4 1 1 2 2 1 2 1 1 4 5 2 2 2 1 2 1 5 2 1 1 3 8 1 1 2 1 3 1 1 1 1 1 3 3 4 2 2 1 1 2 1 2 1 3 2 2 1 2 2 2 3 1 2 1 3 3 1 3 2 1 1 2 2 1 1 2 2 1 2 3 3 2 1 2 2 3 1 2 1 1 2 1 2 1 2 2 3 1 2 3 2 2 2 2 1 1 1 3 1 2 2 3 2 1 1 3 2 1 3 2 1 1 3 3 2 2 2 2 2 3 2 2 2 1 1 2 1 1 3 2 1 4 2 1 2 1 1 2 2 1 1 2 2 1 2 2 2 3 3 4 1 1 2 1 1 4 1 1 1 2 4 1 1 3 1 3 1 2 2 1 2 1 1 3 1 1 1 3 2 2 2 1 1 1 3 2 1 1 4 1 1 1 3 3 4 1 1 1 2 1 1 2 1 1 2 2 1 1 1 1 1 2 1 2 1 1 2 1 1 4 1 1 4 1 1 2 4 1 2 1 3 2 3 1 1 4 1 1 3 1 4 2 2 1 2 1 1 3 1 1 1 2 4 1 2 1 1 1 1 2 1 1 1 1 1 1 1 1 2 1 1 2 1 1 1 1 1 1 1 2 1 1 1 3 3 1 1 1 2 3 1 1 3 2 1 1 1 1 1 2 1 3 1 1 1 2 1 2 2 3 2 2 1 2 1 1 1 3 2 2 2 2 2 2 3 4 1 1 3 2 1 1 3 1 5 2 3 2 1 4 1 2 3 4 1 4 1 1 2 1 2 1 3 2 2 1 1 1 2 4 1 2 2 2 1 2 2 1 1 2 2 3 1 2 1 1 1 1 2 3 1 2 3 1 1 4 1 1 1 1 2 2 2 4 1 3 2 1 3 1 1 1 1 4 2 3 1 2 2 2 2 4 2 1 3 2 2 1 2 2 3 4 4 2 1 4 1 2 1 2 3 2 1 2 2 2 2 1 1 1 1 1 2 3 2 2 1 3 2 2 1 1 2 2 2 3 1 1 1 5 2 2 1 1 1 1 1 1 1 1 2 2 1 2 2 2 1 1 2 1 2 1 2 2 1 1 2 1 2 1 2 1 2 2 2 3 2 1 1 2 2 1 2 1 1 5 1 1 2 1 1 1 2 1 3 1 1 5 2 1 2 1 2 1 1 1 1 2 1 3 1 1 2 2 1 2 3 1 2 1 2 2 3 1 2 2 1 3 1 2 2 2 3 1 2 1 1 3 1 1 3 3 1 1 1 1 3 3 1 1 2 1 1 1 2 1 2 1 1 3 3 3 2 2 1 2 2 3 3 3 2 1 2 2 1 1 2 1 3 1 1 2 1 1 4 1 1 2 1 1 1 1 2 1 2 3 1 2 2 2 2 2 2 3 1 2 1 2 3 2 1 1 2 1 1 1 1 1 1 2 2 1 1 2 5 1 2 1 2 4 1 3 2 2 1 4 3 2 2 1 1 2 2 1 1 1 1 3 1 1 2 1 2 4 2 1 1 2 1 1 4 3 2 2 2 2 1 1 3 1 1 2 1 1 2 1 2 1 2 3 1 1 1 2 1 1 1 1 3 2 3 3 1 2 1 1 1 2 3 1 1 2 1 4 3 1 1 2 1 4 3 1 1 3 4 1 3 2 1 1 1 3 3 2 2 1 1 2 2 1 2 1 2 1 1 1 1 1 3 2 1 1 1 1 2 1 2 1 3 1 1 1 2 2 2 1 1 2 1 2 1 1 4 4 2 1 1 3 1 1 2 1 2 2 3 2 3 1 2 3 1 1 2 2 2 2 4 1 3 2 2 2 1 1 1 1 2 3 2 1 2 1 1 4 3 1 1 1 2 1 1 4 1 3 2 1 2 2 2 4 2 1 1 1 1 2 4 1 2 2 1 3 1 2 2 1 2 2 1 1 2 2 4 1 2 2 1 3 1 1 3 1 2 1 4 2 3 1 1 1 1 3 1 2 1 3 2 1 2 1 1 1 1 1 2 1 1 1 1 3 3 1 1 1 3 1 1 1 2 1 1 1 1 2 2 3 1 3 2 1 1 1 2 3 1 1 2 1 3 1 1 1 1 1 1 1 1 1 2 2 1 2 1 2 2 3 1 2 1 1 1 2 3 1 1 2 1 1 2 2 1 1 1 1 1 1 1 2 1 3 2 1 3 1 2 2 2 2 1 1 2 2 1 2 1 1 2 1 1 1 2 1 1 1 1 2 2 1 2 3 1 1 1 3 2 2 1 4 1 2 2 3 2 3 2 2 2 2 4 1 3 1 1 2 1 2 1 1 3 1 3 1 4 2 4 5 3 1 2 2 1 3 1 1 1 3 4 2 1 1 2 3 2 1 1 1 2 2 4 1 1 1 1 2 1 1 1 1 1 2 2 2 1 3 1 2 2 2 1 1 1 4 2 2 1 1 2 2 2 3 2 2 3 1 3 1 1 2 2 2 4 1 2 2 1 2 1 2 1 1 3 1 1 3 2 2 3 1 1 1 1 3 1 2 3 2 1 2 1 2 2 1 2 2 1 2 1 1 4 1 1 1 1 1 2 1 1 1 2 3 2 3 2 2 1 1 1 2 1 1 1 1 3 3 2 2 2 3 2 1 3 2 1 2 1 1 1 3 1 1 1 2 1 1 1 3 1 2 2 1 1 3 2 2 1 2 1 1 3 1 1 1 1 1 3 2 1 2 1 1 4 1 1 1 2 3 3 1 1 3 2 1 1 3 1 1 1 2 1 1 2 2 1 3 1 3 2 3 3 1 1 2 1 2 3 1 2 1 1 2 1 3 2 4 1 2 2 4 2 4 2 2 3 3 1 1 2 2 1 1 1 1 1 2 3 2 2 1 2 3 2 2 1 4 1 3 1 3 3 3 2 3 3 2 1 1 2 1 1 1 2 1 2 1 2 1 4 1 1 2 1 2 1 1 1 1 1 3 2 1 1 2 1 1 2 1 3 1 2 1 1 3 1 2 1 1 2 2 2 1 1 1 1 5 2 1 1 1 1 2 4 2 1 2 1 2 2 1 1 1 2 2 1 1 2 1 4 1 2 1 1 4 3 4 1 1 1 1 1 2 3 2 1 1 3 1 2 1 1 1 1 1 3 1 3 1 5 1 1 2 5 3 1 3 1 1 2 1 1 2 1 1 4 1 1 1 1 1 2 1 1 3 1 3 1 2 2 1 2 1 1 4 1 2 1 1 1 2 3 1 4 1 2 2 2 1 2 2 1 1 2 3 1 2 1 2 4 2 2 3 2 1 1 4 1 1 3 1 1 1 2 1 3 1 1 2 2 2 1 1 2 1 1 2 2 1 1 1 1 2 1 1 1 2 3 1 1 1 1 1 1 2 2 3 1 1 1 4 1 1 1 1 1 2 1 4 3 2 1 1 3 1 1 2 1 1 4 3 6 2 1 1 1 2 2 2 2 2 1 2 1 2 1 1 2 2 2 2 1 1 4 1 1 2 2 1 2 1 1 1 2 1 1 1 3 2 1 1 1 4 2 2 2 2 3 5 2 2 1 1 2 3 1 2 2 2 1 1 4 5 2 1 3 1 1 1 1 3 2 2 2 2 2 1 1 1 2 2 1 3 2 1 1 1 2 1 2 1 1 2 2 1 3 2 2 2 1 1 2 2 1 2 2 1 1 1 1 1 1 3 1 3 1 1 3 2 1 1 2 4 1 1 1 1 2 2 2 2 2 4 2 1 2 3 1 2 3 2 1 1 1 3 1 1 2 1 3 1 2 3 1 3 2 2 1 2 2 1 2 2 3 1 1 1 1 1 4 3 1 2 2 1 2 2 2 2 1 2 2 1 1 3 3 1 1 1 2 1 1 2 2 1 3 1 1 1 2 3 1 1 1 2 2 1 2 5 2 1 2 2 1 2 1 2 1 1 2 1 1 2 1 2 2 1 1 3 1 1 2 1 2 2 1 1 1 1 1 1 1 2 2 1 1 2 3 3 1 2 3 1 4 2 1 2 1 1 2 1 1 1 1 1 2 2 1 2 2 1 1 1 2 1 1 1 3 1 3 1 3 2 1 3 2 1 1 2 1 1 1 1 2 1 1 2 1 3 2 3 1 1 3 1 1 1 1 2 1 3 3 1 1 1 2 2 3 1 2 1 1 2 1 2 1 2 1 1 3 3 3 3 1 1 1 1 1 2 1 2 1 3 2 2 2 1 1 1 1 1 1 4 4 1 2 4 1 1 3 1 2 2 1 2 1 3 2 2 1 1 3 1 2 1 1 2 2 1 1 2 1 1 1 2 1 2 3 1 2 1 2 2 1 2 1 2 2 1 3 2 1 2 1 2 2 2 1 1 1 1 2 1 1 3 1 1 2 2 2 1 2 1 3 2 2 5 2 2 1 2 2 1 1 1 1 2 1 1 2 1 3 1 2 2 2 3 2 3 2 1 2 3 1 1 1 1 1 1 1 1 1 1 2 2 3 1 1 2 1 2 1 1 1 1 2 1 1 1 2 2 2 1 1 1 2 2 1 2 1 2 2 2 1 1 1 2 1 2 1 2 1 1 1 3 1 1 1 2 1 1 1 2 3 1 6 1 2 1 3 1 1 2 1 4 1 1 1 1 1 2 1 1 2 1 2 1 4 1 2 1 1 1 3 1 2 1 1 2 1 1 1 2 1 1 1 2 2 2 1 1 1 1 1 1 1 1 3 3 1 6 1 2 1 2 1 1 1 1 3 2 2 1 1 1 5 1 2 1 2 1 4 1 2 3 4 1 4 1 1 3 2 3 1 2 1 2 2 2 2 1 1 1 2 1 3 1 4 1 1 1 1 1 1 1 1 3 1 1 1 1 1 2 1 1 3 2 1 3 2 1 1 1 2 1 1 3 1 1 3 1 1 1 1 1 2 1 5 3 1 2 1 1 1 1 4 2 1 1 1 3 1 1 2 2 1 2 1 3 2 1 1 2 1 2 3 1 3 1 1 2 2 3 1 1 1 2 2 1 2 1 3 3 1 3 1 1 2 2 1 1 2 3 1 1 1 1 1 2 3 2 1 1 1 1 1 2 1 1 4 2 1 1 1 1 1 1 2 1 2 3 2 2 1 3 2 1 1 1 1 3 1 1 1 2 2 2 3 3 1 2 4 2 3 1 1 1 2 1 1 2 1 1 2 2 1 1 2 1 2 1 1 1 5 2 1 1 2 2 1 1 2 2 1 1 1 1 3 2 2 4 1 1 3 1 2 3 1 1 2 3 1 4 1 1 2 1 2 2 1 1 1 1 3 1 1 2 1 2 1 1 1 2 2 1 1 1 1 3 1 2 2 1 3 1 2 1 1 1 2 3 1 2 1 3 2 1 1 1 1 1 1 2 2 3 1 2 1 5 2 1 1 2 1 1 3 1 2 2 1 1 2 1 2 1 2 3 1 1 2 1 2 2 3 2 1 2 1 3 3 2 2 5 2 1 1 1 1 1 2 1 3 2 2 1 2 1 2 2 2 4 3 1 2 1 1 2 3 5 3 1 2 2 2 1 1 1 1 2 3 3 1 2 1 1 1 1 1 2 1 1 1 4 2 2 4 2 1 3 1 3 1 1 1 1 3 1 1 3 1 2 1 2 1 4 2 1 3 2 2 2 1 2 1 1 1 3 1 1 1 3 1 1 5 1 3 1 1 1 1 4 1 1 1 1 1 2 1 1 1 1 2 1 1 1 1 1 1 2 3 1 2 1 2 1 2 1 1 2 1 4 1 1 2 2 4 1 2 1 1 2 5 1 4 1 1 4 1 1 2 2 3 3 1 1 2 2 2 3 1 2 3 1 2 3 3 1 2 2 2 2 2 1 1 1 3 4 2 1 1 1 1 2 2 1 2 1 2 1 1 1 4 5 1 2 1 2 1 2 2 3 2 2 2 1 3 1 1 2 1 2 2 1 1 1 1 3 2 2 6 1 2 1 1 1 2 1 2 2 2 2 1 1 1 2 1 1 1 6 5 3 2 1 2 2 3 1 1 1 4 1 1 1 1 1 1 1 2 1 1 4 1 2 1 2 4 1 1 1 1 1 2 1 1 2 1 2 4 1 1 1 3 1 1 1 1 1 1 3 1 4 1 2 3 2 2 2 3 2 1 1 4 1 2 3 2 3 1 4 2 4 2 1 2 1 2 2 1 1 1 1 2 1 1 1 2 2 1 1 1 2 2 1 2 4 1 1 2 1 2 2 1 3 2 6 1 1 2 1 2 3 4 2 1 3 3 2 3 2 3 3 3 2 1 1 1 1 1 1 2 1 3 2 3 2 2 1 2 1 1 1 2 3 1 3 1 3 5 1 1 1 1 2 1 1 1 3 1 1 2 1 4 1 2 1 1 2 2 4 2 1 1 1 2 1 1 1 1 2 3 3 3 3 3 2 3 3 1 2 2 1 2 2 2 1 1 2 1 1 1 2 2 1 1 3 2 1 2 2 3 2 2 2 1 1 1 2 1 1 3 3 1 2 2 1 2 1 2 1 1 3 1 1 1 2 1 1 1 3 4 1 1 1 1 1 1 1 2 1 2 1 3 2 4 2 3 4 1 1 1 2 1 2 2 2 2 3 1 2 3 2 2 1 1 1 2 2 2 1 1 2 2 1 2 1 1 3 2 2 2 1 1 2 1 2 1 1 1 2 2 3 2 3 1 2 4 2 2 1 1 2 3 1 2 1 1 3 2 3 4 1 1 1 2 3 1 1 3 1 1 1 3 1 2 1 2 3 1 3 2 2 2 1 1 2 3 1 4 1 1 2 1 2 3 3 1 2 2 1 3 3 3 1 4 1 2 1 1 1 2 1 1 3 2 2 1 1 3 1 3 1 1 2 2 2 1 3 2 1 1 1 1 1 2 1 2 1 1 2 1 2 1 1 1 1 1 2 2 1 2 2 1 1 1 1 1 1 1 2 2 3 1 1 2 2 2 2 2 3 1 1 1 2 2 1 2 1 1 4 1 1 3 3 3 3 3 1 1 3 1 1 2 1 2 1 1 1 1 1 3 1 1 3 1 1 3 2 1 4 2 2 2 1 3 1 2 3 4 3 1 1 1 2 2 1 1 1 1 2 2 3 1 1 1 2 1 1 2 2 1 1 1 3 4 1 3 2 1 1 3 2 1 5 1 2 1 5 2 2 2 1 2 1 1 1 2 2 2 1 1 1 3 5 1 1 2 2 1 1 4 1 1 2 1 3 2 1 2 2 1 1 1 2 2 5 3 2 1 1 2 4 2 2 2 1 2 1 1 1 4 1 1 4 2 1 1 2 2 5 1 4 2 1 1 1 1 1 2 2 2 1 2 1 2 1 1 2 4 1 1 5 1 3 1 1 1 3 2 2 1 1 1 3 3 2 1 2 2 4 1 3 1 2 2 1 1 1 2 1 1 2 1 1 2 3 1 3 1 1 2 1 1 2 1 1 2 1 2 4 1 2 1 1 1 1 4 1 1 2 2 1 1 1 2 1 2 2 2 1 1 4 1 1 3 2 1 2 4 2 2 2 3 1 1 1 2 2 3 1 1 1 1 1 1 1 2 2 3 1 1 1 2 1 1 1 1 5 1 1 2 2 4 1 2 2 1 1 3 2 1 2 1 3 1 1 2 1 2 1 2 3 4 1 1 4 2 2 2 1 2 2 1 2 2 2 2 2 1 1 2 2 5 1 1 1 2 1 3 2 1 1 1 1 3 1 1 3 1 2 6 3 3 2 3 2 1 1 2 2 1 4 3 1 2 1 2 1 4 2 1 1 1 1 2 2 1 3 1 3 1 3 1 2 3 1 2 3 1 4 1 2 1 2 1 1 1 1 2 1 1 3 2 2 2 2 3 1 1 2 4 1 1 1 2 1 4 1 1 2 2 2 1 4 1 3 2 1 1 1 1 1 3 3 1 2 1 2 1 2 3 2 2 2 2 1 4 1 1 2 1 2 1 2 1 1 1 1 1 1 2 3 1 3 2 2 1 1 1 1 1 2 1 1 1 2 1 2 2 1 1 1 4 3 1 1 1 1 1 2 1 2 1 1 1 1 1 1 1 1 1 2 2 2 1 1 1 1 1 2 3 2 2 1 1 1 2 3 3 1 1 1 1 1 3 1 2 5 4 1 1 4 1 2 1 1 2 2 1 2 1 2 2 1 3 1 2 3 1 1 2 1 2 4 1 2 2 2 1 1 3 3 2 4 4 2 2 2 3 2 2 1 2 3 2 3 1 2 2 3 1 2 3 2 4 4 2 2 1 1 2 2 1 3 2 2 1 2 2 1 1 2 3 2 2 2 3 2 1 1 2 2 1 1 4 2 2 1 1 1 1 3 2 1 2 1 2 2 1 1 1 1 2 1 1 2 1 3 1 1 1 2 1 2 3 1 2 4 2 3 1 2 1 3 5 2 1 2 1 1 1 1 1 1 2 4 1 1 2 1 3 2 1 2 1 2 3 3 1 1 1 2 1 2 2 1 2 2 1 1 2 2 2 2 2 4 1 4 1 1 1 2 3 1 1 2 1 1 2 1 1 2 2 2 4 1 1 3 2 1 1 2 1 3 4 1 1 1 2 3 3 2 2 2 1 1 2 2 3 1 3 3 2 2 2 1 1 5 1 3 1 2 1 3 2 1 1 1 1 3 1 4 2 3 1 2 2 2 2 2 1 1 4 3 2 1 1 1 2 1 3 2 1 2 2 1 2 2 1 1 1 5 3 1 2 3 1 1 3 1 2 2 2 2 1 1 1 3 1 1 2 1 1 2 1 1 1 1 2 4 2 2 2 1 2 1 4 2 1 1 1 2 2 2 2 2 3 2 2 2 1 1 1 2 1 1 1 3 1 2 1 1 1 1 1 3 2 2 1 2 1 3 2 2 1 1 2 2 2 1 1 1 1 1 3 2 2 1 5 2 1 1 1 1 1 1 5 1 1 1 1 1 2 4 1 1 2 1 1 2 4 1 1 2 1 1 1 2 1 1 3 2 2 3 1 2 1 2 1 1 2 1 2 1 1 3 1 3 3 1 3 1 3 2 2 1 3 1 2 1 1 3 2 3 2 2 3 4 3 2 2 1 2 1 1 3 4 1 2 1 1 1 3 1 3 2 1 1 1 3 1 2 2 3 1 1 2 3 2 1 1 1 1 1 1 2 2 1 2 4 3 1 1 1 1 2 4 1 2 1 3 1 1 2 1 3 2 2 2 1 1 1 1 2 3 2 1 1 1 2 2 1 1 1 2 2 1 4 1 2 2 1 1 1 1 1 1 1 1 1 1 2 1 1 1 2 1 1 3 2 1 2 1 1 1 1 1 1 2 1 2 2 3 2 3 4 2 1 4 1 1 1 1 3 4 1 2 2 3 2 1 3 3 1 2 1 1 1 1 2 4 1 1 2 2 2 2 1 1 2 4 1 2 1 1 2 4 2 4 1 3 3 2 1 1 4 1 2 2 2 1 2 1 1 2 2 1 2 3 2 2 3 1 1 1 4 1 1 3 1 1 1 2 1 2 1 2 1 3 3 1 2 1 1 7 1 1 1 1 3 1 1 2 1 1 1 1 1 1 1 1 1 1 1 1 2 2 5 1 1 2 3 2 1 2 1 1 3 1 1 4 2 1 2 1 4 1 1 1 1 1 1 2 1 1 2 1 2 2 2 3 2 1 1 1 2 1 2 1 1 1 2 1 1 1 3 1 2 1 2 1 2 1 2 1 3 1 3 2 1 2 1 1 1 2 4 1 3 2 2 2 4 2 1 1 2 3 1 3 1 1 3 1 1 4 2 1 2 2 5 1 4 1 3 1 1 2 2 3 2 2 1 3 1 1 1 1 2 2 2 1 2 1 1 1 2 3 1 2 2 1 1 1 2 1 2 1 2 4 1 1 1 1 4 2 3 1 2 2 2 2 2 2 1 1 1 1 1 1 1 2 2 3 1 2 2 2 2 2 1 1 1 2 1 1 1 1 1 4 3 2 1 1 3 1 1 1 2 1 1 2 2 2 1 1 1 2 1 1 1 1 2 2 1 1 1 2 1 1 3 2 1 1 2 2 1 1 1 1 2 2 4 2 1 2 1 3 2 1 1 1 1 2 1 1 4 1 1 2 1 2 3 2 1 1 2 2 1 1 3 1 2 2 1 1 1 1 1 1 1 2 3 1 1 1 2 2 3 1 1 1 1 1 1 2 2 1 1 2 1 2 3 1 1 1 3 1 2 1 2 4 2 3 4 7 2 1 2 2 2 1 3 1 1 4 2 1 1 2 1 4 2 4 1 1 1 2 1 1 1 1 2 1 3 3 1 4 1 1 1 1 3 1 1 2 2 3 2 2 1 1 3 1 3 1 1 1 2 1 1 2 2 2 1 1 2 1 2 3 1 4 1 2 2 3 4 1 2 1 3 1 2 4 4 2 1 3 1 2 1 1 1 1 4 1 1 3 3 1 1 2 1 1 4 1 1 1 1 2 1 1 2 1 2 1 2 2 1 5 3 3 2 2 2 3 1 1 2 1 4 1 1 1 1 1 1 4 1 1 2 3 1 1 2 3 1 2 2 1 1 1 1 1 1 1 2 3 2 1 1 1 1 1 2 3 1 2 1 4 1 2 1 2 3 1 1 1 2 1 1 3 2 3 1 1 2 2 1 1 2 2 2 1 1 2 2 3 1 2 1 1 1 1 5 2 2 1 1 1 3 1 1 2 2 3 2 3 2 1 2 4 1 1 2 5 2 1 1 1 2 1 1 2 1 2 1 1 1 2 1 3 1 1 1 2 2 2 2 2 1 2 1 1 3 2 1 4 1 2 1 1 4 1 3 1 1 1 4 1 1 5 1 4 2 2 1 1 1 1 1 1 2 1 1 1 1 1 2 3 3 1 1 1 2 2 2 2 1 2 1 1 2 2 1 1 1 3 2 1 3 2 1 2 1 1 1 2 2 2 2 3 2 4 4 1 2 1 2 1 2 3 1 1 1 1 2 1 1 1 2 2 2 2 2 4 3 2 2 1 1 3 1 2 1 1 1 1 1 1 1 2 1 1 1 1 2 2 1 4 1 1 3 3 2 2 1 1 3 1 1 2 1 2 1 2 2 1 1 4 1 2 2 1 2 1 1 1 5 2 1 2 1 2 1 2 1 4 1 4 1 1 4 1 1 1 1 2 1 3 2 1 2 1 1 2 1 1 3 2 1 1 2 2 1 2 2 1 1 1 2 1 2 2 1 1 1 3 2 2 1 2 1 3 1 1 1 3 2 2 1 1 1 3 5 1 2 2 2 3 2 2 2 3 2 2 1 2 2 2 2 3 1 4 2 1 2 2 2 2 1 2 1 3 2 1 1 2 1 1 2 1 1 1 2 1 3 3 2 1 2 1 2 1 2 1 2 2 2 2 1 1 2 1 2 2 1 1 3 1 1 1 4 3 3 4 2 1 2 2 3 3 1 1 1 3 1 1 2 1 2 1 4 1 1 1 1 2 6 2 1 3 1 1 1 2 2 1 1 1 2 3 1 2 1 1 1 3 2 1 1 2 1 2 1 1 1 1 2 2 1 2 2 3 2 2 3 2 1 1 1 1 1 3 1 1 3 2 3 1 2 3 3 2 1 3 1 2 3 4 1 1 1 3 2 4 3 2 2 3 2 2 1 1 4 1 1 2 1 1 1 3 1 2 1 2 3 1 2 3 1 2 4 2 3 1 1 1 3 1 1 3 4 2 2 2 3 1 1 1 1 1 2 1 1 2 2 2 2 1 1 3 1 2 1 1 1 1 1 1 3 1 3 1 1 2 1 1 1 3 4 2 2 1 1 3 3 3 1 1 2 2 6 1 3 2 1 1 4 3 3 1 3 1 1 1 1 4 1 1 2 3 1 1 1 1 3 2 1 2 1 2 2 1 2 1 3 2 2 1 1 1 2 2 3 1 1 3 1 3 2 4 1 3 1 2 2 3 1 4 3 1 3 1 1 1 3 3 2 1 3 3 1 1 1 1 2 1 1 1 2 1 1 4 1 2 2 1 3 1 1 2 2 2 1 1 1 4 3 2 2 1 1 2 1 1 2 2 1 1 4 3 2 2 1 4 1 2 3 1 1 1 1 1 1 1 1 1 1 1 2 1 1 3 2 2 1 2 5 1 1 2 1 2 3 3 1 2 2 2 1 2 3 2 1 1 1 4 4 1 1 3 1 1 2 1 3 3 2 3 3 1 1 3 2 3 3 1 3 1 3 1 1 1 2 2 2 2 2 2 1 4 2 1 2 2 2 2 1 4 2 4 1 1 1 1 3 3 3 1 2 2 5 1 1 1 3 2 4 2 2 1 2 3 2 3 2 1 1 1 1 1 3 1 3 2 1 1 1 2 2 1 3 1 1 1 3 1 1 1 1 1 2 2 1 3 1 1 2 1 1 1 2 1 2 1 2 5 1 5 2 2 1 3 2 2 1 1 2 2 3 1 1 1 2 2 2 1 2 1 2 1 1 1 3 2 2 1 2 1 1 1 1 1 3 2 2 1 2 2 2 1 2 1 2 1 2 1 2 2 3 1 1 1 1 1 4 1 2 3 1 1 2 2 1 2 2 2 1 1 1 2 1 1 2 2 2 3 2 3 1 1 1 2 2 1 1 3 1 2 1 1 1 3 2 1 1 1 2 3 2 2 1 2 4 1 1 1 1 2 1 2 3 1 1 2 1 2 1 1 2 2 1 1 2 1 2 2 1 3 1 1 4 1 1 1 2 2 1 1 1 2 1 2 3 1 1 3 3 4 2 1 1 1 2 1 2 1 3 1 3 1 2 3 1 2 2 3 2 1 4 1 4 3 1 1 2 1 1 4 1 1 2 1 2 2 2 1 1 1 4 2 2 2 1 1 3 1 2 4 1 2 1 1 2 2 1 2 1 2 2 1 2 1 1 2 2 1 1 1 4 1 2 2 1 1 1 1 1 1 1 3 2 1 2 2 4 3 2 2 1 1 3 4 1 1 1 1 1 1 4 2 2 1 4 2 4 3 1 3 3 2 1 2 3 1 3 1 2 1 1 1 3 2 2 3 1 1 1 1 4 1 3 2 1 1 1 2 1 3 4 1 1 2 1 1 1 1 1 3 2 2 4 3 1 1 4 1 4 2 1 4 1 1 1 1 1 2 1 2 4 3 1 2 3 1 1 1 1 1 1 1 2 1 1 2 1 3 1 2 1 1 2 2 1 2 2 2 3 2 1 1 4 1 3 2 2 1 2 3 2 2 2 1 1 3 4 2 2 4 4 1 3 1 1 2 1 3 2 1 1 2 2 1 3 1 1 1 1 2 1 1 2 1 1 1 2 3 2 2 1 4 1 1 1 2 1 3 1 2 1 1 1 1 2 2 1 3 2 2 2 3 3 1 3 2 1 3 3 5 1 2 2 1 1 3 1 2 3 2 2 1 3 3 2 1 2 1 2 1 2 1 3 1 1 3 2 1 1 2 1 1 1 2 3 1 1 2 2 1 5 3 2 2 1 1 1 1 3 2 1 2 4 1 1 2 1 3 1 1 1 2 1 1 2 1 6 1 2 1 1 2 2 2 1 3 1 2 1 1 2 3 2 2 2 3 2 2 1 1 2 3 4 1 2 2 3 2 3 1 2 1 2 1 1 2 2 1 2 1 4 2 3 3 1 1 1 1 2 1 2 2 1 1 1 1 1 1 2 1 2 2 2 1 1 2 1 1 2 1 2 1 1 1 3 3 2 2 2 1 1 4 2 1 1 1 3 1 1 3 1 1 4 2 2 2 2 2 1 1 4 1 2 1 3 1 1 3 2 1 3 1 4 1 1 1 1 3 3 1 2 1 1 2 2 1 4 2 1 3 2 2 3 2 3 1 1 2 3 3 3 1 2 1 2 1 2 2 2 2 2 2 1 3 2 1 2 1 2 1 2 1 4 1 1 1 2 4 1 2 2 2 2 2 1 2 1 1 1 1 2 1 1 1 2 1 1 2 2 1 1 1 1 1 2 1 1 3 2 1 1 1 1 3 2 3 1 2 3 1 3 1 2 5 1 3 1 1 3 1 2 2 2 1 1 1 1 3 2 2 2 1 1 2 1 2 3 1 1 2 2 2 1 2 1 3 2 1 1 2 1 2 1 1 1 3 1 1 1 1 1 3 1 3 3 4 3 3 2 1 3 2 3 1 2 1 2 1 2 2 2 1 1 2 1 1 1 1 2 1 1 2 1 5 2 1 1 1 3 1 2 1 2 2 1 2 1 1 3 2 1 2 2 2 2 4 3 3 1 1 1 2 1 1 1 2 2 2 1 1 1 1 2 2 2 1 1 1 1 1 1 3 1 1 1 1 3 1 1 1 4 1 3 1 1 2 1 2 1 1 1 2 1 1 3 2 1 1 3 1 2 2 3 2 1 2 1 1 2 1 1 1 2 3 1 3 2 1 1 1 2 1 3 2 1 4 1 1 2 1 1 3 2 2 2 1 2 3 1 1 1 2 2 1 3 1 1 2 1 1 1 1 1 1 1 2 2 1 1 1 1 1 3 1 2 3 1 1 2 2 2 1 1 3 1 2 2 3 1 1 1 2 3 1 2 1 1 2 3 2 2 1 1 2 2 1 1 1 1 3 3 2 4 2 2 1 2 1 3 2 1 1 1 3 3 1 1 1 1 1 2 1 2 2 1 4 1 2 2 1 2 2 1 3 1 1 2 2 1 1 1 1 3 1 1 4 1 1 2 2 3 2 1 1 1 1 1 2 1 1 3 1 1 1 1 1 4 4 1 1 1 1 3 3 1 2 1 2 3 3 1 2 1 1 1 2 1 1 3 2 1 2 1 3 4 2 2 2 2 1 3 2 2 1 1 2 1 1 1 1 1 1 2 1 3 3 1 3 1 1 2 1 1 1 1 2 2 1 1 3 2 1 2 2 1 2 3 1 2 2 2 1 2 1 2 2 1 2 3 1 2 1 2 1 3 1 1 1 3 4 3 1 2 3 1 2 2 3 2 2 1 2 2 1 1 1 4 3 1 1 2 2 1 1 1 2 3 2 2 4 1 1 2 1 1 1 3 1 1 1 1 1 3 3 2 1 2 1 1 3 1 1 1 1 1 1 1 1 3 2 1 1 2 1 3 1 3 2 1 3 1 2 1 2 2 2 2 3 2 1 2 1 1 2 1 3 1 2 1 3 1 2 1 3 1 2 2 1 1 1 5 1 2 1 2 2 2 1 1 1 1 2 2 2 
  #Test Small 25859
  #Test Medium 51435
  #Test Large 68021
