Board size [mm] 50x350

Stats side 1
  #Components with background 4
  #Components with points 77
  #Components nofly 2
  #Components notouch 3
  #Pins 20204
  #GNDs 577
  #VDDs 452
  #Clock 6
  #NoFly points 424
  #NoTouch points 476
  #Points [total] 22139

Stats side 2
  #Components with background 14
  #Components with points 78
  #Components nofly 0
  #Components notouch 3
  #Pins 18222
  #GNDs 694
  #VDDs 507
  #Clock 7
  #NoFly points 0
  #NoTouch points 572
  #Points [total] 20002

Stats board (side 1 + side 2)
  #Components with background 18
  #Components with points 155
  #Components nofly 2
  #Components notouch 6
  #Pins 38426
  #GNDs 1271
  #VDDs 959
  #Clock 13
  #NoFly points 424
  #NoTouch points 1048
  #Points [total] 42141
  #Nets 38517
    Net Size: 1271 959 13 2 1 1 2 2 4 1 2 1 2 2 1 2 2 2 3 2 4 2 1 1 3 1 1 1 3 3 1 1 2 1 1 1 1 1 1 2 3 3 1 2 2 1 2 1 1 1 2 1 1 1 1 2 1 4 1 1 2 1 2 1 3 2 2 1 4 3 3 2 2 1 1 2 2 1 1 1 1 1 3 1 2 1 2 2 2 2 2 1 3 1 3 1 1 1 2 1 1 2 1 1 1 2 3 1 1 1 2 2 1 2 2 1 2 3 2 2 1 1 2 1 1 1 2 3 3 1 3 1 3 5 1 2 1 1 1 1 1 1 2 2 2 1 1 1 1 2 4 1 1 2 1 2 1 1 2 1 3 1 1 1 1 1 1 1 1 1 3 1 1 1 1 1 2 1 1 1 1 2 2 2 1 1 1 2 2 3 1 2 2 1 2 1 1 4 2 2 2 2 1 1 3 2 1 4 3 3 1 1 2 1 1 1 1 1 3 3 2 1 2 1 1 2 3 1 1 2 4 1 1 1 1 1 3 1 2 2 2 1 3 1 1 2 1 2 2 3 1 1 1 5 3 1 2 1 1 1 3 3 1 2 2 2 2 1 1 1 3 1 1 1 4 1 3 1 3 1 1 1 2 1 3 1 1 1 2 1 1 1 1 3 1 1 2 1 2 1 1 2 2 1 2 1 4 1 1 3 2 1 1 2 1 1 1 1 3 1 2 1 1 1 1 1 1 2 2 1 2 1 1 2 2 1 1 2 2 1 1 1 1 1 1 1 2 1 1 2 2 1 1 1 1 1 2 1 1 2 2 1 3 2 1 2 1 2 1 1 1 1 1 3 1 4 2 1 5 1 1 2 2 1 3 1 2 1 3 2 2 2 1 1 2 1 3 1 2 1 2 1 1 3 1 2 2 2 1 1 2 1 1 1 1 1 1 1 1 1 1 1 1 1 1 2 1 1 1 1 1 3 1 1 1 3 1 1 3 3 1 3 2 2 2 1 1 1 1 1 2 1 1 2 1 1 2 1 1 3 3 1 2 2 1 1 1 2 1 1 1 2 1 2 2 1 1 1 1 1 2 1 6 1 2 2 1 1 1 1 2 1 1 1 1 2 2 1 1 1 1 1 1 1 1 2 2 1 1 1 1 4 3 1 2 1 2 2 1 5 5 3 2 2 2 2 1 2 1 2 2 1 3 1 1 1 1 3 1 3 1 2 1 1 1 2 1 1 1 1 1 1 1 1 2 1 1 3 1 3 2 1 1 1 3 2 2 1 1 3 1 2 1 1 1 2 1 1 1 1 1 1 3 1 1 1 3 1 2 1 1 2 3 1 1 2 1 1 1 1 2 2 3 1 2 3 1 2 1 2 2 1 2 2 2 1 1 2 2 1 1 3 1 4 2 2 3 1 1 1 1 3 1 1 2 1 2 1 3 1 1 1 1 3 1 1 1 1 2 1 1 1 1 3 1 1 1 1 2 1 5 1 2 1 2 1 1 1 1 1 3 2 1 1 3 1 2 2 2 1 2 1 3 1 1 3 1 1 1 1 2 1 4 1 1 2 3 1 1 1 1 2 2 2 1 2 2 1 1 1 2 1 2 1 3 2 1 1 1 2 2 1 1 1 2 3 2 1 3 1 1 1 1 1 2 3 1 2 2 1 1 4 1 2 1 2 1 3 1 1 1 1 1 1 1 1 1 1 3 1 1 2 1 1 1 2 1 1 1 1 1 1 1 2 2 1 1 1 1 1 2 1 1 1 3 1 1 2 1 1 1 1 1 1 3 3 1 1 1 2 1 1 1 1 1 1 1 2 2 1 1 1 1 2 4 1 2 1 2 1 1 1 1 2 3 1 1 2 1 1 2 1 2 3 1 1 1 2 3 1 1 1 1 3 3 1 2 3 2 1 1 3 2 3 2 1 1 1 1 1 1 1 3 3 2 1 2 1 1 2 1 1 1 2 1 1 2 2 4 1 3 2 2 1 3 1 2 1 2 1 1 2 2 1 1 5 2 1 1 1 3 2 2 1 1 1 2 3 2 2 1 1 2 2 1 1 2 1 1 1 1 1 2 2 3 2 1 1 1 1 1 2 2 1 1 5 1 2 1 2 1 2 2 1 1 1 1 2 1 3 1 2 2 2 1 1 1 1 2 1 1 1 1 1 1 2 4 2 1 2 1 3 1 2 2 1 2 1 4 1 1 2 1 2 1 1 1 1 1 2 1 1 2 1 4 2 1 2 3 1 2 1 3 1 1 1 2 1 1 2 1 3 1 2 4 1 2 2 1 2 1 1 1 1 2 3 2 3 1 1 2 2 1 1 1 1 1 2 1 2 1 3 1 1 1 1 1 2 1 2 2 1 2 1 1 1 1 2 1 1 1 4 1 1 1 1 2 2 2 4 1 1 1 1 2 1 2 1 1 3 2 2 1 2 1 1 1 2 1 1 2 2 3 1 2 1 1 1 1 1 2 2 3 4 1 1 3 1 1 1 1 2 1 1 3 4 1 1 1 1 2 2 3 2 1 2 1 1 1 1 5 1 3 1 1 2 2 1 3 1 2 2 1 1 2 2 1 2 1 2 2 1 1 3 2 2 1 3 2 2 3 1 1 1 1 2 1 1 2 1 3 1 2 2 3 3 1 1 1 1 1 3 2 2 1 1 1 2 2 1 3 1 1 1 1 3 2 2 3 1 2 1 2 1 1 2 1 1 1 4 1 4 2 1 1 3 1 1 3 2 1 2 1 1 1 1 2 1 3 1 2 2 2 1 2 2 1 1 2 1 2 1 3 2 1 1 1 1 1 1 2 2 1 1 2 1 3 1 1 2 1 1 1 2 1 4 3 1 1 2 3 2 1 2 1 2 1 2 1 2 2 1 1 1 1 2 1 1 2 1 1 1 2 1 1 1 3 1 1 1 2 1 1 1 1 1 1 2 1 1 2 1 1 2 3 1 3 1 3 1 2 1 5 3 2 2 1 1 1 3 1 1 2 2 1 1 1 4 1 1 1 1 2 2 1 1 1 2 4 1 1 1 2 1 5 1 2 1 1 1 1 2 2 2 1 1 1 1 2 1 2 1 1 5 1 1 1 2 1 2 1 2 2 1 1 1 1 2 1 2 1 2 1 1 4 1 2 1 1 3 3 1 4 2 2 1 1 2 2 1 1 1 1 1 1 1 1 1 2 1 1 1 1 2 1 2 1 1 1 3 1 1 2 2 4 1 2 1 1 2 2 1 4 2 2 1 1 1 1 1 3 2 2 2 3 1 3 2 1 2 2 1 1 2 3 2 1 1 1 2 2 1 1 5 2 1 1 2 1 2 3 1 1 1 2 2 1 1 1 1 1 1 1 1 2 2 1 2 4 2 3 1 1 2 2 1 1 1 2 4 1 2 3 1 2 2 1 1 2 2 1 1 1 2 2 2 3 1 1 1 2 2 2 1 2 3 1 1 1 1 2 1 1 5 1 1 1 1 2 2 1 1 2 3 1 2 1 2 1 1 3 2 1 4 1 1 3 1 1 2 1 2 1 2 3 1 3 2 2 1 2 2 2 2 1 1 1 1 4 2 2 1 2 2 1 1 1 1 1 1 1 1 1 2 2 1 1 2 1 1 2 2 1 1 3 2 1 1 1 1 1 1 1 2 1 1 3 1 2 3 1 1 1 1 2 1 1 1 1 3 1 1 1 1 1 1 2 2 1 1 3 1 1 5 2 1 3 3 1 1 3 2 2 2 1 1 2 1 1 2 1 3 1 2 1 2 1 1 2 1 1 3 1 2 2 1 3 1 2 1 1 1 2 1 2 1 1 1 1 3 2 1 2 1 4 3 2 2 2 2 2 1 1 1 3 1 2 1 3 1 2 1 2 1 4 1 3 1 4 1 1 1 1 1 2 1 2 1 1 2 2 1 2 1 3 2 1 1 1 4 2 1 1 1 1 1 1 2 1 2 2 1 1 1 1 1 2 1 1 1 1 1 1 1 1 2 1 3 1 1 1 1 1 1 1 1 1 1 1 2 1 1 3 2 1 2 1 1 1 2 2 3 1 1 1 1 2 1 1 1 1 1 1 1 1 1 4 2 1 1 2 2 3 2 1 1 3 2 1 2 1 2 1 1 1 1 1 1 1 3 1 1 2 1 1 1 1 1 1 1 5 1 3 2 1 1 4 3 1 2 3 2 1 1 1 1 2 1 1 1 1 2 3 1 1 3 1 1 1 2 3 1 1 1 2 1 1 2 3 1 1 1 2 3 1 2 1 2 2 2 1 2 1 1 2 1 2 2 2 2 1 2 2 2 2 2 1 3 2 2 2 1 1 1 1 1 1 1 1 2 1 2 2 2 5 1 1 1 2 1 1 1 3 1 1 1 1 1 1 1 2 1 1 1 2 2 1 1 1 1 2 1 4 1 2 3 1 1 1 2 1 1 1 1 2 1 1 2 1 1 2 1 1 3 1 1 1 1 2 1 1 1 2 3 1 1 2 4 2 2 1 1 2 1 1 1 2 1 1 1 1 1 3 2 1 2 2 1 1 1 1 1 1 1 1 1 2 1 3 1 1 2 1 1 1 2 1 2 1 1 1 1 1 1 3 1 2 1 1 1 2 1 3 2 1 1 1 1 1 1 1 2 1 1 1 2 2 1 1 2 2 3 2 1 1 2 1 1 1 1 1 1 2 1 2 2 1 2 2 2 2 2 1 1 1 1 1 3 2 1 1 1 1 1 1 2 3 1 2 3 1 2 1 1 3 2 1 2 1 1 3 2 1 3 1 1 1 1 3 2 1 1 1 1 1 1 1 2 2 1 1 1 3 1 2 1 2 2 1 4 2 2 1 1 1 2 2 1 1 2 1 1 1 2 3 2 1 3 2 1 1 2 1 1 2 2 1 2 1 1 1 1 1 2 2 1 2 2 3 1 1 3 1 1 1 2 1 1 1 1 1 2 1 2 1 4 1 1 1 1 3 1 2 4 2 2 1 1 1 2 4 3 1 1 1 2 2 1 2 1 3 1 3 2 2 1 1 1 3 2 2 2 2 3 2 1 3 2 2 2 1 2 1 1 1 1 1 2 1 1 2 1 1 2 1 4 1 1 1 1 1 1 1 1 1 3 2 1 3 1 1 2 1 4 2 1 1 1 2 1 3 1 1 2 2 2 1 4 1 1 1 1 3 1 2 3 2 1 1 2 1 1 1 2 2 3 1 1 2 1 2 2 1 1 1 2 3 1 1 1 2 1 2 1 1 1 3 2 2 2 3 1 1 1 1 1 1 2 1 1 1 2 3 1 2 1 1 1 1 1 3 1 1 1 1 2 3 2 2 1 5 1 1 1 1 1 1 1 1 2 1 1 4 1 3 1 2 2 1 2 1 2 2 1 3 2 
  #Test Small 2798
  #Test Medium 7199
  #Test Large 8481
